1387.40637207
1408.84594727
1393.81994629
1408.77062988
1417.37902832
1408.56604004
1408.75549316
1413.48681641
1418.30322266
1407.38793945
1413.8482666
1408.85986328
1403.32763672
1408.71875
1418.76721191
1406.52502441
1408.59851074
1403.78210449
1408.82409668
1412.55065918
1408.65917969
1418.52624512
1423.40991211
1413.86743164
1403.81958008
1416.2833252
1401.90124512
1397.7154541
1398.78369141
1398.46838379
1418.74462891
1388.44091797
1413.03735352
1427.61437988
1403.69494629
1403.8626709
1393.6451416
1422.63586426
1398.67431641
1393.86035156
1408.82421875
1408.84143066
1418.47436523
1417.82446289
1408.33447266
1393.85009766
1398.76391602
1393.78881836
1412.67724609
1418.14233398
1398.69726562
1403.0057373
1396.46972656
1423.4473877
1403.8659668
1413.49475098
1403.0222168
1403.43554688
1408.85583496
1413.7388916
1388.83886719
1401.73742676
1403.83959961
1388.82214355
1407.50683594
1393.3092041
1422.27893066
1406.24975586
1403.83081055
1418.59863281
1398.55236816
1412.88012695
1392.6730957
1398.79663086
1398.04626465
1408.54992676
1398.79455566
1413.73327637
1403.64440918
1403.84130859
1403.28308105
1388.84619141
1401.47460938
1404.37683105
1413.7857666
1418.71472168
1413.68310547
1403.72729492
1398.80603027
1423.51391602
1422.61755371
1407.86999512
1413.85852051
1391.79333496
1421.40100098
1413.86340332
1398.86755371
1399.52392578
1407.03930664
1408.62646484
1398.70007324
1398.73376465
1397.16137695
1402.14599609
1423.44213867
1403.80957031
1407.12072754
1393.85766602
1423.73742676
1393.78234863
1393.14367676
1403.79162598
1413.77148438
1421.26281738
1423.55090332
1411.19836426
1408.09033203
1403.75158691
1403.73168945
1413.78881836
1413.01794434
1422.91796875
1398.85839844
1406.12609863
1413.65222168
1403.85644531
1408.78417969
1422.20922852
1398.74230957
1408.15490723
1413.20410156
1413.69055176
1403.85742188
1399.09069824
1407.36315918
1403.68005371
1397.97644043
1408.79174805
1413.85583496
1398.8112793
1413.86181641
1398.79064941
1413.27294922
1405.48669434
1398.81518555
1408.82006836
1403.47314453
1403.62561035
1393.68261719
1423.82556152
1408.36206055
1403.77331543
1390.09326172
1408.6706543
1413.7713623
1413.85168457
1402.54626465
1393.85437012
1383.55493164
1403.84521484
1403.8425293
1413.7845459
1408.71020508
1433.49401855
1408.85644531
1403.44226074
1406.55859375
1403.74780273
1433.01928711
1413.75415039
1403.36169434
1403.63134766
1408.67333984
1400.6472168
1402.0670166
1413.12023926
1413.74584961
1413.83117676
1398.7479248
1398.46679688
1408.80212402
1413.81799316
1408.72802734
1402.1036377
1403.80749512
1398.73925781
1393.75097656
1418.73608398
1394.10656738
1397.59228516
1405.76831055
1403.47021484
1388.86083984
1412.7064209
1408.55212402
1413.83813477
1408.84643555
1408.5123291
1408.83068848
1388.86499023
1418.5546875
1403.70739746
1408.73083496
1403.7902832
1411.19763184
1398.75036621
1393.82177734
1407.67492676
1398.70263672
1407.50939941
1402.37902832
1407.43347168
1388.82568359
1407.48803711
1413.63232422
1393.86413574
1398.51391602
1410.82189941
1393.80810547
1393.81188965
1413.72497559
1398.76794434
1397.8494873
1413.02624512
1410.67541504
1418.69873047
1398.86206055
1408.43847656
1403.66967773
1420.32629395
1398.515625
1408.49133301
1418.71813965
1398.8671875
1393.85266113
1408.74938965
1398.79406738
1392.89575195
1408.85949707
1408.83935547
1402.30603027
1411.65100098
1408.79125977
1408.84716797
1403.80725098
1408.36193848
1408.85046387
1398.85974121
1408.86254883
1397.56237793
1398.80822754
1418.83605957
1413.74902344
1397.01257324
1402.69824219
1413.7130127
1403.52209473
1408.63256836
1403.70837402
1418.06079102
1393.86633301
1408.32275391
1408.29040527
1418.83154297
1408.85693359
1403.44238281
1398.19702148
1403.7668457
1398.38806152
1403.79394531
1408.47253418
1403.63195801
1398.64770508
1398.74853516
1412.87646484
1398.68591309
1398.85864258
1408.53430176
1408.82006836
1397.09301758
1403.72509766
1408.82763672
1413.26098633
1398.80151367
1402.98535156
1421.21850586
1398.72753906
1398.80004883
1398.32080078
1408.25610352
1403.53710938
1393.77575684
1397.8494873
1413.72631836
1418.82299805
1403.81433105
1408.86132812
1403.86584473
1403.03735352
1402.29626465
1398.85131836
1413.64013672
1397.94909668
1418.75842285
1422.3548584
1412.79882812
1403.60559082
1413.71960449
1403.61779785
1398.7590332
1418.82348633
1408.61413574
1428.72314453
1407.87670898
1393.13366699
1398.79516602
1388.79724121
1408.47412109
1403.20410156
1392.12658691
1398.45324707
1398.83947754
1393.55285645
1403.84191895
1403.86218262
1393.83520508
1393.43518066
1413.74536133
1398.83959961
1408.57775879
1418.77648926
1405.08544922
1398.73999023
1428.17382812
1413.58300781
1412.89660645
1423.07165527
1403.76306152
1407.88220215
1413.19262695
1413.63928223
1408.82629395
1403.83837891
1412.57116699
1408.2487793
1413.63647461
1403.7956543
1388.84863281
1403.71704102
1412.9440918
1408.7722168
1408.25036621
1408.68481445
1398.16210938
1413.8125
1413.77905273
1397.69726562
1398.69567871
1413.82592773
1403.40917969
1395.13464355
1398.85412598
1408.84436035
1403.71313477
1403.53552246
1413.84655762
1408.61816406
1413.29931641
1413.79467773
1413.78894043
1408.86010742
1393.85656738
1412.76489258
1418.71594238
1388.86047363
1408.59790039
1408.34814453
1408.48046875
1393.57751465
1408.64343262
1398.85217285
1413.82800293
1398.86340332
1413.63195801
1408.8659668
1403.68713379
1428.73303223
1423.77868652
1413.8515625
1412.98657227
1396.97949219
1412.53112793
1423.10229492
1418.23266602
1408.72412109
1408.74645996
1403.84460449
1418.78271484
1398.66491699
1402.91662598
1403.82543945
1408.17382812
1413.72998047
1393.83911133
1398.27392578
1408.64282227
1413.06762695
1393.85461426
1408.81921387
1393.73937988
1403.81994629
1423.85864258
1412.41918945
1411.93310547
1403.49609375
1416.42553711
1408.86340332
1413.72949219
1407.17810059
1407.36535645
1418.19421387
1408.05639648
1390.40600586
1408.5032959
1403.41552734
1413.42114258
1403.20275879
1408.3338623
1402.53588867
1417.72680664
1392.62878418
1406.32116699
1407.48596191
1403.77392578
1416.59033203
1398.7064209
1398.85253906
1413.85742188
1423.65039062
1423.15905762
1423.81188965
1385.19799805
1402.41333008
1418.32324219
1403.60083008
1403.77355957
1398.60620117
1403.79821777
1418.84057617
1413.74865723
1412.25622559
1393.57336426
1403.41394043
1387.95202637
1413.80078125
1418.62194824
1392.01147461
1403.80859375
1423.59338379
1418.85681152
1403.76452637
1403.78381348
1393.82983398
1395.2734375
1403.72290039
1403.51379395
1408.49572754
1393.74255371
1413.78442383
1408.70422363
1408.85046387
1408.75952148
1393.82543945
1402.77880859
1413.8626709
1408.63769531
1407.80444336
1402.92163086
1403.5994873
1408.3972168
1398.46105957
1403.84619141
1405.71057129
1398.58911133
1409.78039551
1393.67492676
1406.80212402
1408.55004883
1407.80969238
1383.55285645
1408.61645508
1403.55822754
1413.64953613
1401.28088379
1398.72753906
1403.78930664
1423.84985352
1408.81445312
1396.32983398
1403.7878418
1403.83154297
1393.78320312
1393.80322266
1403.81945801
1393.78649902
1393.79772949
1413.82775879
1413.78393555
1413.52478027
1413.11694336
1412.67114258
1398.3939209
1408.48132324
1407.2442627
1398.79541016
1398.5447998
1383.79528809
1393.85559082
1396.86889648
1398.81970215
1413.31384277
1401.96118164
1403.58825684
1408.1875
1397.17333984
1413.85083008
1422.13476562
1407.1595459
1406.79882812
1403.83618164
1398.8248291
1413.92907715
1414.94384766
1401.70349121
1403.7833252
1418.78430176
1412.67797852
1403.80407715
1408.77893066
1413.37512207
1398.86230469
1403.61413574
1413.78015137
1408.49206543
1411.54821777
1408.72180176
1396.15356445
1397.17016602
1403.61791992
1423.33886719
1398.73181152
1403.49169922
1413.73291016
1403.8449707
1394.77648926
1413.81811523
1398.85961914
1403.62719727
1418.68078613
1398.25048828
1408.86376953
1403.6048584
1413.36303711
1398.34350586
1413.75646973
1407.63635254
1403.48303223
1418.44592285
1403.71838379
1393.76867676
1403.81176758
1408.8626709
1403.14343262
1392.89611816
1403.47583008
1403.50317383
1413.85681152
1393.78540039
1408.62109375
1403.73852539
1413.79187012
1408.57409668
1428.61462402
1403.67199707
1423.61413574
1393.83178711
1408.84997559
1408.76257324
1403.65393066
1403.56176758
1410.98461914
1408.63964844
1413.17749023
1403.33093262
1397.3873291
1392.2545166
1408.71374512
1398.53051758
1403.85473633
1403.84692383
1402.03393555
1413.38647461
1408.61987305
1403.83178711
1408.81408691
1403.14111328
1396.7623291
1423.64807129
1418.15283203
1397.84570312
1378.79284668
1398.20361328
1398.8392334
1413.84753418
1408.84924316
1408.77331543
1398.57775879
1398.71728516
1403.33410645
1398.39111328
1403.78564453
1407.67932129
1408.25048828
1403.74621582
1398.84936523
1405.97290039
1388.79467773
1418.00488281
1408.86291504
1408.68774414
1413.55358887
1413.49108887
1398.72631836
1398.83703613
1408.33618164
1413.78613281
1418.37475586
1398.71838379
1413.49694824
1418.33776855
1418.78845215
1402.72192383
1408.82727051
1398.80126953
1398.67468262
1407.15063477
1406.890625
1397.50488281
1413.50256348
1403.68603516
1403.27880859
1398.8651123
1397.56237793
1413.51708984
1408.32385254
1408.85559082
1408.08044434
1403.82324219
1402.48168945
1398.84448242
1398.81445312
1403.70068359
1423.61254883
1398.16906738
1411.42321777
1408.73620605
1418.42419434
1408.85327148
1412.36499023
1413.8638916
1403.27770996
1410.45849609
1413.64794922
1408.80957031
1397.75708008
1407.3692627
1393.43005371
1413.8371582
1398.84362793
1412.52502441
1393.07556152
1403.8236084
1408.84802246
1403.6595459
1403.85876465
1417.28271484
1418.78234863
1398.78442383
1403.69262695
1418.79296875
1413.86230469
1413.77990723
1403.7644043
1408.34875488
1395.31750488
1398.38000488
1403.78417969
1422.47473145
1403.33557129
1403.6048584
1413.72668457
1397.69665527
1396.94885254
1386.69665527
1393.0423584
1411.50073242
1398.63330078
1413.83618164
1405.00463867
1398.79589844
1408.80249023
1428.59814453
1417.78271484
1413.66955566
1398.73974609
1413.44555664
1412.77978516
1413.49328613
1413.77600098
1408.67871094
1403.3861084
1403.16271973
1393.66894531
1402.17077637
1388.79516602
1393.81958008
1403.84521484
1408.3848877
1413.77526855
1403.78015137
1393.83947754
1393.60571289
1393.63830566
1413.76672363
1403.5078125
1418.79602051
1393.82507324
1398.79382324
1413.54650879
1408.54272461
1393.66137695
1407.57397461
1408.78051758
1418.85461426
1388.65759277
1388.74755859
1403.32299805
1418.49829102
1417.74499512
1428.73669434
1412.64746094
1393.73059082
1408.72399902
1408.47595215
1393.84960938
1403.80273438
1403.8359375
1403.79528809
1408.85620117
1408.76000977
1402.93920898
1403.28442383
1408.77978516
1423.67492676
1403.73937988
1398.40161133
1413.79589844
1403.76916504
1398.72460938
1407.46179199
1418.55065918
1403.1184082
1413.70166016
1403.69042969
1403.64904785
1403.05834961
1403.85168457
1408.39245605
1403.65319824
1393.75073242
1398.73730469
1428.4642334
1398.65490723
1408.65869141
1403.58007812
1393.80297852
1413.62060547
1408.54602051
1412.02990723
1412.6439209
1392.59216309
1390.6907959
1407.77648926
1425.7434082
1398.70202637
1403.83117676
1402.57800293
1403.15600586
1413.84619141
1403.83496094
1412.98937988
1408.79650879
1398.42236328
1417.95935059
1398.55004883
1413.58557129
1403.6932373
1418.35522461
1408.86572266
1413.10522461
1411.55407715
1383.48535156
1417.2331543
1413.8560791
1408.38525391
1408.85412598
1413.81176758
1418.52270508
1398.69189453
1413.54089355
1398.84106445
1428.75695801
1418.29931641
1408.86730957
1398.63378906
1408.81225586
1408.77612305
1403.2767334
1398.49804688
1393.84838867
1393.80541992
1408.83239746
1395.45568848
1403.08935547
1416.96203613
1408.76623535
1403.28881836
1403.84448242
1398.41906738
1408.79943848
1388.74511719
1413.80224609
1388.84790039
1418.45874023
1403.86621094
1413.66723633
1403.20690918
1413.74072266
1407.7010498
1393.58996582
1412.48803711
1418.14782715
1398.08215332
1403.46496582
1393.07336426
1408.69812012
1388.85742188
1384.04943848
1393.84436035
1413.59033203
1422.24963379
1398.83935547
1402.91491699
1403.77526855
1403.86035156
1408.39599609
1413.59985352
1418.77648926
1418.69958496
1393.76428223
1408.64758301
1401.91906738
1403.80078125
1412.33374023
1408.23010254
1403.74865723
1403.49255371
1403.64001465
1388.40881348
1413.63269043
1408.23400879
1408.15844727
1408.80749512
1403.74255371
1408.56091309
1413.00744629
1408.71557617
1403.84912109
1405.48779297
1398.86291504
1391.46057129
1397.89025879
1398.77441406
1398.80566406
1401.26184082
1408.53393555
1408.86450195
1398.70410156
1398.76281738
1408.43444824
1403.7376709
1393.8470459
1393.6829834
1408.86694336
1413.80834961
1412.9822998
1407.47753906
1408.79663086
1413.77441406
1403.75537109
1408.52270508
1393.50756836
1413.22790527
1413.60839844
1403.81262207
1403.86669922
1388.85583496
1382.90490723
1407.91271973
1408.28015137
1423.32592773
1408.73425293
1398.59960938
1403.68920898
1423.7232666
1398.70898438
1408.7791748
1413.76586914
1408.42614746
1408.75549316
1413.81335449
1403.85888672
1418.5324707
1393.28930664
1401.02148438
1413.34924316
1401.82165527
1398.71362305
1408.79711914
1398.82324219
1402.83972168
1393.51086426
1408.77746582
1403.8458252
1402.80371094
1423.67053223
1403.48840332
1423.38452148
1428.79858398
1443.04016113
1421.71435547
1382.42724609
1408.75097656
1418.62731934
1412.4362793
1383.58312988
1398.71337891
1393.84094238
1408.80126953
1406.05187988
1398.05053711
1402.27514648
1403.05847168
1388.67883301
1408.76635742
1408.69873047
1416.64306641
1403.85522461
1403.64440918
1403.69238281
1397.95849609
1393.30334473
1398.75231934
1403.41235352
1393.66369629
1397.19519043
1413.81750488
1412.69055176
1405.94641113
1393.83935547
1397.20361328
1408.85571289
1408.3638916
1413.84912109
1408.75769043
1406.44946289
1393.3425293
1403.86352539
1398.82348633
1402.95898438
1412.21240234
1413.79394531
1398.58398438
1398.72570801
1398.61865234
1403.82141113
1393.70117188
1418.8572998
1398.48779297
1393.7043457
1413.79821777
1393.85510254
1413.44567871
1403.69580078
1398.16638184
1412.63000488
1393.77038574
1408.86254883
1408.76513672
1388.59338379
1393.46923828
1408.83752441
1408.75024414
1408.12634277
1413.8626709
1398.6986084
1406.59619141
1408.35266113
1398.81591797
1403.58740234
1398.84020996
1408.31713867
1393.77087402
1423.76037598
1403.47814941
1403.57958984
1407.58398438
1388.78125
1433.29223633
1408.74206543
1403.85449219
1403.84558105
1398.80566406
1408.86499023
1423.55664062
1383.22229004
1398.86230469
1403.09960938
1403.86682129
1413.24731445
1413.81689453
1423.17089844
1388.56018066
1398.67016602
1413.55065918
1403.80236816
1407.61462402
1418.55041504
1403.4029541
1413.75915527
1398.71057129
1403.63513184
1418.71765137
1402.95397949
1393.72253418
1402.6829834
1398.7791748
1418.80212402
1403.77661133
1408.7767334
1413.4498291
1413.85986328
1423.53723145
1408.8581543
1417.78442383
1417.70666504
1413.55615234
1408.62353516
1418.84179688
1423.56921387
1398.25610352
1413.86755371
1422.01574707
1398.86022949
1418.64465332
1402.23120117
1410.7824707
1403.38354492
1393.82495117
1421.29724121
1398.72680664
1393.82336426
1408.26086426
1413.84924316
1408.8302002
1392.19995117
1406.17919922
1398.75708008
1398.83825684
1403.8125
1417.49194336
1413.72949219
1408.83312988
1397.93444824
1398.24462891
1403.76245117
1397.93847656
1428.7800293
1408.54553223
1402.85791016
1398.84411621
1390.93640137
1393.61657715
1408.84057617
1418.43530273
1407.40783691
1408.71569824
1417.0078125
1418.66967773
1408.70922852
1406.21691895
1408.66809082
1400.1541748
1413.86328125
1398.7902832
1408.78674316
1408.85681152
1423.8371582
1407.75134277
1418.53735352
1408.47058105
1403.859375
1418.76672363
1403.8560791
1408.86694336
1418.66479492
1408.81530762
1403.63037109
1393.74560547
1398.81652832
1413.79968262
1403.58605957
1418.37365723
1403.70996094
1411.55541992
1418.85852051
1398.8302002
1397.71582031
1408.81298828
1407.04003906
1402.85998535
1409.42797852
1408.26245117
1398.5715332
1413.21435547
1418.12915039
1403.71923828
1393.66723633
1408.43457031
1402.7388916
1413.35534668
1423.7442627
1413.33081055
1408.57946777
1398.71179199
1393.77746582
1398.85058594
1423.80419922
1388.76525879
1401.00427246
1397.85949707
1408.37072754
1393.8425293
1407.29614258
1403.33740234
1409.34533691
1413.80126953
1422.74511719
1398.66027832
1398.80126953
1383.66027832
1402.47839355
1398.79797363
1403.35827637
1403.51965332
1398.77392578
1413.66235352
1403.10766602
1403.82727051
1408.66772461
1408.7286377
1418.43359375
1398.84362793
1418.82495117
1402.16455078
1407.19372559
1413.54394531
1403.71264648
1408.86486816
1401.1270752
1407.42858887
1418.65515137
1408.53674316
1408.61450195
1408.66723633
1408.79919434
1413.6496582
1398.47705078
1413.78942871
1403.69665527
1400.87963867
1413.41271973
1408.4473877
1403.8046875
1408.79064941
1408.265625
1413.80822754
1412.54858398
1393.77453613
1408.79003906
1401.55151367
1398.74475098
1407.16918945
1413.64501953
1423.3338623
1413.83691406
1413.84033203
1403.85144043
1403.77429199
1403.5871582
1408.81286621
1422.95324707
1393.6036377
1408.61181641
1397.63037109
1402.80627441
1407.86560059
1408.77905273
1408.84094238
1403.85461426
1393.37792969
1408.74072266
1408.75292969
1398.65637207
1393.84216309
1403.83435059
1408.73510742
1406.49182129
1408.31982422
1418.70739746
1413.79797363
1398.56225586
1403.84643555
1402.6875
1418.5604248
1403.86254883
1396.6229248
1396.98278809
1392.06677246
1413.67480469
1403.80163574
1412.56176758
1398.79785156
1393.46081543
1399.40686035
1407.45776367
1393.84655762
1411.40002441
1418.68444824
1398.80578613
1423.30114746
1398.60473633
1413.36755371
1403.77941895
1413.68579102
1408.52648926
1408.84179688
1408.7935791
1423.62634277
1413.52575684
1408.8104248
1407.54211426
1398.71142578
1398.80627441
1408.83190918
1397.95300293
1423.78637695
1408.52905273
1412.68017578
1398.33569336
1398.84851074
1403.72424316
1407.59094238
1408.43652344
1398.80407715
1403.54614258
1418.35388184
1398.82897949
1408.85205078
1406.57348633
1418.76098633
1388.51586914
1428.15246582
1413.74597168
1408.84899902
1398.57458496
1403.77502441
1393.95007324
1413.80957031
1416.46704102
1393.01135254
1403.39038086
1418.58398438
1402.91674805
1418.7052002
1403.8034668
1393.60949707
1398.74047852
1403.76501465
1408.79528809
1397.78869629
1401.45141602
1403.84899902
1398.70117188
1398.81604004
1403.45532227
1403.44750977
1393.66186523
1393.59069824
1403.51367188
1398.82885742
1408.6126709
1408.85302734
1393.84143066
1413.0291748
1403.76293945
1414.39880371
1398.57958984
1403.79296875
1408.6451416
1398.75
1408.8651123
1410.84655762
1398.59106445
1395.79833984
1411.74084473
1398.43444824
1407.58190918
1393.7467041
1411.70861816
1403.53259277
1415.87060547
1417.37133789
1383.85656738
1413.74511719
1413.41418457
1400.94775391
1403.09301758
1392.88842773
1407.30102539
1403.86462402
1408.15002441
1408.07592773
1408.80700684
1418.77197266
1413.4296875
1403.82775879
1398.76367188
1402.5670166
1408.71557617
1407.62658691
1422.58056641
1418.72253418
1403.77941895
1413.39550781
1413.75231934
1393.75537109
1406.07336426
1418.60327148
1413.70166016
1403.82788086
1398.57861328
1398.75646973
1403.66674805
1398.27819824
1418.58825684
1413.86730957
1397.63830566
1417.29907227
1403.85107422
1393.9309082
1413.81201172
1413.65014648
1418.43640137
1411.73046875
1398.50756836
1408.03930664
1408.77087402
1408.48864746
1413.53918457
1398.61071777
1413.55737305
1398.51330566
1393.68005371
1417.36206055
1413.82580566
1398.72607422
1413.10107422
1418.62646484
1403.5838623
1413.80603027
1428.79943848
1408.76806641
1427.36254883
1413.72631836
1403.14440918
1408.78991699
1408.86254883
1403.77966309
1407.64123535
1408.71374512
1416.87976074
1398.63195801
1398.66003418
1408.64086914
1413.50292969
1398.66992188
1413.68713379
1393.6105957
1403.82177734
1408.69006348
1403.83044434
1378.76416016
1412.64904785
1403.82531738
1393.82946777
1408.68383789
1413.70751953
1413.80358887
1403.77612305
1403.3059082
1408.24121094
1407.79333496
1403.62402344
1402.14416504
1398.75268555
1418.79760742
1398.83166504
1412.54760742
1428.54931641
1413.66870117
1418.66552734
1403.74230957
1423.48376465
1408.06103516
1393.84326172
1403.85754395
1393.82580566
1412.89025879
1417.54101562
1401.28869629
1408.86206055
1406.49731445
1413.8572998
1408.85766602
1398.7142334
1423.40637207
1402.74121094
1413.7355957
1418.60778809
1398.86352539
1403.78393555
1403.75292969
1393.45544434
1418.45324707
1398.80322266
1408.72058105
1397.28198242
1413.65393066
1388.82080078
1418.83789062
1418.46606445
1393.8425293
1406.99743652
1403.69897461
1398.77331543
1403.58984375
1413.33239746
1398.45288086
1396.76062012
1413.72412109
1403.84594727
1408.796875
1408.01391602
1398.57275391
1408.56286621
1416.13183594
1408.45983887
1413.85388184
1403.82019043
1412.03686523
1398.73034668
1408.13623047
1398.80029297
1407.96008301
1388.86535645
1398.82873535
1403.11181641
1395.52160645
1398.86071777
1413.77050781
1403.6685791
1407.48095703
1408.82727051
1398.10827637
1408.77954102
1403.84350586
1408.83996582
1423.73950195
1408.4387207
1405.67932129
1413.14880371
1403.66760254
1406.62915039
1408.79711914
1413.75793457
1402.11816406
1401.30358887
1408.65966797
1403.82824707
1403.65869141
1417.81054688
1418.81945801
1398.67053223
1412.58581543
1403.81433105
1413.79052734
1393.83288574
1398.79101562
1393.35998535
1418.62634277
1398.8157959
1403.80334473
1412.81176758
1403.84448242
1418.67492676
1393.86047363
1432.89428711
1403.7298584
1403.5690918
1413.79333496
1413.7668457
1398.38439941
1417.07067871
1408.38781738
1397.44580078
1393.74462891
1393.77148438
1403.02563477
1413.78625488
1417.51879883
1403.77758789
1408.83959961
1418.83605957
1393.43347168
1403.66259766
1398.05322266
1408.79772949
1393.66113281
1407.25073242
1393.62036133
1413.86547852
1403.75805664
1408.15478516
1413.81469727
1403.69030762
1428.76452637
1428.73779297
1388.57568359
1412.30908203
1418.76733398
1410.56542969
1413.79980469
1403.82434082
1413.81311035
1413.83410645
1423.8404541
1403.86401367
1398.7677002
1398.65856934
1403.80029297
1398.26550293
1408.79528809
1397.91687012
1392.97473145
1397.40380859
1408.82958984
1403.86682129
1413.83093262
1403.34570312
1398.81311035
1428.83789062
1413.64624023
1408.85839844
1413.07971191
1408.13696289
1406.87390137
1403.08728027
1408.5255127
1402.81726074
1423.24389648
1407.87475586
1397.80761719
1403.29052734
1416.24414062
1420.80664062
1418.27416992
1403.12060547
1398.3717041
1403.84277344
1398.80627441
1423.11669922
1402.24572754
1420.03601074
1403.76184082
1403.83764648
1408.61242676
1396.87756348
1393.49621582
1412.73620605
1413.83398438
1408.63208008
1408.85058594
1413.83544922
1408.82067871
1407.69494629
1403.84191895
1408.15881348
1403.58959961
1403.66760254
1418.8536377
1413.27905273
1403.74926758
1411.47277832
1403.86132812
1392.75976562
1413.48144531
1406.37597656
1408.84753418
1397.73706055
1403.79089355
1408.82824707
1418.49499512
1413.86474609
1408.85559082
1408.85559082
1403.83764648
1408.83764648
1398.22412109
1418.86755371
1397.33203125
1408.58911133
1403.70410156
1413.56933594
1398.75634766
1413.75683594
1403.18737793
1418.78393555
1403.84020996
1408.85449219
1403.27319336
1403.39331055
1423.84155273
1417.58544922
1408.82104492
1403.4407959
1403.86706543
1408.83239746
1418.61816406
1403.76794434
1408.51672363
1413.8659668
1418.78820801
1403.81689453
1403.31750488
1418.41369629
1398.6060791
1398.79040527
1412.71105957
1413.20935059
1408.52026367
1413.84741211
1413.8581543
1413.578125
1403.81164551
1403.80371094
1398.81640625
1406.79150391
1403.82409668
1387.45568848
1401.86376953
1402.66174316
1403.7911377
1408.77978516
1393.43322754
1403.56469727
1408.69287109
1411.53637695
1398.8449707
1408.8125
1398.25500488
1408.46057129
1408.67126465
1398.62402344
1418.57775879
1393.82287598
1413.60424805
1398.84960938
1407.22875977
1380.47644043
1393.2277832
1403.84509277
1413.82434082
1408.82165527
1398.80969238
1408.74584961
1408.84716797
1398.72851562
1423.41699219
1418.24072266
1398.48815918
1403.86169434
1398.48950195
1398.07922363
1394.47912598
1402.88964844
1403.80078125
1393.3503418
1403.8503418
1408.59667969
1418.72058105
1408.84472656
1403.76879883
1407.69885254
1398.23193359
1398.37084961
1408.79516602
1398.83483887
1408.86682129
1406.50939941
1403.39355469
1403.3614502
1403.79162598
1398.68725586
1401.50109863
1418.15368652
1393.81811523
1403.28625488
1408.77514648
1398.73449707
1407.6015625
1418.60620117
1398.31518555
1411.54748535
1398.83605957
1394.52050781
1403.76318359
1403.56982422
1408.6862793
1402.5513916
1413.79467773
1406.32666016
1398.12854004
1423.61169434
1398.79064941
1398.82507324
1413.81408691
1408.15075684
1413.84326172
1413.83081055
1418.83239746
1403.71582031
1408.64379883
1407.61865234
1412.38513184
1398.6328125
1406.40637207
1403.03564453
1397.83422852
1408.86560059
1388.83764648
1408.70715332
1413.00854492
1413.1986084
1403.8145752
1408.74890137
1408.66784668
1403.72314453
1403.65930176
1388.81384277
1423.86010742
1428.42443848
1408.83996582
1398.78796387
1418.84924316
1398.77709961
1398.82519531
1412.73168945
1403.89294434
1398.77416992
1403.77783203
1398.82714844
1403.74938965
1388.33447266
1417.13867188
1402.26184082
1412.02246094
1406.83422852
1418.37329102
1413.85546875
1393.73352051
1396.46936035
1408.76757812
1406.29406738
1406.95593262
1408.85205078
1403.80883789
1401.39294434
1408.74804688
1402.08813477
1398.74682617
1407.74975586
1393.8458252
1413.29772949
1398.63439941
1418.76245117
1403.86608887
1413.85314941
1407.70495605
1408.66870117
1407.53356934
1413.86486816
1408.1607666
1413.73522949
1408.58630371
1393.84179688
1412.53833008
1403.86047363
1423.8338623
1413.3425293
1403.86169434
1400.62890625
1413.68029785
1393.76062012
1408.83691406
1403.64123535
1398.7520752
1398.77954102
1398.72229004
1403.21057129
1412.04785156
1417.26330566
1403.80444336
1388.80505371
1408.79443359
1403.75
1418.6003418
1403.46716309
1410.63220215
1413.06286621
1392.87023926
1403.20800781
1398.84191895
1412.97680664
1412.79370117
1408.50085449
1406.0682373
1428.18066406
1393.62402344
1413.64282227
1413.56958008
1423.66516113
1398.67724609
1412.88427734
1403.8515625
1408.86071777
1413.78710938
1408.78088379
1398.79296875
1409.97155762
1402.57727051
1408.37268066
1407.74450684
1413.859375
1398.78820801
1413.66674805
1413.81091309
1403.86608887
1393.57714844
1398.76257324
1398.86218262
1396.06945801
1403.81616211
1408.75354004
1398.77429199
1408.81054688
1413.35754395
1393.85656738
1397.68371582
1408.56762695
1413.64050293
1413.68676758
1398.63891602
1408.78503418
1403.49780273
1413.86682129
1423.38037109
1428.85571289
1403.84265137
1418.83654785
1403.82324219
1413.49780273
1398.8125
1408.85998535
1413.46508789
1393.80285645
1408.63781738
1393.30444336
1407.48168945
1393.79821777
1412.87683105
1403.63781738
1413.77929688
1406.94421387
1404.52319336
1413.56994629
1423.77807617
1403.86535645
1408.74365234
1393.64257812
1398.82727051
1408.67602539
1413.15942383
1423.69519043
1413.7244873
1407.7286377
1388.84008789
1397.24926758
1413.82275391
1393.6229248
1391.85778809
1408.36218262
1408.71472168
1408.6640625
1409.01342773
1393.68823242
1408.81774902
1393.83361816
1408.76074219
1393.81274414
1403.06555176
1398.78173828
1408.54333496
1403.83483887
1413.66442871
1403.86425781
1398.74890137
1397.83837891
1423.30163574
1408.61975098
1398.68395996
1403.81225586
1392.33496094
1393.78063965
1398.76367188
1408.85717773
1418.56884766
1411.87646484
1408.65075684
1406.30810547
1418.71484375
1403.84362793
1398.83410645
1416.45703125
1403.85681152
1413.79528809
1403.69445801
1403.78381348
1403.80407715
1413.67346191
1403.82543945
1408.83496094
1416.46777344
1403.76293945
1403.40087891
1403.08288574
1408.83361816
1413.19006348
1403.85192871
1398.76037598
1418.36206055
1403.21350098
1403.78869629
1413.81115723
1418.00061035
1408.70361328
1413.56469727
1413.80603027
1408.71276855
1408.74584961
1403.4765625
1403.83886719
1398.64526367
1398.7487793
1425.17138672
1398.84594727
1393.25317383
1408.80505371
1408.40307617
1393.53088379
1408.81359863
1401.09472656
1398.44750977
1403.8626709
1418.7734375
1393.66809082
1413.30163574
1418.62145996
1408.68884277
1400.4720459
1417.21240234
1418.62084961
1402.88366699
1388.62365723
1418.28649902
1403.70031738
1408.57592773
1398.7277832
1417.34802246
1403.64990234
1418.80065918
1420.98730469
1393.42358398
1406.91088867
1423.84619141
1403.8515625
1398.71484375
1412.74731445
1388.83117676
1403.74133301
1418.83300781
1395.68200684
1393.82324219
1413.5513916
1408.77697754
1418.79504395
1398.03649902
1402.68334961
1393.28210449
1400.40649414
1413.82824707
1408.83850098
1416.87390137
1413.84289551
1413.76171875
1420.08398438
1418.30249023
1393.73779297
1398.81018066
1408.71801758
1413.73071289
1408.97668457
1398.78405762
1406.71166992
1405.7611084
1403.83007812
1411.96398926
1403.77575684
1398.85900879
1403.10803223
1408.63708496
1423.4251709
1413.75
1393.25842285
1413.59069824
1403.80200195
1413.41125488
1411.99121094
1398.68151855
1403.75537109
1408.52148438
1411.16625977
1403.59545898
1413.84020996
1420.44750977
1428.35632324
1413.73681641
1398.45581055
1408.64379883
1403.14550781
1403.30895996
1403.67834473
1398.83728027
1398.86584473
1406.02209473
1403.81933594
1403.78515625
1413.84411621
1416.47753906
1398.82592773
1403.44763184
1403.80725098
1393.74121094
1408.44116211
1408.80297852
1408.32226562
1393.51403809
1401.6237793
1409.57556152
1413.60095215
1407.94628906
1393.82568359
1413.51489258
1413.80114746
1397.65563965
1403.05175781
1403.8157959
1403.37988281
1398.56054688
1407.19677734
1418.47558594
1408.3302002
1408.77612305
1395.75390625
1403.82775879
1421.3984375
1408.76477051
1408.8392334
1411.99487305
1408.70300293
1402.54907227
1413.84094238
1408.42419434
1378.83129883
1402.26049805
1405.9173584
1413.76977539
1403.85974121
1413.54260254
1398.66516113
1397.91833496
1418.86401367
1408.76647949
1415.4251709
1423.43066406
1403.74780273
1398.85900879
1403.66845703
1398.77844238
1412.67871094
1407.66674805
1412.84936523
1403.85119629
1408.07592773
1408.61193848
1388.85168457
1403.81335449
1413.60437012
1413.80725098
1403.78955078
1418.79382324
1398.62573242
1398.86682129
1408.63781738
1398.77539062
1408.7590332
1408.76953125
1403.44543457
1413.86425781
1398.76977539
1408.80908203
1408.78442383
1398.63061523
1408.83789062
1403.86694336
1403.69519043
1413.77038574
1403.83679199
1398.82043457
1418.65673828
1401.0135498
1398.86096191
1408.72363281
1398.8145752
1403.74816895
1407.64172363
1402.49804688
1408.81225586
1403.83276367
1398.70068359
1398.61938477
1393.13635254
1413.66796875
1398.85742188
1403.36193848
1406.4666748
1403.7512207
1408.03527832
1407.31115723
1418.37817383
1406.7409668
1421.69116211
1412.7512207
1412.14855957
1428.17199707
1398.60388184
1403.86547852
1418.82849121
1413.8614502
1406.88085938
1398.32629395
1408.64428711
1407.36425781
1403.74572754
1403.83544922
1403.82946777
1398.7869873
1418.796875
1414.27880859
1398.62207031
1427.35571289
1411.54541016
1407.86230469
1398.609375
1398.54077148
1393.62805176
1408.80908203
1398.04797363
1407.19091797
1403.71594238
1428.58691406
1398.51123047
1407.00280762
1403.68505859
1394.84741211
1403.59851074
1411.26464844
1407.92492676
1388.64807129
1410.14147949
1408.61108398
1401.36889648
1408.55053711
1388.63598633
1398.80639648
1393.57800293
1415.74353027
1398.82971191
1408.7824707
1408.35546875
1403.86669922
1417.60656738
1398.23742676
1408.61340332
1398.81958008
1418.765625
1403.76989746
1405.93310547
1413.30041504
1405.77587891
1414.58605957
1403.8059082
1418.45043945
1423.46728516
1413.85107422
1418.50061035
1388.71740723
1398.82165527
1398.68005371
1402.72192383
1388.42224121
1408.71862793
1413.83166504
1422.61523438
1395.10266113
1398.42041016
1403.77050781
1407.89709473
1402.27685547
1413.70080566
1402.6550293
1393.34667969
1407.18249512
1398.84936523
1403.82714844
1398.36730957
1403.86474609
1418.8494873
1402.21813965
1413.56201172
1423.78479004
1406.4654541
1398.78112793
1417.40649414
1418.08776855
1397.56665039
1408.60327148
1422.99523926
1408.84936523
1408.77783203
1407.75744629
1416.78967285
1403.77978516
1403.68237305
1398.7598877
1408.81225586
1413.6373291
1398.69287109
1403.38476562
1403.7388916
1388.80444336
1408.84106445
1398.72473145
1412.79016113
1413.84924316
1398.67016602
1403.81481934
1398.3079834
1408.84851074
1403.11791992
1388.82824707
1408.8001709
1408.17285156
1423.62219238
1390.44433594
1401.25561523
1398.76928711
1403.44055176
1413.84692383
1403.68737793
1408.85620117
1403.11804199
1423.47705078
1393.83532715
1412.92431641
1413.86132812
1406.80200195
1392.58557129
1403.59069824
1398.32141113
1411.35327148
1403.62792969
1398.15014648
1413.66430664
1403.83654785
1396.84423828
1405.06750488
1403.63256836
1398.56616211
1393.66992188
1398.85266113
1423.65795898
1403.71350098
1408.83215332
1408.84655762
1416.79333496
1393.79772949
1408.84423828
1403.67944336
1400.94628906
1393.66601562
1401.8536377
1402.38671875
1393.60327148
1413.3380127
1408.85229492
1423.75354004
1398.27880859
1397.73962402
1403.85302734
1393.61315918
1413.72106934
1402.32458496
1408.82324219
1393.81115723
1408.77685547
1413.62854004
1403.82702637
1408.77941895
1408.78466797
1411.85302734
1407.30541992
1408.85668945
1403.69458008
1418.33532715
1408.86535645
1418.6854248
1413.6854248
1413.7109375
1398.79394531
1393.84985352
1403.78747559
1403.7520752
1403.85473633
1413.37585449
1393.86108398
1398.81762695
1403.84448242
1407.59558105
1408.80004883
1418.50109863
1418.77319336
1408.32250977
1403.31152344
1398.64855957
1408.7076416
1393.43115234
1408.32763672
1408.64050293
1401.29602051
1423.85070801
1403.8293457
1413.28515625
1417.24365234
1408.84985352
1393.81835938
1408.5880127
1403.79577637
1408.79394531
1418.83728027
1408.60559082
1392.28027344
1408.73059082
1393.72521973
1408.41662598
1403.78015137
1403.84912109
1396.98754883
1398.74816895
1423.85375977
1418.84802246
1405.29992676
1417.57702637
1413.40930176
1408.58215332
1403.86462402
1413.73583984
1408.52770996
1408.8223877
1417.47045898
1398.61486816
1417.58569336
1408.82775879
1408.84619141
1398.49304199
1393.67175293
1408.78540039
1413.3984375
1408.60852051
1418.85766602
1417.70617676
1393.68859863
1421.92272949
1411.76208496
1388.85327148
1393.6965332
1408.86535645
1413.70751953
1393.84143066
1413.79211426
1408.83251953
1403.72888184
1388.80529785
1413.82299805
1408.28259277
1398.84680176
1408.63427734
1413.69812012
1428.51123047
1408.29638672
1398.08654785
1413.83850098
1398.828125
1423.58703613
1418.85925293
1408.83947754
1401.80908203
1403.82641602
1388.60339355
1403.1484375
1398.82995605
1398.06665039
1418.74963379
1413.86083984
1408.32702637
1413.78198242
1403.12597656
1393.83825684
1398.61914062
1413.73681641
1408.54418945
1413.86230469
1397.43457031
1408.71228027
1402.55322266
1411.97424316
1403.70068359
1378.83508301
1408.69885254
1393.80493164
1408.74145508
1397.17810059
1393.81530762
1398.74523926
1408.48449707
1398.4284668
1398.78527832
1412.82177734
1403.34680176
1388.7052002
1393.85986328
1378.86218262
1423.65332031
1413.15478516
1408.59765625
1419.30358887
1428.82885742
1423.68591309
1399.82006836
1393.26513672
1402.4888916
1388.52697754
1406.01538086
1422.10107422
1416.30737305
1380.49682617
1423.84667969
1408.7677002
1413.72338867
1403.24597168
1398.85546875
1413.61218262
1408.66992188
1403.6418457
1413.85083008
1418.56140137
1398.17736816
1393.75427246
1398.81408691
1393.86254883
1408.5333252
1403.81079102
1398.83081055
1418.85070801
1418.39025879
1393.50817871
1398.77954102
1408.62646484
1408.74890137
1390.48278809
1403.84643555
1403.49206543
1408.28381348
1403.71838379
1408.1463623
1413.84277344
1408.8112793
1413.63842773
1412.97802734
1418.83422852
1408.55883789
1413.3717041
1398.4074707
1397.84301758
1403.85668945
1412.9354248
1398.8560791
1401.99963379
1389.41943359
1403.79516602
1408.15844727
1408.48046875
1403.69128418
1403.8314209
1416.92126465
1413.69958496
1417.99658203
1408.76611328
1408.35375977
1418.18774414
1408.07519531
1398.7947998
1408.62158203
1403.85522461
1394.24243164
1397.17919922
1404.5748291
1397.82617188
1413.09155273
1413.79150391
1403.84118652
1413.58435059
1413.67541504
1403.08959961
1412.94665527
1414.8963623
1418.70947266
1403.85534668
1413.13525391
1413.75744629
1404.71875
1398.82397461
1403.84729004
1408.81274414
1393.82458496
1418.77856445
1398.69677734
1398.86303711
1388.81091309
1403.72998047
1408.74597168
1413.08862305
1403.74060059
1408.85791016
1398.78112793
1428.5625
1393.70629883
1413.79309082
1408.76293945
1394.72058105
1393.68066406
1418.85571289
1412.97277832
1408.83374023
1413.71057129
1413.79248047
1398.59936523
1408.68200684
1415.93933105
1413.83239746
1403.73425293
1413.04956055
1403.68066406
1407.07385254
1412.83886719
1407.44641113
1398.10839844
1407.40930176
1418.78198242
1413.84301758
1413.81286621
1418.81750488
1407.79394531
1403.66467285
1425.21704102
1408.8572998
1403.28894043
1403.5189209
1408.46789551
1406.04614258
1402.57983398
1403.4152832
1403.83435059
1403.01147461
1403.78198242
1413.84680176
1396.98718262
1403.80053711
1408.32824707
1398.65112305
1413.86206055
1403.79174805
1403.64208984
1408.79736328
1393.56799316
1403.77441406
1408.64526367
1395.99890137
1393.68505859
1418.61730957
1397.58959961
1398.80212402
1398.72790527
1408.79846191
1423.16931152
1398.85876465
1403.82568359
1393.78991699
1413.85974121
1413.29675293
1402.56091309
1408.73034668
1398.7713623
1403.43029785
1398.64868164
1403.7401123
1398.61499023
1398.62915039
1383.84387207
1398.59472656
1403.55786133
1403.81933594
1417.27282715
1413.79760742
1403.80175781
1407.9395752
1408.12524414
1403.0423584
1418.84082031
1413.68969727
1403.29626465
1408.25354004
1398.65270996
1412.52404785
1413.22998047
1413.40649414
1403.84130859
1413.63171387
1407.75366211
1398.74377441
1402.53857422
1408.35791016
1403.15673828
1396.77648926
1413.78088379
1403.39099121
1413.04296875
1398.84655762
1428.71533203
1398.25415039
1403.66357422
1413.63537598
1403.21838379
1402.16333008
1403.86364746
1403.85766602
1416.96789551
1398.11035156
1402.44311523
1388.85717773
1403.39611816
1388.84570312
1397.51977539
1398.86132812
1408.47644043
1403.48168945
1392.42565918
1413.6340332
1413.21899414
1403.78466797
1399.32946777
1402.45849609
1408.58862305
1415.33410645
1415.40917969
1393.86767578
1388.84692383
1413.82421875
1408.75024414
1408.84643555
1403.85424805
1403.82873535
1413.48156738
1418.35253906
1398.82836914
1398.75012207
1388.82128906
1403.02172852
1403.79150391
1403.41296387
1413.37463379
1398.62414551
1402.76147461
1393.86474609
1408.83691406
1413.27722168
1413.23474121
1413.86523438
1408.22973633
1391.67333984
1403.77001953
1403.85803223
1403.65844727
1408.22973633
1408.51745605
1397.95080566
1398.65063477
1408.78540039
1418.75305176
1408.69165039
1413.8112793
1408.05151367
1406.75305176
1398.53942871
1403.78039551
1408.78967285
1398.05566406
1411.8770752
1403.79577637
1417.99230957
1408.0880127
1408.75085449
1397.70251465
1413.26672363
1391.42565918
1400.56921387
1413.64648438
1408.65319824
1408.76269531
1413.66394043
1403.48193359
1403.61132812
1393.81994629
1393.69958496
1408.16430664
1413.77185059
1398.84851074
1403.42370605
1398.85852051
1413.73095703
1418.85192871
1416.31616211
1398.01318359
1413.4284668
1413.35778809
1398.6204834
1405.79785156
1413.66967773
1398.86010742
1408.85693359
1418.4128418
1413.16967773
1418.83532715
1403.42370605
1393.01196289
1383.8515625
1408.83410645
1398.79040527
1388.64294434
1403.33068848
1413.80297852
1398.71166992
1407.33508301
1413.86486816
1408.38391113
1392.63293457
1398.66955566
1398.13171387
1403.84387207
1408.37280273
1403.44934082
1423.68786621
1418.30871582
1383.82409668
1412.64050293
1403.73425293
1398.6842041
1398.48083496
1398.74108887
1401.68615723
1408.8503418
1408.73925781
1418.85302734
1413.26794434
1403.78320312
1408.84375
1408.86474609
1422.01940918
1398.85510254
1398.0435791
1407.1842041
1403.80603027
1422.15625
1403.23718262
1388.70507812
1418.72424316
1403.83984375
1408.72167969
1408.73730469
1398.69921875
1398.79943848
1402.97692871
1418.60705566
1408.24060059
1389.69458008
1418.73730469
1407.74230957
1403.73535156
1407.30651855
1408.54882812
1408.61242676
1408.82543945
1423.82727051
1408.8293457
1407.68518066
1399.84570312
1403.65563965
1398.76721191
1402.95495605
1403.11633301
1413.67138672
1408.48461914
1413.77355957
1408.60949707
1398.83374023
1408.08374023
1408.63879395
1408.0826416
1408.50427246
1396.84082031
1408.60266113
1403.78991699
1397.5579834
1393.6217041
1398.8404541
1403.78442383
1401.31213379
1398.64147949
1418.83483887
1418.80664062
1406.28552246
1393.8494873
1413.61779785
1409.79492188
1394.98815918
1423.68078613
1413.41320801
1413.40673828
1413.69165039
1418.03881836
1418.57177734
1403.66003418
1403.8112793
1403.47033691
1403.83740234
1393.07714844
1398.68676758
1428.79492188
1392.21203613
1398.57348633
1408.73925781
1396.43310547
1407.21936035
1408.47106934
1408.7355957
1408.35876465
1408.58508301
1408.69885254
1408.78137207
1383.55700684
1401.48901367
1405.25183105
1408.85632324
1408.7545166
1403.80334473
1393.80700684
1408.7409668
1413.81433105
1408.54321289
1413.6607666
1403.84594727
1408.42077637
1403.61816406
1403.77246094
1403.69104004
1403.25231934
1393.86572266
1393.72033691
1403.86694336
1408.19360352
1393.84033203
1391.87194824
1406.37414551
1398.80883789
1411.97583008
1411.99719238
1418.76025391
1413.50878906
1413.22961426
1403.81848145
1408.80249023
1413.85925293
1408.83312988
1413.80395508
1393.50708008
1398.03369141
1413.45458984
1398.70874023
1408.37463379
1408.39697266
1413.8404541
1408.73535156
1413.41174316
1409.8125
1403.81201172
1413.45556641
1393.84350586
1408.07849121
1393.74023438
1413.76098633
1403.78283691
1393.65307617
1398.6394043
1418.76782227
1418.39990234
1393.70678711
1423.72753906
1402.76940918
1401.86279297
1413.40380859
