1403.86743164
1411.99450684
1413.64245605
1413.83300781
1413.56445312
1408.74401855
1407.22912598
1408.77844238
1401.71032715
1413.2598877
1411.91625977
1391.17370605
1418.85302734
1403.8638916
1408.62243652
1413.56359863
1408.85192871
1393.8046875
1408.24890137
1408.80114746
1423.83410645
1393.7512207
1408.43566895
1403.11364746
1398.81958008
1398.82592773
1403.8236084
1395.57080078
1398.72827148
1413.82946777
1399.02758789
1398.4017334
1388.42224121
1403.81555176
1413.81237793
1401.89160156
1413.5390625
1403.69152832
1398.85339355
1428.83996582
1403.28137207
1403.78198242
1398.23706055
1406.51074219
1393.19909668
1388.86218262
1408.73095703
1404.85083008
1403.84802246
1398.63891602
1408.84667969
1408.73632812
1403.83569336
1412.88317871
1406.46826172
1418.53491211
1408.61340332
1403.75012207
1408.82641602
1413.57727051
1418.71313477
1418.65600586
1407.63098145
1388.79406738
1408.79370117
1413.70080566
1405.71594238
1413.72692871
1392.82849121
1403.6907959
1413.76037598
1418.7956543
1421.1920166
1397.91357422
1416.77148438
1406.08825684
1400.83642578
1398.74902344
1413.80761719
1416.65515137
1418.85107422
1403.83166504
1413.81762695
1398.65112305
1408.84729004
1393.76281738
1413.06298828
1408.81921387
1398.86572266
1402.98510742
1398.85900879
1410.45727539
1413.43164062
1408.82141113
1393.67785645
1402.40588379
1411.9407959
1408.16784668
1408.53540039
1398.81396484
1403.79187012
1408.78552246
1398.09387207
1404.55822754
1408.75085449
1413.68188477
1413.65319824
1408.61230469
1422.47497559
1398.75463867
1404.40270996
1408.77819824
1413.82751465
1388.85437012
1423.68041992
1398.78808594
1398.78845215
1407.4855957
1398.8347168
1428.42993164
1400.29260254
1408.85595703
1398.71337891
1398.80957031
1398.68835449
1426.67211914
1406.77075195
1398.86047363
1408.59558105
1408.85864258
1403.76171875
1398.82312012
1398.82189941
1403.7755127
1398.52575684
1403.06494141
1408.77819824
1407.89990234
1396.70581055
1408.65441895
1403.79907227
1398.68933105
1398.83862305
1412.96679688
1407.88427734
1398.84033203
1423.38696289
1403.64074707
1403.19250488
1413.65844727
1413.78967285
1393.21276855
1398.72241211
1406.52709961
1408.76306152
1393.8494873
1403.81945801
1413.86010742
1409.45776367
1408.64135742
1413.47619629
1403.73608398
1408.83300781
1403.65734863
1408.60754395
1408.73828125
1413.16540527
1413.81103516
1398.78503418
1403.8034668
1408.84301758
1413.79382324
1413.63146973
1413.60083008
1413.55065918
1418.6126709
1418.69897461
1408.47180176
1408.35998535
1403.81811523
1392.0604248
1408.5213623
1403.78430176
1418.77197266
1398.7590332
1413.16369629
1400.50598145
1393.82250977
1398.83227539
1393.71203613
1402.15393066
1403.82995605
1408.77087402
1398.69482422
1393.54260254
1422.15246582
1417.53186035
1408.83984375
1403.84301758
1403.69934082
1398.85498047
1398.83886719
1408.22570801
1403.70019531
1413.7442627
1398.82714844
1408.60192871
1403.52416992
1413.58227539
1403.85852051
1408.70703125
1403.84484863
1408.79821777
1397.88830566
1423.26794434
1408.21447754
1401.82263184
1416.36560059
1413.74926758
1408.66101074
1406.95922852
1403.38830566
1403.78857422
1403.42834473
1408.77636719
1423.04907227
1398.61560059
1403.70227051
1423.71765137
1403.84997559
1408.6484375
1418.75939941
1428.59936523
1413.83605957
1412.79382324
1399.23059082
1406.55737305
1398.85498047
1416.92602539
1402.67993164
1423.21740723
1413.15637207
1410.95300293
1398.55102539
1408.54431152
1393.49804688
1408.69921875
1408.67468262
1408.2277832
1398.80932617
1422.10449219
1418.6574707
1418.40856934
1402.22802734
1403.62011719
1403.6427002
1408.83813477
1412.81555176
1408.84741211
1423.81738281
1413.72009277
1393.24035645
1413.53259277
1408.48779297
1406.12158203
1398.79748535
1412.64685059
1408.5567627
1403.6965332
1403.81945801
1413.86340332
1393.47106934
1403.01281738
1413.82263184
1403.12011719
1402.60620117
1398.79089355
1408.80529785
1396.88635254
1398.72924805
1398.74438477
1388.8359375
1403.81994629
1408.66699219
1418.72070312
1401.85620117
1407.68762207
1397.25622559
1413.69934082
1403.80151367
1403.35290527
1418.78771973
1408.34362793
1402.92443848
1403.71728516
1401.81530762
1408.18579102
1413.81970215
1398.46350098
1398.78210449
1403.79418945
1408.78161621
1413.6973877
1398.71008301
1403.08984375
1398.68347168
1398.86669922
1407.31921387
1408.84838867
1417.10461426
1413.7911377
1423.79504395
1412.79931641
1413.75939941
1408.28491211
1403.75561523
1413.68078613
1393.85742188
1408.84472656
1412.12097168
1398.8581543
1417.7520752
1408.37268066
1395.96948242
1408.85095215
1398.02307129
1403.70935059
1418.57714844
1418.72631836
1408.82470703
1403.75561523
1413.46081543
1403.28271484
1398.73400879
1408.76940918
1403.64831543
1413.84020996
1418.20568848
1398.75634766
1408.79162598
1408.81726074
1406.42980957
1398.84619141
1402.56921387
1404.36120605
1407.21984863
1408.57739258
1408.33251953
1402.93151855
1398.42541504
1413.76660156
1403.86413574
1413.57739258
1418.79199219
1402.91625977
1408.63671875
1413.82946777
1410.02807617
1401.83435059
1413.76513672
1408.75036621
1401.73364258
1398.71118164
1418.71398926
1403.82434082
1407.17504883
1403.47277832
1407.4440918
1413.67431641
1403.70068359
1401.98681641
1408.81970215
1398.82580566
1388.63378906
1393.8157959
1403.83325195
1418.52124023
1403.70788574
1412.6550293
1418.15368652
1413.67346191
1418.78894043
1402.61022949
1408.81225586
1396.38110352
1393.72302246
1408.77709961
1398.82165527
1388.09130859
1413.2644043
1403.73376465
1403.86328125
1403.5970459
1412.15844727
1413.69055176
1408.58190918
1408.82409668
1408.36645508
1407.6887207
1407.97314453
1402.95983887
1413.71520996
1413.56262207
1403.7947998
1403.42321777
1407.23803711
1403.65344238
1408.85351562
1398.81860352
1403.86633301
1388.50170898
1388.7989502
1413.84960938
1408.83435059
1403.83398438
1403.53076172
1403.30834961
1398.45495605
1413.75891113
1400.22192383
1413.27624512
1392.93859863
1408.82373047
1398.03796387
1403.26013184
1403.82653809
1407.79455566
1383.67675781
1397.54724121
1398.04248047
1393.82751465
1423.77856445
1403.69091797
1418.85266113
1410.31359863
1403.86230469
1398.5814209
1403.51123047
1418.72827148
1403.81677246
1406.23327637
1383.84912109
1398.64440918
1398.83789062
1403.84130859
1393.78198242
1418.79589844
1393.4161377
1398.3157959
1393.82775879
1412.07727051
1413.15734863
1408.69445801
1405.11328125
1416.98010254
1408.78820801
1403.77941895
1403.23132324
1413.57324219
1398.41784668
1423.51794434
1408.17749023
1406.37243652
1408.85510254
1403.86657715
1422.35559082
1413.79675293
1413.76647949
1423.84362793
1398.37036133
1400.5411377
1398.60998535
1403.6529541
1398.79199219
1423.76635742
1408.85229492
1393.44909668
1428.6862793
1413.64575195
1428.390625
1406.85620117
1413.6036377
1403.83410645
1393.49365234
1416.94750977
1408.3470459
1413.83825684
1403.84350586
1402.37719727
1401.14099121
1403.68334961
1383.79858398
1408.76525879
1413.82824707
1403.6159668
1393.06396484
1413.01220703
1407.77783203
1403.6907959
1408.3347168
1408.86535645
1397.62988281
1397.70727539
1403.73303223
1398.75622559
1398.5189209
1398.67456055
1408.41333008
1413.17272949
1412.74157715
1412.76916504
1417.74279785
1413.77294922
1403.6550293
1422.68786621
1403.59655762
1413.09729004
1408.53088379
1409.50964355
1397.34289551
1413.17749023
1408.40039062
1393.81945801
1412.16296387
1398.40649414
1413.56945801
1398.74145508
1398.8260498
1393.42468262
1418.84680176
1403.75683594
1403.60766602
1417.61560059
1408.64697266
1393.35522461
1408.41748047
1413.79333496
1393.6270752
1398.75585938
1408.6751709
1393.58251953
1388.81140137
1413.86169434
1388.84509277
1406.88269043
1408.82165527
1401.41064453
1402.23864746
1417.79150391
1403.75292969
1402.86706543
1403.84655762
1408.66687012
1398.80847168
1413.10778809
1401.84790039
1403.79492188
1403.78186035
1408.63342285
1403.21643066
1396.78930664
1403.73400879
1397.22998047
1407.84265137
1413.79821777
1406.14123535
1398.70056152
1398.8536377
1413.84606934
1403.6776123
1403.61828613
1398.32678223
1393.82165527
1402.97607422
1401.80297852
1422.07556152
1388.78735352
1399.54016113
1402.47387695
1413.14025879
1393.78601074
1398.81604004
1393.73254395
1413.85864258
1413.08874512
1408.12512207
1408.79089355
1393.81811523
1388.71411133
1408.18823242
1393.86364746
1403.78588867
1413.1171875
1403.53601074
1413.84326172
1407.59265137
1403.48217773
1402.45556641
1403.12036133
1403.84619141
1408.69824219
1408.8223877
1423.86328125
1397.97814941
1428.1776123
1407.29443359
1403.16674805
1391.81347656
1413.86633301
1403.57104492
1407.78881836
1408.58093262
1391.45397949
1408.6685791
1413.71691895
1403.66430664
1408.79333496
1408.44543457
1408.62414551
1413.71789551
1397.73181152
1392.91113281
1413.37268066
1407.82666016
1387.44250488
1403.85754395
1403.67248535
1403.8112793
1413.72497559
1388.83129883
1413.8626709
1398.64892578
1406.94848633
1398.42871094
1398.79577637
1413.8079834
1398.86108398
1413.07995605
1422.93200684
1393.69128418
1393.77258301
1408.78271484
1413.5793457
1395.54663086
1413.23022461
1408.79980469
1398.84631348
1383.77258301
1403.74450684
1403.76623535
1407.77282715
1408.25915527
1408.79797363
1403.83666992
1398.58325195
1398.50512695
1417.77709961
1413.68701172
1422.64489746
1403.32739258
1398.67150879
1407.99438477
1413.76794434
1406.9901123
1388.83764648
1402.86791992
1412.0435791
1395.48413086
1408.79516602
1398.23278809
1402.84191895
1408.7980957
1383.78723145
1413.86755371
1408.86047363
1403.80090332
1403.86376953
1428.84375
1413.78747559
1413.06445312
1403.46899414
1408.85754395
1403.77075195
1416.83850098
1423.69519043
1403.71154785
1398.02880859
1413.01904297
1388.72973633
1393.65454102
1416.13110352
1406.90002441
1413.84533691
1417.99487305
1412.46166992
1415.90246582
1413.76171875
1413.76550293
1406.60717773
1398.80834961
1407.91064453
1407.11572266
1386.31994629
1403.76086426
1408.76953125
1408.33666992
1413.76916504
1413.6072998
1412.15551758
1403.8548584
1397.02099609
1413.29772949
1423.79638672
1413.45397949
1393.375
1418.45922852
1403.75708008
1403.64709473
1403.7779541
1407.296875
1408.4465332
1403.63757324
1418.79260254
1408.84326172
1408.58215332
1403.71044922
1398.85876465
1392.00244141
1413.85827637
1413.72497559
1408.6895752
1418.7532959
1398.36682129
1407.76672363
1403.74755859
1403.86437988
1403.74987793
1393.84533691
1403.84643555
1398.85888672
1408.73852539
1403.81542969
1413.62695312
1410.95166016
1418.74780273
1398.65600586
1413.77954102
1388.75537109
1393.75524902
1404.37976074
1408.73571777
1413.59362793
1402.8137207
1411.80090332
1406.45349121
1408.47668457
1398.77087402
1417.68029785
1407.52624512
1403.81115723
1398.83862305
1388.70947266
1417.46936035
1418.84326172
1393.84350586
1408.86206055
1398.82861328
1413.64367676
1398.75939941
1406.51330566
1413.8215332
1408.81481934
1393.67114258
1398.85009766
1397.9609375
1398.47424316
1398.83532715
1407.81286621
1411.69030762
1408.76831055
1396.64624023
1403.0045166
1398.796875
1396.14990234
1403.29138184
1417.78564453
1403.45922852
1408.08691406
1428.36560059
1408.70825195
1388.82141113
1398.86022949
1408.74108887
1413.3079834
1403.73266602
1403.71826172
1413.87597656
1403.5111084
1418.85131836
1398.65063477
1418.33251953
1408.34204102
1412.75634766
1408.76245117
1418.08813477
1407.74121094
1403.6472168
1403.73852539
1398.76428223
1413.78234863
1432.71191406
1408.43481445
1400.60009766
1406.96826172
1388.8137207
1408.79040527
1403.7130127
1408.29248047
1403.78881836
1387.74572754
1403.36499023
1417.9005127
1408.78637695
1413.02246094
1417.55834961
1413.75427246
1392.30712891
1397.88977051
1408.7166748
1402.40148926
1403.13244629
1412.6282959
1407.89697266
1398.77722168
1410.25915527
1408.85644531
1408.86401367
1413.55603027
1412.46081543
1398.77050781
1403.63964844
1418.54394531
1418.69995117
1408.26647949
1398.3125
1398.6739502
1408.83288574
1408.36645508
1408.73779297
1397.38415527
1413.59326172
1423.81188965
1403.84460449
1417.27099609
1418.84326172
1408.82458496
1413.78710938
1408.82104492
1412.96252441
1423.83251953
1388.86279297
1393.27270508
1398.21484375
1402.73657227
1403.67541504
1407.66137695
1408.82336426
1413.28417969
1413.67504883
1393.82971191
1403.82165527
1398.57543945
1403.59667969
1418.57775879
1393.74243164
1398.72070312
1401.96313477
1403.72314453
1398.83874512
1403.70385742
1418.84472656
1418.72399902
1398.79943848
1404.28320312
1408.45910645
1413.68054199
1413.84606934
1413.69616699
1407.81140137
1418.3269043
1406.17272949
1388.84753418
1407.96496582
1393.58483887
1418.23693848
1408.78271484
1408.78747559
1393.72106934
1413.85791016
1393.17651367
1398.83666992
1413.81115723
1403.80285645
1397.90917969
1407.34802246
1408.80627441
1408.80810547
1407.11901855
1403.5144043
1413.70019531
1403.42468262
1418.81689453
1418.48718262
1408.85766602
1408.82788086
1412.30969238
1403.78613281
1403.85620117
1403.71777344
1408.83886719
1408.82312012
1403.84472656
1398.38647461
1414.33959961
1398.84472656
1423.82202148
1408.72692871
1408.84143066
1408.73864746
1397.44787598
1403.01806641
1403.59716797
1408.79785156
1398.73571777
1398.85595703
1393.84899902
1423.80664062
1383.50927734
1408.74255371
1398.84448242
1417.29394531
1408.73791504
1408.34375
1403.85986328
1403.42749023
1403.76379395
1403.75878906
1408.65332031
1398.83032227
1418.15283203
1408.51123047
1398.50183105
1403.8560791
1398.70483398
1398.77807617
1407.35595703
1408.60400391
1398.80810547
1403.80358887
1398.85412598
1412.29248047
1417.83203125
1396.98730469
1403.68652344
1422.6784668
1427.33337402
1403.21057129
1408.81762695
1418.84436035
1411.7076416
1403.74145508
1418.82653809
1393.59643555
1398.6505127
1403.78125
1398.79992676
1413.70141602
1418.8359375
1408.6027832
1413.83666992
1408.54272461
1418.60522461
1398.83374023
1413.86242676
1402.99536133
1413.53161621
1421.74389648
1398.76513672
1408.83508301
1398.15087891
1398.80102539
1411.80883789
1398.26757812
1398.40319824
1408.57312012
1398.80761719
1393.35461426
1400.55029297
1412.22949219
1421.79858398
1398.78210449
1418.76867676
1398.75842285
1393.5994873
1403.34594727
1412.25378418
1403.66235352
1422.47521973
1420.62072754
1403.86425781
1394.37854004
1403.78100586
1415.93139648
1412.69897461
1391.3092041
1397.28112793
1408.40136719
1408.71289062
1408.84692383
1398.74060059
1398.76977539
1418.83251953
1408.8371582
1403.82678223
1408.53955078
1383.07714844
1408.68066406
1393.78466797
1387.23034668
1403.86645508
1413.6920166
1408.3807373
1403.82006836
1422.67614746
1388.70471191
1408.74365234
1403.1015625
1408.71411133
1408.00146484
1413.09558105
1393.80651855
1411.33874512
1433.79016113
1408.75415039
1403.64929199
1403.09545898
1402.55615234
1403.77111816
1405.69567871
1398.72546387
1397.35791016
1403.45727539
1408.74890137
1393.83703613
1423.76879883
1418.72253418
1402.06677246
1416.15368652
1391.99304199
1403.86450195
1393.80493164
1393.65563965
1393.72729492
1393.64306641
1403.28356934
1413.12329102
1403.73449707
1401.97961426
1427.17749023
1413.50476074
1413.24963379
1408.84985352
1403.02380371
1421.35314941
1418.65124512
1403.62927246
1408.73425293
1413.72485352
1418.85058594
1403.37109375
1418.83044434
1407.61901855
1401.45532227
1413.80200195
1415.22680664
1412.00598145
1383.80334473
1403.77783203
1408.74914551
1393.84143066
1407.3092041
1398.79345703
1397.83300781
1407.93688965
1406.00366211
1401.28942871
1403.81652832
1408.72766113
1413.61621094
1408.78820801
1413.86621094
1413.57348633
1398.80236816
1388.57385254
1418.10852051
1403.33398438
1408.75939941
1388.85351562
1413.04931641
1393.82922363
1393.84558105
1420.45019531
1398.71289062
1403.61376953
1423.4375
1403.71325684
1398.80310059
1412.86523438
1398.76904297
1407.51916504
1401.99963379
1408.86364746
1401.38818359
1418.38830566
1403.72351074
1408.19006348
1397.87109375
1412.24743652
1398.71972656
1412.97753906
1413.82629395
1411.89575195
1388.40563965
1408.69934082
1398.77941895
1408.6550293
1398.69714355
1398.64672852
1398.25610352
1433.66308594
1418.70544434
1398.83569336
1403.78515625
1413.81542969
1423.69299316
1408.76000977
1413.31933594
1403.82324219
1417.50231934
1418.78857422
1388.48535156
1397.2791748
1418.81054688
1406.89770508
1408.02966309
1403.79174805
1416.60253906
1403.83642578
1398.8269043
1413.72717285
1422.10534668
1403.85693359
1408.32873535
1398.8359375
1400.98144531
1403.70117188
1393.43737793
1393.68798828
1383.78894043
1408.37756348
1398.84790039
1393.44091797
1415.73803711
1399.20812988
1407.41772461
1418.53808594
1417.22167969
1388.86401367
1423.42883301
1417.3762207
1403.81201172
1418.75134277
1398.83544922
1398.82727051
1398.86206055
1432.27099609
1412.52514648
1408.35583496
1398.22888184
1403.85656738
1403.82836914
1403.46704102
1417.65881348
1418.8326416
1413.8425293
1398.70727539
1390.89709473
1418.33813477
1393.78833008
1403.07043457
1413.27612305
1398.7310791
1408.43237305
1408.72583008
1393.83691406
1413.77307129
1418.66674805
1408.76647949
1393.72338867
1413.56298828
1398.86450195
1397.78173828
1408.40808105
1408.79199219
1423.74707031
1397.13476562
1413.70043945
1408.84741211
1409.14733887
1408.58752441
1408.85498047
1408.34594727
1413.82006836
1418.41784668
1413.68151855
1403.76293945
1413.58056641
1398.68139648
1408.4152832
1408.70092773
1409.8704834
1398.7746582
1398.73400879
1413.7578125
1403.65478516
1408.85974121
1408.56567383
1408.80126953
1413.84069824
1402.22998047
1403.13623047
1398.79333496
1393.79882812
1398.72705078
1403.671875
1408.69165039
1408.61279297
1408.76953125
1407.55041504
1418.22924805
1418.10498047
1392.93505859
1413.68725586
1408.61096191
1403.8380127
1403.48034668
1408.6105957
1415.71875
1388.78063965
1413.62524414
1388.54736328
1403.72827148
1406.88989258
1413.72509766
1403.63305664
1413.81835938
1388.82104492
1403.25512695
1408.85778809
1417.33007812
1408.66601562
1398.34350586
1401.98046875
1403.84631348
1421.80175781
1393.75891113
1408.76428223
1427.22924805
1387.11413574
1403.81982422
1398.86730957
1418.58935547
1408.34594727
1413.60583496
1408.35351562
1388.78979492
1398.71484375
1405.49194336
1393.81323242
1403.79882812
1403.81469727
1383.77331543
1398.8302002
1397.67797852
1397.77880859
1422.9786377
1405.265625
1403.71252441
1412.12243652
1408.84033203
1407.75012207
1403.56311035
1412.52099609
1408.70471191
1393.74169922
1398.78857422
1413.73071289
1408.74072266
1408.7331543
1408.79138184
1398.67980957
1413.72875977
1408.86181641
1398.72717285
1413.54101562
1408.73901367
1403.75305176
1417.42041016
1402.4074707
1403.81896973
1398.79650879
1403.48925781
1398.38977051
1422.64440918
1408.73376465
1413.6706543
1408.85302734
1413.80786133
1407.19885254
1398.30859375
1395.10241699
1403.26916504
1413.78625488
1396.64135742
1408.7722168
1402.85791016
1403.74072266
1418.50537109
1408.85913086
1392.51672363
1413.57543945
1403.81066895
1413.62658691
1412.95043945
1398.76013184
1398.68054199
1408.50598145
1393.828125
1407.74060059
1413.70861816
1408.66259766
1393.85913086
1403.76867676
1408.6817627
1413.15332031
1413.62341309
1417.69238281
1415.90942383
1418.19641113
1418.85412598
1393.46252441
1417.98376465
1416.84729004
1398.64477539
1398.62817383
1393.82421875
1407.99951172
1413.73815918
1403.47412109
1408.44873047
1398.82946777
1398.58300781
1403.84411621
1408.80737305
1423.6151123
1423.81677246
1398.82543945
1418.50061035
1418.75512695
1405.42346191
1408.83520508
1408.63879395
1398.85852051
1403.85107422
1413.79931641
1411.21984863
1408.83044434
1402.70874023
1418.77368164
1398.82861328
1393.80566406
1408.77404785
1418.44848633
1388.86682129
1408.76452637
1403.51318359
1393.65112305
1410.38098145
1398.78759766
1413.85522461
1405.49902344
1413.28125
1408.1262207
1413.76977539
1408.76428223
1413.85412598
1403.85693359
1397.69775391
1408.40600586
1403.24682617
1407.18823242
1407.9453125
1388.82653809
1402.19189453
1408.8527832
1413.44580078
1403.51953125
1408.63146973
1428.83691406
1408.68359375
1408.62060547
1393.08569336
1408.78540039
1418.15307617
1398.07946777
1393.53759766
1403.26025391
1418.76745605
1413.27990723
1408.20397949
1398.74890137
1408.83459473
1418.78710938
1398.76953125
1403.43762207
1408.10412598
1403.60571289
1397.98864746
1417.22314453
1406.73144531
1393.05627441
1388.5847168
1403.85266113
1418.27258301
1399.74475098
1408.53955078
1413.84997559
1398.53967285
1403.53637695
1413.71252441
1403.69360352
1398.4041748
1388.84851074
1408.81628418
1413.77404785
1401.32385254
1401.76708984
1413.86291504
1393.86486816
1398.80932617
1408.81616211
1412.50756836
1413.04052734
1412.66833496
1403.81323242
1400.67700195
1412.92907715
1403.66003418
1428.86071777
1408.7388916
1413.14379883
1413.85791016
1403.59753418
1408.6427002
1412.94140625
1413.42126465
1423.86450195
1413.82763672
1393.60595703
1408.75585938
1413.0390625
1392.60693359
1393.7097168
1403.66796875
1407.33825684
1408.48095703
1393.80175781
1423.82617188
1408.39758301
1398.44995117
1417.52319336
1413.65991211
1416.04992676
1413.50341797
1398.72155762
1418.82128906
1413.77832031
1418.21240234
1394.99572754
1402.28466797
1393.45361328
1408.12329102
1413.46887207
1393.74377441
1396.57226562
1403.70373535
1398.65942383
1408.80029297
1418.11376953
1397.96862793
1398.69445801
1403.84423828
1418.83215332
1418.75097656
1408.65673828
1408.76391602
1428.60595703
1393.71337891
1413.84631348
1406.8939209
1398.27783203
1418.73632812
1418.84265137
1413.64538574
1407.88232422
1403.79296875
1403.37390137
1408.73632812
1403.6784668
1403.82836914
1418.27966309
1398.78442383
1408.62976074
1416.95947266
1411.89123535
1403.78295898
1398.82434082
1403.84545898
1393.72070312
1406.83972168
1408.01025391
1408.40100098
1408.31530762
1413.56970215
1397.44018555
1393.24536133
1403.84289551
1396.53039551
1393.78649902
1413.85595703
1403.77124023
1397.85339355
1403.59741211
1418.71044922
1403.79931641
1408.69091797
1399.79980469
1408.85290527
1398.72583008
1403.84899902
1393.47241211
1418.81152344
1393.52282715
1412.90771484
1413.66418457
1423.86669922
1403.25183105
1398.77148438
1411.15966797
1391.99182129
1423.70898438
1400.96276855
1403.79162598
1403.2166748
1403.84887695
1388.84338379
1403.86547852
1398.86584473
1403.78613281
1403.61340332
1402.58239746
1397.0916748
1403.64147949
1403.60070801
1399.51428223
1423.63366699
1408.45483398
1403.78955078
1400.05725098
1398.84423828
1403.48181152
1403.86450195
1390.70727539
1407.85998535
1413.08276367
1419.54370117
1413.70263672
1406.48449707
1413.73291016
1413.41833496
1403.73669434
1403.8548584
1413.78503418
1401.96679688
1403.83203125
1403.52685547
1413.56274414
1403.6295166
1397.05090332
1403.63500977
1403.8425293
1423.19873047
1408.16430664
1392.42822266
1408.76318359
1383.73156738
1383.73376465
1398.77075195
1388.71594238
1398.36206055
1391.83618164
1408.65527344
1408.15844727
1397.75195312
1408.71618652
1398.84716797
1408.81530762
1410.72680664
1403.85461426
1413.81030273
1417.78344727
1411.15795898
1393.75415039
1402.4642334
1413.81323242
1398.82531738
1408.32446289
1408.74597168
1403.80187988
1398.51489258
1413.02258301
1413.69885254
1408.83154297
1386.01220703
1398.08520508
1403.85742188
1398.45422363
1393.67102051
1413.63098145
1413.35583496
1393.85864258
1403.75378418
1413.62744141
1386.49389648
1427.31982422
1405.83666992
1401.14196777
1388.83886719
1408.47546387
1407.72546387
1418.84033203
1393.65087891
1388.82202148
1401.69384766
1408.82971191
1413.52026367
1397.79052734
1422.62072754
1403.36364746
1398.55651855
1413.85388184
1397.44250488
1403.82470703
1408.58093262
1393.74963379
1423.62426758
1403.15002441
1408.7677002
1413.8494873
1413.43005371
1398.84204102
1407.91784668
1408.46362305
1413.70397949
1403.67211914
1413.80554199
1403.70397949
1413.03369141
1413.19555664
1402.92382812
1418.65222168
1408.71606445
1403.43457031
1393.82641602
1393.84277344
1412.20043945
1413.84277344
1398.83447266
1398.82226562
1412.84020996
1408.70361328
1407.58935547
1404.27526855
1396.08886719
1398.86376953
1405.06518555
1403.7467041
1403.85864258
1418.79638672
1397.89782715
1393.78649902
1398.81066895
1408.14575195
1388.74975586
1408.55834961
1413.79589844
1393.83337402
1408.3894043
1393.81237793
1403.80285645
1407.39208984
1413.5880127
1407.89050293
1428.72839355
1413.86486816
1428.86572266
1403.37084961
1403.828125
1413.74768066
1406.6307373
1408.75256348
1398.50244141
1408.47143555
1408.703125
1416.24682617
1403.42138672
1397.76391602
1403.83483887
1403.80236816
1408.36120605
1403.84155273
1396.88867188
1398.09643555
1408.44946289
1418.86328125
1403.8236084
1383.79675293
1416.10913086
1403.57775879
1403.32458496
1397.10351562
1398.40148926
1413.72302246
1403.80249023
1403.61608887
1408.67358398
1401.28710938
1408.25891113
1418.79150391
1388.77026367
1418.79040527
1413.73962402
1408.85717773
1398.78979492
1392.97338867
1398.80908203
1409.84545898
1413.85241699
1413.67480469
1408.88952637
1408.41845703
1397.74816895
1413.25646973
1407.8918457
1392.26049805
1407.55334473
1388.73901367
1393.83007812
1413.81005859
1402.84594727
1389.53894043
1398.8170166
1388.59375
1393.55407715
1388.84094238
1413.62841797
1398.8059082
1428.33374023
1408.86450195
1408.46911621
1413.82568359
1412.43884277
1403.85705566
1412.54736328
1417.19689941
1411.7142334
1397.68432617
1398.83374023
1396.87683105
1388.6697998
1403.63037109
1403.12878418
1403.76477051
1413.33776855
1408.71923828
1393.66882324
1393.22314453
1408.42785645
1412.95996094
1398.70605469
1412.92810059
1403.82421875
1408.81164551
1408.53552246
1408.75708008
1408.80786133
1413.85327148
1393.53540039
1408.85168457
1403.46264648
1413.65588379
1410.3927002
1403.80932617
1403.42285156
1410.93041992
1408.61901855
1403.75378418
1402.88842773
1398.5949707
1408.75097656
1418.53051758
1413.84509277
1403.77258301
1402.80224609
1408.6829834
1389.04528809
1408.2845459
1403.80493164
1408.59240723
1423.2109375
1402.98999023
1413.32458496
1403.70153809
1412.99487305
1407.5144043
1418.5847168
1413.71655273
1413.59460449
1410.0559082
1428.3170166
1408.44262695
1398.75756836
1398.19702148
1393.79956055
1397.4675293
1405.5526123
1396.28747559
1403.77868652
1403.80895996
1406.92004395
1408.80859375
1392.36450195
1403.75939941
1398.51379395
1398.85766602
1408.83764648
1408.86608887
1403.79406738
1413.17749023
1413.67468262
1403.79125977
1398.56164551
1403.85375977
1413.71716309
1406.48803711
1402.79016113
1408.34777832
1408.82287598
1393.30383301
1408.62683105
1406.09741211
1373.44519043
1408.76074219
1398.86340332
1402.78491211
1418.83813477
1392.69702148
1413.7121582
1402.99597168
1418.66308594
1413.12402344
1403.75610352
1398.80615234
1413.75891113
1408.14929199
1408.79858398
1408.3972168
1408.83813477
1398.63122559
1408.77941895
1398.80566406
1404.00280762
1406.83935547
1408.16455078
1398.78979492
1408.7598877
1408.80236816
1397.56689453
1403.79211426
1413.28845215
1413.52233887
1403.62792969
1393.65307617
1398.79223633
1403.81530762
1408.74719238
1400.5032959
1413.77172852
1413.53393555
1413.23535156
1403.05224609
1423.64221191
1388.60400391
1398.81799316
1417.83557129
1413.58618164
1403.74755859
1413.84277344
1407.73632812
1403.40942383
1413.46606445
1410.86401367
1418.83886719
1398.7590332
1413.78540039
1403.56140137
1403.59265137
1413.81140137
1401.39453125
1428.50561523
1398.4387207
1403.81530762
1397.73046875
1398.77758789
1417.45568848
1408.79577637
1413.80126953
1393.79858398
1403.79833984
1398.76696777
1413.8572998
1408.76916504
1403.81445312
1403.69348145
1408.35290527
1408.60925293
1402.97668457
1398.63415527
1408.58288574
1403.73962402
1403.53771973
1403.8067627
1418.72888184
1417.78649902
1403.84069824
1412.98571777
1413.48425293
1418.74743652
1403.69165039
1402.32873535
1408.63842773
1403.86181641
1403.71691895
1408.7175293
1403.71484375
1412.26855469
1413.67102051
1409.2331543
1413.46032715
1398.69140625
1408.42199707
1388.42041016
1408.33666992
1413.70617676
1408.84326172
1408.78173828
1408.83935547
1398.78601074
1403.78735352
1393.80053711
1403.6619873
1398.81896973
1407.58410645
1398.84094238
1398.70788574
1407.0246582
1398.53039551
1433.24267578
1413.7980957
1398.47692871
1392.87158203
1423.07556152
1403.82922363
1402.63427734
1413.81726074
1398.79760742
1408.7911377
1408.76965332
1398.70629883
1411.80651855
1418.57470703
1398.85095215
1407.37548828
1408.74926758
1418.29638672
1403.31689453
1398.80053711
1403.20629883
1398.81384277
1403.76086426
1403.81567383
1407.65478516
1408.74304199
1402.89562988
1393.72338867
1413.76306152
1398.61938477
1413.79516602
1403.65637207
1401.38659668
1393.83837891
1403.8034668
1408.44921875
1417.38098145
1433.67321777
1398.75939941
1408.05895996
1413.26049805
1408.12487793
1417.29528809
1408.79821777
1393.84472656
1413.84753418
1410.93835449
1403.84326172
1413.8359375
1398.86645508
1398.85180664
1413.86730957
1388.67138672
1413.67419434
1402.12426758
1418.84985352
1393.64660645
1393.65966797
1412.97229004
1408.69213867
1393.81396484
1398.80981445
1413.58825684
1412.67407227
1413.43469238
1408.7487793
1407.56262207
1418.03735352
1405.62792969
1398.22412109
1398.04736328
1423.11816406
1413.43823242
1403.26757812
1408.85546875
1398.84912109
1392.71240234
1408.57678223
1388.79650879
1403.72155762
1403.72644043
1413.84924316
1393.07275391
1408.83422852
1408.8104248
1408.8157959
1411.32543945
1408.8059082
1408.75695801
1408.80004883
1403.86401367
1408.0480957
1408.38024902
1398.81274414
1398.02990723
1413.66162109
1393.81933594
1398.41540527
1398.75524902
1408.63537598
1418.58984375
1408.64733887
1393.78771973
1397.8494873
1398.8359375
1408.33569336
1394.57019043
1413.64428711
1398.69177246
1383.77990723
1418.65991211
1403.71386719
1408.79589844
1408.78479004
1412.10119629
1398.77441406
1398.76818848
1408.81689453
1391.76000977
1407.13244629
1398.67370605
1398.80603027
1408.82189941
1398.82556152
1393.19616699
1408.4309082
1405.59887695
1416.97412109
1423.81774902
1408.5736084
1408.44592285
1403.5904541
1413.48474121
1398.81713867
1388.55859375
1413.68762207
1418.19909668
1402.60217285
1413.63415527
1398.78442383
1423.6505127
1413.67565918
1407.61364746
1403.8293457
1413.83691406
1413.70410156
1403.70861816
1408.81311035
1438.47338867
1428.20239258
1388.73193359
1393.69250488
1408.33068848
1403.82702637
1388.40698242
1408.49389648
1423.64611816
1398.63586426
1403.81469727
1398.42272949
1413.82116699
1403.63439941
1408.7421875
1393.53051758
1393.60571289
1403.62402344
1398.84301758
1393.60327148
1405.32055664
1390.21826172
1398.5949707
1403.82824707
1413.82727051
1398.77990723
1408.04846191
1418.46289062
1413.65405273
1413.80419922
1398.79736328
1398.74536133
1408.7989502
1402.83776855
1398.65002441
1408.14648438
1403.77514648
1413.72387695
1403.81567383
1418.82678223
1406.56762695
1403.28771973
1407.83984375
1408.73120117
1403.83874512
1417.4564209
1403.86401367
1423.84082031
1403.85644531
1407.86767578
1403.82446289
1403.83874512
1418.70349121
1403.6517334
1413.39782715
1398.72998047
1398.68554688
1393.82214355
1402.22949219
1413.14343262
1405.56726074
1408.36279297
1413.80078125
1417.64160156
1403.60241699
1403.63574219
1403.32861328
1408.77001953
1408.79003906
1403.68579102
1398.83239746
1398.38000488
1408.82702637
1406.89477539
1408.8293457
1398.80566406
1408.13476562
1413.65771484
1403.69799805
1398.81591797
1383.80554199
1403.83752441
1408.36328125
1413.59228516
1413.71618652
1403.54174805
1408.86035156
1413.13793945
1403.58093262
1412.50976562
1423.78918457
1418.30480957
1423.13598633
1408.00268555
1413.8347168
1392.62939453
1408.73266602
1388.60119629
1413.77087402
1408.75585938
1409.24072266
1398.3458252
1398.77685547
1413.7701416
1408.50012207
1403.09191895
1403.08630371
1403.8605957
1402.41992188
1408.82177734
1412.49182129
1413.61743164
1398.76965332
1398.65332031
1398.4420166
1418.85717773
1398.74731445
1403.81848145
1408.79040527
1403.70153809
1408.48718262
1418.80236816
1393.84118652
1421.45129395
1423.74694824
1418.82885742
1403.5513916
1408.81689453
1398.58105469
1418.61279297
1408.39672852
1408.43896484
1408.81530762
1397.92626953
1413.50219727
1398.71728516
1408.8515625
1403.77807617
1403.8470459
1413.86413574
1408.78967285
1398.48718262
1408.76037598
1401.32629395
1403.78466797
1408.38354492
1405.79797363
1413.8302002
1423.50708008
1398.7623291
1422.72705078
1411.5546875
1408.81665039
1403.78381348
1413.48999023
1408.4909668
1413.76037598
1413.71325684
1412.79772949
1398.74389648
1413.84411621
1423.4230957
1398.66674805
1413.8347168
1402.07128906
1413.83557129
1413.64282227
1423.81726074
1398.28088379
1412.03076172
1403.51025391
1413.15771484
1398.32495117
1413.75732422
1417.5390625
1398.55297852
1403.8572998
1393.82128906
1393.74121094
1408.47900391
1411.3215332
1398.79956055
1393.79797363
1423.71887207
1422.58496094
1406.87451172
1403.65698242
1413.65930176
1408.86499023
1408.22241211
1403.79626465
1398.86218262
1412.50402832
1408.83178711
1393.86193848
1413.70495605
1413.83874512
1398.3581543
1408.80725098
1398.45080566
1413.74853516
1408.42980957
1408.40478516
1393.81958008
1415.81384277
1408.76757812
1403.81225586
1398.86108398
1403.7935791
1412.52746582
1413.75769043
1398.77453613
1398.11584473
1393.86230469
1413.3684082
1401.97436523
1408.67675781
1393.8302002
1404.43286133
1403.86010742
1406.8001709
1408.40637207
1418.35949707
1398.85388184
1408.78808594
1413.68762207
1405.20825195
1412.22705078
1410.19262695
1408.45251465
1403.77478027
1408.53820801
1398.80505371
1423.8145752
1398.63684082
1413.81176758
1408.67993164
1398.72485352
1414.72399902
1428.69494629
1418.85839844
1418.48620605
1398.4296875
1403.72119141
1412.68286133
1412.50939941
1393.83850098
1383.62915039
1393.84924316
1413.84301758
1418.17102051
1407.0189209
1398.66101074
1398.70727539
1413.75598145
1408.6529541
1393.66174316
1418.76782227
1422.13500977
1393.79760742
1393.83618164
1403.83093262
1413.49316406
1413.8638916
1408.7722168
1398.81567383
1408.8112793
1403.14929199
1407.76049805
1413.85192871
1398.21337891
1413.83825684
1406.99951172
1408.84838867
1408.83129883
1403.11523438
1403.63305664
1403.52026367
1413.68933105
1413.35986328
1403.75170898
1408.31494141
1403.80480957
1393.81347656
1403.85375977
1408.75720215
1409.32421875
1408.73461914
1407.29858398
1401.65783691
1408.15002441
1397.77075195
1403.78869629
1388.19970703
1403.4317627
1398.76281738
1398.74743652
1416.76721191
1399.0324707
1403.80065918
1403.60351562
1423.78894043
1412.52587891
1418.83911133
1408.73620605
1395.83093262
1401.69006348
1407.21862793
1399.41149902
1393.50231934
1402.73913574
1413.71813965
1402.41699219
1403.8236084
1408.85754395
1393.8392334
1403.80310059
1413.11706543
1398.64160156
1403.82067871
1413.82995605
1393.82019043
1412.09606934
1408.8659668
1403.6472168
1408.78271484
1408.57727051
1408.68811035
1388.77172852
1408.80847168
1403.80249023
1412.69934082
1408.53649902
1423.80554199
1393.82788086
1407.13378906
1413.50097656
1408.86523438
1423.54174805
1398.43859863
1417.99804688
1403.79309082
1407.90319824
1408.18737793
1393.3223877
1402.13867188
1393.17236328
1418.61169434
1408.61547852
1398.72351074
1383.37597656
1407.48217773
1398.82958984
1388.19824219
1413.14746094
1393.7064209
1388.8659668
1408.38366699
1417.06433105
1408.27294922
1408.67114258
1403.84094238
1406.16967773
1408.7557373
1403.6784668
1408.83557129
1398.71875
1413.68164062
1427.8092041
1422.32104492
1398.81396484
1413.8269043
1403.43493652
1398.7109375
1406.49353027
1427.79675293
1391.49072266
1407.59741211
1408.85095215
1403.67480469
1413.19238281
1403.58740234
1398.66564941
1398.39428711
1398.75036621
1403.57275391
1407.97900391
1403.31079102
1408.74230957
1408.81066895
1418.85144043
1403.4954834
1413.37097168
1428.35205078
1418.67138672
1413.02624512
1398.27893066
1412.3125
1398.77856445
1403.83276367
1398.86743164
1408.66394043
1393.80969238
1413.79785156
1418.56005859
1397.30810547
1402.37902832
1403.6661377
1418.76062012
1413.82739258
1408.68701172
1398.79150391
1403.83666992
1398.67626953
1398.83569336
1403.54455566
1413.42773438
1418.82788086
1408.8659668
1401.57678223
1388.85375977
1398.85351562
1413.86157227
1408.51342773
1398.16027832
1398.57006836
1393.78405762
1403.23156738
1418.47155762
1401.87512207
1388.8536377
1413.85839844
1408.86657715
1412.08117676
1403.78686523
1403.84289551
1402.14611816
1410.55737305
1413.82653809
1398.74621582
1408.8482666
1438.72167969
1408.42224121
1402.60095215
1388.42407227
1413.85339355
1413.12463379
1438.64147949
1418.86010742
1413.76647949
1398.31884766
1403.85314941
1403.77941895
1407.94763184
1423.55456543
1391.32922363
1398.85412598
1408.75524902
1413.81872559
1393.59741211
1413.77038574
1413.07202148
1427.6340332
1412.39831543
1398.81604004
1408.59667969
1404.34301758
1398.71264648
1398.60766602
1413.38342285
1408.75939941
1427.0949707
1408.68066406
1408.74621582
1408.77661133
1407.12719727
1398.64343262
1418.67602539
1406.97705078
1423.85656738
1418.57080078
1398.82055664
1403.17382812
1398.85290527
1408.83032227
1413.81262207
1403.81005859
1396.24169922
1408.24035645
1403.70788574
1398.78027344
1414.58520508
1418.25268555
1411.19262695
1398.73144531
1413.72583008
1407.29516602
1403.7265625
1393.81530762
1398.77868652
1403.05371094
1408.796875
1408.09631348
1427.2322998
1408.72766113
1423.75671387
1408.83752441
1403.71386719
1413.0526123
1418.85070801
1403.30297852
1396.91418457
1403.81188965
1413.82409668
1383.8548584
1398.63793945
1393.66064453
1413.45275879
1398.78063965
1403.71374512
1418.8449707
1398.4486084
1413.59887695
1428.41430664
1420.63195801
1403.68774414
1402.75012207
1413.73303223
1398.79968262
1398.47790527
1402.69152832
1403.85412598
1402.10754395
1403.75549316
1398.13269043
1413.7208252
1403.60473633
1383.64575195
1408.63452148
1393.80712891
1408.8104248
1403.83190918
1418.48925781
1427.2824707
1403.85742188
1393.55029297
1398.76342773
1403.34460449
1411.73303223
1398.76123047
1403.22644043
1413.35632324
1403.81774902
1408.69946289
1401.39587402
1398.67773438
1408.63037109
1405.65185547
1408.68823242
1398.79223633
1398.04187012
1403.76745605
1408.86486816
1408.85217285
1413.79553223
1398.8614502
1398.59863281
1413.39257812
1408.59240723
1418.06982422
1408.78552246
1397.9276123
1403.58276367
1398.79223633
1403.86462402
1408.59680176
1403.41052246
1398.78100586
1406.86621094
1388.33105469
1406.88500977
1403.69213867
1398.03723145
1408.81152344
1408.55957031
1403.55932617
1413.81774902
1407.97619629
1408.8137207
1393.79394531
1396.83007812
1393.82971191
1403.84350586
1412.8782959
1401.41003418
1413.81445312
1418.85534668
1413.66564941
1417.15844727
1398.76672363
1413.86120605
1402.22546387
1408.82348633
1398.09118652
1393.75891113
1403.85900879
1408.41174316
1398.86315918
1388.4564209
1418.73010254
1418.11486816
1403.60803223
1408.60205078
1403.08581543
1393.83203125
1413.79296875
1403.60961914
1418.33935547
1398.8125
1408.83166504
1402.85473633
1398.85107422
1413.12890625
1418.70239258
1398.84887695
1398.64990234
1413.82202148
1408.00622559
1403.85253906
1406.49597168
1408.78674316
1403.86376953
1408.54138184
1413.06286621
1398.11853027
1406.98376465
1408.82458496
1426.50024414
1418.64013672
1418.8482666
1399.86474609
1408.62036133
1407.48193359
1398.83300781
1418.33605957
1397.07385254
1413.83666992
1401.90356445
1403.83618164
1418.67712402
1413.84973145
1413.83520508
1398.86755371
1403.75354004
1398.63208008
1408.11340332
1403.84875488
1408.3046875
1393.46850586
1418.55175781
1388.65270996
1398.8092041
1398.04699707
1397.9276123
1402.80151367
1397.32763672
1412.51501465
1403.14526367
1403.85095215
1403.35961914
1393.80603027
1423.85852051
1402.61303711
1423.82287598
1418.56176758
1388.72290039
1408.70092773
1408.52612305
1403.27270508
1408.73730469
1408.6151123
1391.24755859
1408.08764648
1393.80627441
1403.78222656
1413.73913574
1393.33203125
1398.72058105
1403.27404785
1400.30944824
1408.72607422
1408.86437988
1412.90075684
1398.70605469
1397.92211914
1403.82446289
1398.83190918
1403.74060059
1401.68383789
1398.80957031
1412.19335938
1400.47045898
1403.38720703
1407.74279785
1392.6751709
1408.37744141
1398.58178711
1403.85119629
1393.84790039
1387.99414062
1408.79150391
1408.56298828
1408.68127441
1403.77844238
1403.78845215
1403.69970703
1398.5534668
1403.81115723
1408.79663086
1413.68701172
1398.70703125
1403.79345703
1408.82250977
1408.79516602
1408.83947754
1398.82727051
1413.21704102
1413.17736816
1411.02514648
1413.8359375
1398.55273438
1418.86071777
1408.32983398
1403.70019531
1418.8605957
1423.78417969
1408.78015137
1397.03857422
1407.60314941
1393.25598145
1413.82373047
1393.85839844
1418.75085449
1418.68457031
1408.35656738
1411.82678223
1398.8145752
1423.7409668
1402.44921875
1398.82958984
1403.80761719
1401.44287109
1402.36645508
1413.82727051
1398.59326172
1403.73059082
1411.80224609
1418.67260742
1394.69189453
1393.77514648
1408.46313477
1423.62390137
1402.79541016
1406.42041016
1393.8605957
1403.47875977
1393.86767578
1399.98303223
1393.72033691
1407.97851562
1403.5357666
1398.82714844
1413.85241699
1413.75500488
1393.68969727
1417.88977051
1403.82324219
1400.86291504
1403.8079834
1393.5144043
1398.78845215
1412.48962402
1393.80773926
1398.82861328
1407.64111328
1413.11535645
1423.80847168
1413.43029785
1413.81237793
1408.83215332
1408.71020508
1398.26208496
1398.78479004
1423.83984375
1399.48120117
1398.76464844
1398.11853027
1408.85046387
1408.80834961
1412.6550293
1413.70214844
1398.86291504
1408.27832031
1413.80505371
1403.53356934
1412.02612305
1403.63427734
1398.70690918
1418.51367188
1418.84790039
1413.8651123
1403.80883789
1393.23046875
1413.41748047
1383.50549316
1403.86730957
1422.87597656
1398.72058105
1393.74645996
1398.39672852
1408.83959961
1403.59716797
1383.29614258
1407.89013672
1418.76745605
1410.6270752
1402.14135742
1403.6262207
1412.91784668
1407.96435547
1403.73364258
1392.72009277
1408.73730469
1412.93994141
1413.69262695
1418.85083008
1403.77844238
1402.96118164
1393.64599609
1413.82922363
1418.61071777
1403.11608887
1413.85229492
1401.22717285
1403.73547363
1408.78222656
1423.59106445
1413.84924316
1398.84350586
1403.78723145
1398.62670898
1433.76586914
1403.74621582
1403.45361328
1408.76306152
