579.47442627
584.488037109
574.438293457
584.304138184
579.430908203
584.007873535
579.367858887
584.470275879
589.088195801
584.430480957
584.446411133
584.446105957
584.430664062
579.465393066
584.346191406
589.456787109
584.474914551
589.166503906
584.454833984
584.488769531
584.144775391
584.49407959
589.478271484
579.474121094
579.447387695
589.366943359
579.476928711
589.467590332
589.145996094
589.475830078
589.050354004
574.427185059
579.403930664
584.493347168
579.414306641
584.449829102
579.484069824
579.430358887
579.411193848
579.493530273
589.481628418
579.228210449
589.301452637
584.429626465
589.373046875
584.379699707
579.473937988
574.351379395
574.436218262
583.781555176
574.437438965
594.471618652
589.339477539
584.479370117
588.948547363
579.472106934
584.444824219
589.42779541
584.429748535
579.494873047
579.483520508
589.32421875
584.436340332
589.443969727
589.350280762
584.225769043
589.172058105
579.464782715
584.494812012
589.342529297
589.485656738
584.464233398
593.086975098
584.455932617
584.220825195
589.379638672
584.483825684
584.426757812
589.375061035
584.478515625
579.491088867
584.43560791
579.458374023
584.291564941
579.470397949
578.144104004
579.449401855
589.472290039
588.512390137
584.466918945
574.404663086
574.456970215
584.488037109
584.34362793
579.477111816
572.493041992
584.44708252
584.462402344
574.474731445
589.474731445
573.996765137
584.471801758
574.104492188
584.484191895
584.459655762
574.376403809
579.396728516
583.858093262
584.483581543
589.485656738
584.492492676
579.477050781
589.454101562
584.459716797
589.364257812
584.457336426
588.888793945
582.813598633
584.480773926
579.482788086
579.127197266
589.441223145
579.483093262
589.473144531
579.272827148
589.396179199
589.439880371
574.489135742
584.482910156
579.444946289
584.414306641
582.309265137
574.486816406
584.317749023
579.390625
584.450317383
579.472167969
584.309204102
584.370666504
584.44342041
584.201049805
574.485351562
584.366638184
584.139587402
574.488464355
589.337219238
574.382995605
584.311950684
584.293334961
583.688781738
588.793212891
589.37121582
579.460632324
579.470397949
587.704833984
589.445495605
584.405761719
579.294555664
584.103942871
589.289611816
589.476501465
579.476745605
574.480163574
579.43157959
584.375183105
579.492004395
584.452758789
594.469726562
584.426330566
579.438964844
584.161010742
579.128967285
584.387329102
584.382751465
589.423583984
587.748474121
584.491088867
584.230651855
584.414428711
579.467346191
589.309082031
583.643798828
579.467346191
589.278320312
584.797302246
589.368530273
583.95880127
589.422424316
582.966125488
584.279602051
582.680480957
579.387634277
584.434509277
579.464782715
583.404846191
589.48046875
574.493225098
584.435302734
584.464233398
589.487731934
584.389587402
584.473693848
579.307250977
588.891479492
589.198486328
574.44140625
584.311279297
574.484375
579.489562988
577.19732666
579.46887207
574.452270508
584.446289062
584.471740723
574.486083984
589.479919434
584.100708008
584.309204102
579.274719238
584.41784668
579.484863281
584.47454834
584.425476074
584.448791504
594.447814941
589.28515625
574.406494141
584.440002441
579.493652344
584.424499512
584.423583984
584.488037109
579.472412109
579.465087891
574.335021973
584.46472168
584.356567383
589.487365723
584.345825195
579.485473633
589.032165527
584.493530273
579.295593262
584.492736816
579.47088623
583.96862793
581.468383789
584.369567871
589.486877441
584.45880127
584.190917969
579.440856934
594.389526367
588.69744873
579.483093262
579.487609863
589.487976074
589.330871582
579.493103027
589.375976562
579.436950684
584.433532715
584.461975098
594.439331055
579.117553711
579.285644531
579.440673828
579.305114746
579.094055176
584.418701172
584.14654541
584.454467773
593.757507324
584.494812012
584.488647461
584.365234375
584.181213379
579.452392578
579.35168457
587.41394043
589.266479492
584.366516113
584.320922852
584.446777344
584.317382812
579.486816406
584.485351562
584.443054199
589.473266602
584.322875977
584.371765137
586.796020508
584.458068848
579.464904785
584.491394043
589.401428223
579.329772949
584.485473633
584.475036621
584.486633301
582.27923584
583.821533203
584.488525391
589.321716309
574.462341309
584.488891602
588.928039551
584.484863281
579.483215332
584.479614258
589.286743164
589.149414062
584.472106934
584.260009766
579.322265625
593.580627441
589.49041748
577.614318848
579.493713379
579.45123291
584.455322266
584.247802734
574.462890625
579.436401367
574.398803711
584.373046875
583.997497559
584.350708008
569.489624023
583.48449707
579.461608887
579.492492676
593.182067871
584.46307373
589.41796875
579.473693848
586.187927246
599.468566895
584.394042969
584.462219238
584.384643555
583.381103516
579.441650391
579.47442627
579.407043457
579.332763672
589.306030273
584.360168457
579.441894531
584.12121582
584.377197266
574.460754395
589.45892334
583.29486084
589.186462402
589.453186035
589.456604004
589.47668457
584.43548584
584.317016602
587.238098145
579.39276123
588.585693359
584.455566406
589.371826172
583.007019043
589.433898926
584.347839355
582.850463867
579.490966797
579.428039551
584.460510254
584.480773926
584.461303711
584.491882324
584.436523438
579.471679688
583.830932617
584.458068848
584.420715332
584.462890625
583.690551758
584.242492676
589.472106934
579.480773926
589.324401855
582.079650879
584.302978516
579.473022461
579.40423584
584.350158691
584.481323242
579.488342285
589.445617676
584.48815918
579.462524414
584.465148926
589.43762207
584.090637207
578.946044922
589.466247559
581.855407715
584.408630371
584.033752441
584.178039551
584.372558594
589.481079102
589.398071289
588.566345215
589.250244141
584.472167969
579.091430664
584.270751953
579.477722168
579.379394531
589.48046875
574.488830566
589.171813965
589.181030273
584.185424805
574.481262207
584.425048828
574.452575684
584.356262207
579.491149902
589.463745117
589.426513672
584.130187988
584.264221191
594.369445801
594.487304688
589.455566406
589.489440918
579.235351562
589.418701172
579.447509766
588.53717041
574.490234375
584.356994629
579.485412598
589.376831055
588.246948242
574.490600586
584.215942383
582.608215332
582.92388916
579.44329834
589.483459473
584.319458008
579.463806152
579.475158691
574.45324707
589.255737305
578.844665527
584.338439941
583.843688965
579.311279297
584.430541992
579.383361816
574.453674316
593.081970215
584.159484863
589.252075195
584.466796875
579.411804199
584.482116699
584.41003418
599.480651855
584.464477539
574.439941406
579.495239258
589.489562988
584.421264648
584.443786621
589.403015137
584.492492676
589.372680664
584.42791748
584.44732666
584.481506348
584.48638916
583.937255859
584.489807129
579.368347168
589.394897461
584.436706543
574.435668945
589.464294434
589.495483398
589.442871094
584.323181152
584.429016113
584.44934082
584.227661133
574.491210938
584.472412109
579.489135742
584.435546875
584.447631836
584.489501953
579.45880127
579.43963623
582.676574707
579.443664551
584.467529297
584.473266602
579.151367188
579.485595703
579.430541992
584.493530273
579.485473633
594.152893066
589.309448242
584.486816406
579.486633301
569.486206055
584.489440918
579.437194824
584.487915039
579.420410156
584.441955566
589.261169434
594.414489746
588.699035645
579.234008789
589.463012695
574.462097168
589.331542969
583.953125
584.445617676
584.430786133
579.494689941
589.395996094
589.055603027
584.239746094
579.267578125
589.458374023
583.866088867
579.478637695
584.272766113
584.473571777
584.057128906
583.569946289
584.445129395
593.562683105
589.446533203
588.244018555
589.485900879
584.424987793
582.623840332
584.475708008
579.49206543
587.766296387
579.358154297
594.459655762
579.388061523
579.435424805
584.469177246
584.481994629
579.444702148
579.441040039
579.455871582
589.436950684
584.474243164
584.485839844
584.435852051
579.445007324
584.445800781
579.477172852
584.33782959
584.225280762
572.864318848
584.471130371
579.481201172
589.483703613
589.438110352
589.405517578
583.939086914
584.393432617
584.133666992
584.487243652
584.231384277
589.475769043
579.494995117
584.427368164
594.429321289
589.464294434
584.185058594
589.493469238
589.489624023
589.352111816
584.333068848
579.178955078
584.218200684
579.491394043
584.403808594
584.490600586
584.164367676
584.491516113
579.45501709
589.491088867
589.492553711
584.318481445
579.469848633
584.467163086
579.456542969
579.145507812
584.474304199
584.494567871
579.425231934
579.473144531
584.47467041
584.476135254
584.38079834
579.340026855
594.45324707
584.33770752
579.375671387
584.438720703
584.485412598
589.282104492
574.48840332
579.258972168
589.429321289
584.447570801
584.440612793
584.488586426
584.486450195
589.472717285
584.382141113
579.478027344
584.489074707
584.483398438
584.453186035
579.461181641
579.405578613
584.383911133
589.477416992
584.043334961
583.42401123
578.589172363
579.362670898
583.849487305
584.436096191
589.374023438
579.485290527
589.467956543
574.462036133
588.971496582
574.422851562
589.038330078
589.446533203
584.049377441
579.350280762
584.190673828
584.294067383
589.487182617
583.806091309
583.814025879
574.468200684
579.49041748
584.462219238
584.475952148
584.416748047
589.465209961
584.431152344
584.086120605
593.737060547
578.608154297
584.451599121
594.346801758
579.259277344
588.78894043
589.469970703
584.348144531
584.28717041
584.370300293
584.182861328
594.190429688
584.448791504
584.492004395
584.483947754
584.359069824
588.685913086
579.455932617
578.05267334
594.212280273
584.313842773
584.460571289
574.464355469
586.966918945
584.356323242
574.439147949
588.850463867
578.447814941
594.369018555
579.493103027
584.455444336
579.05291748
579.490844727
588.028442383
584.458984375
574.461669922
584.433166504
584.406433105
584.479248047
584.445800781
584.46673584
589.269287109
589.422729492
589.224914551
579.45111084
583.39251709
589.283203125
584.325683594
584.365539551
579.435974121
579.377075195
579.067016602
584.360717773
584.234375
594.258361816
589.329101562
584.055603027
574.41583252
584.408874512
589.428283691
584.461425781
584.425292969
584.465087891
584.46862793
584.488220215
584.467529297
579.082641602
579.399536133
584.478027344
579.478942871
589.448852539
594.444885254
584.492126465
589.48815918
583.380310059
579.391479492
584.493774414
579.322387695
584.465087891
589.358520508
588.754638672
584.45703125
584.085571289
584.494812012
579.480651855
594.408447266
574.475769043
589.333557129
587.781066895
589.370849609
579.474060059
579.479675293
589.418457031
583.147277832
584.473144531
584.470214844
584.454467773
584.421569824
578.871643066
584.462890625
584.435852051
584.132385254
579.489257812
579.460510254
584.383117676
578.528808594
584.448486328
579.492858887
584.428161621
574.468017578
584.450622559
584.470458984
574.441589355
584.484313965
594.263793945
584.410705566
579.471435547
579.462036133
579.46105957
584.40802002
584.418640137
594.380126953
584.305297852
584.433227539
589.492675781
589.40246582
579.378173828
584.350341797
584.470825195
579.251647949
579.379150391
589.323852539
584.494018555
589.485046387
582.524719238
579.462219238
579.457214355
584.487365723
584.495361328
589.172546387
577.260559082
589.287353516
579.422851562
589.473083496
579.48828125
579.43560791
574.17388916
584.366394043
579.472839355
582.972351074
584.479675293
584.297973633
589.356445312
589.119445801
589.489868164
579.477111816
579.485473633
584.468139648
583.458190918
584.433532715
589.317626953
589.495117188
579.460327148
579.466369629
584.434692383
579.460266113
584.441589355
589.486755371
589.495544434
579.493408203
579.364868164
579.478210449
589.44720459
579.460693359
579.473754883
579.475769043
579.48626709
579.462890625
579.445922852
579.306396484
579.471679688
584.482971191
589.283935547
583.993164062
583.554443359
589.40246582
589.490905762
579.108032227
579.329956055
584.448791504
584.441101074
584.304260254
584.433654785
579.485839844
584.471679688
584.469116211
579.472229004
589.460754395
583.120483398
584.441833496
579.413879395
584.453308105
584.431152344
579.471862793
589.448242188
584.164855957
584.225524902
583.83001709
584.492858887
589.000732422
579.485961914
589.493835449
589.386962891
589.188171387
579.471740723
589.488952637
584.286254883
589.451843262
589.476989746
594.398498535
584.465026855
599.126342773
579.473144531
584.479003906
579.236938477
589.488769531
583.934448242
589.479553223
584.474487305
584.458557129
584.488037109
569.493835449
579.449829102
589.435424805
584.42791748
579.394226074
584.357971191
584.492004395
584.492553711
579.463256836
579.060913086
584.485595703
584.305908203
589.476013184
589.380737305
579.260131836
584.174377441
584.41607666
574.495544434
579.495239258
584.200683594
587.686035156
584.448364258
579.391540527
583.691650391
589.191772461
579.478210449
589.459838867
574.357116699
579.331665039
579.395996094
589.444580078
579.194824219
589.409973145
584.447631836
584.468383789
579.40435791
584.462219238
589.475341797
589.459838867
579.401611328
574.339355469
584.385864258
584.474243164
584.414611816
584.376525879
584.356933594
584.29083252
589.449707031
579.43963623
576.548706055
584.446350098
579.406799316
574.473876953
584.402282715
577.167602539
594.354431152
584.202087402
584.175415039
589.275024414
588.649719238
584.447387695
584.232055664
584.487548828
584.292419434
584.483642578
569.474121094
584.480957031
579.350646973
584.18939209
584.40625
578.960754395
584.442626953
579.461669922
594.489013672
589.404846191
594.303833008
574.462402344
594.362854004
579.479797363
579.438720703
589.468566895
574.364868164
589.315612793
589.328125
583.77911377
589.421142578
583.611206055
574.48815918
589.468139648
589.305358887
599.005493164
579.493286133
579.480957031
583.686279297
584.403747559
579.432373047
579.287841797
579.457458496
589.462219238
579.483703613
589.49029541
593.482299805
589.41192627
589.448425293
574.485900879
579.485229492
579.354858398
589.197570801
584.311340332
569.49395752
589.491333008
584.360412598
574.432189941
589.493469238
594.315979004
584.292114258
569.351501465
579.481567383
584.473449707
579.491516113
579.441223145
588.625915527
584.46307373
589.301818848
574.369445801
583.157104492
584.487121582
589.053588867
579.432373047
584.093139648
589.480407715
584.386657715
579.486999512
579.476318359
579.48236084
579.492370605
579.492431641
584.483581543
589.325012207
584.338806152
582.369628906
582.75769043
584.48828125
579.450012207
589.07989502
574.273010254
579.164489746
579.49041748
584.440979004
584.447875977
584.434875488
579.34979248
584.321105957
588.842834473
584.403686523
579.483032227
579.293212891
579.024597168
584.42791748
584.115539551
584.468017578
584.133544922
584.484008789
584.459777832
589.252258301
584.166625977
579.495056152
584.293273926
594.490112305
579.450561523
584.25769043
584.368835449
579.452209473
584.358032227
589.468078613
584.481506348
583.855529785
584.479553223
574.450256348
584.185913086
594.457458496
584.480895996
584.491394043
574.460266113
584.481506348
579.319641113
584.26739502
584.391052246
589.321777344
578.567626953
584.42956543
584.475097656
584.38684082
584.261413574
588.985046387
579.11932373
584.488525391
584.336181641
589.457336426
579.440795898
579.46282959
589.450561523
589.452880859
589.493591309
579.464416504
593.467102051
578.220336914
584.473205566
583.555419922
584.494689941
584.46875
584.471679688
583.966918945
584.401733398
589.483459473
589.263244629
594.396240234
584.475341797
584.480957031
583.993164062
584.321594238
589.373901367
579.488098145
584.462585449
588.532287598
584.462219238
579.484436035
594.031494141
589.180725098
589.422058105
589.371154785
589.362854004
583.804443359
584.419494629
584.32421875
593.090820312
584.315063477
584.421020508
569.451416016
584.408935547
589.486999512
584.069580078
579.487915039
589.480224609
584.173095703
579.465637207
584.315002441
579.42175293
584.156616211
584.21081543
589.38494873
588.035766602
583.950866699
584.463134766
589.479980469
589.308776855
584.489990234
579.430969238
579.444580078
584.485534668
589.342346191
579.437927246
584.125915527
592.866821289
579.451843262
579.084655762
574.483459473
584.480407715
589.489746094
584.370727539
584.475158691
580.626037598
584.456420898
589.338012695
584.442565918
584.452941895
584.106994629
579.493408203
584.437866211
579.490234375
581.001464844
584.484436035
584.481689453
594.421569824
584.455627441
594.37689209
579.13671875
584.344665527
584.44354248
589.431945801
584.4765625
579.485351562
574.460205078
579.433105469
582.571105957
584.456237793
577.096374512
584.458007812
588.571594238
589.448791504
579.454772949
579.229064941
579.42578125
585.819091797
589.383483887
579.465576172
593.674743652
584.457946777
579.485168457
579.166687012
584.490539551
579.469177246
584.425415039
584.45123291
584.472717285
579.412109375
587.590820312
594.033691406
579.407104492
579.237426758
579.314819336
584.445556641
589.462219238
584.273193359
579.491943359
594.439575195
584.399353027
584.451660156
574.437072754
584.409912109
594.309082031
578.968505859
584.468322754
583.693786621
574.471740723
584.457336426
584.465637207
584.442077637
589.287902832
589.473205566
584.471130371
579.438476562
579.457092285
579.145996094
584.484863281
579.298400879
584.32611084
576.766967773
589.404663086
584.464172363
584.469787598
583.43737793
584.469726562
589.447753906
588.824279785
589.432800293
579.441223145
584.442626953
584.488037109
584.140991211
584.260742188
574.409912109
574.484985352
589.389770508
574.486450195
584.467407227
574.48425293
584.227233887
589.160217285
574.413696289
579.480407715
584.441040039
579.49432373
579.477661133
584.307373047
579.494995117
579.024902344
589.308166504
584.413391113
574.471313477
589.479675293
579.288208008
584.289916992
584.12878418
578.378173828
584.465759277
573.055725098
594.46697998
589.308105469
579.472290039
584.186950684
589.40625
589.396972656
579.44519043
579.288391113
574.424072266
579.420654297
579.469055176
579.39440918
574.47869873
584.350952148
579.494750977
589.466247559
579.468933105
589.473632812
573.624755859
584.457580566
589.456359863
581.409179688
584.46862793
594.409667969
579.485412598
589.495544434
584.371398926
584.47265625
579.478027344
574.37286377
579.491333008
589.462524414
579.467651367
574.490722656
583.670593262
579.464416504
579.485717773
589.398376465
584.488769531
589.468383789
588.753662109
584.414306641
579.476379395
584.23614502
584.461669922
584.440185547
584.484436035
584.440490723
579.462463379
579.291992188
579.493713379
579.488952637
594.490905762
578.745361328
594.460510254
578.62890625
579.484680176
588.216369629
584.461242676
589.01940918
578.809875488
584.490478516
579.308349609
589.476074219
589.405273438
589.46295166
579.4609375
584.446777344
594.031005859
584.465576172
584.489746094
589.338684082
584.340393066
589.464782715
589.017089844
579.455383301
589.087524414
579.493469238
584.409362793
579.483764648
584.45892334
579.22454834
569.462463379
584.458679199
574.479675293
584.368103027
579.488098145
584.45892334
579.385986328
584.325866699
574.40802002
584.4375
584.484375
588.931945801
584.373840332
584.48260498
589.494995117
584.459533691
579.383117676
589.434143066
584.487548828
587.172485352
589.473571777
579.26361084
584.41784668
584.439941406
589.39654541
579.485290527
579.465881348
584.458618164
579.458740234
579.485229492
579.479248047
574.326660156
584.347961426
584.350280762
584.455810547
584.421630859
589.429077148
589.130432129
579.493713379
589.479675293
579.467407227
574.476196289
584.438293457
574.383850098
589.493041992
584.165588379
584.468017578
574.463867188
589.467956543
579.491088867
579.460998535
584.463745117
584.473571777
584.412231445
579.437011719
584.264526367
594.112304688
583.362121582
593.073852539
579.421813965
579.466003418
579.492431641
579.485839844
594.415344238
584.429382324
583.80645752
584.258361816
589.47442627
578.799499512
579.454956055
588.230163574
584.414367676
584.321472168
589.360839844
589.102233887
584.469665527
583.818725586
583.94744873
589.469421387
584.408325195
584.487670898
584.298706055
584.136474609
584.456481934
574.472351074
579.46685791
579.451171875
579.446716309
584.217102051
589.232177734
584.422424316
584.493347168
584.484313965
589.426879883
589.39251709
588.473266602
579.494567871
579.469055176
579.397949219
584.333496094
579.458068848
579.168762207
584.182617188
584.493591309
584.405212402
584.484741211
579.487182617
579.372436523
589.414916992
584.430358887
579.459838867
584.138366699
589.453063965
593.809814453
574.419494629
588.164672852
588.502624512
584.481384277
581.516723633
583.940673828
579.247314453
584.463439941
583.605041504
579.397766113
584.273864746
574.489318848
584.028991699
589.457641602
579.378662109
579.458007812
584.46862793
584.432434082
589.398498535
588.967651367
584.396179199
584.429199219
584.215026855
589.033752441
584.494018555
579.408508301
589.411804199
589.475585938
589.485778809
584.006530762
584.492797852
584.481628418
584.269104004
584.479003906
584.444641113
574.425231934
589.150634766
587.803283691
589.479492188
584.49005127
589.006469727
583.351806641
584.216247559
584.393371582
584.157714844
579.41204834
579.405273438
579.281982422
584.298461914
584.475158691
589.012023926
574.493041992
579.228942871
581.625183105
589.440063477
579.440307617
589.49206543
584.45916748
584.459594727
579.434936523
582.794921875
579.484741211
589.461364746
584.429443359
584.223693848
579.446533203
579.166564941
589.459350586
589.476196289
589.384460449
579.095397949
584.493103027
579.491210938
579.423217773
584.449584961
588.66583252
579.440429688
574.477172852
593.218994141
584.274475098
593.552246094
588.801513672
584.475402832
583.864318848
588.660095215
583.887023926
589.442871094
588.635803223
584.466003418
584.484619141
589.47277832
584.377380371
583.669189453
588.987915039
584.456481934
579.43737793
583.328796387
584.164855957
582.443908691
584.450866699
584.001342773
584.439880371
584.46685791
589.364746094
594.386413574
579.474853516
589.350402832
583.847717285
584.490844727
588.917541504
584.458129883
584.407714844
579.467407227
594.47467041
589.481811523
584.346069336
594.406799316
589.379882812
584.377624512
584.477783203
579.48828125
579.42578125
579.216125488
583.784973145
583.891174316
579.207763672
574.32220459
584.44744873
589.495361328
589.352722168
574.488342285
584.485900879
589.359191895
579.49432373
589.465576172
584.477905273
584.45501709
584.489990234
579.488952637
579.462341309
584.144226074
589.48425293
589.425598145
589.490539551
583.202514648
584.467102051
584.460021973
584.480102539
582.463806152
584.488830566
584.470092773
584.480041504
579.344055176
579.442016602
584.349243164
593.689208984
589.451416016
584.446166992
582.791687012
569.464111328
589.072692871
579.401733398
589.394775391
594.472290039
594.406616211
589.263977051
584.455566406
589.487670898
582.251708984
584.474304199
584.419067383
579.463623047
579.489013672
579.492858887
589.424926758
588.39654541
579.420288086
589.271057129
582.932617188
584.41809082
584.475219727
589.485351562
589.49206543
583.942749023
584.397277832
578.693359375
589.446655273
584.201049805
588.862670898
579.325195312
584.392456055
579.454956055
589.410217285
583.678161621
579.375061035
584.271240234
579.468933105
589.434631348
579.486022949
584.471984863
579.489440918
584.454772949
579.485351562
584.292297363
579.479187012
579.472229004
584.48046875
589.429199219
584.154541016
587.532836914
579.49420166
589.480163574
579.462036133
584.372314453
594.451599121
579.45715332
588.554870605
588.357666016
584.489746094
583.586425781
594.273376465
584.389526367
589.455200195
589.423095703
589.416870117
589.332336426
584.415344238
594.46862793
584.4375
584.297241211
579.019592285
589.401000977
584.343994141
583.933776855
584.486755371
579.478820801
579.410888672
579.413330078
579.464294434
584.400756836
574.46875
584.141418457
579.414550781
584.486572266
584.278381348
579.489257812
584.490234375
584.426940918
589.397827148
579.397583008
584.46887207
579.45300293
574.456726074
584.245300293
589.437255859
579.430419922
578.221557617
584.447265625
584.469360352
589.165649414
594.355041504
584.2109375
584.475219727
574.411987305
579.482666016
584.468933105
589.471679688
583.534057617
584.487548828
584.388793945
584.344970703
584.492126465
579.484313965
584.193969727
577.967956543
584.382873535
584.493041992
584.469787598
579.491821289
587.736938477
584.139709473
579.472961426
584.478149414
589.449768066
584.391357422
574.389038086
584.438964844
573.924377441
584.325805664
579.477844238
588.988586426
584.490234375
584.483032227
579.432983398
594.060852051
579.224914551
579.441650391
583.531494141
579.491882324
583.679870605
578.889038086
584.429504395
579.459106445
579.332702637
584.461303711
583.700439453
584.487121582
584.475830078
579.490539551
584.240234375
584.476928711
584.491088867
579.422180176
589.02911377
579.302978516
579.418273926
583.776794434
579.429626465
584.396179199
579.486328125
584.432006836
574.458679199
594.494506836
574.381652832
584.444763184
579.337097168
584.41607666
574.472106934
584.482910156
584.47442627
584.446411133
579.485778809
584.489135742
584.244934082
588.361328125
579.490112305
584.275390625
584.482543945
579.451049805
594.493408203
579.33190918
584.436889648
587.974121094
583.29498291
584.367553711
589.487182617
579.461547852
579.376525879
584.47644043
578.783813477
579.435119629
583.989929199
584.433349609
579.447021484
579.493408203
588.590087891
589.372802734
579.394592285
589.397277832
584.47076416
589.477844238
584.093566895
579.490783691
584.462036133
594.327575684
584.451171875
582.708679199
574.493530273
584.494628906
584.169006348
584.445251465
579.253112793
584.302307129
589.33581543
579.49041748
584.488525391
589.362548828
584.47277832
583.624816895
583.678527832
579.278869629
584.485351562
594.309936523
579.357849121
589.494445801
579.295898438
573.975463867
594.352539062
584.302368164
583.093017578
584.447631836
584.480529785
579.469177246
583.923461914
579.48614502
587.208557129
584.489257812
589.479919434
579.353759766
584.471801758
579.472595215
594.285644531
584.302612305
584.490661621
589.22253418
578.953613281
589.490234375
584.475524902
579.472167969
578.799682617
584.482421875
584.171264648
584.490478516
589.476196289
579.450073242
579.474609375
579.479797363
579.449707031
594.428588867
579.407470703
579.465270996
584.465087891
577.673828125
584.459106445
579.39831543
589.476318359
579.441589355
574.271240234
584.306274414
584.417663574
584.432922363
589.41015625
574.489868164
593.777587891
589.460571289
594.207275391
588.984436035
584.382263184
579.487976074
579.490478516
588.814453125
584.454101562
589.44140625
583.85333252
589.474975586
579.48651123
594.492492676
584.453918457
584.469299316
584.475708008
579.391235352
579.462097168
579.469238281
589.297485352
589.468383789
588.247558594
579.226379395
584.369873047
579.282653809
594.361022949
588.697509766
584.448913574
584.354919434
588.957214355
584.479064941
594.349304199
582.486206055
579.467468262
584.368591309
589.309814453
584.488952637
583.399230957
574.418212891
584.464111328
589.424743652
574.475524902
579.488647461
584.482543945
574.396118164
594.342041016
584.407775879
584.400268555
579.420715332
578.499206543
586.940307617
584.487731934
579.466308594
583.852478027
584.466064453
583.823608398
574.423034668
579.446838379
584.492919922
584.453796387
579.36932373
584.488525391
588.926208496
584.178466797
584.466308594
574.479675293
584.304931641
584.491699219
587.956176758
579.342773438
579.481567383
579.425109863
589.225952148
582.145385742
581.585083008
589.450195312
579.493041992
579.485778809
584.237487793
578.569152832
589.42779541
584.318481445
589.141479492
584.388977051
584.464782715
589.467590332
579.429748535
589.295776367
589.467956543
584.385620117
584.323913574
584.364440918
574.409301758
584.485412598
579.477355957
584.476501465
584.479553223
584.264404297
584.318786621
574.360900879
584.490783691
584.480957031
579.465820312
574.442382812
584.301330566
583.328735352
584.484069824
584.427856445
584.41418457
584.158325195
582.533691406
579.47064209
593.901184082
584.453125
584.248474121
583.109008789
584.400268555
579.408447266
579.459289551
579.31842041
584.260925293
584.445800781
579.471252441
584.475646973
594.477905273
584.454040527
584.22454834
584.350769043
584.418151855
589.481689453
579.469543457
589.381591797
584.470703125
589.051818848
579.473083496
589.355834961
582.959289551
589.442016602
579.293762207
589.425109863
583.49810791
579.383239746
584.415161133
584.157775879
579.477783203
579.316040039
579.304626465
588.833496094
583.844238281
584.425048828
584.443115234
584.412597656
584.463867188
584.374816895
579.422302246
579.470092773
584.489746094
579.456115723
584.494018555
583.655029297
584.46307373
584.462097168
579.460998535
579.071350098
579.476806641
584.426757812
584.33807373
584.370361328
579.477355957
579.481506348
593.579101562
584.377807617
589.431518555
579.482910156
584.018981934
584.486022949
584.419494629
594.448547363
589.465087891
569.48840332
579.036804199
589.495361328
584.45135498
579.493652344
589.476135254
584.215148926
584.465515137
579.481506348
579.49041748
582.789367676
584.41217041
579.477844238
584.338684082
584.480957031
574.482299805
594.450195312
574.488708496
583.653198242
584.442626953
589.435852051
584.48638916
584.488220215
583.61541748
574.473022461
584.031616211
589.495483398
589.47467041
579.405151367
594.429077148
584.438232422
584.040710449
579.311035156
579.492492676
579.448730469
584.476257324
589.485534668
579.484680176
589.491210938
589.48840332
579.459411621
584.463989258
584.396606445
589.486206055
579.479370117
589.339416504
578.347167969
584.455078125
583.968811035
584.36138916
584.444763184
584.47869873
579.449829102
579.394042969
579.470214844
589.321166992
574.40020752
589.474975586
583.735229492
584.346252441
584.471618652
589.092529297
589.455078125
579.471618652
589.434814453
589.483032227
579.479248047
584.208496094
584.481201172
579.485778809
589.430725098
589.399169922
584.48260498
594.48638916
579.489868164
579.490478516
584.463989258
579.472045898
579.479309082
589.254638672
589.473510742
579.465270996
584.47265625
584.479064941
584.422546387
589.484130859
579.490722656
574.491333008
584.060424805
583.686401367
584.495178223
584.219421387
584.359069824
584.493164062
584.491577148
588.526062012
584.483886719
589.485717773
584.488586426
594.000427246
589.032409668
574.489440918
579.479553223
588.783081055
589.155151367
579.462280273
584.368347168
584.491210938
583.884277344
584.327392578
589.021728516
579.48059082
589.287475586
589.171081543
589.252075195
594.468811035
584.49017334
574.493896484
584.428344727
589.130065918
579.433532715
587.623718262
584.426086426
579.436767578
579.484802246
583.817504883
584.091552734
574.404663086
589.469848633
584.495178223
579.458312988
584.412353516
584.48260498
579.477966309
589.320739746
579.329345703
579.447937012
579.371948242
584.112487793
589.482055664
584.318603516
579.48236084
589.493225098
579.078613281
589.453918457
574.486877441
589.353271484
584.454589844
574.440063477
574.459411621
584.017456055
579.390563965
584.475585938
579.484558105
579.390380859
569.49230957
584.394836426
584.488098145
579.405822754
589.225891113
584.477844238
594.372192383
583.905090332
589.376037598
579.251342773
584.471008301
579.477905273
584.340515137
584.481323242
589.47088623
584.466125488
584.489196777
583.686401367
589.31854248
589.438964844
574.480957031
589.459472656
579.488342285
579.485656738
584.357910156
579.342102051
589.100036621
584.448669434
584.34375
579.476196289
584.492858887
579.432617188
584.466491699
579.426879883
579.473876953
588.40814209
584.30078125
588.027526855
579.474609375
589.45300293
579.488830566
589.361572266
584.38293457
584.214477539
589.359436035
584.489562988
589.442565918
579.461791992
589.457885742
588.811157227
589.475524902
579.115722656
579.467651367
593.868041992
579.401550293
579.414672852
584.479919434
584.460327148
589.29864502
583.158813477
579.465393066
583.139282227
584.138977051
589.436035156
589.292785645
584.387023926
584.476867676
584.403991699
583.574645996
584.390625
589.490478516
589.268127441
588.927429199
580.974060059
574.460083008
579.482055664
584.47845459
574.422607422
579.478759766
588.095214844
584.468078613
584.380859375
579.484924316
584.401245117
584.493896484
584.488037109
579.486450195
584.484558105
584.455444336
589.475708008
584.472106934
579.478515625
583.889587402
574.468933105
584.481079102
584.364501953
584.276245117
594.138977051
579.477844238
589.467773438
584.415588379
579.467346191
579.330444336
574.391174316
579.48260498
584.15447998
574.435180664
579.468505859
584.037475586
589.442138672
584.358276367
584.423339844
584.477722168
584.466308594
582.278869629
594.457824707
589.488769531
579.480895996
584.009643555
584.379638672
579.414916992
577.810852051
584.374511719
584.386230469
584.417358398
584.457275391
589.465515137
589.340270996
584.368041992
584.351196289
584.389709473
582.524047852
579.476074219
589.449951172
588.915649414
584.478942871
594.046264648
584.416809082
589.489074707
589.494934082
584.444763184
584.343139648
578.072387695
587.753662109
583.549255371
588.349121094
589.477661133
589.46887207
584.444396973
574.467224121
584.451171875
579.192077637
579.36706543
584.442871094
588.742675781
579.491088867
584.481262207
584.426208496
584.456542969
584.483337402
584.381164551
577.534057617
584.491271973
589.459838867
579.42199707
589.492858887
584.412719727
584.119445801
579.473571777
589.415344238
584.463562012
583.935974121
588.416992188
579.341918945
584.461853027
579.225097656
579.291992188
579.484619141
584.314331055
589.367248535
579.340454102
584.434570312
589.454650879
584.191345215
584.353210449
579.415466309
583.318786621
579.406555176
584.486633301
584.493530273
579.376098633
588.010375977
574.452392578
579.422363281
579.418334961
589.442077637
584.467651367
584.30291748
582.399902344
579.446228027
574.449584961
579.216125488
588.740966797
584.458374023
579.361083984
584.476318359
579.451660156
579.47668457
579.491699219
584.145324707
584.493164062
574.171386719
583.453308105
584.382263184
569.483886719
584.47644043
579.379089355
589.451049805
579.476745605
584.49420166
594.493286133
579.467224121
584.486755371
584.459838867
588.74005127
584.463134766
584.303161621
589.223510742
584.482116699
584.486083984
584.486633301
584.45880127
584.49432373
587.439880371
579.417358398
589.474975586
579.315551758
579.449768066
584.259216309
579.490966797
579.445617676
587.876708984
581.660888672
579.390197754
593.457458496
584.488769531
579.138122559
584.49395752
579.467102051
584.476379395
584.370239258
588.920227051
584.417541504
584.371582031
574.198547363
579.42755127
584.48236084
587.901000977
589.290222168
579.436218262
582.238586426
584.448669434
569.46875
584.430603027
584.495544434
579.446899414
589.474609375
579.368774414
584.39666748
589.471801758
584.48651123
588.693359375
579.485900879
579.483459473
584.471862793
579.341552734
574.488891602
589.488342285
579.49230957
584.322692871
584.495300293
584.471252441
584.409423828
589.45916748
579.30456543
584.477478027
584.266601562
589.485168457
584.478820801
589.330932617
589.242858887
584.414611816
584.489135742
579.280883789
589.479736328
579.298217773
579.391601562
584.437438965
579.213623047
579.399291992
587.379272461
584.493225098
584.479858398
584.47253418
574.426818848
579.475158691
584.48840332
583.562133789
584.188720703
584.372375488
589.469604492
574.390808105
578.382995605
579.210021973
589.451171875
584.113098145
574.469543457
589.493164062
579.435852051
577.983032227
579.454956055
574.314575195
579.376464844
589.388183594
584.488464355
589.435852051
589.464660645
579.488830566
584.331542969
584.422119141
584.495361328
584.48046875
589.419677734
579.188415527
589.450073242
589.346496582
584.450134277
589.411987305
583.875732422
589.481384277
584.46282959
574.473815918
584.471374512
584.40435791
589.284484863
574.490783691
584.400817871
583.619262695
589.495239258
579.440429688
589.387084961
579.465759277
584.46307373
589.251647949
584.368591309
578.453063965
579.397766113
581.391540527
579.454101562
579.477661133
574.39630127
583.267028809
592.96270752
589.455566406
574.451171875
584.366638184
589.476318359
584.481933594
584.095825195
574.460754395
589.407043457
584.454956055
579.370849609
584.494384766
579.487182617
579.482971191
584.262207031
579.477844238
589.413757324
584.22442627
584.471618652
579.483825684
584.482055664
589.333129883
584.485412598
584.392700195
584.491882324
588.75
584.100341797
584.494445801
588.620300293
586.715026855
584.471801758
589.41394043
579.401489258
584.47857666
579.408813477
574.462280273
584.494995117
589.318237305
584.263549805
588.444641113
579.47277832
579.456420898
589.257080078
584.230224609
584.239074707
594.409606934
589.34777832
583.520690918
584.401977539
588.843994141
574.414245605
579.493408203
579.493713379
584.461364746
579.375732422
584.490661621
579.204772949
579.38104248
584.462890625
588.791259766
579.407836914
589.429138184
584.487731934
582.760742188
584.333251953
579.299926758
584.489990234
589.427001953
579.174255371
579.466918945
579.291259766
574.484130859
588.926818848
584.464416504
586.882080078
583.366394043
584.494689941
584.45123291
587.877197266
580.973754883
584.423095703
589.380615234
579.474853516
587.622375488
589.421447754
579.245056152
579.398498535
584.200805664
584.473388672
588.976501465
573.606628418
579.425109863
589.301086426
579.29486084
579.472290039
599.308898926
579.44744873
589.427062988
584.45123291
577.13861084
589.488891602
584.436950684
587.473327637
584.438415527
584.218078613
584.420654297
589.465637207
579.437683105
588.600280762
579.334289551
579.390686035
584.475280762
578.898132324
584.485229492
589.280578613
578.989868164
574.471069336
584.473876953
584.480102539
579.463928223
584.326293945
579.391113281
584.202270508
584.489929199
583.360107422
589.147216797
579.219787598
579.48260498
594.378234863
584.475280762
584.489807129
584.15234375
579.487060547
584.479309082
584.474975586
589.249023438
584.458007812
579.482055664
584.424926758
589.477478027
581.859985352
589.151550293
584.458068848
584.303283691
589.462341309
584.471618652
589.395080566
584.489990234
589.460266113
589.485107422
579.455810547
583.980957031
594.447692871
584.495300293
574.459838867
584.472106934
584.472961426
584.466491699
584.073486328
579.286437988
589.293762207
584.428771973
579.206665039
584.231323242
594.460144043
584.411804199
594.225646973
569.433532715
589.360351562
583.833129883
584.275268555
584.474975586
589.463928223
574.426879883
589.229187012
579.231811523
587.880615234
587.813781738
584.466491699
584.303527832
584.466064453
589.391601562
589.298583984
579.245483398
584.467834473
584.414855957
583.87286377
574.47869873
594.353881836
579.467529297
579.470703125
584.356323242
589.469482422
593.95123291
578.989929199
574.49206543
584.424926758
579.469421387
584.450073242
584.377929688
584.475646973
584.492492676
584.469909668
579.489196777
577.835388184
579.426879883
584.488220215
584.288574219
584.416870117
589.457397461
584.457458496
589.435302734
589.386352539
579.392822266
584.486755371
584.424743652
584.483581543
589.451599121
584.478210449
574.341491699
584.406005859
589.478088379
589.330688477
577.286621094
589.484008789
579.493408203
584.402526855
579.406494141
579.403259277
589.443603516
584.248901367
579.482910156
583.964294434
588.041931152
579.333312988
594.449951172
579.358703613
579.494750977
579.493774414
584.39251709
589.432922363
584.485778809
579.472229004
589.416564941
589.399658203
584.44732666
584.450561523
589.459106445
584.450317383
589.431152344
584.409790039
584.479309082
574.465454102
589.495422363
579.465759277
582.416015625
579.469299316
584.292724609
584.419372559
588.470214844
589.481018066
584.159790039
574.341796875
584.493774414
588.644104004
589.406555176
589.379150391
583.827331543
579.482849121
589.175231934
584.473754883
584.441223145
579.486083984
579.304199219
589.448059082
579.460327148
584.489196777
584.456726074
584.485778809
574.494506836
569.475830078
579.309692383
589.216308594
574.442443848
584.321655273
592.815185547
594.489929199
579.456298828
579.48638916
584.020263672
589.464904785
589.47845459
584.48815918
584.394714355
584.491088867
579.483459473
584.372558594
584.437316895
589.49432373
579.483886719
584.36315918
589.47052002
579.314880371
579.45300293
579.479858398
584.490112305
584.358886719
584.434997559
589.311889648
579.451477051
584.160217285
579.494140625
583.906677246
579.457702637
579.420410156
579.462158203
579.378417969
579.469238281
584.182678223
579.336425781
579.304870605
584.311584473
584.476745605
579.451049805
589.450256348
589.481079102
589.337646484
588.893432617
579.492675781
579.473937988
589.476318359
589.494262695
579.432128906
584.493225098
594.465759277
582.172668457
584.493286133
584.479125977
584.48638916
574.488220215
594.196350098
578.831542969
589.399047852
589.166870117
584.475952148
589.456481934
579.482849121
584.484802246
589.474914551
574.484008789
584.480041504
584.176391602
579.211120605
584.341491699
579.405395508
579.388427734
594.465332031
589.29309082
587.908569336
584.081604004
588.960693359
589.217895508
583.834960938
584.492675781
589.426208496
584.414367676
579.467590332
579.448425293
589.374267578
588.992553711
584.484069824
589.390991211
579.299194336
583.635192871
584.468017578
584.350952148
584.491943359
579.495117188
574.399047852
589.47076416
589.48614502
579.469238281
589.399108887
584.448303223
589.385925293
584.332458496
579.263305664
584.456115723
579.432556152
