1435.88635254
1473.80761719
1442.19140625
1458.81726074
1478.78186035
1483.32226562
1483.69592285
1418.80407715
1461.14233398
1463.65649414
1483.53027344
1468.73413086
1473.49145508
1468.6940918
1453.84936523
1473.59533691
1472.07678223
1468.57104492
1453.84619141
1443.76965332
1453.40258789
1423.01879883
1453.65795898
1458.13842773
1453.65014648
1457.3984375
1452.13317871
1466.10986328
1458.6373291
1458.79394531
1463.36767578
1472.70263672
1468.39428711
1453.82592773
1443.79528809
1468.78308105
1478.51806641
1463.78649902
1423.8034668
1477.14929199
1453.65612793
1473.72668457
1453.85961914
1468.73266602
1463.35998535
1453.86694336
1473.46069336
1458.17248535
1473.4342041
1448.84802246
1468.82739258
1433.46240234
1468.14868164
1468.86279297
1473.51513672
1453.69421387
1451.8503418
1473.83605957
1428.27087402
1433.59350586
1473.72497559
1458.74768066
1468.64501953
1448.47424316
1477.81445312
1453.35803223
1468.83239746
1453.48779297
1472.00183105
1463.74597168
1453.73620605
1458.85253906
1463.85351562
1443.59436035
1438.74584961
1443.66210938
1436.52075195
1453.86352539
1418.83544922
1453.60144043
1452.72363281
1418.01879883
1448.66784668
1458.84899902
1458.828125
1438.82519531
1438.86425781
1421.17614746
1453.75146484
1463.45019531
1413.84716797
1413.86584473
1458.74499512
1453.47583008
1443.10656738
1428.83581543
1433.82922363
1433.71557617
1473.62695312
1428.8404541
1458.67346191
1443.62280273
1468.63134766
1453.84924316
1428.86035156
1473.47497559
1463.76281738
1470.40856934
1428.81030273
1433.4909668
1476.9074707
1468.83300781
1448.66918945
1453.83618164
1453.78723145
1428.79504395
1438.85046387
1467.70556641
1467.83239746
1418.7767334
1453.8605957
1423.72900391
1443.85461426
1472.85583496
1468.8605957
1463.77209473
1468.1887207
1448.36340332
1463.54943848
1418.82263184
1443.61486816
1448.77392578
1468.81945801
1463.52600098
1453.84790039
1458.78027344
1478.85961914
1468.84643555
1463.56787109
1458.49401855
1453.86743164
1427.84423828
1443.84411621
1487.48327637
1463.39050293
1453.86340332
1472.72045898
1465.81567383
1468.81408691
1474.35986328
1443.47009277
1443.81408691
1458.72717285
1473.44763184
1433.8248291
1468.58251953
1463.86547852
1478.77844238
1463.72717285
1468.74682617
1473.71032715
1463.84448242
1468.6697998
1468.61035156
1433.74108887
1463.70812988
1453.52209473
1453.44812012
1467.57714844
1433.85693359
1458.85888672
1453.71777344
1465.83361816
1453.05187988
1428.57006836
1443.2010498
1453.83911133
1447.25292969
1461.59313965
1468.5871582
1473.75671387
1468.84924316
1473.08898926
1463.2911377
1483.45141602
1457.86523438
1418.78503418
1423.85583496
1452.71862793
1463.77758789
1413.83496094
1433.76477051
1466.18530273
1443.80664062
1468.63586426
1468.8482666
1428.79467773
1468.83947754
1463.78747559
1463.86157227
1473.76477051
1458.12463379
1433.83666992
1478.78393555
1473.36694336
1473.26428223
1443.78479004
1467.87426758
1488.61242676
1468.859375
1473.64135742
1472.56835938
1433.66455078
1483.64953613
1478.82519531
1452.79846191
1463.86047363
1452.98669434
1443.80944824
1481.97802734
1468.04382324
1463.82006836
1448.5612793
1438.76257324
1453.76306152
1433.47839355
1403.84057617
1464.20617676
1423.78662109
1461.08093262
1468.77978516
1443.82214355
1457.30200195
1473.75036621
1468.86071777
1423.3046875
1453.81787109
1457.63061523
1448.82189941
1453.85778809
1468.55493164
1477.96643066
1433.734375
1483.14416504
1453.79699707
1463.6295166
1448.7557373
1463.78808594
1467.37792969
1463.76477051
1422.82751465
1433.73974609
1468.7565918
1450.03540039
1473.81323242
1468.40478516
1468.8425293
1458.66796875
1458.30090332
1448.69812012
1473.859375
1477.58129883
1483.71911621
1463.8416748
1484.51013184
1443.85107422
1462.23986816
1478.59936523
1453.83105469
1473.17626953
1443.80517578
1460.73608398
1475.34094238
1483.69592285
1488.76000977
1471.82470703
1463.74755859
1458.86450195
1468.8067627
1433.72570801
1443.84472656
1463.4954834
1453.49865723
1468.8034668
1428.37878418
1488.8001709
1448.86254883
1468.40307617
1458.86376953
1468.8112793
1403.82897949
1473.7980957
1458.55737305
1443.54052734
1463.85961914
1483.54553223
1468.79785156
1438.8560791
1461.96582031
1443.44250488
1443.53796387
1438.8651123
1473.79370117
1458.12744141
1443.84936523
1478.79248047
1423.76489258
1458.82324219
1467.58947754
1443.8236084
1418.6796875
1473.25244141
1423.84814453
1463.75793457
1453.74963379
1481.14892578
1423.62805176
1433.79345703
1488.39465332
1448.78027344
1478.82043457
1463.71386719
1458.51269531
1468.3338623
1448.61022949
1483.33447266
1408.8449707
1468.65905762
1468.75610352
1453.78808594
1423.61181641
1433.80187988
1428.86450195
1458.79321289
1438.86633301
1473.76013184
1473.57543945
1448.85314941
1458.85400391
1453.62365723
1453.71533203
1448.84020996
1453.60131836
1458.32336426
1476.48901367
1463.75012207
1460.01306152
1473.29528809
1458.4005127
1462.91394043
1462.78198242
1478.53613281
1428.80871582
1463.43225098
1448.86523438
1428.84936523
1443.64538574
1478.09265137
1448.83056641
1458.765625
1468.72937012
1453.6315918
1468.82995605
1433.72045898
1457.69152832
1443.83642578
1458.12268066
1448.35571289
1466.85314941
1458.82434082
1443.69006348
1478.43066406
1458.71435547
1453.44311523
1443.78308105
1446.58203125
1473.58850098
1448.80175781
1468.81945801
1433.8527832
1428.7956543
1438.79260254
1457.76647949
1468.57922363
1468.44824219
1453.57189941
1473.85998535
1438.86169434
1423.66223145
1453.48071289
1423.75915527
1482.92614746
1454.49047852
1453.79333496
1453.64318848
1458.82531738
1468.85241699
1463.32666016
1458.82653809
1453.85571289
1463.66943359
1433.68688965
1437.52392578
1453.81213379
1468.84204102
1443.76733398
1453.79943848
1463.57165527
1458.8494873
1458.84887695
1448.82312012
1428.75292969
1472.15283203
1443.85754395
1477.63012695
1433.83483887
1454.53015137
1471.03662109
1473.79541016
1443.76049805
1448.82653809
1467.7166748
1468.14318848
1477.92700195
1448.55249023
1470.02685547
1428.31030273
1458.80603027
1472.96472168
1472.98669434
1463.61914062
1428.83422852
1408.79638672
1461.24926758
1448.65441895
1473.84667969
1468.77648926
1411.99230957
1438.85961914
1448.8137207
1463.56030273
1463.13452148
1413.66931152
1458.8527832
1467.12597656
1462.76184082
1438.86645508
1453.62011719
1433.82324219
1453.70056152
1453.79626465
1418.8548584
1433.14978027
1453.39941406
1423.76843262
1468.80627441
1438.74157715
1468.80236816
1443.81103516
1463.79760742
1470.3515625
1448.81689453
1453.82836914
1448.79724121
1433.79089355
1418.80761719
1463.81555176
1443.73303223
1428.76013184
1478.09753418
1445.52612305
1467.4029541
1458.80371094
1463.64733887
1433.59057617
1473.30651855
1441.6060791
1438.84619141
1472.33935547
1473.7989502
1448.7923584
1448.34362793
1473.67993164
1457.4654541
1467.58227539
1457.60058594
1463.78063965
1476.90783691
1443.85449219
1473.2746582
1458.80554199
1453.85717773
1485.5057373
1463.66992188
1451.12756348
1458.79150391
1448.45117188
1448.59863281
1453.73144531
1468.39575195
1423.70825195
1453.75549316
1433.46765137
1443.79858398
1468.75073242
1463.7557373
1468.3013916
1468.8638916
1438.80957031
1433.78063965
1478.02905273
1468.8170166
1458.57556152
1448.4909668
1463.78491211
1472.66625977
1443.70483398
1453.67382812
1453.60180664
1427.2565918
1458.58093262
1453.81848145
1453.73291016
1463.24475098
1463.86047363
1473.84655762
1472.18920898
1463.59020996
1458.85900879
1448.76452637
1463.73815918
1443.6229248
1448.82214355
1458.58618164
1457.88452148
1448.7154541
1468.38549805
1433.85241699
1450.96008301
1458.8359375
1438.86242676
1442.32397461
1433.83203125
1463.79309082
1468.56994629
1433.64855957
1478.65844727
1458.69042969
1468.58996582
1473.40722656
1458.77612305
1452.9609375
1478.8137207
1438.86376953
1468.8092041
1453.8013916
1473.24975586
1473.63305664
1418.80810547
1468.70495605
1473.83081055
1448.70666504
1488.20507812
1473.41162109
1458.37414551
1453.70349121
1473.29931641
1433.83398438
1438.85412598
1463.7322998
1458.8614502
1468.40893555
1428.82824707
1458.7442627
1443.66906738
1483.61816406
1461.43444824
1443.76611328
1453.84326172
1458.73522949
1452.41186523
1433.76855469
1467.87573242
1453.74987793
1438.84997559
1448.81408691
1470.83215332
1468.85632324
1448.74633789
1458.74316406
1438.86779785
1458.78588867
1458.79064941
1458.77429199
1473.65246582
1448.86706543
1463.39343262
1433.86621094
1433.76000977
1443.6784668
1463.83813477
1423.09179688
1453.71813965
1443.83898926
1458.81811523
1473.81311035
1482.98754883
1468.37121582
1461.53063965
1448.70983887
1458.10375977
1443.58654785
1472.38061523
1423.48486328
1473.35083008
1463.84277344
1453.77111816
1463.05944824
1428.66137695
1464.5637207
1478.36413574
1463.80969238
1438.86657715
1473.46044922
1438.8671875
1443.57104492
1463.62084961
1458.84484863
1463.72729492
1408.8482666
1438.86535645
1468.76281738
1458.8494873
1433.85668945
1458.68994141
1473.71813965
1437.56066895
1453.83630371
1463.73803711
1473.10046387
1463.84716797
1478.54943848
1478.84997559
1438.6463623
1458.71179199
1443.86730957
1458.75048828
1462.72253418
1463.84069824
1468.05834961
1443.86096191
1458.81298828
1413.6862793
1458.58752441
1453.83398438
1448.78295898
1448.67468262
1478.7734375
1438.84936523
1433.84960938
1468.42907715
1463.75756836
1478.79919434
1478.7722168
1428.57849121
1428.7845459
1428.8034668
1453.78112793
1448.68920898
1483.70715332
1466.91809082
1488.52124023
1478.24780273
1483.52575684
1453.73352051
1463.16625977
1418.86376953
1483.7980957
1448.83825684
1478.18774414
1473.59033203
1458.60217285
1468.59985352
1476.03967285
1473.78161621
1458.55554199
1413.06188965
1467.66418457
1488.66247559
1463.71765137
1458.8001709
1453.75305176
1460.62792969
1433.7767334
1473.86401367
1478.40808105
1443.72595215
1473.72521973
1473.66479492
1463.83569336
1483.54821777
1473.71447754
1453.59606934
1466.99108887
1473.82397461
1413.86303711
1472.75854492
1458.7479248
1460.45568848
1463.85900879
1492.81774902
1443.4362793
1448.79992676
1463.45495605
1458.78991699
1463.77709961
1448.0625
1458.82946777
1458.71679688
1473.42407227
1453.77502441
1463.84765625
1463.80859375
1443.47241211
1453.27807617
1472.68591309
1477.29394531
1458.81933594
1453.7244873
1438.82666016
1468.81933594
1488.85375977
1423.84448242
1458.82775879
1478.16796875
1473.6986084
1458.8605957
1463.1340332
1448.85913086
1493.80688477
1453.8659668
1443.55407715
1453.69152832
1417.90576172
1463.56079102
1428.82214355
1443.78735352
1453.82080078
1453.86547852
1428.79321289
1453.80297852
1453.73852539
1458.8659668
1448.39428711
1483.8059082
1398.84423828
1458.55615234
1463.78161621
1408.16540527
1478.56469727
1472.00366211
1457.44726562
1433.86413574
1438.7623291
1473.32971191
1468.75683594
1403.67443848
1443.65869141
1468.41345215
1468.6394043
1433.80651855
1453.6920166
1458.61291504
1474.69946289
1443.65942383
1443.43640137
1453.79064941
1428.72436523
1438.85009766
1471.81396484
1467.53503418
1453.83483887
1443.81433105
1433.84667969
1468.7277832
1418.75439453
1468.81774902
1443.85253906
1448.45556641
1468.80737305
1448.76306152
1468.79711914
1438.80126953
1468.49853516
1448.83666992
1468.79125977
1458.86572266
1473.85913086
1467.71813965
1468.82836914
1443.72705078
1468.26293945
1468.04394531
1473.69714355
1453.8392334
1462.42358398
1458.10644531
1438.73376465
1463.6907959
1478.84460449
1473.11437988
1468.21777344
1483.82385254
1453.80114746
1482.27978516
1428.70898438
1463.83325195
1458.53198242
1448.8302002
1473.83740234
1463.73583984
1468.79870605
1463.84448242
1468.8338623
1458.84338379
1454.97619629
1473.79296875
1468.29101562
1438.78552246
1443.62719727
1458.85241699
1448.5769043
1438.81359863
1468.85656738
1463.81188965
1443.85375977
1453.81188965
1453.46386719
1448.8548584
1463.83032227
1427.32836914
1457.44934082
1443.58227539
1453.75561523
1453.7232666
1463.77893066
1483.1986084
1478.7322998
1443.67199707
1433.38708496
1433.85778809
1483.0255127
1488.86633301
1428.78527832
1468.65942383
1473.77258301
1418.70996094
1423.64855957
1447.95581055
1453.76025391
1468.85339355
1478.71350098
1463.78625488
1468.81274414
1458.62548828
1463.75756836
1452.8807373
1448.41320801
1438.55529785
1433.52233887
1426.67956543
1463.46813965
1438.86547852
1483.39916992
1438.74169922
1438.55749512
1453.70507812
1438.68444824
1433.81738281
1476.59472656
1428.84606934
1453.74365234
1433.84558105
1457.68579102
1456.61242676
1463.17492676
1463.81896973
1463.81396484
1473.81311035
1453.68359375
1467.74133301
1468.76391602
1458.39038086
1467.01000977
1463.64599609
1438.72058105
1433.79492188
1498.63818359
1468.41589355
1453.8215332
1463.77319336
1458.85583496
1438.39428711
1463.82641602
1461.97387695
1453.79516602
1473.85229492
1448.64587402
1443.85791016
1428.83093262
1458.85461426
1478.72583008
1463.36218262
1468.86352539
1473.70825195
1443.75952148
1459.75512695
1467.97497559
1458.70239258
1487.95141602
1465.33630371
1448.76989746
1453.79248047
1448.67553711
1438.66125488
1443.85571289
1476.8392334
1448.86254883
1453.40405273
1473.69702148
1463.77587891
1453.86682129
1468.72424316
1448.84448242
1448.76062012
1468.29394531
1443.78710938
1438.12548828
1448.84082031
1473.66564941
1478.7956543
1458.83630371
1473.83728027
1453.62792969
1448.76403809
1463.6295166
1458.69250488
1458.8470459
1453.83276367
1418.84777832
1478.75622559
1468.81628418
1443.17980957
1448.68664551
1483.26135254
1468.39135742
1473.47839355
1463.41210938
1453.27709961
1478.53747559
1458.67651367
1427.9699707
1453.86376953
1463.85839844
1458.8326416
1463.83117676
1478.82653809
1458.84863281
1462.87731934
1458.8614502
1468.68237305
1456.76208496
1433.86169434
1477.76501465
1471.16589355
1463.3104248
1477.72741699
1448.76098633
1453.79370117
1448.85876465
1463.79040527
1448.84521484
1471.89196777
1468.77075195
1473.69360352
1456.88916016
1448.60522461
1458.84484863
1438.83789062
1458.84533691
1468.8182373
1468.36193848
1468.80224609
1433.82189941
1458.72314453
1413.80236816
1468.82189941
1438.3927002
1473.61743164
1428.5994873
1458.74572754
1468.6394043
1463.38378906
1473.11730957
1453.85266113
1473.83618164
1408.63916016
1472.69262695
1443.46484375
1443.58435059
1478.74389648
1468.28991699
1473.80224609
1473.72717285
1483.86535645
1463.75378418
1438.22253418
1428.30664062
1433.84729004
1438.86572266
1433.62719727
1468.8581543
1476.26049805
1458.8112793
1468.75305176
1433.59191895
1443.85546875
1433.81677246
1458.83752441
1468.80761719
1453.64868164
1433.86352539
1458.81079102
1468.8190918
1473.79699707
1469.94970703
1448.75622559
1443.33850098
1478.44580078
1448.76318359
1453.73352051
1458.7331543
1443.66320801
1428.86132812
1428.72131348
1478.61181641
1478.80859375
1438.74316406
1438.86340332
1478.67053223
1473.84558105
1438.79467773
1443.8651123
1463.86499023
1438.85083008
1433.8626709
1473.85998535
1463.31030273
1458.71044922
1463.6003418
1458.7923584
1426.42163086
1448.81652832
1433.81677246
1473.67675781
1458.17773438
1443.47924805
1468.39404297
1473.44055176
1458.80419922
1448.7713623
1453.78125
1448.81555176
1458.81860352
1448.53955078
1428.83520508
1428.85778809
1463.78356934
1463.85400391
1453.82519531
1463.20666504
1453.85620117
1468.76306152
1468.83190918
1453.68151855
1463.85717773
1443.35595703
1438.85681152
1463.74499512
1458.81530762
1457.87402344
1472.92480469
1473.59228516
1448.67407227
1438.70483398
1458.75878906
1448.7746582
1433.83618164
1468.57214355
1443.84680176
1468.6373291
1472.49414062
1478.31982422
1473.32336426
1453.82543945
1453.69555664
1433.82043457
1438.72680664
1453.8046875
1443.63952637
1458.52734375
1463.81201172
1463.51037598
1428.80151367
1433.74743652
1463.86096191
1458.86633301
1433.85925293
1477.20898438
1473.38464355
1465.8302002
1433.8626709
1432.88305664
1448.51696777
1438.37902832
1418.85522461
1453.73498535
1413.76525879
1443.81469727
1453.85839844
1458.65393066
1448.02856445
1428.72717285
1468.73791504
1478.53076172
1438.66601562
1463.23168945
1443.70581055
1448.84020996
1478.67163086
1418.83398438
1468.23181152
1463.45959473
1473.61682129
1453.14404297
1473.32165527
1468.82409668
1458.68774414
1438.81640625
1447.1583252
1477.13525391
1463.78552246
1463.46276855
1457.89355469
1463.75952148
1448.78503418
1463.82531738
1426.95153809
1458.81848145
1458.44238281
1463.56103516
1418.66796875
1468.78808594
1448.71960449
1463.77380371
1448.81079102
1433.83349609
1468.75354004
1453.71313477
1453.8404541
1477.52185059
1453.63439941
1448.72998047
1463.79711914
1472.34130859
1433.81481934
1473.73071289
1473.83813477
1477.44628906
1448.82946777
1452.32397461
1468.7454834
1458.81445312
1433.83618164
1473.63012695
1437.39013672
1483.85510254
1467.63562012
1468.62194824
1473.81152344
1448.65771484
1458.6730957
1466.6619873
1458.86181641
1472.80615234
1453.33850098
1448.0625
1423.81201172
1448.82373047
1461.96118164
1403.62988281
1478.73535156
1438.78833008
1453.79016113
1458.34191895
1458.76000977
1463.63183594
1473.48876953
1453.62646484
1453.7644043
1403.62585449
1452.27929688
1448.77209473
1463.85144043
1453.66601562
1478.80822754
1422.89379883
1463.84838867
1458.85375977
1408.75891113
1458.66247559
1448.85839844
1473.86584473
1438.78942871
1463.84973145
1462.39892578
1478.54003906
1448.83349609
1443.75952148
1473.84375
1468.29968262
1478.78295898
1438.76623535
1458.63195801
1473.66894531
1488.49755859
1428.86157227
1468.84606934
1468.67016602
1443.7833252
1468.70166016
1463.72753906
1467.36547852
1448.85107422
1468.6418457
1472.16992188
1438.77441406
1438.578125
1453.79553223
1453.66320801
1468.60339355
1458.8614502
1478.04382324
1443.80419922
1452.74291992
1473.19335938
1468.85717773
1478.69775391
1448.86572266
1463.63452148
1463.81604004
1448.39758301
1463.09606934
1448.60412598
1462.76330566
1473.83117676
1448.78649902
1458.61706543
1460.11376953
1468.84851074
1453.62536621
1477.81726074
1478.64709473
1438.68688965
1443.4284668
1453.46606445
1433.8145752
1468.82348633
1438.8269043
1438.64746094
1463.7467041
1463.79650879
1473.70324707
1453.75732422
1448.58825684
1477.46643066
1453.79711914
1483.44665527
1473.85119629
1473.00915527
1458.60620117
1473.76733398
1453.6796875
1448.82128906
1473.79553223
1476.87194824
1453.82788086
1426.17053223
1438.84069824
1428.76623535
1433.04223633
1468.11657715
1468.44055176
1462.02062988
1478.85449219
1438.8380127
1468.71203613
1478.58203125
1438.54101562
1458.79785156
1457.875
1437.90686035
1463.45251465
1453.71520996
1453.13452148
1478.30822754
1458.75695801
1453.78759766
1458.86218262
1473.82910156
1448.65856934
1453.24353027
1463.81091309
1478.77075195
1468.58813477
1473.80700684
1448.8416748
1468.79528809
1458.6060791
1443.69299316
1458.828125
1468.71520996
1453.72827148
1443.86706543
1463.69470215
1468.79724121
1463.65551758
1468.85192871
1468.20202637
1451.55957031
1473.6965332
1438.66052246
1443.85131836
1468.83178711
1457.40795898
1462.95593262
1453.79589844
1473.85302734
1468.68920898
1438.84521484
1458.63098145
1458.78710938
1423.85876465
1408.61779785
1453.86608887
1468.82836914
1448.81103516
1467.11083984
1478.68017578
1473.5255127
1468.73461914
1453.86730957
1458.24584961
1463.77233887
1442.73242188
1458.81958008
1458.84912109
1463.84399414
1468.14880371
1473.85449219
1473.84753418
1458.53259277
1468.4276123
1483.85046387
1448.84973145
1453.75085449
1468.80029297
1443.81811523
1453.85449219
1448.85839844
1468.8651123
1453.51452637
1471.94995117
1456.5958252
1458.79724121
1453.80517578
1473.7833252
1448.82165527
1428.8026123
1453.76318359
1463.734375
1433.84484863
1438.82409668
1448.83557129
1463.78625488
1461.79138184
1458.81311035
1477.81762695
1452.21923828
1451.62854004
1438.85473633
1433.57946777
1418.83935547
1473.61560059
1468.84814453
1446.80200195
1478.8203125
1458.83190918
1432.83789062
1468.22094727
1458.74523926
1443.81567383
1458.8515625
1458.43115234
1467.03857422
1453.8425293
1473.3223877
1463.79211426
1458.8494873
1463.75830078
1473.75109863
1428.8449707
1438.85461426
1453.81640625
1433.17468262
1448.48022461
1458.66931152
1433.28796387
1443.05224609
1433.77233887
1478.80664062
1468.56835938
1458.84375
1438.81005859
1469.15026855
1463.81433105
1468.79785156
1453.63342285
1433.81933594
1467.70141602
1463.84106445
1438.70153809
1453.82788086
1453.6340332
1433.84277344
1483.81860352
1453.84643555
1453.72875977
1463.4798584
1488.83215332
1458.77307129
1463.55761719
1483.67919922
1468.70983887
1443.55126953
1452.76208496
1458.85949707
1458.81176758
1461.39074707
1458.67724609
1468.3269043
1433.56738281
1473.79089355
1443.83166504
1453.8659668
1463.67321777
1448.8157959
1476.37597656
1408.74438477
1463.72619629
1443.64111328
1413.81298828
1463.29040527
1477.76062012
1468.11889648
1468.3704834
1468.79003906
1448.63537598
1453.62451172
1448.81030273
1448.74084473
1478.78747559
1478.54626465
1453.85620117
1458.515625
1468.3885498
1443.85144043
1453.80969238
1438.79516602
1482.69091797
1448.84692383
1437.89440918
1437.67321777
1443.77966309
1438.83764648
1464.90222168
1473.67749023
1423.8404541
1458.29162598
1457.45031738
1473.3692627
1448.86096191
1443.73449707
1423.21459961
1458.4744873
1443.29528809
1478.8269043
1458.80688477
1431.50683594
1453.84680176
1483.36584473
1468.28942871
1458.81860352
1448.58813477
1408.8248291
1473.76525879
1458.85083008
1437.84399414
1468.74206543
1453.77062988
1453.62512207
1433.7869873
1468.5904541
1472.16723633
1448.62182617
1458.81860352
1438.60693359
1477.43103027
1463.67077637
1477.9855957
1472.59570312
1443.77502441
1482.12133789
1443.66625977
1433.83557129
1468.02539062
1468.13562012
1458.78991699
1438.85009766
1447.79321289
1458.77954102
1443.78308105
1453.6015625
1448.81164551
1461.86315918
1443.7956543
1447.74475098
1468.82177734
1428.61315918
1463.60107422
1468.8001709
1463.76989746
1463.78027344
1463.81433105
1463.43933105
1468.21936035
1468.77282715
1463.74255371
1488.73522949
1423.7734375
1443.80102539
1463.16748047
1452.00561523
1467.72094727
1448.83215332
1468.76989746
1433.80187988
1487.96472168
1473.80957031
1473.15893555
1453.66271973
1467.97302246
1468.55151367
1483.73974609
1473.17199707
1463.80529785
1473.03137207
1423.86535645
1478.73864746
1408.71166992
1443.83496094
1448.85168457
1437.61816406
1453.80004883
1443.54760742
1458.81860352
1468.20556641
1468.79333496
1458.8581543
1453.26733398
1463.7220459
1448.78979492
1458.85168457
1458.67724609
1463.71447754
1473.82470703
1457.75134277
1463.78149414
1473.38415527
1428.63183594
1450.41992188
1453.55053711
1448.69775391
1473.84741211
1451.19592285
1471.13537598
1458.65625
1463.83813477
1468.61132812
1458.85913086
1398.29162598
1473.59057617
1433.61682129
1468.56445312
1458.44628906
1433.80957031
1458.64038086
1483.82922363
1448.41577148
1463.82788086
1473.81152344
1443.5369873
1472.22021484
1453.62084961
1453.66040039
1479.05065918
1463.85131836
1413.83374023
1428.76806641
1458.83996582
1433.80725098
1453.84033203
1428.39025879
1428.7064209
1438.73266602
1458.80810547
1462.17834473
1453.84057617
1468.81176758
1462.65856934
1428.68981934
1441.92553711
1422.79724121
1453.84448242
1448.64819336
1423.76342773
1462.46887207
1463.78527832
1448.83044434
1433.71374512
1438.31262207
1473.84692383
1428.72473145
1477.9206543
1458.77929688
1448.82263184
1473.71972656
1443.41918945
1458.85961914
1433.81896973
1473.72521973
1468.39196777
1463.85058594
1428.86657715
1446.26904297
1453.46838379
1442.53552246
1463.55932617
1418.8416748
1443.33190918
1448.79089355
1453.80712891
1473.45458984
1468.86328125
1478.26000977
1463.63146973
1463.62805176
1457.07080078
1458.63098145
1468.46716309
1448.57446289
1468.82214355
1448.01391602
1468.85754395
1468.47900391
1448.39916992
1463.70080566
1443.55847168
1423.84228516
1473.72070312
1448.703125
1473.85510254
1428.36535645
1448.82250977
1473.41027832
1483.67822266
1458.66394043
1443.86035156
1458.72790527
1463.59411621
1453.86743164
1433.69702148
1458.85229492
1463.60449219
1458.83312988
1438.82763672
1463.7331543
1463.84399414
1438.7175293
1448.53503418
1472.70349121
1467.55090332
1443.79968262
1458.74487305
1468.59143066
1453.61462402
1463.44970703
1458.80834961
1463.7043457
1452.11352539
1433.31945801
1458.78112793
1453.24633789
1448.82714844
1468.86254883
1478.72583008
1473.20324707
1458.86193848
1448.74035645
1473.86328125
1438.72253418
1448.6685791
1463.53125
1448.73046875
1458.82836914
1458.60058594
1468.28283691
1469.19506836
1463.67553711
1408.79626465
1453.8614502
1423.76013184
1472.98547363
1437.07385254
1458.64135742
1453.69921875
1453.8482666
1458.85839844
1463.86376953
1458.79650879
1462.89477539
1458.69506836
1428.79882812
1438.84643555
1487.06066895
1433.62109375
1468.2277832
1458.64233398
1418.83837891
1461.21984863
1418.80822754
1473.37280273
1428.68701172
1453.67285156
1477.39477539
1443.76098633
1463.67736816
1438.85644531
1438.79541016
1468.73852539
1463.76794434
1453.75256348
1463.61340332
1468.74035645
1453.46276855
1453.72033691
1460.88745117
1463.86303711
1448.80444336
1460.53796387
1478.02490234
1463.7623291
1448.80810547
1443.6628418
1463.82397461
1458.83251953
1463.56433105
1453.8605957
1453.24462891
1448.83728027
1446.45007324
1433.84436035
1428.69226074
1463.25402832
1438.30700684
1438.86608887
1462.59118652
1438.8302002
1468.86645508
1482.91589355
1463.85449219
1468.58178711
1473.7701416
1453.09802246
1423.83837891
1468.78222656
1452.67749023
1468.7076416
1458.80541992
1453.8470459
1443.85107422
1462.98974609
1413.84619141
1458.80664062
1468.4510498
1473.71887207
1463.20263672
1438.84814453
1443.80114746
1408.84985352
1458.76257324
1448.46350098
1413.81616211
1478.8314209
1458.77697754
1443.69458008
1458.86279297
1418.82775879
1468.3840332
1473.76806641
1458.77490234
1453.47290039
1443.86132812
1438.73913574
1476.63830566
1448.8458252
1428.79614258
1413.41235352
1453.58508301
1438.82824707
1458.8013916
1463.85192871
1423.80603027
1443.82800293
1463.49536133
1438.83740234
1457.21325684
1478.75805664
1470.73376465
1473.50915527
1463.86303711
1438.84130859
1482.76501465
1453.43615723
1438.79199219
1443.77880859
1453.86120605
1463.86743164
1458.63916016
1413.74462891
1461.73144531
1463.61779785
1463.54626465
1458.59985352
1443.37585449
1438.61010742
1423.86047363
1458.67651367
1448.58789062
1473.15588379
1478.35351562
1468.85681152
1458.61743164
1438.76989746
1448.84277344
1457.93493652
1457.98986816
1448.75256348
1467.84313965
1453.60852051
1448.13745117
1427.72937012
1453.83300781
1448.81433105
1433.86560059
1463.81689453
1453.86499023
1468.74707031
1463.69421387
1448.79736328
1453.8536377
1408.76245117
1458.77978516
1453.39453125
1453.67297363
1463.84057617
1453.85192871
1473.7722168
1433.85632324
1458.81225586
1418.85888672
1481.30383301
1478.84985352
1453.77038574
1448.85168457
1468.86022949
1463.2479248
1448.86352539
1418.80004883
1458.46655273
1472.16210938
1473.46166992
1414.67041016
1468.60119629
1475.88757324
1453.80737305
1473.71862793
1468.79968262
1463.6829834
1468.4609375
1467.77355957
1463.24902344
1453.7623291
1452.9987793
1463.8059082
1468.82971191
1443.77587891
1458.56176758
1433.69250488
1443.61804199
1473.48242188
1448.59228516
1448.64453125
1448.76599121
1477.95153809
1473.64807129
1453.41235352
1458.52392578
1443.83508301
1443.66992188
1473.76672363
1466.19726562
1443.02209473
1463.86437988
1458.8449707
1453.53747559
1453.3927002
1467.94616699
1458.80822754
1453.72705078
1458.57104492
1463.72460938
1478.21594238
1443.85400391
1453.81445312
1483.8404541
1448.84973145
1467.36816406
1463.83874512
1443.78308105
1453.79760742
1457.87634277
1423.85168457
1453.8560791
1468.74291992
1433.7722168
1453.85656738
1453.21398926
1463.81274414
1453.51525879
1428.57861328
1453.85131836
1428.65283203
1453.85888672
1468.79321289
1463.82043457
1474.68908691
1458.36669922
1413.85986328
1463.77746582
1448.58740234
1470.6138916
1482.76074219
1448.76208496
1473.59411621
1463.72412109
1455.96496582
1473.83325195
1473.34960938
1475.19726562
1463.84472656
1463.8548584
1463.85534668
1458.82275391
1433.83325195
1453.75280762
1458.86560059
1438.83898926
1447.72497559
1473.80517578
1457.5234375
1463.85412598
1463.42285156
1473.63757324
1473.5769043
1458.36999512
1453.86279297
1438.71887207
1448.62573242
1448.85192871
1468.80310059
1448.84069824
1463.82519531
1438.65820312
1448.69226074
1468.81384277
1463.74987793
1433.82250977
1493.47558594
1438.41748047
1473.76416016
1428.8347168
1458.85302734
1463.26831055
1467.81201172
1453.76281738
1470.24890137
1463.64990234
1453.84716797
1463.81665039
1473.8236084
1473.07836914
1448.85009766
1438.76550293
1443.82250977
1477.97888184
1453.77526855
1478.3828125
1448.79858398
1463.86462402
1473.76013184
1478.79248047
1408.85107422
1418.71130371
1488.82922363
1469.41809082
1418.85668945
1463.49365234
1468.3013916
1478.35913086
1443.82275391
1473.76452637
1463.60400391
1448.83215332
1473.85876465
1433.8104248
1453.69104004
1478.54455566
1457.14953613
1453.18005371
1458.3885498
1403.85253906
1477.58654785
1443.51550293
1463.8182373
1453.2043457
1433.64086914
1458.17041016
1433.83776855
1493.69458008
1468.72851562
1438.83325195
1413.6048584
1468.14855957
1463.70874023
1443.58740234
1463.64367676
1478.7611084
1468.86730957
1457.5769043
1468.8104248
1478.79125977
1448.83300781
1468.7454834
1448.79370117
1442.8605957
1466.81408691
1463.32836914
1473.8572998
1473.8527832
1453.8034668
1482.98400879
1443.83959961
1467.29492188
1458.7322998
1477.91564941
1462.90368652
1448.44165039
1453.42346191
1458.82873535
1483.43261719
1433.64941406
1477.71166992
1453.21313477
1427.81726074
1463.56555176
1458.69958496
1460.60461426
1463.69970703
1473.14526367
1458.65698242
1473.81481934
1473.56054688
1408.78942871
1463.76904297
1484.57678223
1448.19274902
1453.82629395
1433.7364502
1473.75463867
1473.84838867
1453.8659668
1459.41638184
1468.11804199
1460.81408691
1448.45861816
1473.83105469
1458.5065918
1453.44250488
1453.77478027
1462.57397461
1462.82324219
1463.67346191
1463.79614258
1458.84936523
1458.86254883
1467.92565918
1478.46960449
1463.13757324
1463.82727051
1448.80639648
1453.60412598
1448.75561523
1458.63061523
1473.85107422
1413.86242676
1448.86169434
1463.75439453
1453.86547852
1478.02819824
1478.84423828
1463.75646973
1458.6809082
1453.82641602
1413.79553223
1438.81433105
1453.8125
1463.74255371
1438.80627441
1472.60668945
1478.67480469
1463.85571289
1448.86682129
1448.73742676
1448.79736328
1461.89868164
1458.79309082
1453.80664062
1468.84973145
1463.21398926
1418.85864258
1463.32983398
1433.86218262
1453.82006836
1448.85742188
1463.69604492
1473.81848145
1448.70568848
1473.82165527
1448.75488281
1477.49389648
1468.6751709
1433.81665039
1463.83520508
1453.24780273
1458.80175781
1438.7902832
1450.74084473
1483.05664062
1428.74060059
1463.71252441
1438.86364746
1458.59057617
1453.65380859
1473.83435059
1448.83618164
1437.39318848
1448.7454834
1471.82116699
1473.86694336
1463.78210449
1478.3157959
1428.85742188
1458.62658691
1433.04541016
1458.81311035
1438.74658203
1458.68908691
1452.40478516
1453.61169434
1443.85791016
1468.65270996
1453.46313477
1473.83044434
1428.83874512
1452.00769043
1468.82739258
1463.74108887
1448.79528809
1463.82751465
1423.55224609
1453.8380127
1458.69519043
1443.43774414
1457.25012207
1458.83813477
1463.80444336
1413.74658203
1428.78405762
1443.82080078
1468.81262207
1458.81848145
1483.8527832
1448.86340332
1438.81311035
1473.23034668
1428.74511719
1468.69909668
1463.79394531
1468.84899902
1453.85058594
1493.82666016
1438.8572998
1468.81005859
1438.86218262
1438.72839355
1458.7935791
1448.82714844
1473.83764648
1453.86474609
1473.85339355
1453.79760742
1428.85461426
1458.84082031
1462.97570801
1467.86816406
1473.78601074
1448.62353516
1413.78479004
1472.10083008
1468.83154297
1462.71569824
1463.50354004
1458.73144531
1488.75585938
1433.83935547
1438.79772949
1423.83898926
1458.85546875
1458.69921875
1458.45556641
1438.79858398
1438.47351074
1453.66589355
1443.77868652
1448.14941406
1478.43444824
1458.33288574
1473.78356934
1438.52246094
1453.80407715
1447.07177734
1423.41333008
1468.75952148
1458.73193359
1428.36914062
1463.86254883
1458.55065918
1443.78979492
1458.77685547
1477.90576172
1443.84851074
1448.81848145
1467.76452637
1443.75012207
1463.25
1447.2746582
1443.68884277
1433.73254395
1433.51464844
1448.8104248
1448.73925781
1466.0456543
1468.86035156
1458.76855469
1438.85302734
1463.84008789
1453.82275391
1470.56030273
1438.56274414
1453.56225586
1468.64453125
1427.76965332
1475.69165039
1468.75488281
1443.81750488
1443.86499023
1428.86071777
1448.34594727
1473.29968262
1423.85253906
1443.73205566
1448.86315918
1443.68615723
1428.86096191
1463.67736816
1453.7076416
1448.77539062
1473.38562012
1467.69348145
1433.70300293
1473.81677246
1448.85192871
1463.62963867
1423.82409668
1468.25378418
1483.74145508
1463.84472656
1466.21936035
1448.78967285
1453.82080078
1413.15441895
1476.71276855
1458.8314209
1478.80615234
1453.73950195
1453.34851074
1458.02905273
1473.7779541
1471.54492188
1461.92736816
1463.7265625
1443.85949707
1438.68334961
1438.83935547
1468.68945312
1433.85681152
1433.72045898
1438.90710449
1448.33837891
1478.85266113
1418.48352051
1463.84033203
1463.02600098
1488.10119629
1468.16809082
1440.7746582
1473.59411621
1442.46008301
1433.84863281
1468.79699707
1468.75366211
1433.71228027
1448.02587891
1428.81811523
1453.75671387
1478.53747559
1438.61181641
1457.66882324
1433.84790039
1453.54663086
1478.82263184
1473.55249023
1453.59277344
1413.78381348
1473.75500488
1472.62683105
1423.85339355
1463.47216797
1433.81164551
1458.68347168
1463.17443848
1463.21582031
1458.80603027
1473.80627441
1452.93212891
1438.85888672
1473.25817871
1467.80786133
1453.35339355
1462.8359375
1468.80773926
1473.64440918
1481.52258301
1473.6340332
1481.36682129
1443.66064453
1463.82470703
1463.79248047
1422.58947754
1438.77539062
1463.81628418
1433.6081543
1472.57678223
1433.29418945
1433.8104248
1433.83837891
1477.05432129
1453.8503418
1433.7310791
1438.84777832
1473.85986328
1448.76123047
1468.62451172
1458.54992676
1433.79675293
1433.83557129
1438.05273438
1468.19226074
1458.86169434
1443.70861816
1468.75488281
1483.77416992
1448.77062988
1453.86450195
1443.83911133
1478.74584961
1448.51672363
1477.61499023
1453.82104492
1447.07946777
1468.77490234
1468.8203125
1468.79296875
1463.60876465
1458.83752441
1408.85778809
1468.83654785
1448.86108398
1438.84790039
1463.85961914
1428.66687012
1478.63122559
1448.29272461
1452.1998291
1448.8581543
1448.69616699
1433.84973145
1478.43920898
1473.80822754
1433.85925293
1475.77490234
1468.83618164
1478.00183105
1468.78503418
1443.47521973
1453.80432129
1458.71228027
1453.84863281
1458.25439453
1458.41271973
1473.40429688
1458.2791748
1463.76171875
1473.35473633
1458.72851562
1468.37939453
1473.62194824
1433.77661133
1438.58288574
1468.30969238
1448.85961914
1403.8157959
1443.81677246
1443.84655762
1473.78125
1438.83349609
1478.79052734
1453.82336426
1437.68896484
1428.75024414
1476.11181641
1462.65393066
1463.03942871
1448.78649902
1463.81408691
1468.625
1463.85290527
1448.85876465
1463.62609863
1443.79321289
1463.80834961
1460.30078125
1453.85217285
1458.69396973
1472.66723633
1467.53308105
1458.6986084
1482.73486328
1442.95837402
1423.09106445
1463.74597168
1463.85864258
1432.79956055
1458.86364746
1468.81958008
1463.84667969
1443.81628418
1433.85437012
1433.82910156
1473.84375
1453.21252441
1462.85803223
1453.53527832
1453.5925293
1465.53942871
1473.83557129
1433.6998291
1438.85180664
1478.66259766
1458.72937012
1453.67663574
1463.66271973
1448.59362793
1428.56787109
1448.69396973
1408.57434082
1443.86682129
1458.71569824
1458.75476074
1448.83459473
1453.75280762
1448.85913086
1468.62304688
1448.84094238
1448.75915527
1443.76330566
1468.74133301
1433.86193848
1468.86462402
1463.11108398
1463.83618164
1482.23974609
1448.3013916
1448.83874512
1428.86474609
1468.73742676
1448.66967773
1468.76879883
1448.61682129
1468.71191406
1468.65930176
1458.56115723
1443.85876465
1438.7746582
1471.42102051
1463.23242188
1477.75280762
1467.04772949
1448.7364502
1443.56994629
1473.53308105
1473.70935059
1468.84936523
1458.86755371
1453.84521484
1463.81213379
1458.56799316
1457.12866211
1451.36645508
1453.8269043
1458.85253906
1453.84423828
1462.86804199
1437.76391602
1443.86193848
1467.17663574
1428.78869629
1462.67407227
1463.76135254
1448.82763672
1463.84899902
1471.9498291
1468.86401367
1468.72351074
1477.64379883
1463.85839844
1483.77722168
1478.7520752
1473.81933594
1443.84692383
1458.7166748
1468.76098633
1433.64489746
1458.63916016
1463.73303223
1458.72949219
1463.59631348
1463.50598145
1438.84387207
1453.86694336
1458.25280762
1448.45617676
1458.86584473
1463.84350586
1418.70959473
1438.68261719
1448.17919922
1448.11657715
1418.85546875
1458.8581543
1453.18237305
1428.5201416
1438.81005859
1453.78405762
1472.90991211
1468.70324707
1453.79858398
1438.82751465
1463.8112793
1452.3145752
1443.83972168
1458.83300781
1453.75
1448.77026367
1443.67553711
1433.79736328
1458.29638672
1448.8581543
1473.55273438
1448.85449219
1468.71252441
1443.38793945
1448.7121582
1458.78369141
1468.53015137
1459.0604248
1466.50634766
1468.86645508
1443.85241699
1438.7442627
1463.8125
1453.56018066
1453.71447754
1458.8326416
1448.84301758
1468.80761719
1458.81286621
1437.22033691
1457.70422363
1437.53735352
1427.26220703
1443.6998291
1455.7532959
1453.77893066
1413.82263184
1458.8001709
1448.80114746
1438.84619141
1473.64611816
1458.70153809
1448.86132812
1463.73791504
1448.85131836
1437.7989502
1457.20727539
1418.75842285
1475.90661621
1473.33520508
1458.63024902
1453.80297852
1453.62792969
1478.45800781
1453.36096191
1453.29614258
1448.80566406
1443.50292969
1463.82495117
1458.84594727
1448.8137207
1463.82556152
1477.90039062
1462.92492676
1458.84851074
1433.07275391
1472.88000488
1463.85827637
1468.46838379
1468.49365234
1458.74353027
1433.83703613
1458.79736328
1468.76330566
1453.75756836
1458.83618164
1478.66564941
1443.8079834
1447.13964844
1471.4407959
1468.84191895
1433.79956055
1448.67016602
1428.49816895
1467.81750488
1468.24731445
1463.82519531
1448.82910156
1478.56713867
1463.78161621
1443.81420898
1463.82141113
1438.85107422
1458.8001709
1433.73962402
1453.83105469
1473.51293945
1473.78613281
1443.61767578
1458.84912109
1468.63354492
1463.28955078
1443.82324219
1458.82409668
1443.7890625
1473.8494873
1433.60766602
1448.78796387
1458.85827637
1458.63977051
1467.1628418
1451.55517578
1468.76696777
1448.31872559
1473.61755371
1468.85839844
1477.21582031
1463.81164551
1463.80664062
1478.82495117
1453.48254395
1463.86730957
1418.78979492
1433.85302734
1483.83837891
1463.83959961
1438.36096191
1483.69189453
1473.58459473
1468.75097656
1438.55786133
1443.83178711
1463.70153809
1413.74487305
1463.80151367
1468.68701172
1468.63244629
1443.69555664
1453.29797363
1476.78808594
1468.70947266
1463.72497559
1453.85876465
1473.23413086
1443.81433105
1453.62145996
1457.88757324
1453.79187012
1458.80041504
1462.12561035
1452.12658691
1448.81408691
1453.79638672
1443.828125
1448.86230469
1448.68334961
1463.85510254
1468.66357422
1463.58605957
1448.14440918
1448.85876465
1458.77209473
1478.10620117
1428.74743652
1438.82775879
1398.86657715
1438.80664062
1408.38378906
1462.63818359
1438.8651123
1478.84631348
1468.79931641
1478.52416992
1486.26196289
1453.65637207
1468.74169922
1468.58166504
1433.76123047
1438.72949219
1468.45935059
1457.81115723
1453.68762207
1408.86096191
1463.55212402
1472.9074707
1423.84521484
1473.80725098
1423.82592773
1418.83825684
1448.76879883
1403.23291016
1453.8380127
1423.84973145
1433.82287598
1468.54833984
1443.66662598
1463.68078613
1453.86193848
1433.50793457
1463.77746582
1458.53833008
1473.81958008
1453.828125
1463.60437012
1448.85229492
1473.86047363
1433.84887695
1447.16296387
1473.7578125
1453.8338623
1453.20666504
1433.78869629
1428.83178711
1473.74450684
1433.30883789
1438.70593262
1463.85974121
1448.61083984
1433.47888184
1458.52856445
1468.8260498
1467.11083984
1428.7487793
1478.86315918
1458.71679688
1458.81811523
1413.83728027
1463.25158691
1472.32739258
1468.80688477
1448.86547852
1463.6427002
1463.71325684
1453.85717773
1418.5135498
1453.45996094
1438.82043457
1428.86682129
1453.8392334
1471.44091797
1437.83068848
1458.80249023
1463.86254883
1473.56750488
1458.67346191
1438.70458984
1433.7409668
1458.53662109
1463.48168945
1468.49084473
1433.69262695
1468.58337402
1453.40246582
1478.5480957
1476.84509277
1448.74230957
1478.60583496
1468.82971191
1428.42211914
1472.51208496
1446.9564209
1463.82019043
1478.79980469
1443.67553711
1481.98925781
1438.52685547
1453.81726074
1468.02282715
1451.6315918
1443.79406738
1468.76721191
1463.77575684
1458.57763672
1453.32727051
1463.39685059
1453.85522461
1463.72387695
1468.56542969
1448.83435059
1458.49536133
1448.03393555
1463.18078613
1473.76013184
1463.4708252
1448.77075195
1458.82043457
1453.84936523
1453.7722168
1433.80273438
1443.26806641
1443.72375488
1473.74926758
1451.38952637
1462.1550293
1476.9967041
1443.75683594
1436.65869141
1448.61657715
1468.80029297
1471.39892578
1438.84973145
1463.81884766
1428.84692383
1453.80786133
1483.33398438
1468.86669922
1448.79077148
1448.66943359
1487.37646484
1458.78320312
1478.25378418
1458.06677246
1438.84118652
1473.11096191
1478.85412598
1458.70373535
1483.51464844
1475.62524414
1488.74462891
1443.81689453
1418.71313477
1428.86328125
1458.59558105
1428.50720215
1463.76000977
1458.85009766
1448.31005859
1433.80810547
1473.07067871
1467.58947754
1443.74084473
1473.48754883
1468.46276855
1458.62036133
1463.45507812
1458.70458984
1448.85498047
1457.71472168
1438.85351562
1463.73291016
1448.82727051
1457.34985352
1473.69873047
1453.55664062
1463.74060059
1473.02270508
1463.73498535
1463.63293457
1473.77111816
1473.86560059
1462.93969727
1458.85791016
1458.83093262
1458.59265137
1453.16674805
1438.84411621
1472.93237305
1468.6685791
1473.47180176
1443.84777832
1453.54321289
1446.8659668
1463.28051758
1468.7220459
1473.8302002
1428.6541748
1443.6751709
1448.76794434
1457.79052734
1443.83874512
1463.71374512
