1413.82641602
1408.84655762
1403.33886719
1411.79382324
1418.57629395
1401.20397949
1408.20385742
1408.38061523
1418.85705566
1408.28149414
1398.73937988
1401.0213623
1393.29064941
1393.85900879
1418.76977539
1403.80273438
1403.78942871
1408.85534668
1408.84423828
1398.40344238
1408.53613281
1398.64794922
1418.80566406
1398.74853516
1403.4543457
1403.83007812
1418.82910156
1403.67773438
1412.52453613
1404.08789062
1403.82226562
1408.65844727
1423.86694336
1413.43737793
1402.953125
1422.98583984
1398.8581543
1393.64404297
1398.75927734
1408.86413574
1418.17675781
1393.26025391
1423.86083984
1398.74963379
1418.61376953
1413.55895996
1417.6307373
1403.61425781
1398.59509277
1401.20983887
1403.8223877
1393.8560791
1392.21459961
1413.53674316
1413.7557373
1413.74963379
1418.72570801
1403.66333008
1408.73156738
1393.73449707
1413.52734375
1413.61755371
1408.85253906
1403.86730957
1403.84179688
1408.84326172
1413.8236084
1393.70581055
1413.76464844
1407.91882324
1413.73217773
1398.84790039
1402.49584961
1418.78662109
1408.86486816
1418.79528809
1400.42163086
1413.59277344
1408.55859375
1398.83776855
1413.47570801
1408.78027344
1418.86608887
1413.5020752
1408.5222168
1422.09301758
1418.83728027
1393.85314941
1399.90222168
1410.64123535
1403.859375
1388.81140137
1413.27880859
1393.65283203
1388.76904297
1388.84558105
1408.56433105
1407.72692871
1412.46398926
1408.03881836
1408.83947754
1413.74377441
1403.82885742
1413.7545166
1413.55786133
1408.80859375
1408.79370117
1408.79968262
1408.76049805
1428.13684082
1408.8527832
1398.34899902
1403.81225586
1417.00024414
1411.95666504
1412.33972168
1398.84106445
1398.79394531
1401.07678223
1410.20471191
1413.70373535
1398.85327148
1403.82128906
1403.86352539
1413.73449707
1413.85314941
1403.72607422
1413.83691406
1408.84655762
1403.86242676
1398.81054688
1398.85766602
1413.40661621
1403.85778809
1406.62976074
1408.84680176
1392.73352051
1403.6229248
1408.80065918
1407.84326172
1403.27233887
1398.77148438
1411.53430176
1407.17004395
1411.81848145
1398.62646484
1398.54968262
1408.32897949
1403.79418945
1403.8614502
1398.68066406
1403.45300293
1408.70861816
1398.8314209
1408.79138184
1393.77197266
1403.8203125
1403.48620605
1408.78234863
1393.5291748
1408.8503418
1400.5736084
1393.83239746
1393.81665039
1418.44543457
1403.12854004
1408.82006836
1398.74328613
1408.81518555
1403.71923828
1418.32373047
1398.6541748
1413.84838867
1388.58520508
1403.81689453
1398.75732422
1398.78210449
1404.06323242
1403.21020508
1403.74365234
1402.31188965
1418.54174805
1388.55053711
1418.83337402
1398.71899414
1406.06848145
1413.22558594
1408.72216797
1408.84106445
1413.43457031
1403.81274414
1402.16333008
1408.84692383
1402.14990234
1417.26147461
1398.67553711
1408.73999023
1403.76074219
1418.35009766
1415.6126709
1412.11425781
1408.76257324
1406.47363281
1408.80224609
1408.38244629
1418.84191895
1412.81665039
1393.62194824
1408.8145752
1408.60473633
1403.48510742
1398.47045898
1403.67163086
1403.86157227
1403.73046875
1398.81176758
1418.79418945
1403.79455566
1408.74328613
1401.75439453
1403.32397461
1408.58117676
1428.85083008
1398.65185547
1403.85205078
1393.83959961
1408.82885742
1433.50427246
1403.46875
1413.82116699
1428.45422363
1388.73962402
1408.22924805
1398.57714844
1417.29553223
1406.27258301
1413.83679199
1403.79589844
1418.65649414
1408.8527832
1413.79467773
1408.78894043
1408.57873535
1413.71508789
1408.85656738
1397.63867188
1423.83288574
1393.82995605
1413.77978516
1402.52807617
1413.82556152
1403.66052246
1412.8605957
1403.84680176
1398.56616211
1403.7565918
1389.49401855
1398.21044922
1413.85632324
1402.68737793
1408.75769043
1418.10095215
1408.44506836
1408.85864258
1408.83557129
1413.3527832
1408.50366211
1403.74401855
1398.86083984
1398.04309082
1410.17553711
1413.22045898
1402.18981934
1408.12353516
1403.85327148
1398.79772949
1408.83312988
1418.58813477
1408.76464844
1403.7845459
1393.61242676
1408.44824219
1413.69812012
1402.6184082
1393.83508301
1403.78833008
1408.52026367
1408.11669922
1407.50256348
1403.7208252
1398.52832031
1403.66027832
1413.0423584
1408.56933594
1418.80114746
1413.58117676
1402.0300293
1403.78039551
1398.74365234
1423.73156738
1398.68615723
1403.63671875
1398.58959961
1398.47790527
1393.64465332
1403.48583984
1409.78503418
1403.81689453
1413.81347656
1412.51367188
1413.43981934
1408.52600098
1393.85009766
1403.47961426
1402.67028809
1408.83691406
1393.63720703
1417.57580566
1408.6204834
1428.66625977
1413.58996582
1412.96520996
1423.44848633
1403.8416748
1413.64904785
1413.60595703
1403.58166504
1398.66833496
1413.50305176
1397.80810547
1408.80383301
1403.12402344
1403.82104492
1402.21252441
1403.35656738
1403.7746582
1403.64587402
1403.73962402
1408.78210449
1398.83569336
1410.12609863
1396.84033203
1413.85522461
1401.71557617
1398.7956543
1401.38952637
1413.74645996
1417.96105957
1407.07507324
1408.77734375
1417.59033203
1403.80603027
1398.80358887
1403.76538086
1403.78491211
1418.66906738
1413.54724121
1397.65319824
1400.47741699
1401.7076416
1393.01257324
1408.33276367
1393.85522461
1403.37634277
1403.7791748
1413.27758789
1403.72387695
1402.40649414
1398.47094727
1403.75354004
1414.59680176
1403.77099609
1393.72363281
1398.79748535
1412.55969238
1403.80273438
1416.24633789
1408.71191406
1413.66418457
1408.31420898
1408.80932617
1403.56274414
1398.85644531
1418.79711914
1393.73168945
1403.75500488
1408.55041504
1403.82006836
1418.84838867
1402.63696289
1408.85998535
1398.81140137
1388.7767334
1423.29882812
1417.68200684
1403.30688477
1408.75976562
1413.40002441
1418.31958008
1417.75317383
1422.94604492
1408.74328613
1403.86608887
1388.63232422
1401.75939941
1403.67431641
1393.80358887
1393.79638672
1408.7779541
1398.84655762
1408.59838867
1418.70959473
1382.68164062
1403.8651123
1408.40307617
1403.78442383
1417.24279785
1412.34680176
1403.58325195
1383.62463379
1403.765625
1401.47814941
1418.85400391
1403.53015137
1398.80737305
1413.79260254
1408.73718262
1400.63696289
1403.84655762
1413.69226074
1408.72546387
1416.82531738
1403.6315918
1402.11193848
1403.86474609
1407.73791504
1423.36401367
1398.71032715
1418.86755371
1418.66418457
1403.72436523
1416.66003418
1388.62524414
1388.86071777
1408.80566406
1408.78857422
1403.3371582
1418.36645508
1403.78979492
1403.82385254
1403.73730469
1417.10852051
1408.82202148
1397.47607422
1403.56884766
1401.64404297
1403.79589844
1418.37866211
1403.68652344
1398.75915527
1398.8371582
1398.85803223
1408.7467041
1388.50488281
1410.89453125
1403.6940918
1423.66015625
1428.8527832
1408.12927246
1412.21899414
1413.83081055
1398.7800293
1409.58081055
1397.50854492
1413.54370117
1418.78234863
1413.59570312
1408.50073242
1393.51049805
1403.85461426
1403.77026367
1394.35266113
1408.82666016
1413.83496094
1398.35437012
1416.89086914
1398.83044434
1408.75427246
1398.49145508
1412.23864746
1403.13391113
1397.7175293
1408.24987793
1413.76635742
1408.76745605
1410.64685059
1403.41210938
1413.71691895
1408.75390625
1398.84765625
1408.85949707
1413.81591797
1418.75219727
1403.81616211
1403.7791748
1412.44555664
1403.86669922
1413.83349609
1401.63977051
1408.83850098
1408.85644531
1408.54309082
1408.77246094
1413.67041016
1408.79077148
1398.85864258
1413.82702637
1408.421875
1413.14868164
1393.86401367
1418.61584473
1403.75927734
1403.69421387
1416.78662109
1413.44433594
1423.67492676
1388.81994629
1403.82910156
1412.96386719
1428.63903809
1413.60205078
1403.53417969
1398.81677246
1401.66235352
1403.17773438
1416.92077637
1398.66564941
1418.6817627
1423.67565918
1407.98327637
1408.72277832
1405.44836426
1397.73876953
1416.6204834
1398.7713623
1402.50073242
1403.31762695
1388.55651855
1408.7545166
1418.52880859
1413.84753418
1407.7130127
1418.45751953
1416.13696289
1403.83654785
1408.79064941
1403.86340332
1412.99475098
1417.43591309
1413.42150879
1422.77185059
1407.5345459
1397.66125488
1405.02624512
1393.86694336
1408.7935791
1413.27868652
1408.80151367
1402.78625488
1406.7557373
1403.56262207
1408.63146973
1403.76635742
1408.04943848
1403.46069336
1397.95532227
1408.33911133
1387.125
1398.81164551
1398.57775879
1418.68591309
1408.8527832
1398.26538086
1408.66882324
1413.41418457
1418.3314209
1418.60107422
1403.85327148
1411.7277832
1398.03540039
1403.64611816
1398.85693359
1403.78979492
1408.7232666
1403.77929688
1423.64318848
1403.53381348
1420.95825195
1403.51281738
1408.81811523
1388.53564453
1423.59033203
1405.6986084
1393.85571289
1403.81298828
1393.71252441
1408.78649902
1396.85656738
1403.82580566
1418.58032227
1403.76525879
1418.71203613
1398.71862793
1398.84936523
1411.84387207
1398.56115723
1403.81201172
1418.5098877
1408.59875488
1403.75585938
1401.9552002
1418.81359863
1408.85290527
1398.7310791
1418.70874023
1408.82470703
1403.75231934
1403.35998535
1408.78320312
1422.7734375
1398.75793457
1408.63989258
1406.61169434
1403.78857422
1385.99731445
1417.86242676
1418.03088379
1408.39648438
1398.85498047
1393.82458496
1408.83544922
1408.58422852
1413.1138916
1407.96655273
1398.77868652
1423.62866211
1407.13415527
1418.65820312
1398.80444336
1402.98913574
1403.84240723
1413.7565918
1408.85778809
1408.26745605
1412.03271484
1403.25073242
1416.64672852
1383.84436035
1408.68737793
1398.72180176
1403.71728516
1408.25085449
1403.2442627
1388.6895752
1408.86157227
1403.86706543
1418.84289551
1403.33337402
1397.60986328
1397.57104492
1398.75500488
1393.54040527
1403.63220215
1403.86242676
1408.82702637
1407.11828613
1408.58850098
1408.79382324
1418.1986084
1413.86413574
1418.86560059
1393.82629395
1413.84033203
1403.6229248
1413.72741699
1398.31201172
1413.80883789
1408.13391113
1408.50891113
1402.22277832
1412.89892578
1413.84082031
1411.88757324
1408.84082031
1413.36938477
1413.16308594
1407.51416016
1423.2677002
1413.7668457
1412.83605957
1413.38964844
1398.72717285
1418.7824707
1398.73901367
1402.81262207
1398.40722656
1403.77868652
1403.80786133
1401.37683105
1398.11206055
1398.7878418
1412.55737305
1423.40563965
1393.14123535
1408.5657959
1396.21936035
1398.7755127
1398.77258301
1410.82312012
1413.77209473
1398.85375977
1413.79992676
1403.79064941
1413.10791016
1408.75061035
1408.35461426
1398.75256348
1418.83337402
1410.77185059
1403.60461426
1413.75280762
1413.4909668
1407.35412598
1413.83227539
1428.80065918
1397.87805176
1388.82897949
1398.73510742
1403.77746582
1403.79711914
1418.71289062
1403.70031738
1418.79431152
1413.63134766
1408.78674316
1393.86206055
1408.85205078
1398.66870117
1408.81140137
1413.65783691
1403.73852539
1403.75634766
1408.84375
1413.84802246
1408.67895508
1383.85803223
1408.78430176
1403.77282715
1398.6895752
1403.76245117
1413.71179199
1417.69311523
1403.07727051
1409.88562012
1408.54516602
1408.07348633
1398.84802246
1408.0604248
1408.57714844
1398.7220459
1408.86291504
1413.22155762
1408.78662109
1403.74060059
1398.64831543
1412.0715332
1393.82702637
1393.69543457
1398.64196777
1408.73181152
1408.8614502
1398.25146484
1408.70458984
1418.71325684
1403.00170898
1403.74511719
1412.57189941
1402.42932129
1423.23681641
1408.84680176
1403.52893066
1413.84265137
1418.53601074
1408.56188965
1403.80737305
1397.87512207
1398.86730957
1393.69641113
1398.4083252
1403.31628418
1388.86169434
1408.68591309
1408.66516113
1413.42907715
1413.16296387
1398.73461914
1397.39416504
1403.77258301
1408.80859375
1414.81079102
1403.11181641
1411.98632812
1403.45422363
1403.32421875
1393.27600098
1408.81848145
1390.11035156
1408.33166504
1398.80065918
1401.9675293
1398.85681152
1398.8560791
1408.77880859
1413.7947998
1398.20422363
1410.91186523
1408.7421875
1413.85107422
1413.46862793
1393.69909668
1398.51599121
1413.65893555
1413.69628906
1398.73608398
1413.82946777
1423.86486816
1408.56750488
1388.77600098
1403.67016602
1388.74157715
1428.77929688
1418.7310791
1408.79272461
1398.80322266
1398.36413574
1407.3828125
1398.76501465
1397.19848633
1398.01428223
1403.83947754
1420.44238281
1403.78039551
1403.49145508
1403.61486816
1398.56811523
1398.70861816
1408.67102051
1413.68139648
1417.38916016
1413.86010742
1383.66394043
1408.80358887
1408.33410645
1403.8605957
1412.76525879
1403.546875
1413.84533691
1392.32531738
1403.59594727
1422.00585938
1418.77246094
1408.84216309
1418.8137207
1418.34777832
1408.5826416
1412.26855469
1428.53430176
1393.81262207
1403.55847168
1408.78894043
1403.72473145
1393.86547852
1417.81237793
1396.05444336
1386.08605957
1403.77941895
1417.35083008
1408.77746582
1413.7166748
1393.81774902
1412.17810059
1408.82775879
1413.83007812
1402.46350098
1413.13830566
1407.75891113
1388.53662109
1418.86547852
1403.74353027
1417.7331543
1407.51623535
1426.66577148
1398.28649902
1408.70715332
1393.82739258
1413.82214355
1407.47583008
1398.85498047
1413.52282715
1408.046875
1413.81726074
1407.12268066
1408.86535645
1413.51464844
1416.56115723
1401.68237305
1403.18383789
1412.23425293
1408.81994629
1393.86450195
1393.86706543
1418.82531738
1413.72412109
1398.59289551
1408.86083984
1403.77636719
1418.26989746
1398.8302002
1403.33410645
1418.76379395
1418.75
1401.83569336
1388.72424316
1418.65222168
1412.18200684
1413.41650391
1410.78417969
1398.51599121
1398.28942871
1408.59460449
1399.34472656
1403.65356445
1408.76660156
1393.7331543
1403.86682129
1418.02929688
1393.85021973
1408.85693359
1403.52502441
1398.2902832
1391.33862305
1412.96398926
1408.17626953
1408.70935059
1403.82287598
1402.54370117
1408.62158203
1403.85998535
1403.84851074
1383.83703613
1403.82373047
1393.30700684
1403.45178223
1406.48999023
1398.86120605
1400.18701172
1393.77880859
1393.41308594
1401.46325684
1402.15673828
1410.33618164
1410.5904541
1401.12561035
1398.84375
1417.87854004
1402.79748535
1407.64953613
1400.50280762
1393.85266113
1403.10253906
1408.00915527
1413.81384277
1408.5189209
1418.49060059
1412.56311035
1403.73876953
1416.65014648
1398.69750977
1403.61047363
1408.85302734
1417.97949219
1413.74072266
1396.81103516
1402.46740723
1403.48754883
1398.82006836
1393.84289551
1398.61486816
1412.94384766
1408.63464355
1402.8807373
1408.65454102
1408.5378418
1403.73071289
1412.25524902
1408.8659668
1383.6875
1407.21142578
1418.79101562
1413.22412109
1423.6451416
1403.57287598
1413.56335449
1383.76184082
1403.42443848
1408.59277344
1393.30187988
1408.21276855
1408.67822266
1398.71533203
1423.5994873
1413.85644531
1418.66040039
1388.78723145
1398.73181152
1412.80371094
1402.76367188
1403.65698242
1403.57324219
1417.86462402
1413.76281738
1398.85791016
1398.85449219
1391.17333984
1408.8026123
1398.71643066
1398.51391602
1411.02368164
1413.32519531
1390.30358887
1408.83581543
1403.39733887
1408.74829102
1406.48901367
1413.40466309
1403.76025391
1413.73132324
1398.4855957
1413.82922363
1418.44616699
1398.70825195
1395.30749512
1408.74609375
1413.23937988
1413.7767334
1403.8260498
1408.86608887
1413.47045898
1398.07128906
1398.77099609
1423.27526855
1387.64685059
1398.45947266
1423.77868652
1398.02392578
1413.66491699
1413.43017578
1403.13842773
1393.8494873
1413.12731934
1413.51635742
1403.77038574
1392.70910645
1398.75012207
1403.71057129
1413.73461914
1398.80041504
1398.84069824
1413.01538086
1413.83337402
1403.51965332
1418.56274414
1403.28515625
1402.99987793
1398.53283691
1408.63415527
1403.84155273
1408.82836914
1428.50231934
1413.68493652
1398.8380127
1408.41687012
1398.4387207
1390.05664062
1413.08093262
1418.68603516
1403.78979492
1403.0402832
1408.2019043
1406.6505127
1408.79736328
1396.99633789
1399.61218262
1408.27246094
1423.86474609
1398.76416016
1408.74865723
1413.74194336
1398.6315918
1398.78430176
1415.4732666
1428.70983887
1401.75830078
1402.99743652
1399.8762207
1408.60656738
1398.37548828
1408.52075195
1418.27380371
1403.7779541
1398.65795898
1411.67834473
1419.11230469
1401.0604248
1418.68444824
1408.47058105
1408.58666992
1398.53393555
1411.94616699
1403.0279541
1408.28564453
1408.80541992
1408.80627441
1393.00915527
1403.76086426
1417.87121582
1393.18566895
1413.85229492
1407.0637207
1403.31164551
1398.82128906
1418.80700684
1398.41723633
1398.85266113
1397.06933594
1403.68078613
1403.75317383
1407.37255859
1408.83288574
1411.08654785
1403.66113281
1408.55773926
1408.71435547
1400.91015625
1393.76428223
1403.64697266
1418.64086914
1408.77453613
1402.74023438
1413.72412109
1398.56921387
1405.23730469
1398.81286621
1408.79260254
1402.41918945
1408.51428223
1408.72753906
1418.79577637
1398.78381348
1397.16540527
1408.8326416
1413.80322266
1403.53771973
1403.83190918
1407.02380371
1403.05529785
1408.7767334
1403.39147949
1398.82983398
1388.86462402
1393.8236084
1403.85400391
1398.74072266
1408.84216309
1418.73583984
1398.7208252
1413.71411133
1413.34753418
1418.85778809
1423.01306152
1408.54516602
1408.8314209
1413.35424805
1413.73242188
1413.19750977
1398.7364502
1408.83374023
1408.51330566
1408.65698242
1412.98181152
1398.85437012
1403.92480469
1403.79553223
1403.71691895
1408.62451172
1422.97973633
1393.85107422
1403.66162109
1408.48657227
1393.83935547
1412.46643066
1403.76501465
1410.31860352
1418.5748291
1413.59545898
1408.38525391
1419.82165527
1397.03564453
1399.97253418
1418.67346191
1418.34838867
1393.85656738
1403.51403809
1403.76330566
1423.70922852
1428.49365234
1411.27905273
1407.72729492
1398.85058594
1423.77563477
1421.74865723
1398.5760498
1403.01965332
1413.7869873
1413.80078125
1396.38256836
1421.60461426
1408.72143555
1408.85876465
1412.43041992
1397.31213379
1408.77893066
1408.70812988
1393.83068848
1401.07971191
1413.80895996
1403.85900879
1398.75463867
1426.19189453
1393.81982422
1418.53137207
1388.62316895
1403.21032715
1395.7265625
1408.81445312
1405.54101562
1398.84082031
1403.39404297
1418.56164551
1408.78479004
1426.82653809
1402.0645752
1398.86035156
1408.83911133
1402.0402832
1423.86535645
1408.85046387
1408.60119629
1403.66552734
1393.77478027
1403.83166504
1407.33447266
1408.59033203
1398.60583496
1403.85168457
1403.77819824
1398.85339355
1391.62915039
1393.47253418
1398.77941895
1400.71484375
1416.26928711
1403.78955078
1402.32946777
1403.82299805
1388.8380127
1407.72485352
1408.83349609
1398.81945801
1418.48547363
1408.27453613
1393.63256836
1408.6685791
1412.67492676
1403.85668945
1388.85498047
1393.85205078
1398.52282715
1403.86218262
1398.79187012
1398.72900391
1393.59667969
1393.50146484
1402.28942871
1398.8236084
1413.84448242
1411.97521973
1403.4876709
1413.16943359
1390.16967773
1418.04736328
1408.37548828
1403.54077148
1396.30895996
1423.75158691
1392.10717773
1403.77661133
1403.77246094
1408.43786621
1388.78601074
1408.18066406
1398.74682617
1401.83825684
1398.83996582
1408.85339355
1418.67272949
1418.70080566
1408.72497559
1418.84301758
1403.62219238
1412.32519531
1413.70129395
1406.84875488
1398.86254883
1408.86584473
1413.77404785
1407.93200684
1408.83251953
1403.82861328
1413.86669922
1408.82128906
1418.02282715
1408.50390625
1413.80993652
1407.12902832
1407.2467041
1413.80786133
1413.7689209
1403.80126953
1411.85546875
1413.85083008
1407.5098877
1417.62561035
1403.74182129
1398.25854492
1407.90551758
1402.98742676
1398.48620605
1388.56445312
1413.80725098
1389.54394531
1408.45861816
1408.68859863
1408.66101074
1383.79174805
1413.70666504
1403.54638672
1412.48168945
1413.86083984
1408.76013184
1408.81018066
1408.72094727
1418.17663574
1403.49255371
1398.85266113
1398.8449707
1418.76135254
1413.85656738
1423.53100586
1388.57385254
1408.60437012
1392.68603516
1393.48095703
1398.58276367
1408.38806152
1397.97644043
1408.83959961
1393.79223633
1413.58813477
1413.85913086
1418.02478027
1408.71960449
1421.41638184
1418.0682373
1393.80310059
1403.85388184
1418.84362793
1400.88574219
1398.32629395
1412.94921875
1418.83349609
1404.82788086
1418.14672852
1408.80163574
1401.93200684
1413.46850586
1397.13085938
1403.13793945
1403.8001709
1403.81665039
1398.81408691
1405.21813965
1412.77258301
1403.70031738
1393.7175293
1388.35461426
1398.84802246
1388.85009766
1403.54418945
1407.73181152
1413.32409668
1397.90991211
1398.55773926
1393.80541992
1413.4251709
1387.74499512
1418.82946777
1417.88024902
1393.74450684
1403.16113281
1403.62646484
1428.82006836
1403.82824707
1408.85375977
1393.50378418
1391.13562012
1398.2935791
1393.62744141
1393.73461914
1408.7947998
1398.70727539
1418.63232422
1407.69909668
1413.63208008
1413.8671875
1403.53027344
1408.81152344
1408.82727051
1418.84155273
1408.78149414
1393.22717285
1393.74804688
1403.85864258
1413.79260254
1413.78417969
1412.63647461
1413.76147461
1408.80725098
1408.81530762
1413.14758301
1418.68640137
1402.5177002
1413.49902344
1408.42724609
1393.84338379
1403.6529541
1388.82995605
1393.58984375
1406.42370605
1403.08874512
1408.56994629
1411.73132324
1403.84155273
1398.83886719
1403.74084473
1398.23156738
1402.50732422
1408.22351074
1408.45617676
1413.8515625
1418.34973145
1408.04931641
1388.50097656
1408.47546387
1403.81225586
1403.63220215
1413.68579102
1408.59436035
1413.77624512
1403.41149902
1393.56726074
1398.76806641
1413.66796875
1403.84680176
1403.75769043
1403.84375
1408.81054688
1393.42712402
1413.86730957
1413.7902832
1399.89404297
1403.01013184
1413.54956055
1403.85949707
1403.74023438
1398.85046387
1408.84265137
1393.67626953
1403.85375977
1403.83203125
1412.77856445
1393.80053711
1413.75292969
1408.36572266
1418.53686523
1418.82824707
1398.12548828
1418.70080566
1412.33728027
1413.80151367
1398.8482666
1408.70324707
1417.43933105
1396.01757812
1413.8215332
1408.77160645
1392.77819824
1408.48083496
1398.74511719
1409.66931152
1407.04211426
1398.69909668
1428.84887695
1397.69287109
1405.91784668
1403.70593262
1418.64294434
1413.8416748
1408.64709473
1403.26464844
1418.39868164
1418.81396484
1413.13769531
1423.76721191
1418.33251953
1423.86291504
1413.48327637
1408.8104248
1408.04431152
1403.85302734
1418.71240234
1408.25354004
1407.90258789
1403.83996582
1388.48693848
1397.28259277
1403.40270996
1404.1706543
1418.4395752
1397.17199707
1403.86560059
1393.6907959
1403.78503418
1398.80236816
1413.7677002
1418.62731934
1418.13720703
1422.28027344
1408.65380859
1388.59265137
1413.71984863
1408.63586426
1403.49328613
1409.5567627
1403.85046387
1403.43664551
1398.80541992
1403.86279297
1393.75500488
1407.38842773
1396.53503418
1403.7623291
1403.14904785
1403.8079834
1393.52246094
1413.69946289
1408.01538086
1398.77197266
1393.68823242
1400.0892334
1403.77172852
1400.2644043
1398.81518555
1413.6262207
1402.98535156
1403.84936523
1413.60913086
1408.69689941
1403.61083984
1412.31750488
1423.85131836
1413.83850098
1398.50134277
1388.33703613
1408.12597656
1403.86315918
1398.82006836
1408.85437012
1393.68493652
1413.77612305
1423.51477051
1408.8092041
1398.77648926
1393.7109375
1413.55322266
1408.67431641
1403.70031738
1386.5135498
1408.86547852
1408.34545898
1393.71679688
1398.83410645
1408.81970215
1403.83728027
1408.64331055
1408.84887695
1410.14733887
1393.27575684
1428.21813965
1410.34838867
1398.7121582
1398.83459473
1408.67810059
1418.38500977
1403.66833496
1408.77160645
1393.25170898
1405.52282715
1408.78979492
1413.86743164
1388.82739258
1401.79199219
1422.77868652
1407.73181152
1403.80883789
1408.1809082
1418.68737793
1393.77087402
1398.52111816
1393.84509277
1403.74841309
1408.81799316
1401.52172852
1408.77575684
1408.77282715
1423.75695801
1418.27441406
1422.96899414
1403.86535645
1398.09387207
1413.8380127
1413.7947998
1408.63708496
1398.62939453
1403.66381836
1405.29663086
1403.69580078
1408.60864258
1408.79016113
1403.85791016
1406.7947998
1403.59741211
1408.82275391
1408.8034668
1403.82128906
1412.71716309
1398.73864746
1393.73657227
1418.70446777
1398.56787109
1423.78930664
1418.42626953
1418.82055664
1404.4161377
1418.82104492
1407.91503906
1403.74731445
1408.72058105
1404.67944336
1398.83654785
1406.67578125
1412.39306641
1408.8380127
1395.83886719
1413.67175293
1403.64855957
1408.70031738
1413.7298584
1401.4909668
1403.85742188
1398.80786133
1402.81640625
1413.39294434
1408.59753418
1413.82763672
1412.64013672
1392.88378906
1395.75561523
1408.52600098
1418.73657227
1393.64685059
1413.70666504
1393.71923828
1413.72290039
1403.5682373
1428.77844238
1413.35876465
1408.80737305
1403.7800293
1406.17810059
1403.6920166
1408.57214355
1403.75280762
1403.76818848
1408.78942871
1403.1171875
1392.9654541
1407.14758301
1408.68078613
1408.80749512
1418.17590332
1413.80175781
1403.21813965
1398.61547852
1408.59423828
1403.58581543
1403.83068848
1423.59558105
1413.56530762
1398.70507812
1403.80456543
1408.23071289
1395.14343262
1408.59399414
1393.84069824
1403.75610352
1413.84960938
1393.84423828
1412.27856445
1408.71594238
1418.61047363
1392.85974121
1393.74230957
1418.83203125
1398.80615234
1423.81677246
1388.05834961
1412.00817871
1388.36523438
1418.70581055
1393.5847168
1398.68615723
1403.25024414
1396.56115723
1408.71105957
1413.83288574
1407.62548828
1403.85742188
1393.85180664
1408.7052002
1423.69055176
1408.54528809
1417.41174316
1388.74963379
1403.8104248
1402.98376465
1416.88989258
1412.79406738
1418.78149414
1398.85803223
1413.73474121
1403.68371582
1397.64025879
1408.33557129
1418.5970459
1403.82226562
1403.84765625
1414.83728027
1411.82653809
1408.81359863
1398.80712891
1413.80615234
1398.82519531
1398.66455078
1397.8326416
1403.59887695
1402.54980469
1408.49755859
1398.83544922
1423.72558594
1418.71118164
1398.6217041
1413.51831055
1413.85925293
1398.62976074
1413.30395508
1383.52282715
1406.88562012
1413.55712891
1398.8482666
1408.79162598
1413.56347656
1413.59020996
1398.79272461
1410.69311523
1398.67272949
1413.83251953
1418.09472656
1408.83825684
1403.80126953
1413.61633301
1413.43310547
1398.671875
1398.796875
1393.85534668
1393.83703613
1398.7265625
1393.86022949
1403.8449707
1398.7220459
1403.60717773
1412.25488281
1408.72668457
1403.7878418
1413.84082031
1403.81494141
1418.35510254
1403.85510254
1412.93981934
1408.85595703
1408.54516602
1408.72192383
1403.5065918
1398.6204834
1413.60009766
1403.83215332
1393.85864258
1402.40454102
1408.71179199
1423.72607422
1403.86547852
1413.68786621
1418.86682129
1377.69299316
1423.62133789
1413.68383789
1408.77368164
1398.68884277
1398.7623291
1418.55041504
1396.96398926
1403.69934082
1408.69433594
1397.71618652
1397.90063477
1413.71899414
1403.82385254
1413.84423828
1396.46936035
1408.61962891
1403.58007812
1403.85437012
1403.84118652
1408.77819824
1398.69506836
1408.86682129
1411.01281738
1388.84228516
1398.68481445
1408.33703613
1398.83581543
1398.62756348
1403.77404785
1413.36254883
1413.62719727
1398.64147949
1418.8112793
1398.63671875
1408.6171875
1403.86010742
1417.51831055
1408.81262207
1403.59851074
1403.70141602
1398.66760254
1408.66259766
1411.84692383
1407.95751953
1408.80151367
1398.7454834
1412.66040039
1403.8560791
1403.30737305
1408.70092773
1403.82849121
1408.81420898
1408.67590332
1398.84887695
1408.6060791
1408.84753418
1413.83081055
1402.54187012
1383.57104492
1413.80773926
1398.85656738
1398.56091309
1413.82263184
1413.77392578
1407.32556152
1413.57531738
1403.66064453
1413.70690918
1408.62890625
1412.77111816
1393.82775879
1413.50256348
1403.76672363
1398.81408691
1398.79846191
1417.32824707
1413.82592773
1403.67150879
1408.30725098
1413.57897949
1416.9017334
1413.85192871
1413.59472656
1408.82458496
1403.52270508
1393.85412598
1408.46020508
1403.34509277
1417.54614258
1401.70678711
1408.66247559
1388.54968262
1403.81140137
1408.73657227
1413.7734375
1406.20654297
1408.53308105
1408.60473633
1413.82141113
1418.67785645
1387.39294434
1423.8223877
1393.82226562
1428.60339355
1407.49304199
1413.49609375
1418.41125488
1398.86230469
1413.69128418
1423.7713623
1418.7980957
1408.77099609
1403.84387207
1414.3651123
1392.29650879
1398.70776367
1413.45019531
1398.82995605
1413.85205078
1408.57971191
1408.74047852
1403.46130371
1403.72949219
1407.9798584
1408.23535156
1408.59533691
1408.08361816
1393.86401367
1403.40307617
1417.0423584
1408.86547852
1412.60070801
1394.30078125
1408.86120605
1403.33105469
1408.70129395
1423.51928711
1397.48840332
1418.55505371
1400.6270752
1398.86047363
1402.34082031
1408.67370605
1388.79528809
1388.36315918
1409.62487793
1398.44665527
1408.76867676
1413.67358398
1403.3416748
1418.65380859
1411.25854492
1398.86010742
1383.8548584
1403.74780273
1417.10205078
1408.57250977
1402.31201172
1408.79675293
1383.47387695
1388.28967285
1403.29577637
1413.60974121
1408.70959473
1402.52612305
1385.68359375
1398.69030762
1408.63793945
1413.85852051
1408.74902344
1408.53735352
1423.39355469
1398.78430176
1403.81518555
1399.26062012
1422.40087891
1418.70227051
1408.52490234
1407.81311035
1412.82653809
1398.57641602
1423.30883789
1408.65087891
1408.82226562
1388.35290527
1403.7130127
1413.21789551
1408.79858398
1403.32336426
1413.01965332
1406.20654297
1392.34118652
1398.64624023
1403.81652832
1400.98291016
1393.2902832
1393.0916748
1416.98974609
1393.69482422
1393.7779541
1408.35327148
1413.73266602
1388.45263672
1407.3359375
1402.14990234
1408.85290527
1408.52062988
1407.36340332
1416.22351074
1398.64794922
1408.66674805
1408.28442383
1403.59204102
1423.82128906
1403.85412598
1398.63061523
1407.27758789
1418.6451416
1398.48693848
1417.05969238
1398.84484863
1413.00366211
1418.38024902
1402.31115723
1398.11071777
1407.78515625
1403.86218262
1406.06604004
1403.82275391
1413.2421875
1403.80187988
1408.7779541
1403.62463379
1408.52001953
1408.86450195
1403.22937012
1423.25219727
1397.17724609
1398.69067383
1413.8260498
1398.67199707
1393.82336426
1408.14221191
1403.81750488
1398.17687988
1398.7833252
1408.16943359
1398.71899414
1393.62524414
1418.74462891
1403.82983398
1413.85522461
1393.14819336
1408.76123047
1408.7598877
1393.78283691
1420.32678223
1408.86193848
1403.53222656
1403.68835449
1407.66015625
1396.10583496
1418.86303711
1400.98168945
1423.234375
1385.83886719
1407.85839844
1418.76318359
1408.70080566
1393.42382812
1403.72412109
1393.08349609
1393.83972168
1393.83508301
1393.16235352
1408.79199219
1418.16601562
1403.75354004
1403.83972168
1408.59716797
1408.76599121
1398.83813477
1418.46850586
1393.05932617
1408.86181641
1410.22473145
1403.54187012
1403.72424316
1403.8494873
1408.85717773
1418.70141602
1394.07092285
1423.59924316
1403.42102051
1402.12939453
1403.82507324
1408.78796387
1403.83459473
1397.59033203
1388.70361328
1413.51013184
1413.6986084
1417.30700684
1397.97741699
1408.8503418
1403.73205566
1398.85302734
1398.69238281
1396.35388184
1388.61779785
1413.00219727
1418.86328125
1408.83642578
1393.88635254
1398.84680176
1418.71594238
1413.4699707
1418.80505371
1393.53515625
1398.4855957
1408.80175781
1403.84741211
1403.45129395
1408.79406738
1410.51159668
1396.40722656
1418.82556152
1403.66125488
1413.71154785
1413.83728027
1403.59082031
1408.35913086
1413.79650879
1412.47961426
1412.90637207
1408.7890625
1398.83398438
1403.82873535
1412.84411621
1413.62121582
1401.03234863
1418.79748535
1408.5135498
1402.24072266
1417.83459473
1413.83886719
1403.71813965
1393.59411621
1397.78735352
1413.60180664
1398.2857666
1398.7701416
1403.43835449
1398.56091309
1403.85473633
1408.67614746
1398.86047363
1403.69116211
1403.83239746
1403.75354004
1403.5982666
1388.84606934
1403.77380371
1403.18139648
1403.77624512
1413.36352539
1413.26245117
1393.8659668
1398.85876465
1403.86462402
1408.79833984
1408.7935791
1407.90515137
1407.70092773
1406.49023438
1398.76196289
1408.81604004
1402.61767578
1406.05187988
1413.78405762
1403.6763916
1393.81677246
1408.83764648
1400.16101074
1403.63024902
1403.61047363
1393.56811523
1403.38366699
1408.39709473
1403.77038574
1394.00585938
1408.8659668
1413.70581055
1408.84716797
1403.84240723
1398.71350098
1418.61279297
1407.4744873
1393.80480957
1408.70666504
1417.71984863
1413.80200195
1398.84448242
1398.83972168
1413.63964844
1388.67333984
1414.86499023
1403.765625
1423.30493164
1401.29626465
1403.84729004
1413.14379883
1398.84204102
1408.77636719
1393.63476562
1407.38085938
1398.79187012
1403.64538574
1403.81066895
1393.33728027
1398.53295898
1398.81433105
1408.78979492
1408.82495117
1413.18408203
1393.82873535
1398.82861328
1413.13378906
1408.84033203
1397.40197754
1403.82922363
1413.8572998
1403.0793457
1403.75146484
1403.5645752
1408.53320312
1418.01171875
1408.63635254
1413.79394531
1413.7097168
1388.6081543
1398.72033691
1403.54174805
1393.02001953
1421.75817871
1403.69799805
1398.80944824
1423.85119629
1403.37927246
1402.03808594
1403.78588867
1408.34069824
1407.10192871
1403.86499023
1421.22961426
1408.75805664
1393.49450684
1408.82055664
1408.69995117
1398.27612305
1402.90136719
1388.62890625
1403.7467041
1408.11218262
1403.31201172
1403.78894043
1398.73864746
1407.33630371
1408.78125
1408.52331543
1398.37988281
1403.07495117
1398.86425781
1407.52880859
1392.75671387
1409.54528809
1405.31506348
1408.73864746
1402.97521973
1393.85412598
1403.85205078
1396.61254883
1412.26708984
1413.90344238
1403.85083008
1413.19897461
1418.39880371
1398.73632812
1423.83251953
1418.68481445
1396.90234375
1387.84020996
1413.41027832
1403.77038574
1403.81237793
1417.44299316
1403.69030762
1413.83569336
1393.26184082
1393.68212891
1403.8527832
1398.17614746
1408.73449707
1408.86450195
1408.64453125
1403.77697754
1403.84362793
1408.82971191
1403.20410156
1392.38330078
1408.72253418
1386.1862793
1428.79406738
1413.8326416
1393.38635254
1413.15527344
1421.59680176
1398.8581543
1406.83300781
1422.57324219
1418.67016602
1408.37597656
1413.69140625
1398.83300781
1408.82458496
1413.7565918
1417.88671875
1408.39013672
1408.69604492
1401.77294922
1403.7869873
1407.24206543
1412.6159668
1408.69299316
1403.0769043
1407.04638672
1412.5447998
1403.00378418
1403.83862305
1411.29675293
1408.60754395
1386.13208008
1398.86376953
1393.78881836
1413.69714355
1408.80627441
1403.74816895
1403.77209473
1393.73681641
1398.80383301
1403.63256836
1393.06713867
1401.95373535
1420.15893555
1413.73620605
1398.80822754
1418.75537109
1383.95922852
1421.22619629
1393.81555176
1412.55627441
1403.82800293
1403.85107422
1398.64001465
1403.73950195
1398.75024414
1408.85754395
1407.70629883
1398.83325195
1418.84558105
1413.77038574
1396.46520996
1398.76733398
1393.7545166
1403.66711426
1401.97692871
1413.86071777
1413.57470703
1413.78540039
1408.84448242
1403.72924805
1413.83642578
1418.78845215
1408.48596191
1400.66882324
1393.7689209
1398.83874512
1413.85925293
1413.86633301
1393.8326416
1398.8359375
1418.83972168
1408.83154297
1393.55847168
1386.17810059
1418.59924316
1402.35266113
1398.82019043
1403.45361328
1403.74121094
1403.81872559
1402.88684082
1398.29797363
1418.81872559
1398.8347168
1418.72766113
1403.79162598
1408.26135254
1403.74133301
1413.66662598
1408.78149414
1407.76867676
1417.07019043
1408.81506348
1408.81713867
1398.60632324
1388.85510254
1412.41015625
1401.57788086
1408.75732422
1413.78894043
1418.83691406
1421.91870117
1428.7869873
1413.49645996
1408.67175293
1398.8416748
1403.09716797
1418.76293945
1407.40075684
1413.64855957
1413.12121582
1397.64709473
1409.48498535
1403.6854248
1408.53515625
1413.21630859
1413.35632324
1408.84313965
1408.57629395
1391.92944336
1413.64282227
1408.76647949
1393.82312012
1408.38684082
1413.83728027
1413.14672852
1398.78393555
1403.85656738
1398.82348633
1398.51464844
1408.84362793
1408.81799316
1408.83886719
1416.33349609
1413.82519531
1408.8392334
1403.0390625
1398.77368164
1408.55175781
1402.13037109
1413.58984375
1408.80883789
1408.82543945
1417.71850586
1398.83813477
1393.41125488
1408.8458252
1413.83630371
1403.78564453
1417.36462402
1412.55432129
1401.09362793
1412.47839355
1413.4119873
1418.8572998
1412.87915039
1403.45568848
1413.84387207
1398.18115234
1408.703125
1412.86096191
1397.66271973
1403.42456055
1412.72814941
1403.76977539
1408.66552734
1418.86096191
1408.83093262
1398.4276123
1393.7088623
1403.85705566
1393.71166992
1403.03149414
1408.8470459
1408.4197998
1413.49719238
1413.82299805
1418.82006836
1413.84240723
1408.80761719
1408.75219727
1403.82824707
1408.67248535
1423.70788574
1405.88171387
1407.75891113
1417.62988281
1393.6505127
1403.71899414
1401.77001953
1403.37097168
1393.36584473
1413.82067871
1393.58117676
1393.8314209
1403.6105957
1413.44067383
1392.9173584
1408.67626953
1404.765625
1413.67443848
1403.79406738
1403.7421875
1401.2421875
1408.24182129
1403.61291504
1398.859375
1397.95666504
1413.7130127
1403.6394043
1408.6932373
1398.30737305
1388.15759277
1413.83911133
1411.4699707
1403.54931641
1408.4362793
1408.5826416
1402.30090332
1413.8203125
1403.56933594
1398.86608887
1403.81921387
1408.62536621
1408.61584473
1413.51611328
1406.51965332
1412.75744629
1411.41259766
1403.82019043
1413.83972168
1393.05664062
1408.71069336
1398.28442383
1418.15551758
1393.81018066
1408.86303711
1408.48352051
1402.40161133
1408.59375
1403.73181152
1408.52404785
1407.08215332
1403.64465332
1407.53857422
1381.21960449
1402.94482422
1383.84753418
1403.82080078
1398.55029297
1392.75634766
1410.70483398
1403.19348145
1411.55786133
1423.83349609
1403.80187988
1398.84338379
1398.42736816
1408.19335938
1403.03833008
1413.86413574
1418.7545166
1411.37683105
1413.71203613
1403.75878906
1393.15454102
1408.86218262
1398.8536377
1393.79650879
1418.77197266
1408.75744629
1398.76367188
1413.68994141
1398.57116699
1398.85974121
1403.20373535
1398.72790527
1423.68798828
1393.453125
1393.76525879
1408.81982422
1417.96887207
1428.43383789
1388.4744873
1408.63305664
1413.44335938
1403.54296875
1402.65600586
1403.60375977
1403.55395508
1428.25366211
1398.8326416
1393.62011719
1402.02844238
1398.65905762
1396.671875
1408.29919434
1408.7989502
1388.68115234
1418.49707031
1412.90429688
1403.76184082
1413.40600586
1413.85351562
1418.75500488
1423.38085938
1398.84155273
1408.84570312
1393.68530273
1413.85180664
1413.76513672
1418.36584473
1431.97192383
1403.79577637
1408.71557617
1397.74194336
1408.63500977
1398.85229492
1403.84729004
1417.83459473
1412.51525879
1416.44689941
1408.80859375
1408.0213623
1407.63452148
1402.9017334
1403.83935547
1403.83862305
1413.77453613
1393.84423828
1388.85510254
1411.01281738
1387.9822998
1403.83666992
1413.63659668
1393.35583496
1413.76013184
1412.87329102
1408.85046387
1398.78894043
1408.70581055
1418.68579102
1408.71789551
1408.76782227
1388.85839844
1403.36755371
1403.61303711
1403.8359375
1393.17663574
1408.03100586
1403.84423828
1407.99865723
1403.7109375
1413.21679688
1388.8326416
1410.1496582
1413.86657715
1417.36706543
1413.84338379
1401.87255859
1391.88903809
1398.32702637
1403.48828125
1403.70129395
1398.71459961
1413.37084961
1408.85131836
1405.83154297
1412.99938965
1413.23376465
1418.35229492
1398.73571777
1398.85888672
1418.60339355
1398.5378418
1398.86364746
1398.51269531
1403.79455566
1403.59912109
1393.86193848
1393.74475098
1418.85668945
1411.95141602
1398.82702637
1403.80163574
1403.49108887
1418.81018066
1408.29077148
1412.01879883
1393.32202148
1403.68493652
1413.72338867
1413.8092041
1408.77587891
1404.23828125
1422.16955566
1392.24291992
1393.84338379
1394.35192871
1393.73217773
1393.50048828
1402.95043945
1428.78039551
1398.76135254
1413.80053711
1392.90307617
1408.76086426
1413.57751465
1403.82385254
1403.82592773
1393.68969727
1415.94750977
1408.48608398
1393.32116699
1378.85266113
1418.59912109
1408.80236816
1394.82312012
1403.69299316
1393.70776367
1403.64233398
1408.78210449
1413.27661133
1402.25683594
1413.75842285
1403.57373047
1418.68408203
1407.59509277
1408.83105469
1403.78540039
1408.85046387
1398.84875488
1393.84033203
1398.84313965
1398.65930176
1413.85839844
1403.14416504
1403.66723633
1403.77514648
1418.69763184
1408.57104492
1413.78625488
1408.77832031
1413.45544434
1408.86401367
1408.68859863
1418.83728027
1415.30358887
1398.78259277
1408.19482422
1418.85351562
1403.53405762
1408.7824707
1403.82128906
1407.83178711
1412.32543945
1405.8638916
1388.56677246
1398.27844238
1408.04870605
1398.68334961
1412.97180176
1403.79382324
1428.74780273
1408.26220703
1418.82067871
1416.72119141
1393.74475098
1408.43481445
1417.75756836
1403.74816895
1422.17468262
1393.85375977
1406.54443359
1403.15344238
1403.86572266
1398.7833252
1403.61730957
1393.01403809
1408.72094727
1403.86291504
1398.8104248
1408.45861816
1398.73474121
1408.5567627
1418.80432129
1409.76489258
1413.86303711
1396.71630859
1408.7265625
1408.7532959
1413.23754883
1418.74719238
1408.82641602
1413.8425293
1403.28198242
1413.63305664
1393.86669922
1413.80639648
1398.67321777
1413.77404785
1392.88513184
1408.76403809
1413.69128418
1418.84655762
1418.35510254
1422.64880371
1403.86352539
1413.41552734
1423.2265625
1393.82067871
1418.66601562
1413.05065918
1404.46289062
1408.74865723
1398.00622559
1403.82739258
1393.67126465
1407.82116699
1408.85595703
1408.74743652
1393.78186035
1398.79101562
1408.75939941
1398.38110352
1403.71411133
1408.80517578
1408.86584473
1415.28820801
1423.7833252
1403.74304199
1403.85510254
1398.60595703
1397.77453613
1403.64575195
1398.83618164
1403.72155762
1403.81726074
1408.31408691
1413.10986328
1423.77050781
1398.79199219
1412.90966797
1417.49658203
1403.83032227
1408.82922363
1412.85144043
1405.58276367
1393.80395508
1418.20617676
1398.86132812
1398.61535645
1397.89086914
1413.62890625
1413.58007812
1408.81945801
1418.16687012
1387.3614502
1410.38305664
1403.85705566
1406.75964355
1420.96374512
1402.87902832
1413.74475098
1413.80371094
1408.82080078
1398.83605957
1408.62902832
1383.7434082
1428.83251953
1405.72973633
1408.85083008
1403.72033691
1413.80444336
1408.33251953
1418.67724609
1408.69433594
1408.68188477
1403.48937988
1408.84875488
1413.75109863
1403.74072266
1398.84411621
1418.03771973
1401.90905762
1413.86120605
1413.83569336
1403.36804199
1413.34228516
1398.70812988
1404.96875
1403.58374023
1416.25390625
1388.79919434
1410.40795898
1408.76330566
1398.85705566
1423.06274414
1408.67919922
1408.85632324
1403.86450195
1403.31213379
1398.84033203
1403.79663086
1402.93493652
1408.44116211
1403.58618164
1393.76074219
1408.73913574
1395.72827148
1418.69372559
1398.81323242
1417.13635254
1405.43640137
1413.32751465
1418.78540039
1398.80285645
1393.86083984
1403.75439453
1393.60583496
1398.86022949
1393.49291992
1413.42956543
1408.57421875
1408.86120605
