2821.76391602
2837.63452148
2822.43896484
2852.16577148
2817.14453125
2842.67529297
2822.38989258
2817.37133789
2807.5168457
2812.67700195
2792.33422852
2822.66674805
2827.59155273
2837.47167969
2812.27075195
2806.56469727
2827.65625
2827.39575195
2827.49169922
2817.61279297
2817.62011719
2827.58251953
2812.6472168
2837.63183594
2827.64868164
2807.11914062
2812.24047852
2827.65942383
2815.62915039
2802.61474609
2827.65039062
2811.51245117
2822.10766602
2817.63183594
2817.59985352
2822.63745117
2799.84692383
2822.61865234
2832.56347656
2812.64135742
2812.49316406
2837.10180664
2822.6574707
2822.40771484
2817.51464844
2821.63769531
2811.98022461
2817.66748047
2817.61572266
2812.27270508
2831.08300781
2811.38452148
2817.62597656
2827.60644531
2801.30541992
2832.67626953
2827.59545898
2827.64990234
2812.52294922
2822.59545898
2832.56347656
2802.55249023
2812.6159668
2832.671875
2812.50268555
2796.90380859
2822.6262207
2827.66821289
2847.24145508
2817.25366211
2812.66894531
2822.56420898
2822.16894531
2817.38500977
2822.50878906
2812.67895508
2817.54589844
2822.53027344
2817.40014648
2827.02880859
2837.65185547
2812.2800293
2827.43212891
2822.43359375
2812.34448242
2817.44897461
2822.52441406
2837.23608398
2812.68041992
2827.39257812
2832.33154297
2817.53100586
2815.28735352
2832.46606445
2812.49584961
2812.65869141
2797.63745117
2816.859375
2822.68237305
2812.65112305
2817.61474609
2822.67749023
2806.75244141
2807.66918945
2807.33447266
2837.17529297
2822.1003418
2822.52246094
2811.20556641
2821.74853516
2827.40966797
2807.51245117
2821.26342773
2832.22338867
2827.56958008
2827.64550781
2842.52709961
2815.78759766
2832.57836914
2797.31811523
2817.62719727
2837.06738281
2832.48657227
2811.63134766
2807.12988281
2802.60400391
2825.59155273
2807.53100586
2815.93652344
2805.36499023
2832.13500977
2797.67700195
2817.65283203
2832.40527344
2817.45385742
2832.6171875
2807.67480469
2832.67773438
2811.73071289
2817.64135742
2837.28735352
2822.62402344
2807.67211914
2807.61376953
2827.25488281
2831.63110352
2817.65185547
2807.59960938
2825.8359375
2837.68237305
2806.08837891
2837.64990234
2817.26049805
2832.43920898
2832.03222656
2822.65209961
2807.54931641
2827.62744141
2812.53662109
2832.5703125
2830.08740234
2787.38745117
2807.58740234
2812.56860352
2842.41748047
2786.91650391
2837.5480957
2837.29248047
2821.84301758
2817.12426758
2832.61108398
2812.6574707
2812.65893555
2817.5144043
2827.64135742
2831.90136719
2822.42871094
2806.94042969
2805.35180664
2797.20361328
2822.27832031
2825.59228516
2817.62963867
2817.63769531
2827.57617188
2827.58764648
2821.83349609
2822.609375
2817.62158203
2802.49560547
2827.64550781
2837.67773438
2807.12548828
2834.16259766
2831.73925781
2806.7109375
2827.58203125
2812.14306641
2792.34228516
2832.453125
2817.6784668
2812.30322266
2832.26220703
2822.50024414
2817.66943359
2829.54272461
2787.37475586
2827.5222168
2812.33178711
2826.78979492
2822.50097656
2812.53149414
2831.50073242
2832.22802734
2827.14282227
2827.6484375
2827.12036133
2827.30444336
2836.32275391
2827.10986328
2812.60424805
2812.12915039
2817.46655273
2821.83984375
2787.63867188
2817.65795898
2816.92626953
2817.61791992
2832.6262207
2826.85205078
2822.63134766
2822.29321289
2816.93579102
2822.08740234
2817.52026367
2832.5949707
2822.63476562
2832.36791992
2797.24609375
2847.5378418
2812.12036133
2817.6003418
2836.47314453
2830.80517578
2821.08081055
2841.73339844
2837.66210938
2822.59912109
2837.54467773
2832.38110352
2827.22119141
2807.64282227
2802.59936523
2811.38891602
2812.64379883
2812.52319336
2816.92749023
2850.18066406
2817.63647461
2806.17456055
2802.57226562
2807.64111328
2812.66967773
2825.50463867
2837.24047852
2822.62744141
2817.22045898
2827.53662109
2812.62426758
2832.65844727
2822.359375
2827.54736328
2836.94213867
2832.6340332
2832.62890625
2822.64477539
2822.45654297
2805.13647461
2807.66845703
2812.57299805
2807.48803711
2827.67651367
2817.52050781
2822.60375977
2812.59838867
2832.1394043
2817.23974609
2822.58178711
2815.31884766
2807.63964844
2840.9206543
2810.99755859
2847.67749023
2832.31591797
2802.28295898
2812.57226562
2807.65136719
2831.96557617
2832.63818359
2798.07470703
2804.10253906
2812.57324219
2836.82470703
2812.63989258
2802.5625
2822.63647461
2827.45239258
2802.28271484
2832.63696289
2842.41503906
2811.36254883
2802.67407227
2817.33764648
2800.98535156
2836.30786133
2822.50756836
2832.42236328
2806.18847656
2817.63452148
2832.36694336
2846.11499023
2797.14770508
2821.33154297
2802.41748047
2846.96923828
2797.20727539
2822.45996094
2807.4519043
2802.58789062
2802.22680664
2827.6027832
2827.56713867
2802.59838867
2822.19018555
2827.39868164
2807.3190918
2817.37524414
2797.66625977
2813.84423828
2837.61938477
2802.62573242
2827.51928711
2832.02563477
2807.64892578
2817.49365234
2812.64453125
2822.24487305
2832.28344727
2832.68188477
2807.56054688
2827.59375
2792.57714844
2832.67626953
2816.90698242
2817.05224609
2821.76196289
2827.09326172
2821.08129883
2822.63623047
2832.5078125
2817.61743164
2832.54443359
2801.95263672
2827.51049805
2809.46069336
2817.54003906
2831.70288086
2807.54858398
2827.21777344
2822.25195312
2832.23339844
2832.62915039
2807.40429688
2827.47338867
2822.66064453
2822.56591797
2822.64990234
2816.09765625
2815.95483398
2822.63574219
2817.63793945
2826.91113281
2822.49121094
2812.66699219
2807.31054688
2811.99902344
2807.58911133
2822.65283203
2806.23168945
2817.63818359
2822.39086914
2827.45043945
2807.66601562
2842.48535156
2842.62280273
2812.5222168
2842.60424805
2842.60595703
2822.54760742
2797.66333008
2836.83984375
2796.16210938
2826.33740234
2817.64526367
2827.57617188
2830.72436523
2822.12011719
2792.57275391
2812.36474609
2822.18237305
2817.68115234
2812.37768555
2791.10400391
2802.40380859
2812.41625977
2822.38500977
2827.04711914
2837.64624023
2806.39477539
2787.67602539
2822.42700195
2812.65551758
2826.60131836
2797.27001953
2811.74462891
2812.61938477
2806.46801758
2832.15039062
2826.96411133
2822.35009766
2821.90966797
2842.32495117
2832.65722656
2825.63696289
2817.66821289
2812.51757812
2827.54736328
2822.68066406
2817.51782227
2832.421875
2836.54614258
2807.48120117
2817.66479492
2822.54907227
2812.32641602
2801.07421875
2832.67602539
2822.65136719
2812.29370117
2837.28857422
2832.31494141
2797.62744141
2802.34472656
2805.66430664
2846.72509766
2812.48730469
2822.58178711
2802.39916992
2812.15112305
2827.66308594
2827.67407227
2857.59887695
2817.62060547
2807.06933594
2832.65258789
2817.28051758
2792.55444336
2826.56103516
2815.95239258
2832.41088867
2818.02514648
2827.63818359
2812.55981445
2802.47216797
2822.63427734
2821.5012207
2825.16186523
2817.64111328
2841.57666016
2827.41967773
2817.35351562
2846.76049805
2811.78125
2821.08276367
2822.66503906
2831.53466797
2821.01708984
2817.66943359
2817.57446289
2842.36499023
2807.25683594
2822.37060547
2836.42675781
2812.54931641
2846.72412109
2826.40820312
2812.66723633
2835.76611328
2827.47607422
2816.96289062
2807.05322266
2810.47851562
2847.47314453
2842.67553711
2812.4609375
2807.53930664
2822.64428711
2821.9543457
2817.58203125
2817.11547852
2827.50048828
2827.61645508
2827.54663086
2832.33740234
2817.60864258
2837.52539062
2837.10302734
2829.81396484
2837.12524414
2797.60888672
2822.5078125
2842.67504883
2837.65649414
2847.4230957
2816.42919922
2802.60986328
2820.49414062
2832.2121582
2807.26831055
2827.46142578
2831.6105957
2807.4453125
2802.34960938
2827.58691406
2812.62353516
2822.40844727
2822.67407227
2827.59448242
2827.57617188
2797.53076172
2827.60791016
2821.89501953
2817.49145508
2812.60424805
2817.41699219
2837.46264648
2816.23950195
2799.38476562
2822.50585938
2817.09863281
2817.63354492
2825.91259766
2822.04150391
2817.32006836
2822.54370117
2817.33154297
2811.67773438
2817.54882812
2806.54321289
2822.43945312
2830.56469727
2837.20898438
2822.16162109
2832.07080078
2817.49536133
2812.59228516
2812.55834961
2826.26489258
2827.56225586
2812.37182617
2812.57421875
2805.53320312
2822.63208008
2817.1875
2826.93188477
2832.35498047
2817.62060547
2821.50341797
2827.56884766
2812.65454102
2792.109375
2812.52783203
2807.38208008
2846.70727539
2837.33056641
2822.59936523
2807.55639648
2817.22265625
2837.38452148
2827.11206055
2805.94897461
2847.50219727
2837.67163086
2837.57885742
2837.63012695
2822.64038086
2822.16210938
2792.21362305
2817.34179688
2812.50170898
2792.44921875
2802.66210938
2817.46582031
2837.58740234
2831.64770508
2793.3215332
2812.51293945
2822.39257812
2802.59521484
2810.3425293
2797.6652832
2842.05883789
2816.78662109
2827.65698242
2796.7121582
2822.61157227
2817.40551758
2822.48901367
2812.11694336
2822.3918457
2817.65917969
2832.09985352
2832.36254883
2812.25292969
2831.47802734
2827.31201172
2831.80541992
2822.62548828
2831.86791992
2827.62182617
2821.49389648
2822.63085938
2817.59350586
2817.54516602
2832.52001953
2816.30322266
2802.67358398
2831.38818359
2822.43920898
2832.24267578
2822.23852539
2837.46582031
2822.64697266
2817.6003418
2820.84082031
2811.85302734
2827.25561523
2822.03466797
2812.32080078
2839.51318359
2799.97143555
2806.02539062
2812.67333984
2822.67431641
2831.75952148
2826.76855469
2807.27709961
2812.4987793
2797.62719727
2820.48071289
2802.06616211
2810.81518555
2811.13427734
2832.68017578
2792.5690918
2832.48022461
2837.61547852
2811.14575195
2827.25927734
2817.6640625
2822.28393555
2837.56616211
2837.08203125
2822.36572266
2812.56225586
2806.79736328
2812.30932617
2821.60986328
2826.17993164
2827.21044922
2832.01391602
2812.67871094
2826.96289062
2825.79589844
2832.62695312
2817.67651367
2812.67553711
2821.7097168
2822.67138672
2826.56494141
2822.25854492
2807.55395508
2802.51538086
2811.78857422
2812.47631836
2817.2019043
2822.63623047
2815.57226562
2832.67749023
2825.84204102
2827.52734375
2822.6640625
2802.38891602
2827.48535156
2817.66381836
2797.65332031
2807.67675781
2832.67480469
2841.95776367
2816.67089844
2822.36132812
2817.49389648
2817.4921875
2827.35791016
2822.57104492
2822.45092773
2832.62939453
2802.19775391
2807.62646484
2817.55297852
2812.671875
2812.54833984
2790.13427734
2812.45166016
2815.53076172
2822.68237305
2822.09130859
2822.47753906
2821.07519531
2792.14013672
2812.66015625
2802.21972656
2822.36523438
2797.58251953
2822.58300781
2817.1003418
2812.64111328
2797.66943359
2802.41650391
2826.92675781
2807.4440918
2801.99145508
2822.55883789
2817.03540039
2827.47802734
2827.62524414
2827.26269531
2802.56665039
2842.63061523
2831.75708008
2827.02172852
2827.3828125
2822.19873047
2802.48388672
2832.20922852
2802.64355469
2827.32861328
2842.32275391
2827.62133789
2817.54785156
2822.54907227
2827.5168457
2821.74755859
2817.65795898
2801.11865234
2822.55102539
2832.5324707
2822.60058594
2821.69287109
2827.65771484
2806.98144531
2847.671875
2817.58422852
2825.35522461
2827.39379883
2807.64135742
2822.00439453
2807.53881836
2822.58569336
2812.64086914
2812.65356445
2821.734375
2816.86791992
2792.6784668
2826.4609375
2827.61132812
2837.59008789
2826.68334961
2808.26123047
2822.5703125
2832.57470703
2812.48876953
2826.515625
2837.52124023
2816.54125977
2822.31079102
2812.55737305
2827.61938477
2801.92016602
2822.61083984
2836.83422852
2823.80688477
2812.60400391
2817.60571289
2837.5144043
2797.66992188
2821.14355469
2782.57666016
2817.06738281
2821.89160156
2807.42944336
2817.65576172
2822.67602539
2826.35571289
2822.64477539
2832.25537109
2822.64257812
2807.59985352
2826.4675293
2817.27661133
2822.61206055
2805.72460938
2832.59912109
2831.30395508
2832.48022461
2817.40698242
2801.10546875
2818.31225586
2817.54321289
2807.6159668
2827.40893555
2837.203125
2826.58129883
2807.67944336
2847.58374023
2817.15258789
2807.61694336
2827.36889648
2832.57543945
2801.76757812
2817.66870117
2802.65820312
2812.18359375
2822.59985352
2817.60131836
2827.52832031
2790.91381836
2837.55615234
2822.48876953
2787.66870117
2817.52075195
2811.97314453
2827.66186523
2817.64428711
2802.66723633
2827.59692383
2832.6315918
2802.26196289
2817.47631836
2817.64941406
2802.63720703
2816.12475586
2817.58984375
2807.15771484
2807.50830078
2822.60522461
2840.09423828
2801.87060547
2827.4206543
2827.32885742
2817.3671875
2812.6484375
2817.31225586
2807.67700195
2812.45043945
2802.63720703
2842.51464844
2802.53930664
2806.68774414
2822.59887695
2832.43798828
2807.50463867
2807.671875
2807.62695312
2817.63745117
2832.61572266
2787.66870117
2837.6418457
2812.66430664
2802.59155273
2802.45751953
2807.65185547
2852.49829102
2812.62109375
2830.80712891
2822.17480469
2835.26220703
2817.32666016
2822.32006836
2817.67724609
2817.5847168
2812.55444336
2816.4921875
2821.65942383
2811.91210938
2831.11010742
2837.5402832
2827.54638672
2812.24414062
2817.66479492
2817.39306641
2832.6640625
2829.19702148
2817.46118164
2806.77954102
2807.31982422
2827.3034668
2817.49829102
2826.24682617
2823.22802734
2827.49438477
2836.89477539
2812.09130859
2802.20654297
2817.66235352
2822.03271484
2807.61279297
2847.56933594
2832.10791016
2811.66674805
2802.39746094
2807.38500977
2822.56713867
2812.63037109
2812.67993164
2802.58447266
2817.51220703
2827.66552734
2802.16235352
2827.64282227
2817.26245117
2837.30957031
2822.67749023
2822.25805664
2822.11425781
2847.59692383
2817.62792969
2821.58251953
2832.64990234
2810.48486328
2832.35009766
2837.58886719
2816.79125977
2807.60302734
2822.61254883
2812.34814453
2817.1862793
2806.48583984
2822.41894531
2807.5012207
2807.5402832
2822.60058594
2827.55102539
2827.55664062
2817.60253906
2812.52954102
2816.79492188
2816.54125977
2802.66430664
2817.67456055
2832.1940918
2837.67944336
2802.63745117
2837.22216797
2812.33349609
2831.04003906
2817.66455078
2820.01196289
2822.36816406
2807.66186523
2807.63989258
2802.26245117
2847.62036133
2791.02490234
2827.57592773
2802.38305664
2822.66772461
2809.91235352
2832.49121094
2802.50854492
2827.52416992
2816.3215332
2822.03979492
2817.20361328
2832.52563477
2822.17407227
2832.65649414
2832.66113281
2802.59448242
2842.40014648
2832.67260742
2817.39746094
2817.5690918
2827.66845703
2802.64282227
2812.60839844
2820.45556641
2794.12695312
2832.21948242
2802.48535156
2807.51171875
2802.61938477
2822.59423828
2822.13037109
2827.65869141
2827.52587891
2822.49291992
2822.45068359
2802.56933594
2796.59692383
2802.66577148
2802.55175781
2827.53442383
2837.62475586
2811.5559082
2792.47875977
2802.38476562
2817.27026367
2817.60644531
2802.02514648
2807.49975586
2817.47998047
2802.55249023
2827.53051758
2812.52978516
2832.6574707
2842.67602539
2826.81640625
2832.67480469
2822.6809082
2832.60009766
2821.86865234
2837.60546875
2826.35424805
2802.67163086
2832.66357422
2811.23828125
2817.57324219
2832.6628418
2822.44262695
2817.16601562
2820.14501953
2817.38842773
2817.18408203
2812.27880859
2817.51538086
2832.40429688
2812.30981445
2817.54125977
2802.57397461
2817.61474609
2842.24243164
2840.70556641
2812.61132812
2807.18823242
2811.89990234
2817.51269531
2837.33862305
2797.60083008
2801.58666992
2802.21875
2822.60302734
2832.10986328
2802.43945312
2822.52075195
2807.30102539
2817.29150391
2822.26196289
2822.4519043
2832.30615234
2827.20214844
2832.2199707
2822.63720703
2812.63500977
2822.62988281
2812.61206055
2832.02709961
2812.84838867
2827.59057617
2801.66650391
2812.68139648
2847.19628906
2807.42041016
2814.23632812
2822.07446289
2829.83349609
2806.45361328
2812.35913086
2822.58520508
2817.31884766
2821.05175781
2802.41992188
2812.52099609
2817.65014648
2822.48754883
2817.55957031
2812.58813477
2812.62011719
2802.14648438
2811.80126953
2791.57128906
2816.5534668
2837.32421875
2832.42431641
2817.26293945
2832.6730957
2807.68139648
2822.53833008
2797.5300293
2816.91235352
2832.4206543
2827.65332031
2822.65820312
2822.33227539
2812.60009766
2835.99560547
2817.67114258
2832.61376953
2812.63256836
2807.14208984
2812.46166992
2837.2578125
2837.34301758
2832.68237305
2807.48901367
2825.63427734
2817.44799805
2822.54614258
2822.22973633
2802.60546875
2812.67724609
2832.59741211
2827.63305664
2822.58447266
2822.43139648
2805.61938477
2812.22436523
2827.40405273
2797.68115234
2822.62182617
2812.84790039
2800.05957031
2802.57739258
2807.32763672
2805.59716797
2816.99731445
2842.54321289
2806.5012207
2807.40771484
2822.39697266
2816.92700195
2822.63525391
2812.55004883
2827.56762695
2822.63134766
2812.32836914
2822.65332031
2807.65063477
2817.63891602
2812.63305664
2822.5246582
2821.0234375
2836.07006836
2837.48779297
2822.0390625
2822.53613281
2842.57983398
2811.65112305
2816.24462891
2822.57983398
2836.48388672
2807.41748047
2832.12036133
2802.55102539
2831.79980469
2822.28515625
2812.609375
2827.31274414
2822.62573242
2807.19287109
2827.47265625
2832.59350586
2825.95336914
2827.49072266
2827.06225586
2837.61767578
2827.23413086
2817.32836914
2842.67431641
2807.6730957
2822.51953125
2807.59033203
2817.64135742
2826.35375977
2807.60546875
2827.64013672
2797.61474609
2812.44458008
2842.2746582
2827.17529297
2827.64892578
2827.66601562
2817.6418457
2807.6171875
2807.56201172
2802.36474609
2797.52954102
2827.64160156
2824.44067383
2817.47265625
2816.95288086
2821.98193359
2824.68798828
2827.67626953
2825.09985352
2821.85620117
2822.43188477
2832.64233398
2805.94799805
2827.375
2807.1171875
2797.63769531
2822.64208984
2806.98608398
2817.53808594
2845.61914062
2797.13745117
2811.92578125
2816.96362305
2822.52441406
2817.45922852
2822.12841797
2805.96826172
2822.56323242
2800.11987305
2817.50146484
2821.83300781
2811.39550781
2815.26513672
2807.48266602
2817.65405273
2812.33959961
2837.515625
2822.6171875
2817.2565918
2812.53100586
2807.68139648
2817.50341797
2817.37939453
2802.59179688
2812.4699707
2802.67431641
2817.55737305
2832.61328125
2808.43969727
2817.57006836
2812.61767578
2812.67651367
2826.9855957
2832.59716797
2792.4440918
2812.63476562
2806.44824219
2837.14672852
2817.51367188
2807.26269531
2827.17089844
2812.53393555
2817.17016602
2812.43554688
2807.33569336
2830.21459961
2850.48266602
2817.66040039
2822.61767578
2827.66186523
2816.7722168
2820.67578125
2832.66357422
2797.50976562
2822.51806641
2812.60595703
2822.12182617
2832.6394043
2832.44091797
2802.64868164
2802.22436523
2832.51464844
2802.62011719
2836.91772461
2827.41357422
2827.40991211
2822.6496582
2822.375
2822.59912109
2801.72485352
2802.6394043
2825.65673828
2807.59887695
2827.60009766
2811.90087891
2817.67578125
2797.31982422
2837.24975586
2827.58276367
2812.56884766
2816.72192383
2827.61645508
2817.0390625
2821.47949219
2807.36352539
2817.49633789
2827.54882812
2837.44335938
2831.15234375
2822.53295898
2807.14477539
2797.53979492
2832.09814453
2800.99584961
2832.29248047
2811.98632812
2817.67871094
2797.63745117
2792.48681641
2835.50756836
2807.625
2812.67773438
2812.24780273
2817.61645508
2790.52587891
2831.23510742
2827.53417969
2826.60327148
2782.54199219
2817.62573242
2830.61865234
2798.66577148
2827.65673828
2807.56347656
2827.28759766
2837.51147461
2812.08789062
2832.28735352
2832.43334961
2817.60302734
2817.64599609
2792.5847168
2812.68041992
2822.20727539
2827.11132812
2807.65600586
2812.58520508
2822.68212891
2827.53808594
2806.6862793
2816.81542969
2827.48950195
2814.63256836
2807.61914062
2807.47509766
2817.11303711
2832.64648438
2836.15307617
2817.64501953
2776.58154297
2832.50805664
2847.46850586
2837.56811523
2812.67651367
2841.51293945
2817.63989258
2812.67382812
2796.921875
2827.59155273
2842.62597656
2816.61767578
2822.59814453
2832.56445312
2817.20849609
2816.39379883
2836.71362305
2802.5456543
2827.66137695
2826.26416016
2807.29101562
2836.49487305
2811.4597168
2822.42041016
2832.65112305
2842.12182617
2822.60498047
2817.50512695
2827.66479492
2812.68139648
2812.65380859
2827.50732422
2817.3293457
2827.6015625
2817.29711914
2837.46484375
2842.24047852
2826.92333984
2826.99902344
2807.60473633
2832.18310547
2817.67138672
2811.76049805
2817.62866211
2807.64941406
2827.42089844
2822.62866211
2812.25
2802.03833008
2842.66113281
2807.65161133
2826.82397461
2817.53417969
2812.3762207
2812.58203125
2826.88208008
2807.58496094
2822.57421875
2811.07519531
2837.11450195
2821.50390625
2822.63745117
2821.98486328
2807.60839844
2802.59277344
2807.5012207
2797.31152344
2812.18725586
2807.48657227
2817.36376953
2817.67675781
2825.52416992
2817.59179688
2812.19091797
2837.07446289
2797.35595703
2791.43334961
2822.62695312
2807.58862305
2821.71240234
2827.54711914
2827.64746094
2822.67504883
2817.67529297
2817.56591797
2812.62304688
2842.65893555
2826.16943359
2827.54638672
2827.48510742
2815.5246582
2827.47802734
2802.3581543
2827.66088867
2814.453125
2817.51074219
2821.32226562
2802.37451172
2787.62402344
2812.27661133
2832.40869141
2822.48095703
2807.44213867
2847.44995117
2812.63330078
2827.67578125
2831.89990234
2837.34594727
2837.6159668
2822.59277344
2801.87866211
2807.62792969
2817.51025391
2816.58496094
2832.625
2812.58081055
2837.64282227
2832.14526367
2822.66821289
2827.66992188
2807.46289062
2831.4753418
2856.81323242
2847.54345703
2818.58837891
2817.65283203
2847.66381836
2812.05200195
2807.45996094
2807.67749023
2787.63134766
2814.2902832
2812.64086914
2822.64477539
2807.6237793
2841.10620117
2827.5378418
2822.44482422
2822.59716797
2817.52832031
2822.64453125
2802.31665039
2807.59301758
2812.51928711
2837.14526367
2822.64550781
2827.67626953
2817.30957031
2807.49316406
2812.63500977
2812.65454102
2817.6184082
2845.63598633
2812.14013672
2811.68823242
2844.73413086
2794.20703125
2811.81762695
2807.57373047
2812.55957031
2812.66870117
2817.36181641
2817.65161133
2827.64941406
2807.29858398
2807.59692383
2822.66381836
2807.4699707
2816.39111328
2822.10253906
2812.64135742
2817.33837891
2812.24902344
2807.06958008
2817.26293945
2802.33447266
2837.64794922
2812.59912109
2822.14648438
2822.21118164
2817.62060547
2837.56713867
2807.66503906
2812.65185547
2832.55932617
2827.46020508
2817.45214844
2797.67773438
2812.57739258
2832.53564453
2827.45483398
2816.84765625
2797.23974609
2822.29931641
2816.40014648
2827.57226562
2812.67138672
2811.83789062
2816.83959961
2807.57617188
2812.46240234
2829.27392578
2832.50024414
2822.39135742
2831.38720703
2825.19213867
2827.42016602
2827.27368164
2832.2265625
2812.65429688
2825.75073242
2808.87353516
2836.90869141
2802.10327148
2837.60717773
2826.80639648
2806.52514648
2812.50268555
2837.49926758
2817.47851562
2827.67114258
2821.40478516
2837.45800781
2822.67358398
2832.08544922
2826.76049805
2807.20483398
2832.52294922
2822.43310547
2817.52929688
2822.11572266
2822.26757812
2822.44921875
2817.49291992
2811.71240234
2807.61035156
2806.12988281
2822.64819336
2828.71435547
2817.31958008
2822.66845703
2827.52978516
2802.62036133
2817.30883789
2847.49267578
2817.26635742
2817.66577148
2822.68212891
2827.63549805
2796.95336914
2807.53466797
2826.59179688
2807.21191406
2827.66870117
2811.93652344
2832.58056641
2827.62695312
2812.65380859
2817.67749023
2822.50219727
2812.67285156
2801.36010742
2817.40893555
2822.44433594
2812.56884766
2807.14379883
2806.74438477
2797.29199219
2805.29638672
2811.59521484
2822.61743164
2822.60107422
2802.45898438
2804.92211914
2836.50463867
2797.52050781
2816.97705078
2817.640625
2840.70727539
2812.42651367
2817.27636719
2817.60498047
2792.54956055
2827.22070312
2827.58154297
2802.66699219
2812.63769531
2817.51855469
2817.59008789
2802.51538086
2817.6640625
2822.42480469
2817.13598633
2817.56835938
2827.26611328
2817.10986328
2827.52880859
2802.36425781
2802.57714844
2806.02441406
2836.47851562
2811.84179688
2822.35546875
2817.46166992
2812.2878418
2832.45141602
2812.5637207
2825.77197266
2826.68164062
2822.31152344
2822.59057617
2817.26220703
2852.24902344
2822.57519531
2831.44946289
2802.3828125
2821.80297852
2812.63476562
2832.64990234
2827.67993164
2820.93481445
2832.64697266
2805.06591797
2836.47827148
2805.63085938
2826.65307617
2802.53295898
2827.4765625
2787.35913086
2831.75830078
2822.46411133
2807.48168945
2812.61206055
2826.54394531
2837.32568359
2837.67016602
2816.67919922
2837.6328125
2812.13842773
2807.28417969
2817.24584961
2812.25
2811.94970703
2847.51782227
2827.67211914
2822.63891602
2807.32910156
2802.06591797
2822.35009766
2815.67358398
2837.51660156
2826.96411133
2817.66943359
2817.42407227
2822.4440918
2827.65112305
2802.4440918
2802.09570312
2817.57177734
2828.54785156
2822.37426758
2802.62646484
2802.22143555
2827.6628418
2832.67407227
2837.65917969
2785.85107422
2822.55078125
2807.65917969
2817.60791016
2817.47241211
2802.6328125
2820.67724609
2797.49731445
2816.65136719
2807.42016602
2802.62182617
2807.3347168
2812.47216797
2817.40600586
2822.64648438
2817.58789062
2827.62255859
2807.56933594
2822.6652832
2832.47241211
2816.92163086
2802.53808594
2807.23022461
2832.15136719
2801.31396484
2825.61621094
2807.56640625
2802.55737305
2807.58276367
2812.65844727
2817.60205078
2822.62426758
2812.53051758
2807.53881836
2832.53320312
2802.57104492
2827.64819336
2821.00292969
2832.4128418
2808.01660156
2822.62817383
2822.21948242
2816.84228516
2827.61694336
2812.52319336
2832.66088867
2837.48950195
2816.87280273
2816.83056641
2832.64428711
2806.640625
2797.49267578
2842.25439453
2837.67114258
2812.57275391
2842.47094727
2852.66064453
2812.63256836
2817.59057617
2826.99169922
2807.53759766
2807.6171875
2826.65869141
2827.64013672
2817.59448242
2815.17871094
2806.76147461
2817.59301758
2822.58886719
2822.66552734
2797.67407227
2832.51367188
2832.47924805
2812.37280273
2802.47875977
2812.50585938
2821.67553711
2837.35839844
2827.5715332
2802.50756836
2801.32861328
2797.66577148
2812.60766602
2821.69189453
2817.21533203
2807.54101562
2827.26513672
2806.58251953
2817.54052734
2806.16186523
2827.6706543
2837.34399414
2822.56445312
2836.91308594
2820.11865234
2817.63623047
2815.14672852
2815.6496582
2832.62353516
2832.68237305
2822.6171875
2826.45117188
2817.00976562
2832.22729492
2832.53320312
2807.66943359
2805.70776367
2827.40478516
2832.49462891
2836.40161133
2797.60107422
2816.35058594
2812.66455078
2817.25024414
2840.44360352
2837.4921875
2847.58935547
2817.61450195
2817.66162109
2802.34814453
2842.28125
2822.66625977
2812.63696289
2827.42407227
2812.63989258
2827.46826172
2832.30493164
2816.79345703
2807.6784668
2832.31762695
2842.29882812
2812.47631836
2802.62231445
2807.44067383
2827.05297852
2807.56542969
2832.47900391
2837.04101562
2821.32373047
2802.46704102
2812.55175781
2827.40576172
2832.390625
2817.29394531
2822.68041992
2817.62084961
2807.63183594
2827.66699219
2817.546875
2822.59936523
2826.04125977
2812.67382812
2821.86157227
2841.61694336
2827.37646484
2837.53271484
2822.22143555
2812.64111328
2802.67919922
2816.48974609
2827.59814453
2817.48144531
2809.68530273
2829.11572266
2827.60986328
2817.03759766
2832.48925781
2831.9440918
2811.05004883
2802.46630859
2837.36303711
2822.24926758
2794.12109375
2832.44213867
2832.52539062
2807.48925781
2797.6237793
2821.04589844
2807.52124023
2817.41748047
2837.47387695
2832.43408203
2816.39746094
2807.55200195
2832.65844727
2827.55639648
2822.27587891
2825.76220703
2816.95996094
2832.68164062
2802.31860352
2827.44262695
2832.64501953
2837.27124023
2812.65234375
2812.43310547
2826.26342773
2807.64477539
2832.67529297
2787.63745117
2817.68261719
2837.45874023
2826.4465332
2842.67163086
2827.35717773
2817.66772461
2812.14428711
2822.55053711
2827.47827148
2817.64794922
2822.49487305
2842.51000977
2837.37084961
2822.59912109
2821.84130859
2811.32299805
2817.67993164
2812.53857422
2807.65380859
2842.4152832
2807.65673828
2826.71630859
2792.66333008
2817.65136719
2821.92285156
2812.08447266
2836.65869141
2821.0324707
2827.67919922
2822.53149414
2817.57250977
2842.61352539
2807.66015625
2852.671875
2826.82250977
2807.04150391
2817.67260742
2807.57299805
2837.67114258
2816.93969727
2817.63134766
2804.71142578
2817.61889648
2812.68188477
2822.65112305
2815.91748047
2842.40600586
2822.37548828
2832.12109375
2826.81420898
2817.5769043
2797.64941406
2812.39819336
2807.52905273
2822.5144043
2827.08496094
2832.68212891
2812.57324219
2831.82543945
2812.54296875
2822.39868164
2801.79418945
2807.62744141
2807.62451172
2807.39648438
2817.62060547
2837.60522461
2812.55615234
2806.70385742
2836.55834961
2820.265625
2837.35009766
2842.60058594
2817.63256836
2812.44921875
2817.43896484
2818.86645508
2832.40893555
2832.64013672
2802.51586914
2842.58325195
2827.34692383
2806.77294922
2822.6496582
2817.65063477
2812.43920898
2807.6105957
2837.67993164
2837.2331543
2807.24511719
2826.46801758
2813.69555664
2832.04394531
2812.62573242
2797.55444336
2812.64208984
2826.87255859
2822.52026367
2802.67211914
2802.33642578
2842.00048828
2831.38793945
2817.54785156
2807.61474609
2801.37963867
2802.51489258
2817.65380859
2812.31542969
2802.49682617
2807.3125
2827.61816406
2817.55859375
2817.58154297
2817.41992188
2832.03344727
2832.57836914
2802.56005859
2830.359375
2811.95117188
2812.29321289
2812.56616211
2801.85009766
2797.65966797
2792.67553711
2827.64648438
2837.57641602
2827.35131836
2821.72998047
2804.94946289
2837.1496582
2806.66479492
2822.11621094
2812.65039062
2817.37158203
2822.3215332
2827.16894531
2832.5144043
2807.65307617
2841.66894531
2790.78076172
2812.26464844
2832.52416992
2827.68139648
2812.37890625
2802.45507812
2797.54101562
2831.76269531
2821.23461914
2826.84423828
2832.27172852
2807.63867188
2822.59155273
2832.62084961
2797.57788086
2827.54223633
2812.13647461
2817.67651367
2817.66601562
2817.55395508
2812.64379883
2812.65795898
2807.58935547
2832.56298828
2822.63916016
2822.34277344
2832.45800781
2817.65185547
2812.27392578
2797.08300781
2822.32568359
2851.42333984
2817.67504883
2851.80004883
2807.67871094
2832.65820312
2817.47167969
2812.56713867
2802.09350586
2812.4465332
2802.39672852
2796.83056641
2801.72607422
2822.66699219
2822.1081543
2822.23364258
2817.52807617
2832.61499023
2827.62744141
2837.5769043
2802.50341797
2827.42016602
2832.56640625
2817.421875
2822.50292969
2802.62255859
2827.17773438
2822.37768555
2832.24047852
2822.39282227
2817.52758789
2807.51879883
2802.54589844
2821.72851562
2817.51879883
2822.41064453
2832.42675781
2822.6105957
2822.33105469
2837.65795898
2811.97241211
2802.67114258
2821.81689453
2836.00634766
2817.65161133
2817.39501953
2817.63037109
2827.62133789
2837.62109375
2822.67407227
2812.63793945
2817.33666992
2837.65429688
2812.65136719
2807.25537109
2822.65673828
2812.55981445
2827.05859375
2797.58154297
2807.6496582
2816.16479492
2837.58862305
2837.19140625
2817.67944336
2832.40551758
2802.5144043
2822.39941406
2832.49389648
2797.63110352
2817.47900391
2807.66503906
2840.10595703
2837.18066406
2822.37597656
2827.01293945
2822.66748047
2812.38037109
2792.26489258
2807.56787109
2817.52001953
2816.97802734
2822.0324707
2832.50073242
2822.46533203
2797.4453125
2807.23535156
2826.12475586
2825.625
2822.64746094
2801.18652344
2826.41845703
2817.56420898
2832.55029297
2807.38354492
2826.62768555
2797.58544922
2836.09082031
2807.60498047
2812.56005859
2822.37939453
2817.3125
2812.46386719
2827.41699219
2802.23364258
2815.90112305
2817.67651367
2827.4753418
2797.65844727
2827.34399414
2812.56689453
2812.39526367
2832.59155273
2827.48339844
2817.60083008
2817.67456055
2851.9230957
2822.65869141
2827.00195312
2807.67089844
2828.12915039
2817.54980469
2797.578125
2816.73339844
2817.56933594
2787.60693359
2792.58032227
2802.62329102
2812.45825195
2786.95458984
2822.64233398
2822.42797852
2802.04882812
2832.51098633
2827.63891602
2829.40576172
2817.46582031
2826.95605469
2822.02026367
2812.5559082
2822.25952148
2817.64331055
2807.60888672
2836.41333008
2807.26318359
2817.26611328
2827.27368164
2818.59350586
2806.82666016
2802.63916016
2837.64086914
2807.6315918
2827.28393555
2827.45141602
2812.08496094
2827.01293945
2795.31396484
2826.40209961
2807.09912109
2827.14550781
2807.4753418
2827.29516602
2816.98217773
2811.10620117
2819.59521484
2807.06445312
2812.60107422
2827.20385742
2811.43798828
2816.90820312
2817.52929688
2832.62304688
2832.65917969
2812.66992188
2832.67553711
2802.44506836
2817.57275391
2807.36669922
2792.62353516
2807.60424805
2822.62524414
2817.45410156
2816.17504883
2822.67944336
2822.52758789
2812.26855469
2822.57275391
2822.38891602
2826.81201172
2802.56811523
2817.64501953
2827.43554688
2846.56762695
2797.56591797
2842.5078125
2812.66308594
2832.46557617
2822.56445312
2822.47241211
2832.37817383
2807.66674805
2817.25732422
2810.14624023
2827.54492188
2802.45361328
2847.35888672
2817.44848633
2842.38598633
2801.54296875
2802.16137695
2822.38452148
2817.63354492
2837.46582031
2811.22875977
2807.27929688
2817.63085938
2841.88891602
2822.23999023
2817.33666992
2817.29980469
2807.62475586
2827.37133789
2826.9050293
2845.94384766
2797.57666016
2802.6730957
2820.42749023
2817.55151367
2817.55273438
2797.35717773
2834.54663086
2830.74414062
2817.47094727
2842.66918945
2822.47045898
2802.27319336
2832.20947266
2827.23974609
2822.50952148
2832.6652832
2827.59082031
2822.07421875
2827.34399414
2812.67529297
2807.3293457
2808.71606445
2837.15209961
2812.58300781
2836.54492188
2827.42163086
2812.45556641
2831.60107422
2812.40014648
2822.6730957
2827.65576172
2821.88354492
2812.6237793
2827.58203125
2836.58422852
2827.46899414
2802.60766602
2806.82763672
2817.1784668
2817.46459961
2810.02001953
2821.13232422
2812.47314453
2817.66845703
2822.65380859
2812.6496582
2812.66430664
2822.61474609
2827.53930664
2802.57128906
2802.6015625
2826.73120117
2817.65966797
2812.59912109
2822.57519531
2828.31591797
2807.47070312
2827.64599609
2805.19604492
2812.65258789
2801.8684082
2802.42089844
2807.62060547
2807.02709961
2812.23144531
2802.3449707
2812.65478516
2822.21630859
2807.57348633
2812.59350586
2832.01782227
2822.60791016
2837.59887695
2822.39501953
2822.67944336
2797.45874023
2812.66943359
2827.06420898
2811.94311523
2822.63818359
2817.63769531
2817.62915039
2802.60424805
2797.33422852
2812.43212891
2797.63720703
2822.66870117
2817.54467773
2807.19897461
2827.66918945
2813.75073242
2822.67504883
2832.33154297
2807.10400391
2816.39941406
2817.61083984
2822.6809082
2832.10302734
2802.45825195
2817.59228516
2837.59692383
2822.64331055
2837.56787109
2826.95092773
2836.62084961
2817.67163086
2832.31005859
2812.66723633
2813.31958008
2827.59985352
2826.76635742
2820.30688477
2822.37695312
2831.79589844
2817.68237305
2836.89282227
2807.42651367
2812.63525391
2822.6809082
2841.75292969
2840.28173828
2826.91088867
2827.39428711
2837.45678711
2842.47900391
2811.23291016
2822.66381836
2807.48925781
2802.46899414
2802.60009766
2817.42529297
2837.13452148
2802.54614258
2806.97900391
2817.24121094
2812.59033203
2832.13110352
2827.6706543
2817.67138672
2832.09472656
2847.49145508
2827.67529297
2830.65478516
2837.53222656
2836.60180664
2822.62695312
2832.32885742
2822.21508789
2822.44580078
2822.34594727
2835.93334961
2847.1394043
2832.16870117
2807.67456055
2817.43457031
2812.6784668
2836.96069336
2812.38647461
2822.60205078
2807.04833984
2812.66577148
2821.5324707
2817.62792969
2807.56225586
2827.13256836
2827.43286133
2820.50292969
2817.28515625
2807.32397461
2827.25512695
2825.9152832
2812.66552734
2822.31591797
2812.41821289
2806.40429688
2802.5012207
2827.66723633
2836.62353516
2822.12866211
2822.62866211
2822.65063477
2822.62792969
2812.67822266
2809.97583008
2821.91333008
2796.18041992
2812.67089844
2802.6730957
2792.6484375
2837.37768555
2812.60253906
2822.13305664
2827.3190918
2832.21362305
2827.30444336
2822.60864258
2827.55712891
2822.5546875
2841.61230469
2807.59985352
2812.52441406
2847.67797852
2827.30371094
2806.84960938
2805.61499023
2822.63354492
2831.72338867
2811.81176758
2799.21386719
2822.65161133
2822.66992188
2822.44580078
2806.09155273
2807.65942383
2795.47973633
2832.13208008
2802.6496582
2831.43530273
2817.62011719
2836.72900391
2826.04467773
2812.58935547
2812.53051758
2837.6418457
2827.62451172
2812.44799805
2802.48950195
2827.61376953
2837.33959961
2826.65136719
2820.7824707
2806.17553711
2807.55932617
2817.6574707
2817.46923828
2807.62475586
2807.50341797
2821.21142578
2801.79956055
2826.85083008
2822.6394043
2827.59790039
2817.44946289
2827.64160156
2812.12597656
2797.64941406
2837.42993164
2816.78198242
2817.62597656
2820.13989258
2814.46606445
2822.65405273
2812.63085938
2826.89331055
2807.60498047
2817.4375
2817.31176758
2822.04101562
2817.66577148
2842.21728516
2827.53588867
2817.53149414
2818.91967773
2786.7409668
2811.42822266
2817.63696289
2817.56787109
2817.64086914
2832.03466797
2812.60180664
2822.58056641
2824.58007812
2827.2734375
2817.67626953
2812.28271484
2851.09472656
2807.66845703
2807.55615234
2822.66821289
2821.41040039
2817.64672852
2847.57617188
2817.62353516
2817.5168457
2822.6550293
2832.65795898
2812.5222168
2817.50317383
2822.05126953
2807.60351562
2812.67407227
2825.14697266
2821.69018555
2822.58862305
2812.42333984
2807.24926758
2824.23388672
2802.63842773
2807.65673828
2817.28076172
2827.41503906
2832.35913086
2807.43261719
2807.52880859
2822.58227539
2837.53393555
2807.40161133
2812.66162109
2827.58618164
2827.49194336
2822.60131836
2812.46826172
2812.46118164
2832.64086914
2812.57177734
2827.53173828
2821.83618164
2812.68066406
2817.66650391
2812.4831543
2827.66845703
2816.06665039
2812.5949707
2822.65966797
2826.17773438
2817.14233398
2822.57861328
2817.39379883
2827.02832031
2816.97314453
2851.02148438
2817.63745117
2807.50927734
2822.61401367
2812.61206055
2816.74633789
2832.02270508
2827.67626953
2797.0925293
2797.44555664
2811.61181641
2822.65698242
2817.33740234
2827.38647461
2832.32006836
2802.59033203
2817.65063477
2817.45361328
2806.4453125
2822.15795898
2842.02661133
2817.44824219
2817.32788086
2817.55664062
2812.38427734
2826.93237305
2797.67553711
2822.67260742
2817.62890625
2817.02856445
2811.94921875
2822.52124023
2817.421875
2827.45361328
2822.64575195
2802.59838867
2817.6484375
2825.50952148
2817.51147461
2817.65405273
2817.46728516
2791.14575195
2797.08813477
2842.02392578
2827.52661133
2817.23071289
2807.38134766
2832.56640625
2827.01196289
2811.85766602
2842.50170898
2815.42675781
2812.60205078
2841.36279297
2817.65283203
2802.67456055
2817.49902344
2812.49291992
2827.6262207
2832.54492188
2807.63891602
2831.6796875
2824.54101562
2832.65112305
2832.15771484
2812.66381836
2801.31469727
2801.02148438
2817.67602539
2840.58154297
2802.6628418
2807.66479492
2822.55273438
2816.17163086
2826.85620117
2822.4934082
2826.83789062
2802.57910156
2821.52001953
2817.60375977
2811.90673828
2807.56445312
2832.57592773
2806.91430664
2807.50146484
2822.63012695
2807.21728516
2817.47314453
2802.6809082
2832.62207031
2821.62524414
2807.36816406
2827.62524414
2817.65917969
2807.21362305
2822.5715332
2802.55297852
2827.09545898
2817.53881836
2822.66186523
2812.4074707
2817.66088867
2827.25585938
2817.45336914
2846.89160156
2837.63037109
2827.63671875
2847.42749023
2822.20410156
2807.65991211
2842.66040039
2817.18017578
2806.04785156
2807.28369141
2812.56274414
2807.56884766
2787.32299805
2827.12841797
2827.67993164
2809.88330078
2822.67919922
2825.17895508
2797.66748047
2812.02539062
2811.57714844
2817.09375
2832.25097656
2832.6394043
2842.68066406
2822.52270508
2847.57080078
2822.67407227
2827.67993164
2827.60424805
2819.10888672
2822.20117188
2817.66552734
2816.74755859
2795.06201172
2826.13842773
2842.62329102
2851.60400391
2801.75073242
2812.5859375
2817.67871094
2817.62670898
2822.64648438
2847.12695312
2829.49926758
2817.34350586
2817.55078125
2837.63012695
2827.1652832
2805.25488281
2802.02246094
2841.93041992
2817.12231445
2817.3737793
2821.54785156
2798.76879883
2792.68164062
2812.33813477
2822.6640625
2842.54907227
2820.07836914
2842.27319336
2816.04296875
2806.95068359
2817.1171875
2802.66894531
2812.56274414
2801.88208008
2826.56225586
2817.59130859
2802.65332031
2827.66259766
2817.65063477
2817.54174805
2782.41552734
2817.56469727
2831.625
2816.82592773
2822.25195312
2821.42773438
2827.05883789
2836.82104492
2802.38720703
2795.12011719
2822.52172852
2837.57861328
2812.453125
2822.49707031
2827.20361328
2827.67382812
2819.62207031
2817.45117188
2827.67456055
2827.52587891
2817.32519531
2856.31762695
2797.59277344
2807.50268555
2827.51342773
2837.66894531
2822.26806641
2811.4921875
2832.33984375
2812.61181641
2832.44775391
2797.625
2812.60864258
2827.66186523
2817.33691406
2827.65966797
2827.62744141
2807.73022461
2817.25488281
2812.22363281
2817.3840332
2837.65161133
2827.05639648
2837.4765625
2832.45581055
2792.67553711
2832.56030273
2797.60595703
2822.34082031
2811.18383789
2847.6159668
2812.49291992
2812.66430664
2807.13818359
2806.14916992
2812.35986328
2837.47851562
2812.65478516
2817.64160156
2847.64355469
2792.3894043
2817.51049805
2817.4284668
2797.64282227
2802.5065918
2807.67675781
2827.1574707
2827.58618164
2822.53857422
2837.45849609
2837.39453125
2807.64208984
2812.59643555
2831.54052734
2826.99853516
2822.34326172
2816.98071289
2802.61376953
2817.45581055
2812.58374023
2826.58764648
2821.66796875
2862.57958984
2832.68017578
2832.58520508
2817.38378906
2825.70068359
2832.67651367
2821.36987305
2822.63037109
2832.6640625
2817.55639648
2827.17944336
2817.55200195
2822.2902832
2827.60644531
2822.47412109
2817.65820312
2812.23828125
2842.67822266
2802.59326172
2802.67773438
2812.57861328
2817.5847168
2827.66918945
2822.55273438
2832.66357422
2817.01171875
2792.61181641
2812.56616211
2812.54858398
2817.47607422
2817.44995117
2817.60083008
2836.13647461
2797.4362793
2811.83251953
2802.50048828
2832.13061523
2812.65844727
2832.16259766
2817.65478516
2810.05200195
2827.5378418
2822.65673828
2832.54174805
2797.65185547
2827.28613281
2832.42895508
2817.66577148
2813.88476562
2807.61376953
2820.1418457
2817.08422852
2797.30297852
2831.08154297
2832.43359375
2797.52587891
2817.63037109
2815.53125
2846.90722656
2812.61816406
2832.62548828
2817.66723633
2822.39306641
2806.41552734
2812.65454102
2802.64599609
2817.60546875
2822.58398438
2816.82373047
2812.64282227
2812.60961914
2832.37573242
2806.99682617
2817.43896484
2827.10668945
2822.45678711
2817.66992188
