1373.16357422
1348.14453125
1365.8737793
1349.60644531
1343.41674805
1358.26464844
1348.06652832
1365.32824707
1352.86254883
1360.86401367
1351.54162598
1363.75976562
1337.85412598
1357.41137695
1332.41833496
1348.85803223
1393.73669434
1375.24572754
1362.64953613
1345.46166992
1338.78320312
1348.20263672
1372.89050293
1353.11791992
1362.69018555
1372.10949707
1358.3104248
1344.38659668
1352.14453125
1363.63366699
1351.27929688
1355.21826172
1363.08935547
1361.71582031
1351.43310547
1347.73022461
1353.67797852
1356.90722656
1368.78894043
1342.03369141
1343.30834961
1363.6583252
1362.07678223
1347.28808594
1366.58154297
1342.65466309
1368.74487305
1343.15881348
1357.82006836
1343.11376953
1343.18359375
1367.28637695
1343.47802734
1363.34643555
1350.95996094
1352.94140625
1346.79431152
1345.56433105
1370.4432373
1353.14465332
1354.71643066
1363.20446777
1367.91259766
1359.04602051
1367.97412109
1358.76513672
1343.45654297
1362.30651855
1347.11645508
1348.76757812
1348.48205566
1353.77355957
1383.73828125
1359.70336914
1368.11706543
1347.40490723
1345.33361816
1372.40942383
1358.66931152
1368.2902832
1338.6192627
1352.24035645
1347.44238281
1353.2824707
1363.52087402
1366.04382324
1358.5769043
1383.52404785
1362.28637695
1377.76757812
1353.55651855
1372.98461914
1353.14733887
1355.96130371
1358.5612793
1360.79858398
1338.64379883
1350.25476074
1353.3145752
1373.67102051
1342.81408691
1347.02404785
1359.86254883
1341.23022461
1347.02844238
1357.22875977
1348.31225586
1367.21105957
1351.7902832
1376.5423584
1343.18518066
1353.98913574
1356.91040039
1356.8840332
1354.39758301
1378.43457031
1358.05786133
1363.14733887
1345.49206543
1352.45336914
1359.93322754
1360.94506836
1363.75866699
1360.01159668
1349.34509277
1366.96350098
1371.94213867
1343.20617676
1358.63269043
1360.39526367
1352.58691406
1368.38562012
1352.93676758
1392.1159668
1380.83935547
1368.7265625
1347.40942383
1351.61560059
1356.58935547
1345.17053223
1358.17321777
1353.46337891
1353.80212402
1363.10900879
1356.10620117
1357.57580566
1363.73754883
1360.58227539
1362.86132812
1365.95202637
1367.92370605
1357.34484863
1372.61083984
1357.25256348
1368.81323242
1348.4708252
1363.20996094
1371.49414062
1347.70825195
1348.79138184
1358.75
1353.77880859
1349.47302246
1368.82775879
1353.16381836
1367.48254395
1344.88134766
1383.14208984
1367.86999512
1358.70068359
1352.86450195
1355.13806152
1347.69848633
1353.62646484
1365.88574219
1357.70422363
1356.68579102
1343.80834961
1353.82226562
1351.84631348
1366.99182129
1347.99291992
1352.99926758
1352.69274902
1333.56396484
1358.0513916
1364.68908691
1353.75598145
1363.59057617
1363.27307129
1371.8046875
1358.53515625
1361.94116211
1367.89526367
1365.49560547
1347.1796875
1364.85217285
1342.38916016
1372.78381348
1357.46643066
1350.8581543
1373.15527344
1373.50036621
1357.07714844
1352.9621582
1382.53295898
1350.61828613
1363.09460449
1368.43261719
1362.4420166
1362.31677246
1368.15234375
1356.51208496
1344.33447266
1354.98205566
1378.15759277
1357.85583496
1347.77185059
1393.65869141
1356.72558594
1362.36560059
1352.89916992
1357.1472168
1361.72790527
1353.82861328
1345.00939941
1348.82836914
1352.77307129
1390.77148438
1362.30358887
1337.328125
1353.51733398
1353.86730957
1357.99951172
1347.7623291
1357.69799805
1365.35412598
1361.86560059
1348.44116211
1349.44458008
1352.09362793
1373.4609375
1338.58032227
1351.6661377
1358.59606934
1353.4239502
1352.17480469
1367.59423828
1368.65307617
1393.0065918
1373.21728516
1360.70458984
1377.25280762
1358.63708496
1353.86364746
1366.12512207
1361.89624023
1343.82568359
1351.20422363
1366.10339355
1353.06994629
1354.99450684
1362.87890625
1343.82348633
1349.98388672
1368.61047363
1359.50732422
1387.09997559
1346.85681152
1353.25061035
1373.68029785
1356.33740234
1358.78430176
1357.68017578
1358.69665527
1343.15026855
1358.5814209
1362.61047363
1346.10351562
1357.04553223
1363.8425293
1358.57885742
1366.80541992
1378.8404541
1362.49438477
1348.8026123
1353.63000488
1359.86975098
1362.58361816
1363.00341797
1348.40014648
1363.22119141
1358.29882812
1365.85205078
1372.87341309
1375.49499512
1362.73376465
1358.06433105
1348.85876465
1353.48962402
1357.8137207
1338.17419434
1348.32983398
1348.13842773
1353.14587402
1356.05822754
1339.74060059
1353.42419434
1348.63085938
1349.99816895
1368.6003418
1377.75561523
1353.84863281
1357.89208984
1358.41564941
1348.40881348
1348.73400879
1374.14941406
1357.05383301
1371.46166992
1378.28161621
1338.7232666
1358.43017578
1366.75305176
1368.56652832
1347.98681641
1363.69970703
1353.75671387
1364.15881348
1371.9876709
1351.71020508
1356.34875488
1348.56628418
1371.37866211
1353.46960449
1373.61560059
1357.5246582
1346.5032959
1357.11547852
1358.4128418
1356.20092773
1363.85180664
1343.45849609
1343.23217773
1349.78466797
1363.80419922
1338.02294922
1358.29016113
1357.37719727
1341.63989258
1358.59411621
1366.25170898
1367.41674805
1363.4453125
1353.1282959
1373.51977539
1348.44067383
1348.75
1361.79467773
1359.24584961
1358.86767578
1347.65637207
1353.13049316
1353.37524414
1358.59069824
1348.3963623
1357.39306641
1382.71728516
1351.21240234
1363.37011719
1359.21472168
1385.72436523
1342.86450195
1350.90844727
1349.10302734
1355.26416016
1338.8626709
1343.15625
1347.55529785
1353.46740723
1353.33117676
1363.53552246
1353.69689941
1353.73596191
1348.66455078
1340.76086426
1363.69848633
1345.39477539
1357.23120117
1356.90368652
1353.60119629
1347.19885254
1362.66967773
1356.67150879
1353.64501953
1367.04345703
1362.16027832
1362.66906738
1358.54907227
1362.48852539
1368.40319824
1350.13122559
1356.20471191
1351.37731934
1371.03442383
1387.5982666
1351.73425293
1358.66467285
1368.8614502
1385.0579834
1368.41552734
1365.46643066
1363.56518555
1352.08349609
1343.41955566
1360.87719727
1373.55322266
1355.85168457
1361.97045898
1347.25280762
1343.5748291
1342.87023926
1348.86206055
1346.7565918
1351.93603516
1373.11804199
1362.26037598
1363.05700684
1368.55786133
1356.20166016
1353.21191406
1359.29650879
1338.4901123
1333.25219727
1382.60864258
1338.68603516
1379.48352051
1347.0625
1358.8170166
1358.67822266
1378.37243652
1360.08337402
1358.34326172
1371.76013184
1353.99401855
1347.14587402
1363.45715332
1360.45263672
1353.23168945
1352.41015625
1358.63696289
1371.59484863
1380.8861084
1343.14697266
1366.33435059
1368.60620117
1348.68920898
1346.85864258
1367.27368164
1348.3203125
1358.63684082
1357.72619629
1354.40734863
1343.40209961
1343.55603027
1384.87963867
1362.67370605
1343.63830566
1377.77844238
1353.84985352
1348.49060059
1363.20275879
1348.56005859
1351.61669922
1353.79162598
1353.60681152
1374.84558105
1377.36462402
1366.20727539
1342.94665527
1363.43554688
1343.65588379
1365.015625
1360.29992676
1348.4934082
1363.56103516
1352.83947754
1356.46179199
1367.87756348
1364.15075684
1356.09387207
1363.69763184
1367.45349121
1353.00598145
1383.30883789
1343.80041504
1352.35290527
1391.82568359
1373.63232422
1368.36730957
1339.62463379
1336.13964844
1386.90258789
1362.65148926
1348.33776855
1368.83276367
1356.83740234
1352.65600586
1362.65893555
1346.45483398
1351.98303223
1355.74145508
1347.91711426
1355.38647461
1375.82714844
1348.75158691
1346.10791016
1355.25390625
1362.22668457
1347.90515137
1353.28515625
1348.6505127
1355.46484375
1362.68078613
1352.10583496
1398.64550781
1383.38439941
1361.36743164
1351.62329102
1354.98937988
1344.45959473
1364.46044922
1364.58898926
1358.09863281
1348.17089844
1373.82727051
1347.8815918
1365.89978027
1353.71191406
1383.62658691
1358.12927246
1376.2265625
1347.93762207
1351.45678711
1362.09399414
1353.68432617
1367.98693848
1382.78857422
1367.69348145
1357.18444824
1346.93530273
1359.05529785
1338.29663086
1365.22680664
1361.45776367
1347.10900879
1345.91992188
1373.43908691
1355.13818359
1345.09423828
1341.99536133
1373.50146484
1347.55908203
1353.22668457
1362.54467773
1362.08459473
1357.04040527
1368.81225586
1342.99560547
1353.54980469
1353.5501709
1343.48376465
1358.77087402
1351.58581543
1344.93457031
1359.64892578
1378.57470703
1358.74645996
1352.67102051
1351.27062988
1371.60803223
1352.58374023
1351.1114502
1347.27209473
1361.34838867
1382.49450684
1353.0098877
1362.79785156
1357.68347168
1365.6361084
1353.66455078
1342.80749512
1361.62744141
1357.52258301
1358.40161133
1368.27600098
1336.89160156
1352.33984375
1360.66052246
1362.91101074
1367.85864258
1368.33068848
1348.49462891
1378.35705566
1348.63049316
1341.87329102
1379.91113281
1351.8125
1347.72338867
1356.0111084
1363.25170898
1348.16564941
1357.71569824
1351.00927734
1348.11254883
1376.62231445
1359.13806152
1356.53430176
1359.99438477
1347.90014648
1376.77502441
1346.71643066
1372.00561523
1361.50585938
1368.29663086
1357.71984863
1345.13623047
1354.90380859
1368.43505859
1347.4765625
1368.81628418
1368.5123291
1341.40979004
1367.95361328
1366.69750977
1353.1114502
1367.64123535
1352.51611328
1353.31994629
1349.91552734
1377.2767334
1341.79882812
1351.65087891
1362.67358398
1366.5378418
1357.51647949
1355.94470215
1343.5567627
1373.45593262
1342.39526367
1360.79589844
1358.39172363
1345.15686035
1352.47351074
1346.22473145
1353.63293457
1367.95959473
1358.80224609
1371.24768066
1367.8770752
1355.18774414
1387.87475586
1363.13696289
1365.29040527
1373.79333496
1348.08410645
1363.76062012
1358.57141113
1347.32336426
1347.14355469
1362.94775391
1351.65686035
1357.77661133
1354.14440918
1364.37487793
1362.24987793
1392.59814453
1375.02770996
1348.62365723
1361.80627441
1368.32519531
1352.50927734
1348.01611328
1362.81237793
1347.04785156
1345.9765625
1348.62023926
1358.69946289
1363.61486816
1356.71691895
1366.14782715
1364.39782715
1358.70593262
1346.90600586
1365.95361328
1351.93310547
1353.26269531
1347.13964844
1344.17443848
1368.16174316
1352.42126465
1365.95007324
1353.83215332
1347.88098145
1373.28527832
1347.10327148
1343.56799316
1353.11071777
1361.00952148
1343.98901367
1356.43579102
1371.40917969
1360.70532227
1353.48425293
1362.86413574
1350.93273926
1362.86828613
1338.18884277
1342.29272461
1347.33520508
1358.53625488
1374.55529785
1376.47180176
1355.36950684
1358.6171875
1363.69946289
1340.6361084
1357.86364746
1363.72924805
1342.98034668
1351.6451416
1342.8104248
1351.57751465
1358.81359863
1356.72351074
1349.14343262
1350.02160645
1367.43481445
1353.57531738
1350.99194336
1362.42980957
1355.36474609
1338.55847168
1347.92675781
1371.21411133
1348.7220459
1371.07397461
1367.16210938
1352.88049316
1343.50939941
1357.31469727
1368.08349609
1348.75415039
1373.27026367
1373.85974121
1353.59436035
1361.42700195
1344.4029541
1363.18164062
1368.15612793
1355.3704834
1364.93994141
1337.79150391
1358.71911621
1356.45666504
1342.68664551
1368.23901367
1366.85229492
1351.78039551
1376.73913574
1362.02856445
1368.58422852
1362.56982422
1349.72741699
1349.47436523
1368.02246094
1367.63952637
1348.78515625
1352.03442383
1358.82543945
1372.79858398
1342.59594727
1371.65942383
1363.70874023
1348.74536133
1353.12585449
1352.89770508
1373.390625
1358.19726562
1383.14331055
1378.78991699
1363.84985352
1349.59936523
1347.1862793
1353.85327148
1341.71972656
1343.02978516
1353.18701172
1356.19506836
1361.35314941
1336.46350098
1368.15612793
1343.08886719
1353.52294922
1356.25183105
1348.09472656
1342.41967773
1350.90734863
1348.42492676
1351.56970215
1347.89880371
1362.54748535
1344.875
1347.57861328
1343.68493652
1357.55102539
1349.20019531
1358.7590332
1366.67529297
1358.60070801
1338.70959473
1358.62695312
1362.39367676
1333.84069824
1373.31311035
1363.80249023
1351.01098633
1341.1262207
1358.671875
1343.77526855
1361.79199219
1366.59472656
1341.96960449
1356.59484863
1374.32519531
1358.12939453
1355.56323242
1342.47631836
1352.38525391
1362.31872559
1360.06689453
1338.57348633
1348.01660156
1369.31225586
1356.64904785
1373.68823242
1354.57507324
1368.33166504
1381.00610352
1362.77587891
1348.77697754
1348.60400391
1362.46972656
1353.8638916
1358.9654541
1338.47399902
1365.34887695
1360.99316406
1350.73120117
1342.29223633
1348.22229004
1363.45739746
1369.21276855
1353.7064209
1378.38989258
1367.87976074
1347.91394043
1357.28894043
1383.56726074
1371.9666748
1368.77770996
1358.05078125
1363.51989746
1355.04833984
1344.87512207
1373.54589844
1357.62084961
1357.15039062
1352.63171387
1353.11804199
1351.5859375
1362.83850098
1350.90734863
1352.89807129
1362.19580078
1343.55065918
1355.13415527
1378.78613281
1368.20300293
1353.72802734
1363.36999512
1358.05090332
1367.10717773
1353.35717773
1361.00317383
1367.65844727
1357.96203613
1360.72387695
1368.53955078
1368.80407715
1352.06091309
1353.22338867
1366.02294922
1359.59790039
1353.4609375
1358.71923828
1388.66003418
1361.89282227
1353.43774414
1347.02258301
1353.76538086
1351.32971191
1346.10742188
1368.74743652
1352.49731445
1358.22729492
1383.27124023
1358.4786377
1344.85791016
1372.36853027
1350.40539551
1378.1003418
1363.07580566
1361.06652832
1392.74182129
1352.92590332
1352.12182617
1363.79138184
1368.85620117
1348.22058105
1352.94433594
1357.87805176
1356.37219238
1350.40441895
1351.24023438
1370.12683105
1354.78723145
1353.8190918
1363.8548584
1358.046875
1362.21472168
1348.49633789
1367.72766113
1342.10180664
1349.08813477
1358.28125
1372.95703125
1340.46252441
1343.81079102
1351.64794922
1358.83178711
1345.54467773
1358.70751953
1347.28466797
1358.23474121
1356.18127441
1347.52416992
1348.72277832
1336.47338867
1345.91455078
1356.73266602
1351.86682129
1358.671875
1343.71264648
1352.38818359
1377.95898438
1353.81750488
1373.67541504
1362.15124512
1347.29211426
1353.30029297
1343.62573242
1356.50976562
1360.51379395
1368.7232666
1364.29260254
1358.74804688
1363.5994873
1378.0534668
1357.54125977
1378.55114746
1356.30200195
1358.47180176
1358.8338623
1351.57763672
1353.81982422
1345.99206543
1363.01245117
1338.83813477
1348.51672363
1364.23974609
1347.72460938
1368.14733887
1343.0769043
1375.0144043
1351.20007324
1358.3248291
1343.12670898
1348.78881836
1375.19970703
1348.81591797
1358.43713379
1355.42724609
1350.92919922
1368.28881836
1366.2322998
1373.2668457
1371.52563477
1337.19445801
1362.14282227
1346.47265625
1362.30895996
1362.73974609
1352.78857422
1343.69787598
1357.21447754
1338.17150879
1349.49145508
1372.54089355
1347.74389648
1365.77404785
1334.26318359
1375.67687988
1369.74475098
1347.17626953
1353.47094727
1343.63793945
1343.71777344
1353.65136719
1358.54675293
1337.84606934
1358.1776123
1351.6673584
1352.97717285
1383.20935059
1362.18249512
1355.28808594
1346.18237305
1353.20898438
1350.85925293
1357.79248047
1358.78234863
1358.40478516
1354.73693848
1363.76489258
1373.97216797
1351.97155762
1365.70031738
1363.27624512
1353.71154785
1353.57971191
1358.80285645
1357.92150879
1353.45214844
1348.61364746
1351.11962891
1346.67468262
1358.7010498
1338.71728516
1361.00524902
1352.9979248
1347.37841797
1347.88146973
1374.90856934
1342.09838867
1361.02160645
1358.66625977
1343.26159668
1357.82836914
1352.33862305
1352.61608887
1362.11206055
1357.34570312
1354.68395996
1363.02197266
1354.55773926
1364.4642334
1356.10522461
1357.15124512
1337.78222656
1383.28918457
1368.14208984
1357.60083008
1362.83349609
1343.78796387
1343.48986816
1357.98693848
1363.10900879
1363.85632324
1358.29125977
1363.67675781
1371.91894531
1371.36022949
1343.70129395
1368.18811035
1345.25244141
1351.57885742
1353.80993652
1352.43579102
1343.54553223
1353.17736816
1338.08215332
1348.25512695
1353.09216309
1351.78173828
1371.2565918
1355.80981445
1377.26086426
1358.58154297
1353.77099609
1351.96984863
1356.65661621
1371.1427002
1340.78942871
1345.87060547
1363.29907227
1373.56420898
1352.34155273
1353.30944824
1366.17675781
1338.11901855
1345.57421875
1353.22973633
1373.33154297
1353.21923828
1358.74475098
1343.76574707
1368.20605469
1365.0838623
1347.34765625
1362.45336914
1363.72277832
1358.06115723
1368.72167969
1363.75268555
1369.83972168
1342.54431152
1368.23620605
1337.23522949
1343.99133301
1367.13891602
1358.44152832
1362.22460938
1343.23828125
1367.91308594
1348.64953613
1354.56091309
1366.85778809
1348.57666016
1358.53173828
1378.80407715
1357.98791504
1352.68725586
1357.03918457
1352.66027832
1377.20446777
1343.33911133
1374.7746582
1358.85412598
1343.09631348
1343.6739502
1362.9206543
1348.6060791
1352.25927734
1356.71765137
1358.45910645
1352.53430176
1355.10900879
1356.734375
1341.02966309
1351.51428223
1352.66064453
1368.22363281
1353.39648438
1348.26062012
1371.8984375
1383.5645752
1351.78808594
1342.44445801
1383.39135742
1349.19885254
1363.48327637
1343.38598633
1362.15710449
1346.60778809
1352.77685547
1357.89868164
1350.54772949
1348.71350098
1362.91552734
1363.24157715
1381.95007324
1361.33630371
1367.95715332
1353.1887207
1348.51525879
1347.6763916
1362.5378418
1368.82861328
1367.83789062
1352.22790527
1345.7722168
1363.66967773
1346.93518066
1335.54797363
1347.79443359
1363.23730469
1353.64501953
1372.80566406
1357.94018555
1362.41650391
1357.95410156
1363.58105469
1368.62084961
1362.87841797
1354.86791992
1353.84985352
1368.38085938
1360.84729004
1370.75
1366.93188477
1357.48461914
1363.74182129
1368.19433594
1342.71154785
1362.80566406
1358.24560547
1365.74365234
1373.81884766
1350.51391602
1339.53161621
1341.3092041
1356.54492188
1373.79296875
1357.57287598
1363.29638672
1361.78942871
1340.44909668
1338.6484375
1358.23010254
1342.60205078
1357.57714844
1347.67810059
1362.59899902
1365.01782227
1380.04101562
1355.71166992
1388.82580566
1360.12597656
1362.55029297
1367.3972168
1351.48400879
1372.68029785
1365.08984375
1351.09875488
1378.30212402
1381.66723633
1357.15258789
1368.57263184
1373.25292969
1358.60498047
1361.98974609
1352.86108398
1367.39111328
1363.5020752
1367.28869629
1368.61328125
1344.45861816
1365.24584961
1363.58544922
1349.08630371
1343.07739258
1352.67944336
1340.25537109
1358.14196777
1362.86560059
1362.52526855
1355.13378906
1348.4465332
1357.56286621
1339.28857422
1357.76269531
1373.62158203
1353.44116211
1362.1427002
1366.79272461
1366.05273438
1357.05859375
1363.70056152
1346.8371582
1353.71142578
1358.83105469
1368.60522461
1357.05688477
1363.2532959
1362.68115234
1347.91870117
1393.61657715
1363.70117188
1349.99609375
1348.38476562
1347.19921875
1343.02783203
1368.52624512
1351.9753418
1351.61938477
1373.39453125
1352.91540527
1357.72412109
1357.40966797
1356.49902344
1363.79748535
1382.16674805
1351.33361816
1363.7911377
1381.7298584
1348.04211426
1352.52770996
1348.38134766
1338.38928223
1373.84851074
1339.41271973
1358.61340332
1355.62329102
1350.97119141
1357.95593262
1342.69848633
1339.10852051
1357.98730469
1356.97424316
1347.63317871
1357.63476562
1358.85083008
1341.65100098
1342.94555664
1347.36865234
1345.5435791
1350.37097168
1362.01623535
1343.62573242
1355.09399414
1360.87866211
1345.18664551
1358.86132812
1343.63806152
1352.34069824
1373.86425781
1367.34265137
1358.19616699
1343.84606934
1340.8515625
1353.74938965
1383.61010742
1366.9309082
1347.65515137
1350.18518066
1353.55639648
1352.42199707
1358.8034668
1352.81872559
1352.22729492
1363.41650391
1338.22741699
1351.41235352
1358.74511719
1353.23547363
1352.69616699
1348.71350098
1345.2956543
1358.24707031
1353.64147949
1348.68334961
1361.02539062
1358.60803223
1343.6138916
1358.49902344
1351.71435547
1362.66943359
1363.62487793
1352.32385254
1357.06030273
1362.80981445
1342.60974121
1359.53161621
1369.35693359
1367.94287109
1384.57885742
1358.74658203
1355.13061523
1342.9017334
1351.15307617
1364.90783691
1373.85632324
1358.77111816
1366.86914062
1352.92163086
1358.23278809
1368.82958984
1373.02099609
1362.49523926
1353.66296387
1371.81896973
1347.67565918
1355.48657227
1353.05981445
1368.0045166
1391.83081055
1357.43469238
1347.66430664
1373.86254883
1366.75439453
1349.49499512
1352.95568848
1355.13671875
1356.86083984
1348.35229492
1368.02160645
1343.78039551
1358.1854248
1369.65527344
1368.20849609
1353.3079834
1367.66333008
1361.98071289
1340.52514648
1358.00537109
1356.97131348
1358.69335938
1366.1237793
1371.91723633
1358.2722168
1348.82165527
1353.57312012
1352.67150879
1353.72509766
1373.76281738
1361.22570801
1367.12475586
1348.28442383
1348.59606934
1352.12145996
1347.26940918
1365.17956543
1353.77807617
1359.14355469
1355.62609863
1353.66723633
1347.45727539
1345.16845703
1357.49572754
1347.54455566
1348.09387207
1358.82971191
1354.9173584
1368.14013672
1348.72717285
1356.41015625
1356.12011719
1350.86169434
1365.60864258
1353.16369629
1357.34436035
1360.59399414
1358.21374512
1361.8684082
1358.60095215
1353.21911621
1368.75598145
1343.68139648
1354.96118164
1363.69042969
1372.71716309
1347.5168457
1362.92858887
1363.67248535
1348.77734375
1352.9074707
1366.96020508
1343.62023926
1363.19226074
1346.07312012
1354.78515625
1355.10778809
1373.33654785
1337.89904785
1368.01013184
1353.93762207
1362.04040527
1363.17541504
1360.60876465
1358.09875488
1353.60900879
1377.77539062
1358.04785156
1352.79785156
1351.67590332
1358.64233398
1343.44665527
1357.98742676
1368.4720459
1358.5065918
1348.64465332
1388.29699707
1377.77380371
1347.95336914
1368.3963623
1396.48913574
1377.41088867
1362.29956055
1343.7388916
1376.03918457
1353.5723877
1343.74060059
1348.6126709
1358.0838623
1356.65393066
1343.76245117
1368.04699707
1355.0090332
1363.36352539
1348.24645996
1383.63476562
1358.84082031
1360.14575195
1357.35437012
1375.60046387
1357.63464355
1348.7755127
1348.7355957
1343.58496094
1358.24938965
1348.63146973
1362.10205078
1356.64587402
1337.57385254
1360.20666504
1348.7175293
1362.70825195
1348.31665039
1337.33642578
1338.32995605
1343.5065918
1357.89550781
1353.01806641
1351.75671387
1363.74633789
1363.6895752
1358.8371582
1358.83886719
1348.85375977
1357.51660156
1356.80212402
1365.3494873
1339.58032227
1342.88928223
1359.64013672
1358.28808594
1367.06677246
1348.74645996
1361.1595459
1358.84289551
1355.05664062
1355.48327637
1363.30371094
1345.17834473
1355.46813965
1358.52319336
1348.6451416
1368.2980957
1347.42175293
1358.35961914
1348.86315918
1358.64367676
1358.2208252
1347.23706055
1368.71435547
1334.97766113
1348.81665039
1353.60058594
1361.47583008
1360.18530273
1351.0612793
1363.00280762
1353.38891602
1353.80786133
1373.27648926
1348.01574707
1343.04492188
1361.02246094
1353.32336426
1356.05480957
1343.44177246
1341.81774902
1352.83703613
1356.93469238
1358.56555176
1355.49926758
1371.88134766
1367.79248047
1373.95751953
1358.8125
1363.26855469
1348.44726562
1353.72167969
1363.12597656
1389.69824219
1368.73376465
1373.69238281
1363.86462402
1362.7166748
1357.99645996
1352.8692627
1353.20690918
1352.95202637
1357.6451416
1357.39379883
1351.09448242
1377.27172852
1352.81201172
1350.04321289
1357.94287109
1342.69177246
1352.79272461
1349.2947998
1346.03918457
1368.2677002
1342.58557129
1362.66503906
1353.3034668
1352.94873047
1363.34155273
1352.47705078
1346.11853027
1370.84301758
1361.01196289
1351.49987793
1351.5604248
1368.75854492
1352.00939941
1372.60632324
1347.97827148
1351.87524414
1352.80285645
1377.05065918
1343.33581543
1358.81835938
1372.58398438
1347.07971191
1362.41271973
1353.97827148
1362.83947754
1353.62426758
1353.28710938
1354.4387207
1378.43786621
1359.63696289
1343.08312988
1343.51074219
1368.5826416
1363.53356934
1363.71337891
1353.40991211
1366.37744141
1348.5723877
1363.5637207
1358.48339844
1358.92626953
1338.34472656
1365.05456543
1358.80065918
1350.63452148
1346.90515137
1362.77575684
1349.96142578
1358.72412109
1347.21569824
1357.9699707
1361.72570801
1377.18469238
1353.7701416
1365.95080566
1368.47961426
1373.78198242
1347.5201416
1351.85803223
1352.18725586
1368.85742188
1358.79406738
1345.15466309
1388.23840332
1363.4362793
1348.73779297
1339.62402344
1347.65319824
1352.23278809
1361.41223145
1353.23937988
1367.96289062
1338.85412598
1356.22814941
1341.14770508
1359.70117188
1373.77770996
1371.70715332
1363.49584961
1338.43920898
1377.92541504
1351.78515625
1364.45141602
1352.28271484
1353.7779541
1368.4342041
1353.3223877
1353.78210449
1378.64465332
1353.22338867
1365.36657715
1356.90112305
1349.61242676
1371.66430664
1351.80126953
1373.61730957
1368.48962402
1353.44348145
1368.46435547
1347.76977539
1348.08740234
1358.75878906
1347.97949219
1366.61682129
1353.39941406
1364.97583008
1373.83532715
1368.92919922
1352.57092285
1351.80908203
1367.47155762
1372.95666504
1363.85668945
1337.73254395
1354.39074707
1348.64794922
1352.56176758
1358.59240723
1359.53747559
1352.91271973
1348.2565918
1372.58215332
1358.1361084
1368.03259277
1356.13879395
1353.25891113
1376.44836426
1356.65991211
1360.15087891
1362.91137695
1368.3314209
1357.56726074
1349.16174316
1348.40100098
1357.36645508
1367.38891602
1352.14404297
1367.70751953
1366.52893066
1356.57507324
1358.12402344
1373.40319824
1352.76977539
1371.2902832
1376.76342773
1367.11584473
1352.70556641
1378.79406738
1377.09301758
1378.62243652
1358.37536621
1361.29431152
1353.75695801
1343.1697998
1347.19580078
1346.85424805
1355.97509766
1353.61767578
1353.12475586
1372.07080078
1363.71386719
1363.04443359
1352.82177734
1343.83105469
1354.41784668
1377.59997559
1353.54589844
1343.7598877
1359.86755371
1350.62194824
1356.27050781
1354.63818359
1342.3927002
1360.31066895
1365.81762695
1366.56738281
1353.71533203
1367.78222656
1352.07177734
1337.00524902
1356.88562012
1350.28393555
1342.91723633
1373.6574707
1362.52575684
1342.93579102
1350.47827148
1367.20275879
1388.84338379
1377.71264648
1372.90625
1355.42089844
1352.22912598
1347.19006348
1363.07055664
1354.13317871
1369.09838867
1362.90063477
1368.49279785
1363.78051758
1347.89624023
1363.32507324
1361.51574707
1352.36828613
1350.91308594
1353.24987793
1352.68884277
1355.57556152
1358.69726562
1357.24182129
1367.41455078
1373.0300293
1345.63476562
1342.0246582
1356.51098633
1358.45471191
1353.78955078
1342.76184082
1347.4432373
1360.81408691
1379.24523926
1348.25854492
1363.59179688
1356.48059082
1380.25476074
1367.57299805
1343.38513184
1352.72473145
1366.21691895
1367.13635254
1352.19213867
1368.80737305
1342.65783691
1342.95300293
1358.30969238
1361.61022949
1363.53393555
1373.24377441
1377.10424805
1378.5324707
1359.61791992
1368.31188965
1353.06494141
1352.67150879
1352.14819336
1343.52722168
1363.4744873
1363.62841797
1358.42102051
1343.85009766
1378.07629395
1342.42138672
1357.70446777
1363.79968262
1370.64538574
1353.3013916
1359.00744629
1367.71557617
1341.45385742
1347.69873047
1348.89025879
1378.75158691
1337.10717773
1351.8034668
1353.61804199
1363.12243652
1348.26208496
1339.80761719
1358.53796387
1352.23571777
1352.3527832
1368.59606934
1353.62097168
1358.1081543
1358.48730469
1373.24694824
1350.20581055
1373.49523926
1342.3527832
1362.34411621
1345.89379883
1356.71582031
1363.48352051
1358.63452148
1345.66394043
1365.64147949
1343.14428711
1351.98266602
1349.6282959
1373.76220703
1353.77624512
1358.33422852
1378.74829102
1363.35119629
1381.52319336
1349.81896973
1364.19445801
1356.94091797
1357.9206543
1355.38696289
1374.015625
1353.33349609
1367.55029297
1362.65222168
1353.69055176
1352.71081543
1371.35693359
1378.60583496
1352.51013184
1363.72473145
1357.52722168
1362.94897461
1366.90063477
1358.69128418
1341.14526367
1343.82019043
1383.30908203
1358.60424805
1352.45874023
1362.8503418
1358.23413086
1352.77746582
1353.42700195
1354.43688965
1355.72631836
1352.21154785
1342.73669434
1346.93920898
1356.79455566
1348.02172852
1371.58374023
1350.33312988
1346.8034668
1353.54748535
1353.74755859
1343.8347168
1358.33789062
1361.07421875
1358.83898926
1337.10449219
1353.24633789
1351.25231934
1345.81311035
1371.70605469
1352.91809082
1362.46984863
1343.19030762
1367.90942383
1346.8972168
1362.30834961
1356.29089355
1342.41809082
1366.70019531
1350.4465332
1363.1751709
1373.13122559
1378.00012207
1367.52539062
1332.33361816
1365.92858887
1367.01538086
1338.80053711
1346.55859375
1350.65368652
1353.0123291
1363.34851074
1346.84228516
1331.74279785
1370.43493652
1353.78430176
1366.61254883
1346.63232422
1358.52648926
1341.8527832
1358.54101562
1340.64086914
1361.47094727
1343.16003418
1352.86865234
1354.3470459
1352.0291748
1337.95446777
1368.76245117
1363.55944824
1363.0267334
1358.73205566
1346.64587402
1363.08557129
1358.19885254
1368.83007812
1368.00976562
1354.47131348
1362.88928223
1342.35717773
1342.74279785
1350.60498047
1362.31921387
1368.13769531
1349.14465332
1362.47155762
1355.8248291
1365.84973145
1363.22912598
1344.49060059
1362.93066406
1364.7310791
1365.72033691
1356.56115723
1368.13891602
1368.27062988
1355.12060547
1345.58752441
1338.19104004
1391.40527344
1352.84228516
1357.33666992
1348.12744141
1361.46850586
1363.65148926
1367.13000488
1348.4666748
1357.00646973
1338.51843262
1341.91040039
1354.41674805
1348.33447266
1356.98791504
1352.58410645
1345.55249023
1373.35583496
1358.125
1353.73693848
1354.8815918
1348.76257324
1342.17053223
1363.7253418
1347.17175293
1338.72399902
1348.98571777
1348.25537109
1373.08789062
1355.19921875
1362.2902832
1368.12841797
1352.16394043
1383.74450684
1373.2857666
1348.71496582
1355.79638672
1373.82751465
1373.26818848
1347.83557129
1352.78015137
1355.25402832
1366.20507812
1358.92614746
1368.64367676
1343.59643555
1346.64892578
1344.29504395
1336.79333496
1342.61108398
1357.21142578
1357.27783203
1353.55761719
1377.25695801
1357.31945801
1344.20446777
1357.04882812
1371.66113281
1354.99243164
1379.47265625
1345.65319824
1358.23352051
1345.17553711
1352.30212402
1352.51623535
1338.18103027
1357.171875
1362.82824707
1348.86230469
1353.84741211
1385.89367676
1359.13354492
1368.7064209
1352.84838867
1343.38305664
1353.578125
1350.3482666
1367.99597168
1373.86572266
1350.39013672
1366.44335938
1343.37084961
1377.02429199
1353.10424805
1368.39123535
1347.72607422
1368.6751709
1348.36572266
1352.68835449
1348.47131348
1378.81567383
1373.81787109
1345.07263184
1358.28417969
1354.99462891
1348.41589355
1352.12866211
1373.68884277
1383.85351562
1357.67480469
1363.61315918
1367.46813965
1365.34326172
1356.12341309
1355.36206055
1350.45922852
1363.3359375
1358.81262207
1348.55175781
1350.57336426
1377.17712402
1361.72814941
1359.57495117
1338.43347168
1346.1463623
1377.10949707
1368.19055176
1353.2409668
1351.20837402
1382.9440918
1350.36901855
1372.89294434
1353.0682373
1356.89916992
1353.81970215
1363.78808594
1363.81970215
1353.86132812
1363.22265625
1358.12792969
1348.56933594
1346.67370605
1363.75146484
1375.19763184
1355.2121582
1344.76123047
1368.2277832
1354.56774902
1352.73449707
1378.10510254
1357.26599121
1343.23413086
1368.16784668
1348.32373047
1350.84570312
1338.84643555
1358.78918457
1358.73303223
1354.8314209
1364.43103027
1363.26025391
1348.64465332
1347.77905273
1353.34057617
1348.34216309
1352.39135742
1378.65686035
1344.70898438
1366.48022461
1358.51025391
1373.68188477
1363.52856445
1343.09228516
1377.87463379
1348.54284668
1352.06640625
1348.73388672
1352.9387207
1373.72583008
1373.37573242
1347.78894043
1353.36791992
1382.35449219
1346.8203125
1348.77429199
1356.72009277
1353.00866699
1357.43432617
1358.0168457
1352.76513672
1348.66064453
1364.66015625
1367.67834473
1363.53869629
1353.8145752
1373.57678223
1357.13659668
1345.57702637
1361.56396484
1358.25097656
1358.24255371
1339.02514648
1345.6784668
1391.79992676
1365.63305664
1340.11242676
1365.59289551
1356.28540039
1385.99377441
1366.81542969
1353.05908203
1367.93798828
1372.28112793
1358.76782227
1342.93066406
1342.67980957
1332.04602051
1357.90979004
1374.76074219
1357.65576172
1360.7701416
1356.87597656
1338.00878906
1382.77233887
1368.85522461
1362.71606445
1373.1184082
1351.52209473
1362.43518066
1329.39501953
1360.4654541
1351.98327637
1342.89685059
1349.31420898
1355.77368164
1368.78320312
1354.75500488
1377.54174805
1362.34667969
1363.22949219
1361.92382812
1352.6060791
1376.94616699
1351.53430176
1348.73242188
1356.72412109
1353.80456543
1358.78735352
1373.828125
1358.65405273
1362.10058594
1351.7244873
1356.94494629
1362.44665527
1337.13891602
1373.67504883
1353.68640137
1347.77380371
1348.04199219
1353.84436035
1347.20910645
1351.65063477
1348.43554688
1342.8671875
1363.26745605
1362.51855469
1338.31213379
1363.54052734
1353.80944824
1365.79040527
1367.87390137
1375.96630859
1355.97021484
1356.77453613
1378.52587891
1351.17578125
1363.29882812
1353.72363281
1358.78942871
1343.85058594
1349.93237305
1361.91430664
1355.10546875
1352.59777832
1331.98718262
1348.43676758
1368.8626709
1345.54052734
1366.7911377
1348.26745605
1355.70861816
1353.2130127
1339.99645996
1353.37646484
1350.015625
1354.11425781
1348.79968262
1367.96716309
1366.88745117
1363.2298584
1354.57434082
1352.26123047
1367.85949707
1343.37121582
1358.3170166
1370.02478027
1348.39855957
1356.29858398
1342.77844238
1343.44665527
1355.50817871
1356.18054199
1356.98327637
1348.46923828
1348.34106445
1351.20581055
1371.40148926
1359.67663574
1357.72973633
1368.68078613
1355.2532959
1358.69836426
1358.39074707
1353.11865234
1373.64550781
1352.43139648
1377.55883789
1373.15905762
1362.17053223
1343.54968262
1352.25732422
1364.94812012
1357.53027344
1346.38000488
1342.39831543
1347.5345459
1361.35095215
1345.72790527
1353.24145508
1373.43530273
1355.81921387
1355.49316406
1352.5501709
1357.56506348
1361.7376709
1371.0657959
1373.58862305
1353.02526855
1353.35876465
1374.83630371
1353.55041504
1356.65405273
1357.41442871
1348.61376953
1352.65783691
1351.94445801
1347.47460938
1346.12304688
1360.81225586
1356.13098145
1336.36340332
1378.19482422
1358.70178223
1375.18518066
1373.81921387
1338.5168457
1346.8112793
1363.94226074
1336.76330566
1352.04663086
1356.69213867
1373.67871094
1342.58349609
1357.41186523
1350.78344727
1348.53820801
1353.62316895
1367.26013184
1347.89282227
1360.26647949
1358.73181152
1391.57958984
1375.9855957
1372.6685791
1346.25073242
1360.63269043
1347.6192627
1362.82397461
1341.94421387
1373.84863281
1354.35888672
1338.5880127
1347.98254395
1367.7454834
1358.78552246
1363.28442383
1343.1463623
1361.5201416
1353.54650879
1368.62670898
1363.12915039
1353.49719238
1366.83068848
1362.13146973
1357.38464355
1343.34558105
1342.31542969
1363.24584961
1355.6484375
1349.62609863
1346.26953125
1372.30224609
1362.36877441
1382.71984863
1353.31408691
1367.68505859
1372.15234375
1363.83447266
1376.69396973
1347.08166504
1368.26586914
1346.58056641
1355.84851074
1352.3684082
1343.43188477
1343.51208496
1358.3684082
1388.57128906
1373.57092285
1334.96923828
1386.31774902
1358.1192627
1387.78881836
1359.4654541
1363.4387207
1363.30688477
1369.94311523
1335.10595703
1366.9407959
1348.19250488
1348.57727051
1363.23596191
1354.3359375
1375.15771484
1343.0201416
1352.48071289
1373.85949707
1357.90490723
1348.05529785
1341.50610352
1363.22045898
1360.2947998
1358.57116699
1357.54138184
1337.36791992
1354.75085449
1343.29870605
1351.86425781
1365.89831543
1348.50744629
1362.50744629
1363.29077148
1347.7911377
1353.18078613
1343.35205078
1358.55322266
1377.99475098
1358.71081543
1348.41003418
1362.32543945
1358.17797852
1353.78442383
1360.86743164
1373.60449219
1348.4576416
1357.6315918
1350.77832031
1383.84960938
1367.69616699
1373.72900391
1348.06713867
1356.73327637
1356.43762207
1353.14416504
1342.07763672
1335.78186035
1363.11889648
1375.12194824
1348.82409668
1343.41491699
1371.77502441
1363.78564453
1358.07019043
1363.11376953
1358.69921875
1362.74023438
1358.35241699
1376.15820312
1367.93713379
1356.53149414
1348.61120605
1352.90527344
1359.79992676
1373.49572754
1361.41625977
1353.33935547
1353.66796875
1363.66796875
1362.57897949
1355.91992188
1368.73449707
1357.1159668
1353.65148926
1357.34533691
1378.46606445
1347.57971191
1348.39086914
1357.42382812
1353.1541748
1378.70983887
1363.4276123
1367.48742676
1346.28198242
1368.85998535
1338.79138184
1348.80883789
1362.79064941
1348.98303223
1365.34899902
1355.69055176
1368.72814941
1358.73901367
1367.86853027
1353.27819824
1363.01940918
1363.84240723
1361.85913086
1364.50195312
1372.2833252
1352.85205078
1361.34899902
1383.18237305
1352.45129395
1348.05102539
1350.15710449
1372.56762695
1353.10766602
1360.19750977
1346.41052246
1357.12646484
1341.8404541
1383.3815918
1368.13549805
1357.77246094
1351.55175781
1355.14440918
1372.05114746
1346.41210938
1351.31896973
1353.81933594
1342.58178711
1367.12597656
1348.38305664
1357.9296875
1351.09729004
1347.63671875
1356.28234863
1355.95263672
1357.84692383
1362.07434082
1357.80419922
1362.50524902
1358.15368652
1372.12963867
1363.40820312
1363.13171387
1346.875
1339.6842041
1342.47021484
1367.09960938
1343.44494629
1355.67456055
1345.04992676
1359.9161377
1342.92358398
1343.11999512
1351.82861328
1352.24658203
1338.72644043
1339.41247559
1348.83251953
1346.12609863
1347.69335938
1352.35559082
1358.31787109
1368.48156738
1353.24328613
1352.92883301
1356.24987793
1358.20446777
1358.5020752
1358.44055176
1353.76831055
1348.16821289
1363.74353027
1373.39379883
1356.94616699
1368.72314453
1358.37768555
1368.49438477
1355.71252441
1352.13635254
1358.74951172
1352.75305176
1358.66918945
1362.95275879
1345.07543945
1371.8572998
1357.83654785
1363.73034668
1363.23193359
1353.85131836
1373.8494873
1367.23083496
1347.25024414
1355.3927002
1348.37609863
1373.76245117
1348.5333252
1368.15087891
1348.30541992
1353.93286133
1356.9206543
1367.64086914
1347.65246582
1353.74060059
1359.70776367
1337.56481934
1358.83935547
1348.66943359
1348.56445312
1362.98815918
1358.28479004
1353.29992676
1351.08850098
1362.08178711
1353.45898438
1353.78930664
1363.08947754
1333.78381348
1363.41809082
1363.00842285
1348.72436523
1365.37182617
1346.33215332
1348.46057129
1342.97558594
1370.08850098
1347.7980957
1373.46838379
1362.64782715
1357.94311523
1355.22937012
1392.98095703
1383.2442627
1369.9354248
1352.40917969
1343.71289062
1371.33654785
1353.55053711
1373.06591797
1357.94592285
1350.67138672
1352.0300293
1383.46875
1353.85327148
1368.10253906
1353.57275391
1346.71313477
1353.13232422
1356.29309082
1363.7800293
1362.22998047
1347.55761719
1373.57702637
1372.98974609
1341.09338379
1350.58642578
1348.82775879
1342.8548584
1373.21960449
1348.23693848
1347.03503418
1342.20007324
1352.54663086
1342.86242676
1346.3692627
1343.40820312
1372.99938965
1354.95581055
1364.65527344
1362.55957031
1363.546875
1353.08605957
1359.50488281
1348.75366211
1366.24633789
1352.7401123
1367.68493652
1347.38427734
1358.52209473
1363.37304688
1372.57653809
1349.76538086
1353.84472656
1377.2635498
1347.54858398
1346.53015137
1361.39282227
1363.77258301
1352.74536133
1357.54150391
1354.62438965
1366.38562012
1347.7722168
1373.3605957
1345.5447998
1353.00158691
1372.88427734
1360.52294922
1358.05212402
1352.50427246
1373.32189941
1338.79821777
1346.21960449
1366.38562012
1345.37341309
1353.42614746
1358.46179199
1348.72155762
1353.36877441
1353.40625
1328.75976562
1373.04736328
1356.27246094
1358.59997559
1356.8605957
1352.27148438
1338.52355957
1353.48510742
1353.86022949
1372.33703613
1357.93908691
1347.18591309
1353.25463867
1357.18969727
1356.56542969
1368.75463867
1362.36730957
1338.72265625
1353.75158691
1368.09765625
1346.8215332
1356.78027344
1371.2421875
1356.56286621
1354.10473633
1357.58557129
1358.39013672
1362.11706543
1347.90124512
1372.78125
1345.80078125
1358.50415039
1366.87182617
1356.37194824
1342.56445312
1346.11474609
1344.60778809
1354.21240234
1346.74743652
1357.53479004
1363.60241699
1363.29016113
1359.72717285
1356.72485352
1366.13464355
1345.09619141
1369.46252441
1343.03356934
1367.18554688
1358.02185059
1378.77844238
1347.76367188
1344.27648926
1357.3157959
1352.64147949
1367.87402344
1358.80041504
1348.75964355
1370.27148438
1363.6385498
1372.28601074
1341.63586426
1378.79724121
1373.47131348
1360.96289062
1337.73864746
1362.39416504
1357.27087402
1352.66162109
1368.41699219
1353.95593262
1353.7878418
1346.22033691
1348.47131348
1352.24267578
1356.0892334
1368.41821289
1348.01660156
1367.84057617
1361.02746582
1383.64428711
1365.89147949
1347.93640137
1370.07165527
1362.51489258
1351.8248291
1361.29504395
1372.73925781
1353.41662598
1368.41467285
1372.56860352
1347.21533203
1347.45544434
1350.52416992
1353.57421875
1353.6394043
1350.25610352
1358.61181641
1358.79052734
1338.6517334
1357.8416748
1358.6619873
1340.29797363
1357.21386719
1352.82800293
1377.50915527
1361.65222168
1349.54956055
1365.18859863
1332.76416016
1347.77124023
1356.98510742
1354.39208984
1377.9453125
1372.26208496
1348.69189453
1373.51269531
1349.30688477
1356.00866699
1371.91223145
1353.15039062
1362.8651123
1370.77197266
1358.58251953
1357.26135254
1345.42822266
1347.83203125
1348.6907959
1378.57788086
1347.90478516
1362.70825195
1383.47473145
1341.92895508
1368.26745605
1348.32177734
1348.74157715
1352.85437012
1362.13623047
1358.16162109
1382.22265625
1363.29284668
1363.35778809
1383.39013672
1370.59887695
1350.67211914
1351.92614746
1372.33764648
1357.79797363
1361.84423828
1376.86230469
1363.5423584
1358.63562012
1386.88989258
1372.24462891
1340.36914062
1357.05151367
1343.7989502
1352.29956055
1345.02746582
1361.33178711
1341.75488281
1346.84387207
1362.29577637
1341.6451416
1366.70507812
1342.10131836
1356.83312988
1363.0267334
1353.71508789
1361.46691895
1353.13708496
1343.62084961
1373.02612305
1368.53063965
1362.18395996
1348.34326172
1354.21166992
1357.58227539
1348.94091797
1373.83825684
1343.20690918
1353.609375
1362.11364746
1341.93432617
1377.61730957
1362.89770508
1345.31018066
1357.83972168
1346.30554199
1347.13842773
1326.60168457
1358.15917969
1356.41320801
1348.80078125
1364.54089355
1357.61242676
1353.15356445
1352.61767578
1353.74902344
1346.92102051
1363.64685059
1363.60534668
1353.69226074
1353.71228027
1351.89782715
1352.91992188
1362.16137695
1363.37475586
1343.78686523
1360.25927734
1378.07995605
1347.80895996
1353.80688477
1353.30322266
1336.97583008
1365.52990723
1358.40136719
1367.28662109
1391.61120605
1373.64758301
1363.79052734
1351.90539551
1368.33654785
1348.11340332
1357.72546387
1367.18676758
1342.78747559
1333.19763184
1353.56323242
1343.87426758
