1468.81555176
1468.63549805
1473.85021973
1471.73815918
1428.85375977
1443.86279297
1443.25854492
1473.85900879
1468.71691895
1478.74438477
1458.57922363
1473.6072998
1458.57958984
1423.78955078
1443.81652832
1473.75683594
1443.91699219
1458.8314209
1438.79272461
1467.93444824
1473.69311523
1458.7052002
1478.60046387
1453.50683594
1458.85754395
1458.86499023
1458.82055664
1468.5390625
1456.03918457
1468.81896973
1473.50561523
1468.8302002
1463.7956543
1437.23510742
1468.14208984
1463.81982422
1437.19775391
1452.00549316
1458.67321777
1472.7434082
1447.17614746
1467.53271484
1468.2166748
1478.81359863
1453.58898926
1438.72009277
1458.68969727
1433.8425293
1443.77526855
1443.78015137
1467.90979004
1453.57275391
1453.8482666
1468.86547852
1458.67712402
1463.55969238
1463.27954102
1468.49072266
1458.85595703
1473.60559082
1478.75964355
1423.82617188
1448.85681152
1455.13342285
1473.63977051
1433.82702637
1473.78710938
1453.50769043
1463.71386719
1453.82519531
1483.68115234
1463.76574707
1433.83154297
1423.82263184
1468.7557373
1423.83789062
1472.21044922
1468.27868652
1427.55627441
1478.75268555
1463.28735352
1458.64233398
1428.85302734
1443.86657715
1463.83410645
1447.91088867
1443.82397461
1468.77648926
1458.72595215
1458.73962402
1458.76147461
1452.34655762
1463.86437988
1458.85791016
1443.84411621
1478.86437988
1458.76135254
1468.60693359
1458.7677002
1428.81140137
1443.83764648
1473.68713379
1438.19470215
1458.48974609
1468.78259277
1458.66821289
1462.52636719
1478.32189941
1463.61816406
1413.7512207
1453.85498047
1443.78991699
1448.67126465
1468.74523926
1453.52685547
1458.70751953
1463.74267578
1468.2064209
1467.82409668
1478.54223633
1458.69445801
1433.70788574
1453.84997559
1448.14807129
1453.76904297
1483.60498047
1458.85266113
1463.21386719
1458.77038574
1443.75524902
1478.86206055
1458.81433105
1433.7388916
1460.28479004
1443.71325684
1433.7779541
1438.69873047
1438.49755859
1463.7220459
1458.82958984
1443.49511719
1443.8671875
1468.68786621
1463.81591797
1458.37939453
1438.75146484
1478.71655273
1468.61560059
1443.86022949
1472.35900879
1453.7947998
1453.85192871
1458.81347656
1473.81677246
1472.18029785
1458.73681641
1443.81860352
1448.86657715
1413.82580566
1448.71569824
1443.63146973
1453.73913574
1473.58642578
1452.70507812
1452.63684082
1468.11303711
1473.75793457
1468.51843262
1463.80541992
1468.80651855
1458.69555664
1457.01098633
1473.65100098
1418.82250977
1418.70300293
1468.77429199
1433.55456543
1433.81787109
1463.3729248
1428.65637207
1473.35327148
1479.265625
1483.73022461
1473.65319824
1458.8137207
1463.796875
1443.86047363
1468.66345215
1477.30627441
1458.1484375
1463.81420898
1453.83117676
1463.76696777
1478.10717773
1418.84082031
1483.31420898
1448.78234863
1448.8326416
1448.36987305
1468.15588379
1452.91418457
1468.17565918
1463.7175293
1450.5892334
1438.81469727
1458.84997559
1473.82641602
1458.84411621
1428.73168945
1468.86181641
1443.77929688
1463.68237305
1433.83862305
1448.78015137
1443.85998535
1458.66467285
1448.80969238
1443.06530762
1463.46325684
1453.85839844
1468.48083496
1433.22216797
1478.59301758
1458.61560059
1463.74780273
1428.67883301
1463.66455078
1468.19335938
1458.36010742
1448.30810547
1438.82556152
1463.81164551
1458.55737305
1413.70007324
1453.62390137
1463.06787109
1478.82714844
1458.86767578
1443.84570312
1448.71362305
1443.74694824
1458.38513184
1473.04003906
1443.73962402
1463.78051758
1473.7857666
1478.68579102
1453.83898926
1448.07434082
1478.81494141
1433.80371094
1468.85717773
1458.859375
1463.56677246
1443.5020752
1463.76391602
1458.78930664
1448.85620117
1428.85437012
1443.83081055
1473.05078125
1459.50048828
1438.79870605
1458.43713379
1453.72070312
1458.11535645
1443.64123535
1476.56665039
1453.83996582
1438.85717773
1438.81286621
1478.55029297
1463.41162109
1458.7767334
1458.01171875
1458.63183594
1453.82849121
1457.70361328
1448.79943848
1428.85742188
1467.67614746
1457.45324707
1468.20739746
1428.80371094
1473.76123047
1468.47314453
1463.70605469
1468.65539551
1428.56762695
1453.74304199
1432.9909668
1473.74609375
1467.57727051
1478.86437988
1428.66638184
1473.81494141
1463.79626465
1467.53613281
1468.75817871
1468.41345215
1453.79296875
1448.85717773
1468.32531738
1458.74841309
1463.8536377
1466.73925781
1453.85876465
1457.98474121
1458.59899902
1443.85668945
1438.86462402
1477.27636719
1477.45996094
1428.84204102
1448.34790039
1466.89343262
1473.69458008
1473.54382324
1433.83044434
1473.81176758
1448.3684082
1473.43859863
1460.14916992
1468.82336426
1468.15270996
1448.74121094
1463.74182129
1473.7668457
1473.44384766
1438.86743164
1445.65734863
1463.53564453
1453.76318359
1468.71044922
1438.85229492
1418.80615234
1428.65222168
1478.83081055
1453.69946289
1458.67358398
1458.46838379
1458.7701416
1448.37792969
1468.69848633
1448.79406738
1468.86352539
1468.8170166
1488.32519531
1446.77600098
1472.40405273
1447.88964844
1453.83837891
1473.30224609
1467.69873047
1453.82336426
1443.80273438
1428.71472168
1448.76831055
1433.85876465
1468.73706055
1473.63037109
1438.79199219
1453.83361816
1473.25708008
1423.77185059
1437.70922852
1478.66040039
1453.84765625
1463.83557129
1463.28894043
1438.84069824
1463.83203125
1453.82250977
1468.71435547
1462.65014648
1468.82348633
1468.82275391
1463.82897949
1428.85632324
1482.95251465
1468.37316895
1448.13000488
1453.84667969
1448.86242676
1458.8416748
1438.73669434
1453.61486816
1478.75805664
1453.79724121
1454.35681152
1466.78198242
1443.85009766
1428.86218262
1473.74194336
1448.28491211
1458.32714844
1433.84094238
1453.83691406
1458.80773926
1448.84729004
1453.83190918
1468.8215332
1463.35388184
1483.86767578
1468.67956543
1453.83972168
1473.8203125
1458.81384277
1474.4753418
1413.75366211
1462.43701172
1453.24499512
1458.85522461
1448.72167969
1462.171875
1413.59350586
1453.73327637
1443.78503418
1458.67749023
1478.07043457
1448.86474609
1453.83276367
1483.25671387
1453.81079102
1463.79443359
1463.71862793
1463.86572266
1448.75378418
1453.83776855
1458.63793945
1478.64318848
1473.76965332
1448.73193359
1463.55297852
1428.86279297
1407.51489258
1443.41296387
1467.55395508
1478.74597168
1461.41223145
1453.83642578
1458.72705078
1468.62390137
1473.84118652
1458.42492676
1443.82495117
1468.86291504
1463.75708008
1423.86450195
1463.06616211
1453.85424805
1438.78771973
1478.61364746
1458.85327148
1457.13867188
1478.67883301
1468.14855957
1458.70422363
1463.37011719
1423.85644531
1468.84277344
1463.74707031
1440.29931641
1458.82165527
1431.23046875
1453.71166992
1468.58569336
1443.85302734
1443.83178711
1448.76794434
1468.81945801
1423.83752441
1458.86645508
1463.86462402
1453.77722168
1468.66223145
1455.80334473
1418.80432129
1477.86083984
1478.6809082
1453.85119629
1478.38452148
1478.26086426
1453.80810547
1463.57617188
1463.67004395
1447.44262695
1433.54394531
1463.56164551
1478.78735352
1473.66723633
1443.79882812
1448.20324707
1458.46484375
1438.74645996
1463.82409668
1433.78515625
1458.77319336
1468.73986816
1458.80566406
1478.27856445
1443.73803711
1453.62683105
1442.75476074
1458.74353027
1438.734375
1473.4309082
1452.5480957
1458.69311523
1477.14367676
1477.48718262
1448.43969727
1458.74902344
1475.62316895
1458.85961914
1438.85852051
1468.85144043
1458.6953125
1468.84509277
1453.4510498
1458.66027832
1423.59838867
1443.73034668
1438.83410645
1463.63415527
1483.7220459
1461.7565918
1468.69689941
1468.68713379
1453.79724121
1453.74975586
1443.7845459
1483.22131348
1468.79711914
1453.86608887
1498.57885742
1433.80810547
1482.9296875
1472.765625
1443.62878418
1458.73901367
1468.78430176
1466.03527832
1463.7154541
1438.86340332
1458.8449707
1463.1817627
1458.8314209
1473.83203125
1463.54614258
1458.77416992
1448.66259766
1468.6854248
1453.71984863
1463.8079834
1468.82885742
1428.81201172
1468.48632812
1463.86242676
1463.0760498
1452.19018555
1468.34619141
1458.80517578
1478.63708496
1483.78222656
1463.57556152
1458.85400391
1458.7545166
1473.85070801
1458.86010742
1473.64587402
1473.83618164
1427.95678711
1468.50476074
1468.39013672
1468.57189941
1482.13085938
1488.43969727
1468.45068359
1463.83215332
1448.05126953
1472.58654785
1403.29626465
1473.85986328
1448.78686523
1473.55175781
1448.72692871
1458.81506348
1443.83435059
1458.85107422
1473.48876953
1473.47460938
1438.83874512
1468.68029785
1473.85229492
1443.79077148
1463.44287109
1468.16589355
1433.81213379
1438.78552246
1458.82763672
1468.46862793
1458.8572998
1448.45239258
1467.93725586
1473.03564453
1473.82958984
1458.81811523
1453.5201416
1458.69482422
1468.75976562
1468.64501953
1448.74523926
1428.84094238
1443.62109375
1488.56921387
1468.85998535
1453.8560791
1453.86083984
1433.81738281
1483.00671387
1453.6953125
1453.76464844
1472.26525879
1458.68395996
1468.70947266
1463.76049805
1473.77502441
1458.62219238
1453.74060059
1468.43395996
1448.84765625
1443.82287598
1432.66455078
1463.14892578
1438.51757812
1478.76245117
1438.78198242
1432.3782959
1473.70605469
1478.65856934
1483.79016113
1463.7310791
1453.82531738
1463.64331055
1428.67651367
1433.6138916
1453.7755127
1463.77905273
1463.86572266
1448.85754395
1453.86560059
1482.84179688
1468.13122559
1458.80249023
1418.81970215
1458.80090332
1448.77209473
1458.77966309
1473.42883301
1453.78137207
1473.79016113
1463.84240723
1473.76428223
1477.41638184
1468.44421387
1468.39904785
1453.39831543
1472.37231445
1458.78625488
1418.25561523
1463.8638916
1418.79333496
1418.84155273
1453.60998535
1453.68859863
1468.86779785
1457.01049805
1441.38085938
1428.71118164
1443.84375
1463.79785156
1488.23364258
1458.62780762
1418.83532715
1473.37426758
1428.7590332
1428.80627441
1468.32250977
1468.22631836
1463.8425293
1457.47143555
1413.86621094
1453.77038574
1463.68127441
1453.57373047
1468.82519531
1433.46520996
1438.86169434
1413.7565918
1453.81726074
1433.86181641
1459.88049316
1478.73937988
1467.84899902
1468.82092285
1487.21875
1488.86340332
1458.82421875
1458.08886719
1463.85668945
1468.8112793
1478.69946289
1453.85412598
1418.86425781
1433.44946289
1447.92919922
1483.74523926
1458.76135254
1468.78955078
1468.7824707
1443.53649902
1463.75598145
1453.42687988
1463.78466797
1468.7355957
1442.91821289
1468.84838867
1428.28320312
1462.69238281
1428.83935547
1443.81518555
1448.24291992
1438.81518555
1433.85131836
1467.77905273
1477.66345215
1463.75866699
1461.55664062
1473.70727539
1455.95983887
1445.67565918
1467.70056152
1468.83251953
1448.49365234
1443.84130859
1463.84069824
1462.82666016
1478.74682617
1476.50390625
1487.07348633
1463.15075684
1448.69677734
1433.2130127
1458.73254395
1458.86462402
1453.86425781
1467.62792969
1433.86218262
1468.0748291
1468.33679199
1458.5880127
1428.82507324
1423.85742188
1468.86230469
1473.7199707
1470.62585449
1463.82092285
1491.74121094
1428.76965332
1453.85913086
1468.69177246
1443.37597656
1468.25134277
1458.69470215
1468.48742676
1453.77990723
1478.71984863
1458.85449219
1457.67419434
1477.32556152
1473.74768066
1453.83764648
1478.28430176
1468.64990234
1448.80786133
1443.7253418
1438.86682129
1468.15856934
1463.86376953
1433.68725586
1443.19213867
1448.79663086
1428.85375977
1472.54016113
1453.45849609
1448.60864258
1465.21765137
1458.71582031
1463.65270996
1477.54455566
1474.74145508
1433.85632324
1431.09533691
1468.21447754
1443.79760742
1468.72131348
1463.77600098
1468.74438477
1462.81896973
1458.80529785
1458.80847168
1443.7421875
1468.75427246
1473.41687012
1453.78112793
1458.6439209
1443.82104492
1483.84545898
1453.50915527
1458.59362793
1423.85583496
1438.69213867
1463.41845703
1481.75854492
1438.06335449
1463.75048828
1463.81506348
1453.64147949
1463.81018066
1458.80883789
1468.29748535
1443.84753418
1460.23937988
1483.8013916
1433.45825195
1473.13537598
1423.58911133
1453.85327148
1468.7611084
1458.72753906
1427.26928711
1468.45007324
1453.61853027
1450.07995605
1463.14416504
1428.84924316
1478.35229492
1448.61962891
1428.84265137
1453.52160645
1425.34558105
1473.43859863
1468.82275391
1453.17468262
1468.85327148
1453.84216309
1462.64038086
1463.8013916
1462.3885498
1438.85498047
1488.52612305
1408.35253906
1473.63977051
1447.8145752
1448.79455566
1458.40270996
1453.82910156
1481.01940918
1473.64038086
1433.49475098
1468.84179688
1463.77832031
1468.26660156
1442.93286133
1463.20458984
1438.03503418
1418.77416992
1458.39892578
1458.49047852
1443.84399414
1438.58422852
1468.03430176
1473.77172852
1463.77832031
1466.03063965
1478.42565918
1458.77026367
1443.78466797
1423.64379883
1448.84814453
1463.84240723
1423.81225586
1438.47192383
1458.60925293
1483.80859375
1453.17053223
1463.85131836
1442.59533691
1453.7947998
1473.26611328
1458.83581543
1473.7791748
1443.80615234
1458.73999023
1453.84204102
1467.83374023
1448.79772949
1453.74499512
1463.49438477
1463.79638672
1468.82250977
1458.83605957
1462.55627441
1468.84472656
1443.76306152
1458.57592773
1473.63977051
1438.65356445
1433.54846191
1483.6652832
1413.82104492
1458.8347168
1408.85437012
1433.80224609
1418.82348633
1448.38232422
1463.43139648
1413.73413086
1478.1965332
1453.13928223
1453.17956543
1463.82495117
1438.42687988
1465.44348145
1468.86694336
1458.49633789
1443.83947754
1478.81652832
1473.24560547
1442.08703613
1443.69152832
1463.73059082
1463.75927734
1463.75854492
1473.74060059
1460.77636719
1428.58361816
1463.84985352
1443.63305664
1443.86706543
1478.54638672
1468.86437988
1453.84985352
1458.23376465
1443.77770996
1458.8302002
1448.8659668
1448.72033691
1453.86206055
1473.19433594
1463.59814453
1472.80773926
1453.83117676
1428.70703125
1443.82287598
1468.86645508
1473.80444336
1462.66638184
1462.46569824
1448.75146484
1478.79284668
1453.07568359
1463.4901123
1438.82202148
1458.74816895
1427.57104492
1462.21972656
1463.25598145
1457.02160645
1472.78686523
1458.79638672
1458.76831055
1482.89770508
1468.78393555
1458.70666504
1447.85021973
1448.8269043
1443.28442383
1453.85656738
1453.75842285
1468.6907959
1458.12817383
1468.41113281
1463.19360352
1458.84838867
1463.8515625
1418.83117676
1468.3581543
1472.96179199
1476.59460449
1468.45263672
1453.83496094
1478.80273438
1477.45446777
1473.53759766
1468.40966797
1466.85083008
1468.86169434
1463.75939941
1453.66052246
1468.24084473
1462.87402344
1468.40734863
1443.84973145
1483.29772949
1468.37023926
1473.72790527
1453.73461914
1473.37805176
1463.52832031
1458.38000488
1453.42956543
1476.70056152
1458.22143555
1478.80786133
1468.54052734
1458.78503418
1456.1784668
1463.37182617
1450.27636719
1453.53759766
1448.79138184
1447.75061035
1438.85266113
1453.79614258
1463.71252441
1453.77746582
1458.85058594
1483.38183594
1477.85290527
1463.35839844
1473.79199219
1438.84460449
1453.67492676
1473.27478027
1463.77233887
1458.83813477
1457.71911621
1468.69519043
1458.85717773
1468.71887207
1478.6751709
1468.82824707
1463.58935547
1458.86499023
1453.8536377
1443.65551758
1467.24743652
1423.84338379
1483.78869629
1473.68371582
1437.78491211
1453.27722168
1476.37585449
1413.83288574
1483.3359375
1448.734375
1478.61181641
1443.85107422
1483.65637207
1458.82397461
1453.46240234
1443.77319336
1468.72009277
1443.26074219
1443.80749512
1478.64379883
1443.86206055
1453.72790527
1458.61755371
1433.83508301
1448.54943848
1443.77209473
1438.81811523
1472.91442871
1453.86230469
1463.83813477
1438.80932617
1418.86010742
1453.75305176
1473.82788086
1458.84228516
1438.64038086
1422.08850098
1458.83276367
1463.35119629
1458.66906738
1458.70410156
1458.81884766
1468.7244873
1468.8182373
1448.82141113
1457.21435547
1433.81494141
1453.86633301
1453.79724121
1443.86621094
1463.7746582
1438.75878906
1438.73669434
1477.50292969
1468.84533691
1443.77148438
1443.86022949
1478.50512695
1453.72106934
1463.39086914
1462.44250488
1448.32995605
1473.12438965
1448.64477539
1438.77868652
1448.81811523
1448.72949219
1448.82763672
1433.86499023
1453.7869873
1468.78417969
1472.47766113
1453.77087402
1463.10974121
1443.74926758
1448.84313965
1438.78918457
1438.85095215
1483.74645996
1471.6270752
1453.85290527
1443.63671875
1458.75256348
1423.83374023
1458.8190918
1453.85168457
1468.86291504
1423.5111084
1433.79223633
1468.86621094
1448.57336426
1440.25854492
1458.32714844
1473.32409668
1438.76330566
1472.08276367
1463.58630371
1463.75439453
1488.13879395
1453.85644531
1453.26501465
1453.65100098
1468.75671387
1468.1217041
1452.98986816
1448.86083984
1448.83398438
1458.76818848
1453.85241699
1438.36401367
1463.77429199
1478.20153809
1458.75598145
1463.75817871
1483.74316406
1443.54455566
1463.98950195
1440.51147461
1448.82421875
1458.67578125
1473.75524902
1477.67980957
1473.81640625
1423.80456543
1493.75964355
1453.7232666
1458.49499512
1433.7043457
1478.45849609
1478.67626953
1438.86108398
1473.84765625
1411.72509766
1443.84521484
1463.84558105
1468.7824707
1473.6151123
1463.85424805
1478.45068359
1443.39294434
1483.63500977
1467.33886719
1463.51403809
1471.92236328
1443.28295898
1438.65393066
1443.04199219
1478.74304199
1453.43249512
1473.72644043
1418.83398438
1463.4954834
1468.27514648
1433.81884766
1443.5135498
1468.80725098
1418.8092041
1478.48901367
1453.85131836
1438.8371582
1448.31750488
1453.7208252
1468.36987305
1468.59960938
1473.50842285
1476.43981934
1426.78198242
1453.09228516
1428.20715332
1433.76757812
1474.77734375
1428.60559082
1448.7734375
1472.68286133
1448.81872559
1453.52636719
1463.56835938
1467.76965332
1467.76477051
1458.71777344
1453.73535156
1433.85534668
1453.83459473
1458.75805664
1433.55737305
1462.71081543
1477.56677246
1458.83996582
1458.8449707
1493.84936523
1423.7277832
1448.36950684
1463.20703125
1448.78088379
1473.36743164
1463.85144043
1468.47119141
1418.72131348
1473.07165527
1458.86450195
1458.79724121
1468.41271973
1463.73022461
1483.16772461
1453.70373535
1443.60754395
1473.01135254
1453.77868652
1423.6529541
1423.8671875
1478.83618164
1478.08251953
1463.04467773
1473.75305176
1423.85095215
1463.85021973
1448.7479248
1443.74438477
1453.55322266
1463.39807129
1468.83129883
1423.63110352
1476.14660645
1463.84997559
1433.15112305
1473.74609375
1443.79431152
1465.8972168
1428.80786133
1473.77197266
1486.54223633
1433.85412598
1418.73962402
1437.59790039
1451.41711426
1487.00256348
1473.84069824
1418.77709961
1463.83251953
1453.80944824
1458.78723145
1443.59448242
1423.68933105
1457.65820312
1463.43041992
1438.84887695
1472.28271484
1453.75488281
1453.8269043
1453.69055176
1448.77478027
1423.8470459
1463.84753418
1443.42053223
1461.22167969
1438.83215332
1458.81091309
1483.34472656
1428.65844727
1438.83325195
1438.85339355
1463.81628418
1468.74597168
1457.92785645
1443.80603027
1468.85302734
1468.36975098
1443.74169922
1472.15991211
1473.8092041
1473.72839355
1478.13439941
1463.20422363
1448.72314453
1478.82287598
1448.71813965
1473.5213623
1477.81994629
1458.8092041
1423.81958008
1458.54150391
1466.6105957
1478.7532959
1466.26782227
1483.46691895
1468.85449219
1453.68273926
1473.2701416
1472.58312988
1433.703125
1463.42443848
1428.58337402
1458.85229492
1473.72949219
1483.68530273
1438.43920898
1468.86657715
1458.30065918
1473.12817383
1448.82580566
1463.81872559
1448.84020996
1468.78613281
1463.86730957
1443.82409668
1418.83508301
1463.25866699
1473.70617676
1463.80236816
1412.47790527
1453.7869873
1448.51599121
1453.81933594
1478.8458252
1477.16003418
1448.75073242
1463.86645508
1463.61499023
1443.80505371
1467.53271484
1463.80212402
1468.83630371
1438.79956055
1458.83972168
1428.75146484
1468.83984375
1458.79431152
1468.52075195
1467.99279785
1448.86560059
1453.33483887
1453.38867188
1478.80444336
1463.30969238
1433.46948242
1476.70117188
1443.0333252
1438.74572754
1448.83898926
1478.61523438
1438.82568359
1453.60437012
1453.82312012
1473.80895996
1476.80969238
1433.79309082
1465.40527344
1438.83459473
1458.6361084
1463.60205078
1468.77197266
1463.77722168
1418.85437012
1483.71704102
1463.61877441
1458.79638672
1458.6940918
1443.77099609
1433.82446289
1433.48217773
1483.01586914
1468.81774902
1458.83813477
1438.84106445
1438.83068848
1463.81115723
1448.45349121
1458.60791016
1438.74853516
1488.23815918
1438.85693359
1472.74035645
1478.57507324
1488.77661133
1443.41967773
1456.203125
1448.80810547
1478.63427734
1479.60095215
1472.85205078
1433.76379395
1468.85827637
1463.18188477
1453.71252441
1463.73510742
1463.15600586
1458.7923584
1458.72631836
1488.19299316
1458.51660156
1453.47302246
1443.77026367
1458.84020996
1463.59033203
1459.92810059
1438.70666504
1473.80773926
1423.84655762
1448.85766602
1463.0970459
1438.82006836
1463.68469238
1448.82885742
1433.85742188
1478.79016113
1478.76513672
1433.81018066
1463.82702637
1453.14001465
1428.84558105
1463.58398438
1463.85009766
1463.86401367
1468.21716309
1438.09057617
1448.83520508
1453.72131348
1453.77697754
1453.25170898
1458.85510254
1462.78137207
1438.57202148
1453.83166504
1453.80029297
1453.84753418
1453.67785645
1477.33874512
1463.421875
1458.86401367
1453.65673828
1460.13256836
1468.48352051
1448.41162109
1448.76733398
1453.71850586
1473.43859863
1433.80236816
1478.37915039
1463.83520508
1443.61108398
1468.8157959
1448.72290039
1468.65551758
1474.38989258
1478.81567383
1478.34643555
1448.76818848
1473.50915527
1463.86352539
1423.77307129
1443.7512207
1448.828125
1458.1295166
1448.81188965
1471.0793457
1448.8314209
1428.7076416
1448.83056641
1443.85021973
1462.74047852
1463.48046875
1477.67724609
1458.8338623
1453.81115723
1448.84460449
1443.78430176
1473.46557617
1463.66210938
1458.62243652
1463.85766602
1453.72387695
1458.8651123
1458.3815918
1443.74499512
1478.68005371
1453.45080566
1463.78100586
1468.62890625
1483.27453613
1428.85998535
1473.65344238
1468.53356934
1428.84338379
1478.6126709
1478.76318359
1458.21459961
1443.84545898
1488.80761719
1458.79956055
1463.52429199
1453.44665527
1438.79907227
1453.77587891
1418.72888184
1448.86755371
1478.69262695
1448.81408691
1463.35180664
1448.60571289
1438.86645508
1443.62182617
1443.5838623
1443.82507324
1463.67810059
1473.79431152
1483.77099609
1453.86413574
1473.70996094
1458.53112793
1463.7565918
1468.75695801
1443.85888672
1458.81066895
1458.6895752
1453.25720215
1463.70800781
1445.99389648
1473.53942871
1453.71130371
1473.5802002
1463.79626465
1487.61877441
1468.51757812
1438.85852051
1458.78771973
1418.81323242
1428.70117188
1448.61120605
1443.7376709
1463.86206055
1448.55993652
1423.48608398
1428.73693848
1462.5020752
1473.78833008
1433.8581543
1478.8013916
1453.74768066
1478.4979248
1443.86547852
1418.84179688
1443.78320312
1457.63110352
1468.59533691
1473.45544434
1423.85754395
1448.63415527
1438.32092285
1433.80126953
1428.18017578
1468.7142334
1472.63452148
1487.87316895
1472.5682373
1418.5838623
1463.52490234
1468.66442871
1448.51306152
1482.73522949
1448.74121094
1413.78930664
1462.43725586
1428.80810547
1418.84375
1448.79443359
1448.7980957
1423.86486816
1468.64794922
1448.8157959
1457.90441895
1458.85754395
1463.27697754
1438.86218262
1443.82165527
1453.85559082
1443.81896973
1463.64501953
1428.71386719
1453.67480469
1408.7064209
1448.85864258
1458.85900879
1468.79748535
1468.84228516
1468.06896973
1468.66540527
1458.83898926
1458.36254883
1482.56237793
1458.68457031
1468.66674805
1473.39367676
1443.85375977
1473.80895996
1408.73034668
1463.25878906
1473.75158691
1428.44091797
1433.84667969
1426.26086426
1448.82373047
1467.08227539
1438.86779785
1463.80773926
1463.83874512
1478.82421875
1463.71655273
1448.75695801
1477.64599609
1438.32861328
1458.31445312
1473.84082031
1443.16040039
1458.80749512
1453.82702637
1427.4041748
1468.44335938
1473.6105957
1463.73913574
1458.52807617
1468.38586426
1478.65612793
1468.37548828
1442.76367188
1478.72888184
1453.83374023
1463.8503418
1453.8416748
1458.79187012
1463.60864258
1440.17126465
1453.51062012
1418.72241211
1443.85400391
1458.66455078
1423.8548584
1443.86157227
1463.83862305
1458.82897949
1428.58251953
1473.59680176
1478.62097168
1432.69519043
1467.6673584
1468.83825684
1408.84814453
1463.82897949
1438.78894043
1472.79748535
1433.85229492
1438.76586914
1478.5802002
1458.8248291
1473.81848145
1448.4185791
1458.8671875
1453.85510254
1448.75061035
1478.8260498
1433.85949707
1473.86584473
1468.6270752
1473.3638916
1463.20080566
1463.5012207
1433.66296387
1438.81860352
1468.42175293
1443.45605469
1473.49682617
1462.15222168
1461.0489502
1448.6484375
1458.22363281
1458.7845459
1443.53234863
1448.81933594
1438.6619873
1457.32922363
1453.84545898
1478.21411133
1441.99133301
1458.55981445
1458.86376953
1468.77478027
1467.56018066
1433.09020996
1481.77636719
1448.65466309
1483.12365723
1453.70068359
1433.72680664
1443.79736328
1473.09484863
1443.80383301
1443.57983398
1448.85266113
1462.95129395
1438.55712891
1433.84777832
1468.79821777
1483.29711914
1472.72033691
1423.80053711
1448.77392578
1473.66772461
1458.81396484
1458.81079102
1443.82385254
1453.72106934
1473.67358398
1428.69335938
1478.61560059
1442.66333008
1468.8503418
1453.86621094
1463.61096191
1458.33862305
1458.84240723
1463.57531738
1468.4375
1453.55712891
1448.80456543
1468.65942383
1448.82519531
1448.79943848
1478.95898438
1480.2109375
1428.79553223
1463.81628418
1468.41052246
1454.65625
1473.84692383
1433.82519531
1472.87854004
1443.8046875
1417.20153809
1412.67297363
1433.82739258
1463.6932373
1473.6697998
1458.71264648
1461.48413086
1472.20275879
1448.79309082
1433.84558105
1448.51086426
1432.49353027
1473.86523438
1433.5769043
1438.47009277
1438.82543945
1458.86181641
1458.72460938
1453.7166748
1443.8371582
1478.85827637
1453.84338379
1463.62194824
1463.80554199
1463.1496582
1472.35021973
1473.75891113
1478.06506348
1461.00134277
1443.83459473
1453.4395752
1452.28283691
1428.81616211
1438.78344727
1457.87231445
1463.48913574
1433.86291504
1473.72253418
1483.52722168
1413.86706543
1458.77563477
1458.79724121
1473.82019043
1478.81872559
1443.8416748
1453.6652832
1453.66772461
1483.7791748
1442.70178223
1468.82873535
1448.83056641
1473.77160645
1469.42272949
1463.80627441
1473.74694824
1453.76013184
1438.82019043
1451.90319824
1392.69299316
1443.78649902
1468.61657715
1443.45617676
1423.53283691
1478.78796387
1458.234375
1432.81298828
1458.51611328
1458.85388184
1448.86071777
1438.8605957
1463.47302246
1428.55249023
1453.63244629
1473.24694824
1474.65869141
1468.77539062
1448.86132812
1475.95300293
1468.40039062
1473.85546875
1453.63378906
1468.67163086
1478.58410645
1423.09179688
1427.27758789
1463.75292969
1463.77966309
1458.85070801
1463.64355469
1443.67504883
1476.09411621
1483.81921387
1463.81713867
1463.17932129
1473.84521484
1487.26452637
1458.26452637
1458.81591797
1462.8338623
1473.7052002
1488.54394531
1458.64282227
1473.76086426
1433.77624512
1463.79846191
1438.09887695
1468.84863281
1473.84326172
1453.8449707
1467.30712891
1468.80224609
1468.54284668
1458.37915039
1452.94555664
1478.27026367
1453.72387695
1471.5402832
1463.85913086
1458.5168457
1462.35229492
1463.79260254
1453.31140137
1477.23950195
1463.51574707
1473.00695801
1438.29443359
1448.80480957
1443.7434082
1453.80224609
1468.68603516
1468.13464355
1433.78283691
1468.84960938
1452.76611328
1487.96533203
1468.8638916
1448.8170166
1413.71643066
1458.81164551
1468.6394043
1448.8013916
1447.97497559
1448.7791748
1480.91931152
1472.96508789
1478.22167969
1457.54296875
1473.09814453
1428.10534668
1463.82421875
1438.83764648
1443.64099121
1468.63098145
1433.79870605
1453.6114502
1446.49902344
1463.82495117
1443.86608887
1482.94104004
1462.82751465
1478.50500488
1463.79919434
1457.46875
1456.0826416
1458.72106934
1443.35913086
1458.82629395
1488.81091309
1438.3984375
1453.74780273
1463.82617188
1470.70898438
1423.83227539
1463.83898926
1448.08459473
1443.86767578
1453.77026367
1443.85571289
1448.86730957
1433.86083984
1443.73400879
1458.28820801
1458.6583252
1448.86450195
1443.79589844
1473.86279297
1463.76843262
1463.80786133
1443.81640625
1433.79907227
1448.82849121
1468.8371582
1433.49133301
1428.84838867
1468.46325684
1448.81469727
1448.85888672
1458.86437988
1443.55407715
1448.3815918
1468.02331543
1453.68969727
1463.38098145
1468.86352539
1448.76928711
1441.74707031
1467.10693359
1458.78833008
1448.80102539
1428.10327148
1472.70227051
1473.74035645
1432.63439941
1448.78149414
1458.86682129
1463.81152344
1472.75244141
1413.86291504
1468.39050293
1458.8046875
1418.77600098
1458.69238281
1468.33227539
1458.81420898
1463.3269043
1463.81323242
1453.76586914
1468.26550293
1458.86157227
1458.73303223
1463.85400391
1462.47644043
1478.65856934
1473.72717285
1471.84228516
1463.75073242
1470.77722168
1463.83203125
1488.78649902
1463.58679199
1477.51293945
1438.84020996
1468.70410156
1468.45568848
1438.75805664
1478.36560059
1468.81811523
1463.56201172
1438.66845703
1463.82385254
1478.83984375
1428.27624512
1468.1541748
1433.72021484
1463.65344238
1478.80065918
1432.42675781
1438.83215332
1438.85400391
1443.07946777
1463.70837402
1443.8013916
1453.8145752
1453.83862305
1463.50048828
1473.60009766
1428.38867188
1448.80383301
1473.64453125
1423.5994873
1457.98986816
1433.18652344
1433.81140137
1477.36437988
1468.45544434
1472.45983887
1443.68908691
1458.61657715
1473.72167969
1443.82458496
1448.8112793
1458.59216309
1448.69226074
1438.80651855
1458.84484863
1462.40197754
1458.68237305
1423.84594727
1457.67224121
1478.85412598
1438.79040527
1458.79663086
1468.65649414
1463.73706055
1433.02832031
1448.78125
1473.72241211
1458.84399414
1472.57800293
1418.84301758
1467.21740723
1428.6184082
1453.50256348
1448.17333984
1468.58874512
1448.73425293
1458.70007324
1448.65966797
1443.63220215
1428.8527832
1463.82824707
1463.86547852
1428.52209473
1458.7109375
1478.75732422
1458.86486816
1478.60620117
1448.8404541
1468.75830078
1448.73168945
1458.77856445
1438.86694336
1463.37756348
1433.8572998
1423.79724121
1477.13952637
1473.84179688
1428.8482666
1458.72424316
1428.68823242
1448.82629395
1453.83874512
1467.45031738
1443.79589844
1443.85388184
1472.68444824
1463.44226074
1438.83422852
1458.75
1443.83276367
1448.84692383
1463.70031738
1467.74133301
1438.80419922
1468.82775879
1453.2902832
1456.6036377
1443.82885742
1433.78649902
1458.8605957
1463.64562988
1463.86450195
1453.60388184
1458.48840332
1458.79528809
1453.8404541
1458.82421875
1423.43688965
1473.6081543
1468.82629395
1473.70422363
1428.75537109
1463.83459473
1403.54370117
1397.00634766
1452.35693359
1438.86437988
1433.67468262
1453.79125977
1461.67407227
1468.71179199
1478.67858887
1422.5994873
1473.66638184
1438.76989746
1448.8470459
1463.28393555
1468.86083984
1418.79455566
1478.63391113
1468.79626465
1468.7947998
1468.77368164
1448.62145996
1473.75561523
1473.73266602
1463.72961426
1473.63977051
1433.35095215
1458.59008789
1438.83117676
1473.82446289
1463.84741211
1448.86413574
1428.8302002
1468.83972168
1443.45568848
1481.81054688
1448.86315918
1433.83032227
1453.36291504
1453.66357422
1448.86303711
1448.79089355
1453.75830078
1458.81835938
1468.40649414
1418.81799316
1477.62646484
1473.78857422
1446.97375488
1478.7734375
1473.85217285
1448.83642578
1453.83105469
1443.84863281
1463.79125977
1473.45532227
1458.72229004
1468.83312988
1438.85778809
1423.86730957
1468.77490234
1458.37231445
1448.82250977
1463.68054199
1483.42993164
1453.56774902
1443.66503906
1438.85864258
1448.57336426
1412.94482422
1483.84899902
1468.8494873
1468.77087402
1443.85083008
1468.04711914
1468.65100098
1408.81884766
1453.86560059
1453.4588623
1473.77429199
1463.8482666
1448.84887695
1423.84619141
1473.52282715
1463.68371582
1463.20373535
1478.77905273
1458.86315918
1469.1451416
1463.84216309
1463.86120605
1473.46618652
1433.7911377
1448.82885742
1463.78869629
1463.27404785
1456.9498291
1463.83081055
1458.60632324
1442.96582031
1458.86486816
1443.84082031
1472.97644043
1403.82849121
1453.8605957
1468.85473633
1473.67138672
1468.85742188
1438.17663574
1448.77514648
1468.62402344
1458.30053711
1462.66516113
1468.84680176
1471.609375
1463.86401367
1463.54968262
1417.86035156
1448.76428223
1433.82055664
1458.1862793
1478.51428223
1468.81628418
1458.6159668
1468.84851074
1458.61181641
1453.7142334
1448.83605957
1473.86633301
1478.23449707
1458.73254395
1452.23840332
1433.84338379
1458.79931641
1458.84655762
1438.82519531
1483.78381348
1468.79138184
1473.82128906
1458.8572998
1473.81298828
1478.86437988
1453.84960938
1453.81726074
1468.11828613
1466.40356445
1473.84411621
1472.35620117
1473.1463623
1468.38256836
1446.42956543
1462.90087891
1443.80322266
1443.73876953
1448.28845215
1468.83984375
1453.86547852
1458.74963379
1458.8425293
1463.86572266
1448.85803223
1453.7467041
1463.84436035
1458.69274902
1453.81604004
1458.24304199
1453.39221191
1433.86010742
1423.68811035
1443.74609375
1433.81433105
1463.72937012
1448.16381836
1458.67712402
1443.85900879
1468.77697754
1418.82519531
1468.09350586
1467.69360352
1451.84069824
1438.85107422
1473.81408691
1463.24523926
1413.85424805
1458.8182373
1463.7520752
1453.1640625
1448.81237793
1458.85839844
1438.84094238
1458.54406738
1438.42492676
1473.84289551
1467.78820801
1458.62390137
1458.80358887
1433.85888672
1473.53771973
1474.66430664
1423.3848877
1433.75610352
1458.84973145
1448.74719238
1477.24316406
1468.51599121
1458.70227051
1473.86254883
1443.57421875
1453.6550293
1468.10058594
1433.86694336
1468.75231934
1476.52368164
1468.61584473
1458.86523438
1468.0847168
1468.06994629
1448.81750488
1453.8416748
1448.8170166
1463.76635742
1438.80236816
1473.33117676
1453.828125
1458.82678223
1468.8404541
1458.79272461
1467.98974609
1463.73059082
1463.85705566
1457.57788086
1463.76245117
1448.77197266
1467.39477539
1468.31616211
1457.12854004
1463.84118652
1458.83911133
1458.83300781
1453.75427246
1437.98535156
1453.82556152
1443.79663086
1473.51062012
1466.57214355
1438.86218262
1462.78747559
1463.81970215
1421.77319336
1463.66711426
1478.85314941
1463.16479492
1459.69335938
1462.62109375
1428.86645508
1468.51953125
1463.55102539
1453.85083008
1488.44604492
1448.82714844
1463.66845703
1463.33166504
1468.69458008
1433.78417969
1458.7121582
1438.73205566
1458.71496582
1433.86279297
1453.76940918
1438.84265137
1468.85546875
1463.75585938
1453.71252441
1463.71813965
1463.55639648
1468.83032227
1468.43811035
1453.42797852
1463.71557617
1463.0020752
1428.08129883
1458.73266602
1443.82446289
1463.54602051
1453.86682129
1463.8458252
1486.83215332
1463.74414062
1467.22265625
1453.53051758
1458.28479004
1482.28686523
1478.76672363
1458.85107422
1472.29797363
1478.54162598
1458.70935059
1478.37072754
1478.5958252
1433.83666992
1478.85693359
1433.84240723
1448.7923584
1443.73059082
1453.86364746
1452.98510742
1453.78588867
1438.73010254
1463.5435791
1473.69238281
1468.85803223
1463.78161621
1443.86657715
1448.65197754
1438.67016602
1463.18457031
1483.54589844
1463.66088867
1458.48864746
1467.88244629
1473.71728516
1472.76953125
1472.22338867
1418.71337891
1458.66333008
1461.43713379
1448.24694824
1438.25622559
1478.82299805
1448.82714844
1448.60632324
1457.49206543
1467.28271484
1463.80883789
1463.63830566
1463.68969727
1448.8470459
1453.21899414
1438.79992676
1467.77355957
1438.55786133
1463.76281738
1463.82775879
1443.7947998
1453.81713867
1467.66821289
1478.47741699
1468.80822754
1463.24328613
1443.52050781
1443.7355957
1458.33447266
1443.76074219
1453.7244873
1443.8614502
1438.7746582
1423.85510254
1453.69628906
1458.4942627
1448.86535645
1492.90454102
1458.77209473
1482.42956543
1442.46984863
1478.6854248
1453.73864746
1438.8079834
1398.40148926
1478.80834961
1468.4432373
1458.50549316
1443.84533691
1478.25964355
1433.35229492
1468.86437988
1463.39782715
1483.07250977
1448.37145996
1463.51367188
1463.28759766
1443.74291992
1468.8614502
1453.23950195
1463.68164062
1478.82641602
1443.8302002
1462.64978027
1475.09460449
1433.60351562
1456.05102539
1458.54296875
1453.77844238
1482.56811523
1453.01708984
1453.69091797
1438.86425781
1448.44519043
1478.57458496
1458.7701416
1468.77062988
1428.81335449
1438.83410645
1458.79150391
1428.51135254
1463.23022461
1458.02087402
1463.74780273
1473.30822754
1472.05078125
1453.55175781
1468.84960938
1463.75817871
1468.3104248
1418.79711914
1458.76403809
1433.79541016
1457.69091797
1443.7277832
1443.81396484
1448.63830566
1457.9440918
1458.23156738
1470.35876465
1463.84985352
1463.86743164
1418.73217773
1423.22412109
1438.74536133
1473.6965332
1468.8503418
1433.84289551
1473.84460449
1463.68884277
1483.10913086
1448.77294922
1458.85412598
1463.82226562
1448.79418945
1476.87243652
1453.68408203
1482.90344238
1448.39416504
1458.84912109
1438.49377441
1458.84362793
1463.7557373
1453.85510254
1474.87390137
1443.86633301
1478.85864258
1458.19592285
1463.77709961
1448.82312012
1465.85510254
1458.82531738
1443.44836426
1458.74194336
1443.84973145
1448.80981445
1438.82873535
1458.85766602
1453.73168945
1458.77722168
1448.69909668
1473.7130127
1468.6628418
1473.77478027
1468.83898926
1458.69824219
1467.86096191
1443.85559082
1448.68725586
1473.14709473
1438.84851074
1433.56604004
1433.71447754
1438.86608887
1443.85888672
1463.41687012
1468.57080078
1463.7701416
1438.85913086
1408.61010742
1443.86535645
1473.52050781
1453.75427246
1473.765625
1433.83886719
1468.83032227
1448.24182129
1443.71887207
1443.86340332
1448.40258789
1438.86560059
1458.76538086
1457.81640625
1466.44067383
1453.75524902
1458.8659668
1438.85473633
1448.66650391
1443.77270508
1467.9519043
1458.83752441
1477.57897949
1458.65429688
1473.8482666
1468.74987793
1443.828125
1438.62524414
1443.46008301
1453.71594238
1473.81140137
1473.09777832
1468.85534668
1453.81872559
1473.76721191
1463.67712402
1457.71777344
1483.72753906
1413.85668945
1453.82775879
1458.3770752
1473.80102539
1458.79345703
1457.59460449
1463.75610352
1423.8671875
1478.63134766
1468.34863281
1468.46533203
1463.31921387
1473.3326416
1448.82263184
1453.81982422
1423.63098145
1478.81738281
1453.77978516
1448.86755371
1473.55310059
1443.40100098
1438.78088379
1453.82336426
1482.35510254
1443.72180176
1473.23376465
1443.61401367
1488.63134766
1448.86096191
1453.62475586
1453.64526367
1453.84960938
1458.85253906
1458.67236328
1438.85375977
1448.73925781
1447.81140137
1448.73876953
1463.81506348
1462.140625
1463.65991211
1448.8079834
1458.68127441
1448.8092041
1468.2232666
1423.83874512
1448.72631836
1443.46179199
1458.86328125
1463.77075195
1488.68237305
1463.80078125
1472.51281738
1453.68286133
1428.58227539
1448.67919922
1448.85205078
1438.80554199
1463.74597168
1463.20117188
1458.81213379
1473.13183594
1468.65258789
1483.47729492
1468.79833984
1463.82202148
1463.62231445
1428.85839844
1463.69384766
1456.40393066
1458.71337891
1463.81591797
1463.65234375
1453.38903809
1458.8293457
1443.79187012
1448.82641602
1463.86193848
1458.86535645
1483.66992188
1438.44360352
1478.53710938
1428.81604004
1471.22436523
1433.69055176
1473.63134766
1453.85998535
1448.66918945
1458.79907227
1453.78125
1458.73596191
1468.67480469
1453.79748535
1433.79711914
1438.81323242
1457.63781738
1488.60876465
1453.83740234
1453.78051758
1468.86694336
1483.73876953
1436.09802246
1428.83459473
1478.31835938
1463.85766602
1458.72253418
1468.67346191
1482.76074219
1463.72009277
1458.8503418
1462.01123047
1468.7935791
1463.78063965
1453.66943359
1458.83972168
1463.81604004
1463.85131836
1468.37866211
1473.27368164
1463.63061523
1465.93688965
1453.82336426
1478.82006836
1467.61401367
1463.52233887
1443.84350586
1468.74060059
1443.6986084
1468.79675293
1458.73901367
1453.77893066
1423.85058594
1458.83569336
1433.77734375
1462.76489258
1433.77160645
1458.82983398
1453.76196289
1468.81689453
1453.80664062
1467.8001709
1457.453125
1466.55395508
1453.8638916
1458.49694824
1487.47473145
1473.41357422
1413.71618652
1463.84533691
1453.71655273
1448.84082031
1483.78869629
1457.93933105
1458.86132812
1458.83825684
1458.71716309
1460.36657715
1443.81445312
1452.65002441
1453.84375
1453.71862793
1463.23168945
1478.7244873
1436.59570312
1473.77954102
1453.79406738
1438.84069824
1458.81066895
1453.75292969
1433.83044434
1443.85876465
1463.10522461
1423.84533691
1463.6217041
1478.83410645
1448.82263184
1453.79602051
1477.8951416
1428.78735352
1462.99755859
1418.73815918
1463.5201416
1448.59069824
1463.54980469
1448.75817871
1453.82421875
1443.76074219
1458.86730957
1473.86755371
1433.73291016
1483.78820801
1473.83569336
1468.7545166
1464.80822754
1463.82714844
1452.95214844
1458.72436523
1443.86657715
1475.69543457
1458.65124512
1433.81945801
1468.79296875
1463.75683594
1438.81164551
1453.46435547
1473.82763672
1473.05285645
1468.55566406
1458.86108398
1468.82348633
1453.12011719
1463.8269043
1443.54431152
1458.8614502
1443.66821289
1468.70593262
1468.85070801
1458.71496582
1463.62744141
1438.66394043
1438.81054688
1448.83886719
1443.41455078
1443.71264648
1465.50695801
1453.73327637
1473.16162109
1458.5559082
1483.28259277
1458.78137207
1476.67407227
1448.64465332
1468.63195801
1433.82666016
1443.85046387
1468.83862305
1459.90539551
1467.62219238
1463.79272461
1432.81066895
1462.95056152
1468.85986328
1452.37548828
1463.80517578
1448.85754395
1455.48852539
1468.72277832
1463.24462891
1458.84777832
1448.82861328
1448.68029785
1438.64807129
1423.72802734
1478.20410156
1458.38806152
1438.58874512
1483.30725098
1458.8190918
1473.66455078
1398.86608887
1468.67443848
1468.18615723
1468.52514648
1448.74926758
1468.43017578
1473.60876465
1448.37036133
1486.54211426
1438.84924316
1453.83422852
1453.65515137
1448.84277344
1428.41320801
1453.41870117
1443.84448242
1452.06225586
1453.86413574
1438.80236816
1473.22180176
1467.71826172
1452.98193359
1473.78222656
1473.54125977
1483.48095703
1463.71203613
1463.74035645
1458.84729004
1458.59924316
1468.86730957
1463.12304688
1463.82287598
1421.3269043
1493.58203125
1467.94543457
1468.66357422
1458.86767578
1483.71240234
1458.3861084
1453.74597168
1473.58947754
1478.83789062
1461.98352051
1437.97375488
1483.73742676
1463.66369629
1468.28161621
1468.78759766
1438.59436035
1448.53198242
1458.74694824
1458.85437012
1450.33081055
1448.09423828
1464.68005371
1472.82763672
1456.87756348
1428.85180664
1468.59985352
1418.8416748
1477.88720703
1413.39904785
1458.81359863
1448.8026123
1478.46166992
