1473.83898926
1483.84118652
1453.8458252
1468.83325195
1473.86132812
1473.80871582
1463.75891113
1458.78344727
1463.81787109
1488.23022461
1443.8416748
1458.84155273
1478.84814453
1483.86694336
1468.8293457
1468.75341797
1468.86340332
1458.85876465
1478.8626709
1443.86279297
1453.79077148
1478.42089844
1483.73425293
1463.49462891
1468.7824707
1468.84118652
1473.82324219
1468.82385254
1478.81176758
1463.82800293
1463.82727051
1468.82788086
1468.76574707
1468.84228516
1453.85827637
1468.84606934
1458.80981445
1473.81811523
1468.79772949
1473.85388184
1468.82702637
1458.82177734
1463.86633301
1463.57568359
1473.8560791
1473.76196289
1463.83178711
1468.82202148
1463.82397461
1478.82995605
1468.84912109
1478.81750488
1478.85864258
1478.83337402
1473.8157959
1488.64489746
1458.80517578
1483.81677246
1468.70385742
1473.86035156
1443.8359375
1463.7565918
1453.86694336
1458.78161621
1468.8527832
1458.82824707
1463.86047363
1478.65234375
1478.81152344
1461.23986816
1458.47473145
1483.56738281
1473.86291504
1468.84680176
1463.75585938
1478.78283691
1468.85681152
1468.70483398
1473.83447266
1473.48352051
1473.78845215
1458.76428223
1463.83044434
1472.15112305
1458.8190918
1473.82678223
1473.83618164
1468.85791016
1473.79638672
1458.84912109
1468.76391602
1473.86376953
1473.85180664
1473.8527832
1478.86633301
1463.0135498
1443.86730957
1458.75964355
1483.79980469
1458.79528809
1473.81933594
1473.77331543
1453.81652832
1448.81933594
1478.71801758
1473.83496094
1453.8067627
1468.83996582
1478.8104248
1478.73815918
1473.85559082
1458.79345703
1478.84802246
1473.78320312
1443.39868164
1477.79345703
1458.83276367
1468.79675293
1473.85339355
1463.86425781
1473.78930664
1478.84143066
1468.81970215
1478.82641602
1463.85778809
1478.84228516
1473.83374023
1453.79077148
1473.81665039
1458.82617188
1468.82922363
1468.86206055
1463.84619141
1468.85266113
1483.74865723
1463.84667969
1478.77062988
1468.76269531
1458.77685547
1463.85058594
1458.83813477
1473.80981445
1433.86499023
1473.85644531
1473.6817627
1463.8527832
1463.85559082
1448.84643555
1483.68041992
1463.8215332
1463.82226562
1478.85412598
1463.85290527
1458.79467773
1483.77624512
1453.8371582
1463.86645508
1463.86328125
1473.77624512
1478.81542969
1473.8326416
1463.83776855
1468.84362793
1463.74658203
1463.85681152
1473.81408691
1468.81091309
1463.84753418
1468.86083984
1458.83398438
1483.80505371
1483.80371094
1448.8059082
1473.83190918
1458.8326416
1473.8560791
1453.84606934
1468.84362793
1478.79101562
1468.82519531
1468.86499023
1463.83959961
1448.8515625
1473.72216797
1463.84204102
1463.5892334
1458.83093262
1468.85437012
1453.77197266
1458.84143066
1453.76342773
1453.83813477
1468.86181641
1473.78503418
1468.84326172
1468.81018066
1458.86279297
1478.85900879
1458.86364746
1473.85339355
1473.6451416
1468.80102539
1473.86584473
1468.83288574
1468.80102539
1453.73278809
1453.84863281
1468.82995605
1468.62512207
1463.82226562
1473.8536377
1453.78527832
1438.81408691
1458.84606934
1463.75634766
1463.81945801
1453.74914551
1463.84570312
1468.79504395
1458.82971191
1473.86376953
1458.85449219
1453.27087402
1463.84240723
1468.81469727
1468.81958008
1473.8001709
1478.80493164
1448.84399414
1462.89477539
1478.64782715
1488.74560547
1453.85083008
1463.80578613
1473.78588867
1458.84777832
1468.79797363
1473.85852051
1473.85107422
1468.85009766
1478.86193848
1473.8347168
1478.82458496
1458.52404785
1473.7722168
1463.85510254
1458.54492188
1468.84033203
1473.85986328
1473.75
1468.84680176
1473.82226562
1478.79772949
1458.79943848
1453.85791016
1468.83105469
1458.84350586
1488.84643555
1458.84301758
1458.69055176
1468.8392334
1468.81005859
1483.85217285
1478.8614502
1473.83215332
1468.81237793
1468.86169434
1453.84655762
1478.77539062
1477.56677246
1463.85534668
1468.82617188
1478.32141113
1478.84228516
1468.7097168
1463.83105469
1463.8236084
1478.62182617
1468.84716797
1458.75219727
1473.82299805
1463.86706543
1443.7043457
1468.86523438
1463.8223877
1448.84936523
1468.84020996
1468.79284668
1473.84936523
1471.96191406
1478.80883789
1488.86755371
1473.60998535
1438.82897949
1478.84301758
1483.79272461
1483.77319336
1468.82104492
1468.81359863
1448.68127441
1478.73901367
1448.85253906
1458.7935791
1473.80383301
1463.85351562
1483.71447754
1468.07727051
1463.83898926
1478.80554199
1468.73327637
1463.86291504
1483.84960938
1488.83093262
1463.82666016
1468.85864258
1463.77441406
1463.00634766
1458.76977539
1463.81567383
1468.77099609
1443.74975586
1458.42663574
1483.86755371
1478.82189941
1458.79431152
1443.85632324
1468.75695801
1463.78491211
1468.85888672
1483.84887695
1463.86096191
1478.85302734
1458.82788086
1463.76452637
1458.85571289
1468.86572266
1453.82873535
1458.86401367
1468.79418945
1468.80688477
1458.86206055
1473.78625488
1448.72924805
1473.85351562
1443.8371582
1468.70715332
1468.84313965
1468.86535645
1463.72473145
1463.82983398
1483.79248047
1463.78796387
1463.85217285
1473.83105469
1478.7644043
1468.29443359
1453.8651123
1473.86645508
1478.78222656
1473.83203125
1478.17480469
1463.82824707
1468.69506836
1488.38452148
1458.82568359
1473.75415039
1483.78747559
1458.85693359
1463.86218262
1483.37878418
1478.83789062
1453.79553223
1458.84851074
1458.86645508
1463.84899902
1463.84277344
1488.55761719
1463.80273438
1463.78308105
1483.74987793
1473.08325195
1483.38952637
1463.56311035
1458.8671875
1468.79919434
1483.8527832
1463.85559082
1463.86352539
1473.71252441
1458.84423828
1478.81677246
1463.83581543
1468.83898926
1473.86462402
1438.45056152
1468.85534668
1463.83056641
1453.80993652
1483.80297852
1478.84240723
1478.85668945
1463.85424805
1473.75915527
1468.69677734
1463.80712891
1463.86218262
1458.74584961
1453.73498535
1473.86279297
1473.82861328
1468.78796387
1468.8626709
1473.80932617
1463.78588867
1473.79492188
1458.79614258
1463.81713867
1463.12536621
1467.89282227
1463.76330566
1468.85705566
1473.73010254
1477.67248535
1478.85437012
1468.80615234
1463.80810547
1475.57263184
1468.83544922
1478.8248291
1463.08618164
1478.83239746
1473.86206055
1468.7623291
1468.84399414
1473.8548584
1463.85351562
1463.60070801
1473.86181641
1483.82312012
1468.86010742
1478.3137207
1473.76855469
1458.73217773
1468.85717773
1478.76513672
1473.84350586
1478.81677246
1473.86755371
1468.82714844
1477.83288574
1453.83569336
1468.81835938
1478.86743164
1468.80322266
1473.80004883
1478.81433105
1458.7767334
1463.79296875
1478.58862305
1473.52783203
1478.8026123
1468.82019043
1448.86694336
1448.80908203
1473.8536377
1453.86328125
1448.85339355
1463.85852051
1468.85668945
1458.86230469
1453.8482666
1468.85266113
1458.73986816
1473.86218262
1458.73522949
1463.85583496
1483.83520508
1473.67773438
1468.86486816
1468.85058594
1473.8203125
1488.84765625
1463.73498535
1458.859375
1473.84863281
1473.78088379
1483.85705566
1468.85656738
1458.7109375
1468.86218262
1468.84851074
1468.84594727
1478.03442383
1453.8347168
1478.62158203
1473.8371582
1463.79150391
1468.83105469
1458.75476074
1468.83666992
1463.7355957
1478.59594727
1473.79553223
1458.82458496
1471.47607422
1458.45800781
1483.6887207
1473.80651855
1458.79650879
1478.74975586
1458.8659668
1463.85754395
1473.58532715
1463.86071777
1478.81750488
1473.84362793
1448.81604004
1468.07141113
1458.82067871
1473.71569824
1473.79418945
1473.86340332
1473.86230469
1468.85498047
1463.84057617
1468.86096191
1473.81115723
1458.84838867
1468.84118652
1468.83666992
1478.86437988
1458.84020996
1483.59899902
1463.71484375
1463.86206055
1463.83752441
1478.75158691
1463.78649902
1453.83410645
1463.74462891
1463.82275391
1453.86523438
1458.85241699
1478.5838623
1458.73132324
1468.75354004
1478.78552246
1453.69958496
1438.54797363
1478.65612793
1463.86132812
1478.74707031
1478.6348877
1473.84753418
1478.7935791
1468.86499023
1468.63769531
1453.69763184
1473.81787109
1458.83764648
1478.8145752
1478.69421387
1468.81030273
1473.84997559
1468.82421875
1468.83093262
1463.85949707
1493.39257812
1488.85314941
1458.78393555
1458.86584473
1473.85498047
1453.86108398
1468.86425781
1483.4552002
1473.73962402
1468.15576172
1453.84643555
1463.85107422
1458.84777832
1483.79797363
1473.74682617
1453.8416748
1463.84350586
1463.8470459
1463.86352539
1453.85998535
1478.58837891
1463.84436035
1468.68725586
1478.85766602
1468.86535645
1483.81152344
1453.84350586
1458.86694336
1458.84020996
1473.64233398
1478.86303711
1473.77172852
1463.84423828
1468.81542969
1458.83532715
1478.77062988
1458.8651123
1468.83215332
1463.83825684
1473.81054688
1448.85400391
1473.86425781
1478.85412598
1483.6739502
1483.84155273
1483.86352539
1473.83544922
1473.82312012
1478.8170166
1468.85803223
1467.85974121
1473.78088379
1463.85998535
1463.5189209
1473.86437988
1453.86621094
1443.84765625
1473.83679199
1468.77880859
1468.81298828
1453.86071777
1473.71704102
1473.51574707
1468.7175293
1463.82788086
1463.83886719
1463.79052734
1458.78259277
1443.83154297
1458.84863281
1478.80419922
1468.83520508
1478.84729004
1468.84997559
1478.81286621
1463.79858398
1478.61047363
1473.86132812
1473.80822754
1473.81164551
1478.8223877
1473.84411621
1468.84362793
1468.86474609
1473.81335449
1463.86157227
1453.79150391
1483.86206055
1458.85803223
1463.86462402
1463.71850586
1463.85742188
1478.84069824
1443.85559082
1473.84814453
1468.85375977
1478.61010742
1478.859375
1468.85314941
1478.71850586
1463.85510254
1473.74853516
1463.85595703
1458.8671875
1458.86291504
1463.83166504
1473.82507324
1473.85998535
1473.83642578
1458.8145752
1458.84960938
1473.84863281
1478.81713867
1478.81616211
1463.79638672
1463.86242676
1448.81958008
1472.56628418
1468.82800293
1468.81616211
1478.84802246
1468.83776855
1468.85754395
1463.70129395
1473.75561523
1463.72338867
1473.80932617
1458.81030273
1468.81420898
1458.84472656
1473.81921387
1483.61730957
1483.86499023
1468.82531738
1468.84643555
1458.78527832
1468.78125
1473.77416992
1463.45324707
1473.84509277
1453.85461426
1478.78356934
1478.86450195
1453.67822266
1473.7043457
1463.85620117
1438.83129883
1468.71179199
1473.86474609
1458.79064941
1472.63781738
1473.76135254
1478.69946289
1453.67016602
1458.86572266
1463.84472656
1458.8527832
1478.1105957
1468.82531738
1473.78076172
1448.86743164
1478.83898926
1468.69934082
1453.74597168
1473.70471191
1463.85327148
1473.86376953
1468.81506348
1448.82958984
1483.70947266
1478.72436523
1463.84545898
1468.85681152
1473.81591797
1463.71618652
1473.66259766
1473.86035156
1453.84863281
1458.8482666
1473.79260254
1478.82250977
1478.79382324
1463.81103516
1468.73583984
1458.81262207
1473.73571777
1478.85095215
1468.79284668
1443.6619873
1458.82971191
1478.81689453
1463.70471191
1448.8581543
1473.82678223
1468.86242676
1453.78540039
1443.8651123
1468.84399414
1468.84790039
1473.77416992
1458.77722168
1458.86560059
1453.83862305
1468.86425781
1473.82702637
1473.80407715
1463.84204102
1463.8536377
1463.78259277
1448.84802246
1473.27868652
1468.84020996
1478.52685547
1463.86657715
1478.80334473
1468.83947754
1473.83410645
1463.80041504
1458.83984375
1478.80773926
1473.81469727
1488.86157227
1463.81323242
1458.86645508
1463.85119629
1458.84155273
1473.7989502
1453.84558105
1468.85351562
1463.85095215
1468.75415039
1478.70129395
1468.81848145
1468.75476074
1453.68127441
1478.53649902
1468.85827637
1448.58398438
1463.85803223
1478.82531738
1448.82885742
1473.54101562
1473.70849609
1468.86108398
1483.50097656
1473.85986328
1448.84338379
1468.84741211
1478.8079834
1453.84570312
1458.71728516
1453.86547852
1468.80383301
1458.72021484
1473.85656738
1478.81298828
1463.68103027
1463.86035156
1473.75976562
1458.85510254
1463.81237793
1483.37695312
1468.85168457
1468.86474609
1463.8416748
1458.84985352
1468.78344727
1458.76416016
1448.80310059
1478.86633301
1458.86035156
1468.85986328
1473.63549805
1463.86071777
1478.82556152
1473.86755371
1468.83703613
1463.84436035
1478.76379395
1463.82958984
1468.85559082
1478.86108398
1483.4375
1473.85864258
1463.86462402
1468.79821777
1478.72705078
1478.8659668
1463.85693359
1488.8392334
1473.83044434
1468.81799316
1478.86743164
1463.6418457
1473.86535645
1478.63635254
1463.84008789
1438.85986328
1468.23999023
1478.85766602
1468.84155273
1473.84973145
1478.77319336
1488.0333252
1478.76489258
1483.77929688
1478.84240723
1448.85998535
1468.86157227
1473.85473633
1458.77099609
1463.86254883
1468.85620117
1468.77392578
1463.83361816
1468.86730957
1473.80749512
1468.85339355
1458.86547852
1458.86071777
1492.78466797
1458.84301758
1453.80383301
1483.85327148
1468.86230469
1463.62817383
1453.79992676
1483.84887695
1473.8536377
1468.81103516
1473.85375977
1463.71459961
1463.70446777
1468.82128906
1478.81225586
1458.84985352
1473.85559082
1453.84118652
1453.86157227
1473.80639648
1473.83789062
1463.70947266
1468.71228027
1473.8248291
1458.8560791
1468.66235352
1468.60778809
1468.86694336
1458.83642578
1478.27258301
1483.81188965
1468.74511719
1458.86169434
1473.85131836
1448.85949707
1458.85083008
1468.86279297
1478.86254883
1473.11657715
1448.62854004
1478.86035156
1458.71960449
1463.78869629
1473.59069824
1453.83251953
1463.70678711
1478.86279297
1478.77758789
1463.83850098
1458.79968262
1458.85791016
1468.84667969
1463.76416016
1458.86499023
1473.8380127
1468.85742188
1473.78662109
1468.75793457
1473.84643555
1463.85424805
1463.84570312
1472.91125488
1453.82336426
1453.84313965
1473.66760254
1473.67504883
1458.78625488
1478.76379395
1478.86230469
1478.81542969
1468.86401367
1473.81848145
1478.86169434
1448.83874512
1473.84545898
1483.72692871
1463.83496094
1478.22851562
1463.86230469
1453.8236084
1463.41662598
1473.68481445
1483.4753418
1463.80773926
1468.83483887
1473.86413574
1473.74609375
1468.4161377
1493.62072754
1478.5546875
1478.76489258
1483.75427246
1483.76855469
1468.81311035
1473.5447998
1453.78063965
1463.84521484
1463.85168457
1468.86669922
1463.80810547
1473.61340332
1473.81567383
1473.68017578
1473.85827637
1468.76635742
1448.83911133
1468.73937988
1478.7109375
1473.84545898
1473.84020996
1473.83740234
1458.65466309
1483.68701172
1478.85913086
1453.85998535
1483.84448242
1468.53125
1453.84643555
1483.7980957
1453.85400391
1453.86254883
1453.81274414
1478.85998535
1483.82568359
1473.86035156
1473.75415039
1468.78894043
1473.56530762
1458.85949707
1473.84277344
1473.64233398
1468.80371094
1452.32336426
1483.80480957
1458.66882324
1468.69445801
1473.84606934
1473.86230469
1458.78820801
1478.86682129
1473.70239258
1473.80395508
1458.8380127
1483.77111816
1448.86499023
1453.85388184
1463.8548584
1468.83691406
1473.2845459
1468.77807617
1468.86035156
1478.79956055
1488.47070312
1473.80847168
1468.86437988
1478.43762207
1473.80041504
1478.83618164
1458.79492188
1483.49987793
1458.82714844
1483.75341797
1468.8215332
1473.86633301
1473.71118164
1473.79174805
1483.44445801
1463.8527832
1463.85620117
1473.61010742
1468.84716797
1463.85327148
1458.86560059
1473.85986328
1473.8079834
1463.84277344
1478.47180176
1468.83947754
1448.84460449
1468.85375977
1463.7565918
1463.83398438
1468.86169434
1478.86694336
1458.85510254
1473.75598145
1448.83544922
1478.86499023
1458.82446289
1448.77209473
1463.38513184
1473.84619141
1468.8013916
1473.77075195
1478.76965332
1468.83630371
1468.86218262
1458.86401367
1463.84020996
1463.80432129
1473.82763672
1453.85595703
1483.63745117
1448.85168457
1468.86523438
1478.86413574
1453.73840332
1463.62695312
1463.82373047
1458.86230469
1473.84216309
1458.61364746
1463.86193848
1463.73498535
1463.8001709
1468.83300781
1478.77099609
1453.86755371
1478.7454834
1473.79467773
1458.79528809
1453.85498047
1468.66821289
1468.86206055
1468.84326172
1458.85046387
1483.38037109
1468.85131836
1478.85424805
1478.85314941
1478.65344238
1463.77331543
1468.86108398
1468.8125
1473.68786621
1473.65710449
1473.8458252
1463.72558594
1468.83398438
1473.84387207
1483.82971191
1473.24731445
1433.8605957
1463.42456055
1458.83776855
1473.85900879
1473.83874512
1473.81970215
1453.72216797
1448.84521484
1483.84423828
1483.86376953
1478.74780273
1478.81945801
1468.86657715
1468.85412598
1453.81298828
1478.7677002
1468.84753418
1463.83276367
1453.83813477
1473.62866211
1458.77246094
1483.65991211
1473.80273438
1463.78649902
1473.79882812
1463.84228516
1458.66674805
1468.82519531
1453.86499023
1473.77355957
1463.75817871
1453.84008789
1468.79785156
1463.70581055
1473.8638916
1463.53942871
1473.86645508
1453.83215332
1453.7355957
1463.85351562
1473.77575684
1488.73120117
1468.86669922
1468.69775391
1453.75500488
1458.76538086
1453.70715332
1473.78808594
1463.83215332
1473.85839844
1463.85900879
1468.83691406
1488.82971191
1463.8416748
1473.85253906
1473.86645508
1488.72937012
1473.85217285
1468.81774902
1473.51867676
1473.85693359
1473.72473145
1473.81469727
1473.57543945
1453.82336426
1473.83886719
1473.77697754
1458.86230469
1458.84265137
1458.61303711
1463.86230469
1473.84985352
1463.77038574
1478.8605957
1473.83752441
1473.85668945
1468.83947754
1463.8626709
1473.74645996
1488.77539062
1478.83898926
1473.75695801
1478.77636719
1468.74584961
1463.84216309
1448.8503418
1478.84667969
1478.85595703
1463.7980957
1478.83300781
1458.82055664
1473.84313965
1463.8470459
1453.86193848
1468.86730957
1463.85998535
1458.86535645
1478.83032227
1473.86157227
1473.19995117
1473.72021484
1478.85742188
1478.8482666
1458.81140137
1473.84533691
1468.86730957
1463.74365234
1458.86572266
1468.81872559
1458.82629395
1478.85620117
1463.80224609
1468.82141113
1468.82373047
1468.18676758
1463.8503418
1468.81530762
1463.83081055
1468.85046387
1453.85864258
1463.83740234
1458.81750488
1468.78149414
1468.8157959
1458.83764648
1473.86401367
1478.02404785
1458.83105469
1473.84680176
1478.86450195
1458.78344727
1458.85083008
1468.75378418
1463.85375977
1468.84899902
1468.8527832
1468.85510254
1473.82128906
1463.86706543
1478.63806152
1473.84082031
1463.82714844
1463.85986328
1473.72167969
1478.85998535
1458.28625488
1453.84863281
1478.7911377
1458.82080078
1463.59033203
1483.59143066
1478.6887207
1473.64099121
1463.80895996
1473.72424316
1478.79931641
1453.68115234
1477.22338867
1453.83007812
1468.66564941
1478.08691406
1463.79724121
1463.85876465
1468.79833984
1473.84643555
1463.84533691
1483.83227539
1463.84851074
1468.56750488
1463.85571289
1478.80151367
1468.83959961
1468.85205078
1463.84777832
1478.85119629
1483.81970215
1453.68481445
1468.76855469
1453.80090332
1468.86706543
1483.80432129
1468.84277344
1463.79370117
1448.85546875
1468.83459473
1458.57385254
1468.8392334
1443.86694336
1473.84301758
1458.86767578
1458.62097168
1468.82104492
1463.82958984
1463.84362793
1468.86401367
1468.79797363
1453.8013916
1458.81835938
1463.84619141
1458.80981445
1468.82470703
1468.32922363
1463.68969727
1453.82849121
1458.86450195
1468.86584473
1468.57092285
1458.83361816
1468.82421875
1468.86499023
1463.86303711
1453.84838867
1458.85595703
1468.85803223
1478.84960938
1458.82141113
1452.55834961
1478.80310059
1473.83422852
1478.73754883
1473.83679199
1478.85058594
1463.86413574
1473.84094238
1473.85400391
1468.86315918
1463.74206543
1473.84643555
1458.75939941
1468.80883789
1473.82897949
1483.77856445
1483.80004883
1478.85339355
1468.85021973
1468.84008789
1463.27722168
1468.80700684
1463.86572266
1473.85314941
1468.83435059
1468.8215332
1473.76879883
1463.84020996
1463.46191406
1478.83557129
1473.81945801
1467.98718262
1448.72814941
1463.85168457
1478.02807617
1458.84851074
1468.84594727
1458.84802246
1468.85986328
1443.57897949
1458.83520508
1468.73925781
1463.8145752
1473.83276367
1468.86132812
1478.85998535
1473.81433105
1473.71008301
1468.86022949
1473.86535645
1468.81188965
1453.8659668
1478.66418457
1473.85900879
1468.83325195
1473.85083008
1478.86279297
1458.84875488
1453.82946777
1463.85314941
1473.71691895
1443.8425293
1463.83300781
1468.85620117
1478.8203125
1483.36108398
1473.81884766
1458.86450195
1478.53710938
1473.86560059
1468.82983398
1483.85620117
1468.86547852
1453.86401367
1463.78344727
1473.85998535
1453.85791016
1472.71252441
1473.84277344
1483.85839844
1478.83483887
1483.79858398
1473.76794434
1458.85009766
1468.82861328
1468.83789062
1468.82019043
1468.63183594
1463.83569336
1458.78344727
1453.85070801
1473.85412598
1478.84008789
1463.703125
1458.85925293
1483.85742188
1448.82592773
1463.80090332
1473.75854492
1473.83410645
1448.85705566
1468.85583496
1468.56347656
1458.8371582
1468.86633301
1458.83850098
1468.83947754
1477.79919434
1473.73425293
1458.8503418
1478.85437012
1483.77734375
1473.8013916
1458.84790039
1468.83740234
1458.86340332
1478.84680176
1463.86743164
1473.77600098
1473.76269531
1463.82678223
1463.86450195
1473.83898926
1463.81848145
1458.75634766
1468.86547852
1478.8605957
1473.85461426
1478.77722168
1473.83618164
1483.83215332
1463.85449219
1468.80786133
1443.85998535
1468.84570312
1463.80883789
1473.84887695
1478.8314209
1453.8605957
1468.84912109
1458.83911133
1458.85791016
1463.82873535
1463.85791016
1478.86035156
1468.72045898
1488.83093262
1458.83044434
1468.81530762
1453.81359863
1473.81811523
1473.81201172
1473.8190918
1468.80993652
1478.75964355
1473.6138916
1473.85302734
1458.84460449
1473.80664062
1463.50610352
1478.71435547
1468.83190918
1463.60754395
1453.82873535
1453.85949707
1473.82641602
1458.61047363
1468.85620117
1473.76611328
1453.79614258
1488.77770996
1468.79382324
1473.81274414
1463.81237793
1468.81213379
1478.63818359
1442.92932129
1473.79125977
1468.86608887
1468.82739258
1468.84753418
1458.82409668
1453.86303711
1463.74536133
1473.80480957
1478.58105469
1468.86560059
1458.81835938
1458.86132812
1453.13317871
1458.84899902
1483.77954102
1458.84387207
1458.82128906
1463.85925293
1473.85375977
1448.65966797
1473.86315918
1453.75012207
1473.8371582
1473.86474609
1463.79943848
1468.85888672
1443.36413574
1448.72253418
1463.79760742
1468.33410645
1473.42956543
1478.8046875
1463.24694824
1448.86621094
1468.84802246
1483.65869141
1468.30834961
1463.81481934
1453.57080078
1453.84619141
1443.77026367
1463.75390625
1463.76428223
1468.71142578
1463.80969238
1483.86779785
1458.7442627
1463.85705566
1473.64855957
1468.75292969
1468.76611328
1478.71362305
1468.84838867
1478.84655762
1463.84228516
1478.85046387
1453.54467773
1468.75317383
1483.44091797
1453.85473633
1468.83032227
1458.7956543
1468.11779785
1473.80041504
1468.84985352
1488.8614502
1453.81921387
1463.82641602
1468.85302734
1478.4432373
1468.83276367
1458.85705566
1468.84851074
1478.85009766
1458.76013184
1463.8112793
1468.85388184
1483.69384766
1468.86242676
1473.77905273
1468.76293945
1468.86328125
1473.76501465
1468.82751465
1473.84411621
1473.82006836
1473.68786621
1478.57629395
1473.83007812
1483.84448242
1473.86035156
1463.85668945
1458.82116699
1473.72607422
1473.75854492
1458.83178711
1473.79431152
1458.84362793
1458.6328125
1468.72729492
1478.81494141
1438.82983398
1468.79309082
1473.81835938
1463.86169434
1453.85717773
1468.70996094
1453.84655762
1463.84753418
1463.84619141
1473.7833252
1448.85510254
1473.74938965
1458.83740234
1473.81774902
1458.86486816
1458.83666992
1478.78479004
1453.6940918
1483.70910645
1473.84436035
1478.64331055
1468.45715332
1468.81274414
1468.86694336
1463.83691406
1463.86694336
1448.86474609
1448.81030273
1468.78613281
1468.84570312
1463.82312012
1468.8458252
1463.85778809
1483.86755371
1458.86230469
1473.85876465
1463.59985352
1478.82556152
1468.77746582
1473.81665039
1458.84411621
1463.63037109
1458.56445312
1478.30297852
1463.82055664
1463.86206055
1483.66345215
1478.84753418
1473.40563965
1468.35876465
1468.8515625
1478.86328125
1478.73278809
1468.84912109
1468.82678223
1468.81408691
1453.84228516
1438.85144043
1458.72290039
1463.8416748
1468.70690918
1468.86376953
1478.74951172
1458.83959961
1463.8449707
1473.84777832
1463.84960938
1473.6003418
1473.86315918
1478.81921387
1483.57568359
1448.85388184
1473.85571289
1468.83898926
1473.86706543
1453.82727051
1468.86535645
1458.66564941
1473.84716797
1468.859375
1468.82409668
1468.83300781
1463.83496094
1478.77880859
1463.77868652
1473.67407227
1463.77880859
1478.68701172
1453.80224609
1458.83056641
1478.85131836
1473.83251953
1463.85986328
1483.8104248
1463.85461426
1468.6887207
1488.79541016
1473.75598145
1453.69506836
1473.80603027
1473.80419922
1463.85388184
1468.23571777
1473.83374023
1468.85119629
1473.81591797
1468.38757324
1473.69787598
1463.79650879
1478.82080078
1473.80908203
1458.85705566
1463.79211426
1453.85974121
1468.73376465
1458.76135254
1478.86364746
1473.8359375
1478.75231934
1463.83056641
1478.85095215
1468.86560059
1458.72253418
1468.83911133
1468.82922363
1478.82165527
1453.8614502
1483.77148438
1468.84790039
1443.75598145
1468.79943848
1463.06774902
1478.83044434
1488.83825684
1478.85974121
1468.8215332
1463.82373047
1468.85754395
1478.75036621
1483.77392578
1473.77844238
1463.81933594
1453.78112793
1463.85827637
1458.82458496
1453.67004395
1473.86523438
1468.85009766
1468.84362793
1463.86193848
1463.79394531
1448.80419922
1453.86572266
1473.8572998
1478.8659668
1463.81652832
1483.25048828
1458.85888672
1473.84790039
1463.63696289
1453.84301758
1443.85705566
1458.71972656
1468.81640625
1483.78210449
1453.83520508
1463.78674316
1473.79724121
1483.84448242
1478.71679688
1463.85778809
1468.8293457
1473.68408203
1463.77209473
1453.85253906
1468.85144043
1478.85131836
1458.84729004
1453.85839844
1468.84277344
1468.71350098
1463.86364746
1473.63378906
1473.85058594
1458.67419434
1473.82495117
1478.86523438
1463.85668945
1483.8458252
1458.82714844
1443.7989502
1468.70068359
1458.73754883
1473.77758789
1463.8079834
1468.86462402
1463.75280762
1453.84301758
1468.79321289
1473.74328613
1468.859375
1473.86206055
1463.86682129
1478.74816895
1468.83496094
1458.86254883
1473.66540527
1463.83239746
1463.86254883
1468.86071777
1473.82556152
1458.82104492
1468.68566895
1463.75463867
1468.80529785
1468.63525391
1463.84960938
1453.79492188
1488.84216309
1468.73132324
1463.85913086
1473.86682129
1463.82983398
1473.86132812
1478.8449707
1473.85461426
1473.8671875
1478.63049316
1473.85876465
1453.8536377
1458.72265625
1453.86120605
1483.62988281
1468.86633301
1463.26586914
1468.86743164
1467.12524414
1463.84680176
1463.85864258
1473.82421875
1468.71130371
1463.8248291
1468.82653809
1468.79602051
1478.85510254
1463.86425781
1458.85266113
1468.86572266
1483.72973633
1468.82348633
1473.84997559
1468.84729004
1483.85424805
1453.8503418
1468.85827637
1468.84814453
1468.84191895
1473.80566406
1463.81335449
1477.02587891
1463.8380127
1478.73632812
1463.82165527
1478.48571777
1463.78527832
1453.84106445
1468.84179688
1463.8404541
1468.85119629
1473.78308105
1458.83361816
1483.85461426
1478.6159668
1473.85986328
1473.7833252
1463.84436035
1468.85620117
1468.81958008
1463.86657715
1468.85803223
1453.85632324
1453.84448242
1468.72875977
1478.50744629
1458.86474609
1468.83850098
1453.75012207
1468.77929688
1468.86181641
1453.85339355
1483.85437012
1457.16577148
1463.86767578
1458.85375977
1478.73266602
1463.83886719
1478.74267578
1468.8248291
1463.85095215
1458.86315918
1468.85437012
1468.86706543
1453.77331543
1473.82873535
1473.86120605
1463.84020996
1448.84790039
1468.81555176
1478.84643555
1483.75036621
1468.84985352
1463.8137207
1463.86230469
1468.80090332
1448.8416748
1468.83496094
1453.77624512
1468.83825684
1473.78320312
1473.84277344
1478.83972168
1463.83166504
1478.04284668
1473.85144043
1468.84838867
1458.31958008
1478.82958984
1468.82641602
1468.83154297
1443.81298828
1463.79101562
1472.72338867
1453.84436035
1478.84106445
1463.86254883
1473.84106445
1458.85339355
1448.84912109
1448.80200195
1453.78430176
1483.85864258
1463.82116699
1478.81188965
1488.3013916
1478.81188965
1478.86669922
1473.85314941
1453.80322266
1468.85949707
1463.86413574
1463.83459473
1473.83935547
1468.84753418
1458.85351562
1473.84558105
1483.73828125
1458.86560059
1453.82983398
1468.86450195
1468.3939209
1453.84533691
1478.83215332
1473.77709961
1478.76220703
1468.78979492
1463.78320312
1478.79846191
1478.859375
1478.85852051
1483.83764648
1468.07299805
1473.83496094
1463.85864258
1463.83666992
1468.85205078
1466.81384277
1478.75341797
1468.85107422
1458.8626709
1483.69311523
1473.85668945
1453.8260498
1453.85449219
1463.80187988
1468.8425293
1468.76574707
1458.62438965
1458.67956543
1448.86352539
1468.86621094
1468.85241699
1458.75952148
1463.85375977
1468.85791016
1483.8515625
1468.84973145
1478.34887695
1478.8326416
1453.83435059
1473.79138184
1453.83398438
1478.4588623
1483.78564453
1463.83789062
1458.71765137
1478.77404785
1478.8293457
1463.78979492
1458.84094238
1473.86035156
1478.77282715
1458.79272461
1448.83544922
1458.8515625
1453.86096191
1473.86279297
1478.86730957
1463.8536377
1458.72473145
1478.6159668
1438.78417969
1458.80969238
1463.76782227
1473.85095215
1473.82263184
1473.68334961
1458.85913086
1478.85742188
1468.81970215
1453.79296875
1458.66357422
1453.73718262
1483.67980957
1468.86169434
1463.86645508
1468.52307129
1458.86303711
1478.82885742
1463.84521484
1468.84338379
1468.80126953
1468.57849121
1473.84375
1453.86157227
1473.57458496
1468.84521484
1468.83251953
1458.53942871
1478.79516602
1463.8548584
1458.81860352
1473.77062988
1453.8659668
1483.83947754
1488.86547852
1473.54492188
1483.84924316
1473.82897949
1468.85986328
1478.82019043
1458.71643066
1458.86572266
1478.77453613
1483.75549316
1463.84106445
1483.76708984
1468.85522461
1478.84106445
1463.81298828
1473.8104248
1438.70117188
1463.82617188
1468.85266113
1478.84362793
1473.73352051
1463.67248535
1468.79003906
1483.86242676
1473.83850098
1458.82727051
1453.21972656
1473.86462402
1478.81433105
1463.84375
1458.8302002
1463.85766602
1458.86743164
1473.83569336
1468.84057617
1473.82080078
1468.84130859
1473.78747559
1443.80371094
1463.82226562
1483.73876953
1498.79882812
1473.80566406
1478.82580566
1468.84143066
1458.82946777
1468.77563477
1458.35974121
1463.76428223
1458.83532715
1438.83215332
1478.8182373
1468.83825684
1473.82702637
1478.73742676
1458.85473633
1468.84521484
1478.82019043
1468.85998535
1463.85827637
1463.85388184
1478.85791016
1468.78210449
1468.70922852
1478.79748535
1473.86328125
1443.85571289
1463.79309082
1478.47692871
1483.73815918
1463.35437012
1473.81640625
1463.86303711
1483.81762695
1463.75354004
1458.86169434
1478.86083984
1483.83752441
1468.8482666
1468.83666992
1468.74584961
1473.84655762
1478.70129395
1448.84692383
1473.82922363
1463.81640625
1478.46618652
1463.86450195
1478.81689453
1463.85961914
1483.74194336
1463.8638916
1443.77709961
1463.83850098
1458.83886719
1478.82434082
1463.83691406
1458.85925293
1468.86767578
1453.83850098
1463.82312012
1463.84753418
1453.83837891
1473.86022949
1478.82080078
1453.8203125
1473.71069336
1488.71948242
1453.8425293
1453.85107422
1468.82495117
1453.86743164
1473.84240723
1482.62133789
1468.84887695
1463.82006836
1473.85559082
1483.85839844
1463.86535645
1468.80810547
1478.85522461
1473.79724121
1458.74694824
1463.6652832
1463.69348145
1463.86169434
1463.84533691
1478.75585938
1458.78210449
1463.82958984
1468.81164551
1468.8046875
1453.84240723
1453.86499023
1458.85375977
1473.67785645
1473.83728027
1453.86169434
1463.79223633
1468.55163574
1478.61914062
1463.83337402
1473.86120605
1473.76550293
1458.78479004
1463.76867676
1463.85778809
1473.86254883
1473.83129883
1468.86071777
1463.80334473
1478.80700684
1453.86462402
1463.76574707
1463.84729004
1463.84680176
1468.85925293
1458.85083008
1478.86682129
1468.60205078
1463.82580566
1458.85803223
1458.81665039
1448.84570312
1478.86584473
1463.86120605
1463.8470459
1468.82324219
1473.85180664
1473.78833008
1453.86560059
1458.83972168
1478.80810547
1478.82336426
1478.82568359
1463.85205078
1473.85705566
1458.85852051
1473.85839844
1473.8626709
1468.86584473
1478.58874512
1478.46911621
1468.85461426
1453.81616211
1468.77172852
1473.84521484
1463.85559082
1468.85974121
1473.71252441
1458.84863281
1468.85266113
1468.8572998
1468.86730957
1463.84020996
1458.86560059
1458.85559082
1453.81872559
1478.69348145
1463.84301758
1468.81323242
1458.86486816
1443.84118652
1468.85009766
1468.86743164
1468.86096191
1463.85009766
1473.859375
1463.85461426
1458.78881836
1453.86157227
1468.79064941
1463.85266113
1483.85412598
1468.81542969
1468.86279297
1453.86132812
1468.71020508
1463.83435059
1468.86035156
1478.79907227
1473.86560059
1463.85266113
1468.65429688
1483.05627441
1473.85998535
1468.82043457
1463.76928711
1458.85913086
1468.85925293
1458.8638916
1473.75158691
1448.85339355
1468.85974121
1483.83349609
1458.82775879
1463.82434082
1468.85791016
1478.85888672
1458.84069824
1463.8347168
1463.80529785
1458.8548584
1463.85827637
1453.8671875
1473.84997559
1468.41943359
1463.86157227
1463.78271484
1478.83483887
1478.76379395
1468.79711914
1463.80529785
1478.85119629
1468.85107422
1478.77368164
1478.82409668
1478.80578613
1473.86022949
1473.86730957
1468.48632812
1483.20324707
1463.50390625
1473.86572266
1468.06848145
1458.81872559
1453.85717773
1468.80957031
1458.73510742
1463.85522461
1463.83374023
1473.85803223
1473.83947754
1458.86682129
1478.76501465
1478.8449707
1453.85351562
1483.86730957
1453.84851074
1473.79052734
1452.10766602
1463.86535645
1468.83874512
1458.8536377
1478.81176758
1453.85656738
1448.83007812
1463.8034668
1468.86413574
1478.84484863
1468.86535645
1478.73815918
1463.78369141
1468.68933105
1483.75183105
1473.77404785
1463.59545898
1453.83972168
1458.85522461
1468.82067871
1473.85705566
1478.85229492
1478.85058594
1458.79321289
1478.82556152
1468.86254883
1483.86315918
1473.86193848
1463.70410156
1468.86645508
1478.86706543
1473.59936523
1458.82336426
1483.76184082
1478.83654785
1458.48461914
1463.83190918
1473.80187988
1458.7989502
1473.78991699
1468.77868652
1478.69250488
1488.85681152
1473.84106445
1463.02807617
1463.82458496
1468.8659668
1483.6907959
1458.73461914
1468.86584473
1468.66174316
1458.77832031
1453.84240723
1463.8626709
1473.82092285
1458.86181641
1473.83569336
1468.85217285
1468.86328125
1458.70080566
1468.37121582
1448.82556152
1463.85668945
1443.86694336
1463.5057373
1468.86096191
1478.78308105
1478.83007812
1478.68237305
1473.83117676
1468.76831055
1473.69335938
1473.86352539
1478.86340332
1473.76916504
1463.74536133
1458.62487793
1478.82946777
1473.76220703
1478.84118652
1468.86364746
1468.81982422
1458.85424805
1468.8470459
1438.7244873
1468.83935547
1483.86352539
1468.86157227
1468.81750488
1463.85021973
1468.73535156
1483.28955078
1458.72741699
1453.85449219
1468.85473633
1463.8638916
1473.45690918
1473.8347168
1468.8572998
1473.73706055
1458.85620117
1473.78051758
1453.81396484
1468.85205078
1483.77453613
1493.4354248
1453.86572266
1458.80725098
1463.68737793
1483.82507324
1453.78491211
1473.86413574
1483.66210938
1458.8338623
1468.81384277
1473.84533691
1478.55883789
1468.86669922
1463.80310059
1468.83618164
1453.83911133
1473.86669922
1453.71179199
1468.7364502
1468.80664062
1473.77539062
1473.75952148
1463.84875488
1473.84570312
1473.6920166
1468.63537598
1463.84912109
1478.80505371
1473.85864258
1463.7989502
1458.76867676
1468.84008789
1483.78051758
1458.83459473
1453.84130859
1478.7611084
1458.85253906
1478.4876709
1478.7890625
1478.70861816
1468.82971191
1467.54699707
1463.8671875
1488.76208496
1468.8416748
1468.70166016
1478.82897949
1478.81494141
1478.82507324
1478.59204102
1473.859375
1483.78027344
1458.40673828
1468.83300781
1468.80712891
1458.79187012
1478.83886719
1448.86535645
1478.86254883
1482.48010254
1468.75756836
1458.8215332
1463.80773926
1463.8380127
1448.74194336
1453.85656738
1463.78088379
1473.80456543
1473.85400391
1468.82971191
1468.86425781
1463.84741211
1473.85388184
1452.94885254
1448.66967773
1463.83227539
1468.72705078
1478.86767578
1473.33764648
1463.86120605
1478.83166504
1463.83178711
1458.7935791
1483.85827637
1463.85473633
1468.78564453
1483.69421387
1463.7677002
1483.84753418
1478.72827148
1488.86462402
1453.86254883
1463.86169434
1463.8404541
1473.83203125
1478.78161621
1478.79785156
1463.85290527
1468.81713867
1463.8223877
1473.82580566
1463.81713867
1468.86083984
1468.67260742
1468.80578613
1463.85498047
1473.85864258
1478.75268555
1478.17822266
1468.75354004
1463.85058594
1468.81628418
1453.86413574
1468.85437012
1478.83105469
1463.76074219
1468.77429199
1483.59741211
1463.8482666
1468.71984863
1448.86535645
1463.86401367
1468.84020996
1453.83129883
1478.64697266
1468.71337891
1488.63342285
1463.86706543
1463.84423828
1483.79162598
1458.82568359
1458.8371582
1463.76550293
1483.78515625
1468.84020996
1473.84680176
1468.81921387
1458.8404541
1473.8572998
1468.81616211
1473.77319336
1463.70983887
1468.84228516
1478.83056641
1463.72497559
1458.85839844
1453.75805664
1458.76538086
1473.65759277
1448.83361816
1468.80834961
1458.53637695
1453.82543945
1458.85900879
1468.58752441
1463.81567383
1468.83642578
1478.6418457
1478.81433105
1488.85290527
1463.8470459
1478.77478027
1478.81054688
1443.85266113
1463.83972168
1463.84875488
1463.8359375
1463.63757324
1478.84936523
1453.85595703
1463.8614502
1458.44006348
1483.64489746
1478.85998535
1473.79724121
1453.80297852
1453.86193848
1463.86364746
1463.8470459
1473.83776855
1463.86462402
1478.84521484
1463.80664062
1473.82617188
1453.69934082
1458.7635498
1483.16760254
1458.85864258
1461.77392578
1463.83837891
1468.85986328
1468.68249512
1468.84887695
1463.77026367
1473.4822998
1473.86218262
1473.80908203
1473.74353027
1433.84289551
1473.83032227
1468.75512695
1473.86315918
1473.86608887
1473.84313965
1488.83056641
1478.86401367
1478.76196289
1468.84216309
1468.84802246
1473.78796387
1478.84094238
1473.82336426
1448.85949707
1468.81140137
1473.7845459
1483.48828125
1468.81433105
1468.8338623
1463.86450195
1468.86328125
1468.80688477
1468.86560059
1463.79528809
1473.85864258
1463.83764648
1473.82128906
1468.85510254
1463.86474609
1468.85913086
1473.84521484
1468.82043457
1463.7980957
1463.8503418
1468.79919434
1458.64257812
1453.85375977
1473.84875488
1468.70410156
1473.67248535
1478.8302002
1468.74707031
1473.68127441
1473.45275879
1468.77062988
1478.82739258
1458.84875488
1483.83850098
1443.80541992
1478.55834961
1463.85021973
1458.85766602
1468.84814453
1468.86108398
1473.80493164
1463.8560791
1478.8449707
1463.5970459
1458.82727051
1463.82714844
1468.10754395
1483.75866699
1473.35974121
1468.85656738
1458.85717773
1468.8380127
1458.83618164
1458.83227539
1468.77575684
1463.8190918
1443.83325195
1478.83581543
1468.86499023
1463.85778809
1468.83959961
1458.76757812
1468.83068848
1468.86218262
1483.8482666
1473.78808594
1478.74523926
1468.8515625
1463.84863281
1463.85656738
1458.85449219
1462.75805664
1468.57653809
1443.79919434
1488.81311035
1458.83508301
1473.86572266
1458.86730957
1478.74414062
1478.85351562
1473.68896484
1463.83276367
1478.83691406
1453.85583496
1468.6809082
1468.82189941
1458.84301758
1468.85998535
1473.52368164
1463.8614502
1468.84594727
1453.82287598
1473.84460449
1478.8236084
1468.63037109
1473.86425781
1478.57714844
1473.27526855
1488.81005859
1463.86340332
1463.81030273
1468.86181641
1473.62719727
1463.60388184
1463.85998535
1458.43725586
1468.48364258
1458.85620117
1458.84973145
1453.8659668
1463.8581543
1458.82617188
1463.85119629
1473.73693848
1473.85766602
1463.70739746
1463.7401123
1458.85852051
1468.85498047
1473.86767578
1473.75695801
1458.84057617
1478.59216309
1463.86462402
1463.81811523
1463.86694336
1468.83850098
1468.64050293
1463.85119629
1448.84558105
1453.84057617
1472.8293457
1468.7355957
1483.8572998
1483.80480957
1463.58837891
1468.75817871
1463.76989746
1463.83532715
1468.7109375
1458.84362793
1458.8157959
1488.5970459
1463.85498047
1468.84472656
1468.8515625
1478.65002441
1473.86450195
1468.82495117
1443.82897949
1448.8326416
1458.78466797
1478.83007812
1458.86560059
1473.86328125
1483.83740234
1473.84313965
1483.71411133
1473.71972656
1478.82958984
1468.84729004
1473.84887695
1478.85681152
1453.8170166
1473.79614258
1478.57141113
1473.86230469
1473.81018066
1458.53173828
1448.81506348
1463.83117676
1473.76513672
1478.85961914
1473.86486816
1458.73168945
1483.76489258
1458.60449219
1478.85424805
1463.86425781
1458.83203125
1458.56384277
1468.80041504
1463.86340332
1463.86376953
1453.76831055
1448.85803223
1478.84753418
1463.81359863
1483.86328125
1468.83825684
1468.8067627
1458.70825195
1468.83630371
1458.85998535
1478.84228516
1458.69396973
1468.8503418
1463.83874512
1468.77600098
1448.86547852
1463.85144043
1463.85559082
1463.81103516
1483.83410645
1473.82495117
1468.56018066
1483.67028809
1468.74450684
1473.77331543
1483.84033203
1473.74584961
1468.52954102
1453.85632324
1473.7668457
1463.85314941
1458.84680176
1468.85620117
1468.80102539
1473.43933105
1468.83691406
1468.81787109
1483.84716797
1468.80932617
1463.84423828
1473.82995605
1473.78186035
1448.80383301
1463.53027344
1473.75341797
1468.75671387
1463.80358887
1478.64880371
1468.75964355
1443.77612305
1453.85949707
1463.83068848
1463.67077637
1478.85449219
1453.85754395
1463.84118652
1478.85852051
1477.77856445
1458.7154541
1488.84692383
1468.84960938
1473.85083008
1488.85546875
1453.72509766
1458.8092041
1473.83129883
1478.79455566
1477.05236816
1463.63525391
1468.80090332
1473.62072754
1463.77893066
1453.69897461
1478.82080078
1483.734375
1453.85742188
1453.81750488
1448.81286621
1473.81079102
1463.70361328
1483.7598877
1448.85668945
1458.80773926
1453.8626709
1463.67089844
1473.77648926
1468.85168457
1473.85131836
1458.83837891
1453.78723145
1468.83227539
1448.86010742
1473.83483887
1458.72021484
1483.73718262
1463.76916504
1458.78857422
1463.8548584
1483.80627441
1468.81445312
1468.86242676
1463.58544922
1468.85852051
1468.86669922
1448.81347656
1473.85974121
1473.85656738
1468.82580566
1463.79589844
1468.86181641
1458.82897949
1468.77099609
1453.82287598
1463.73718262
1468.83496094
1473.85339355
1483.6472168
1458.83911133
1491.51928711
1468.84863281
1453.69958496
1473.59558105
1468.86767578
1478.71630859
1473.86120605
1458.82373047
1463.78100586
1468.85388184
1478.85668945
1458.66955566
1458.84741211
1463.8157959
1463.58728027
1478.64160156
1473.85681152
1468.83728027
1463.85595703
1473.66796875
1468.78405762
1458.86779785
1458.8236084
