1378.58
1378.28
1391.51
1368.84
1388.16
1363.11
1368.75
1373.62
1378.42
1387.05
1383.30
1383.42
1398.61
1383.82
1391.71
1393.58
1368.67
1374.46
1362.17
1368.30
1373.74
1358.18
1373.81
1367.28
1377.12
1383.19
1363.82
1368.73
1376.36
1362.88
1377.32
1372.75
1368.56
1378.81
1383.76
1373.72
1393.78
1368.82
1371.32
1363.35
1383.37
1368.58
1376.54
1398.78
1377.74
1368.78
1372.86
1387.53
1380.41
1398.44
1358.76
1358.07
1387.44
1372.10
1383.80
1382.82
1383.06
1368.03
1388.43
1356.50
1353.67
1358.23
1360.52
1378.73
1367.55
1398.17
1373.15
1382.49
1377.01
1368.33
1382.95
1388.53
1367.97
1373.61
1357.05
1377.93
1362.54
1368.76
1371.81
1383.55
1368.80
1376.85
1377.61
1375.88
1391.72
1373.56
1378.10
1403.57
1365.28
1366.75
1378.09
1381.15
1368.83
1378.42
1378.28
1373.40
1358.72
1382.28
1387.79
1378.82
1388.56
1387.32
1371.82
1376.01
1373.40
1377.76
1378.70
1382.93
1383.75
1383.57
1397.46
1368.34
1367.37
1373.04
1402.86
1387.81
1363.69
1378.83
1363.05
1368.42
1362.33
1375.72
1392.82
1371.00
1373.27
1368.59
1367.53
1378.12
1368.65
1383.52
1393.63
1386.64
1358.01
1386.82
1378.85
1383.18
1381.55
1393.75
1387.80
1367.11
1397.13
1363.24
1398.83
1372.48
1383.15
1372.86
1378.68
1378.73
1377.30
1360.27
1363.85
1376.13
1368.85
1373.86
1378.00
1368.37
1392.53
1378.01
1358.35
1396.40
1378.70
1368.80
1378.40
1377.35
1386.18
1392.57
1367.93
1373.47
1398.12
1368.30
1381.38
1378.30
1373.41
1373.29
1388.84
1393.67
1363.70
1377.30
1377.99
1373.06
1368.73
1368.80
1380.41
1378.51
1377.86
1392.54
1383.66
1353.15
1368.12
1363.36
1362.52
1388.26
1383.53
1375.62
1382.16
1381.00
1369.58
1368.23
1360.83
1391.75
1378.77
1371.22
1378.76
1383.79
1402.70
1373.66
1372.79
1382.64
1371.52
1378.53
1358.75
1393.47
1372.61
1373.43
1368.69
1373.85
1387.40
1388.06
1380.72
1393.32
1378.85
1370.47
1388.01
1373.30
1402.98
1368.83
1372.68
1352.64
1377.72
1363.49
1363.72
1371.84
1372.37
1373.84
1377.93
1362.85
1378.44
1363.36
1377.88
1393.72
1373.74
1373.62
1372.99
1383.81
1382.89
1383.66
1373.82
1373.85
1378.58
1363.83
1365.25
1375.37
1383.57
1368.44
1383.54
1373.85
1367.70
1382.67
1377.73
1368.85
1383.62
1377.45
1375.53
1399.43
1361.89
1377.33
1388.19
1377.85
1379.22
1367.13
1388.80
1387.70
1367.78
1383.46
1373.36
1371.53
1381.72
1388.50
1360.89
1368.30
1372.48
1368.80
1377.43
1388.71
1393.58
1393.87
1403.64
1361.90
1368.45
1378.59
1358.60
1367.69
1358.61
1383.47
1377.91
1392.93
1378.83
1373.64
1378.54
1383.79
1388.57
1375.96
1393.09
1383.85
1361.19
1402.96
1387.75
1363.67
1383.63
1372.92
1378.78
1402.61
1387.56
1388.19
1378.51
1373.84
1379.08
1377.06
1383.08
1378.10
1383.74
1373.80
1378.57
1387.20
1367.48
1369.52
1403.79
1358.74
1368.76
1363.85
1388.60
1367.69
1386.24
1367.45
1368.12
1383.79
1368.27
1363.27
1368.32
1388.74
1353.56
1382.17
1378.71
1383.41
1364.53
1392.00
1368.52
1378.40
1358.85
1392.48
1407.74
1373.69
1380.86
1383.35
1367.64
1383.72
1386.73
1371.45
1378.41
1383.88
1363.52
1378.51
1383.35
1383.49
1383.30
1378.09
1372.40
1372.75
1363.86
1366.44
1368.84
1372.66
1376.77
1378.78
1370.15
1392.45
1362.55
1363.78
1351.42
1383.78
1383.06
1368.70
1372.74
1378.55
1397.26
1382.00
1368.11
1384.77
1358.80
1383.42
1378.38
1373.33
1374.61
1391.39
1373.04
1380.16
1384.75
1378.72
1398.32
1373.77
1393.65
1373.65
1373.13
1376.80
1353.49
1373.45
1376.99
1358.53
1363.68
1361.62
1371.06
1382.83
1363.80
1373.76
1383.46
1398.49
1358.69
1367.67
1368.04
1382.71
1368.52
1372.97
1402.39
1358.66
1368.76
1371.88
1383.79
1383.68
1387.11
1373.70
1373.53
1382.46
1383.29
1378.57
1373.81
1353.52
1382.52
1378.18
1368.36
1382.60
1382.45
1366.47
1387.76
1383.64
1382.04
1374.89
1378.86
1377.77
1388.08
1376.34
1353.72
1370.48
1393.67
1378.13
1377.42
1371.20
1372.74
1378.85
1371.98
1383.84
1368.80
1368.83
1388.16
1379.44
1376.88
1373.55
1398.19
1373.37
1363.79
1378.38
1366.97
1373.14
1378.33
1383.62
1362.89
1373.25
1364.98
1378.35
1358.84
1377.86
1363.84
1373.81
1402.43
1378.45
1378.52
1410.80
1377.59
1363.76
1373.77
1384.96
1368.34
1378.71
1378.73
1362.18
1382.88
1383.72
1373.77
1353.28
1375.19
1363.38
1379.35
1373.65
1373.48
1372.81
1377.70
1378.64
1368.69
1383.61
1382.91
1378.57
1377.80
1375.64
1373.69
1378.40
1367.87
1364.74
1382.33
1402.99
1388.63
1358.66
1388.15
1382.46
1396.75
1393.78
1383.74
1382.39
1378.38
1362.02
1358.64
1373.65
1393.52
1382.49
1398.05
1383.11
1363.35
1362.89
1377.56
1367.78
1373.34
1374.78
1378.46
1373.81
1353.79
1372.75
1383.64
1372.47
1381.17
1358.84
1361.49
1387.28
1378.63
1373.52
1372.08
1398.08
1376.15
1383.74
1362.40
1367.75
1382.27
1372.48
1379.84
1363.35
1377.96
1406.77
1378.83
1367.97
1363.73
1386.26
1368.23
1388.54
1378.01
1368.13
1370.38
1363.65
1371.51
1373.60
1371.80
1377.71
1383.31
1373.01
1383.65
1381.54
1388.63
1373.03
1383.69
1398.53
1367.70
1387.70
1373.46
1381.66
1367.34
1383.81
1387.56
1382.45
1358.67
1388.60
1368.41
1368.52
1378.72
1377.85
1382.85
1358.69
1383.14
1373.71
1384.51
1383.61
1368.32
1357.44
1368.22
1373.79
1373.39
1358.68
1383.81
1373.03
1388.43
1385.57
1373.34
1388.39
1373.16
1380.23
1357.94
1368.15
1396.96
1387.03
1385.06
1388.47
1379.80
1378.66
1383.72
1367.77
1363.83
1397.93
1368.78
1368.83
1392.33
1371.41
1371.10
1362.41
1356.60
1378.61
1383.46
1392.22
1383.00
1378.24
1376.21
1382.94
1382.74
1366.82
1377.89
1368.70
1379.25
1370.44
1371.29
1387.83
1388.14
1387.19
1389.10
1400.82
1373.41
1378.35
1390.39
1381.38
1376.07
1383.79
1373.74
1368.23
1376.69
1373.35
1378.50
1378.78
1387.86
1373.27
1374.96
1352.95
1387.62
1381.94
1387.83
1382.78
1378.70
1383.36
1373.38
1387.07
1383.83
1373.40
1363.07
1388.04
1368.16
1378.43
1388.47
1373.52
1367.86
1364.49
1388.21
1387.43
1376.71
1373.61
1372.67
1376.64
1387.67
1368.86
1372.90
1383.75
1366.69
1363.47
1373.83
1378.14
1393.54
1371.56
1383.31
1388.44
1397.34
1368.03
1388.35
1368.55
1368.30
1378.63
1378.59
1363.56
1378.10
1378.61
1373.03
1382.26
1388.85
1376.23
1391.40
1368.83
1388.86
1368.59
1367.28
1373.75
1383.62
1383.69
1382.78
1373.82
1368.72
1382.84
1393.34
1378.58
1393.85
1368.25
1376.66
1383.54
1373.41
1373.75
1373.16
1373.12
1392.87
1368.46
1365.31
1383.62
1388.76
1379.67
1373.25
1375.19
1367.57
1387.63
1368.65
1388.73
1378.85
1376.68
1378.81
1371.88
1393.74
1373.27
1367.53
1406.41
1373.59
1384.76
1362.49
1378.31
1368.57
1377.95
1370.25
1383.30
1386.87
1393.10
1378.26
1388.72
1383.66
1377.55
1378.81
1378.16
1388.44
1377.32
1363.82
1386.02
1373.00
1377.73
1373.55
1392.07
1383.57
1388.87
1378.85
1353.37
1380.85
1368.51
1376.28
1376.45
1383.83
1368.23
1393.53
1353.10
1363.82
1378.72
1387.61
1380.94
1368.37
1393.69
1359.62
1368.32
1364.76
1378.73
1386.33
1380.91
1387.62
1353.81
1364.44
1368.37
1398.82
1388.64
1363.51
1388.11
1372.78
1387.41
1403.20
1383.86
1378.73
1382.48
1383.36
1383.50
1378.85
1398.54
1378.24
1382.43
1393.82
1383.54
1373.82
1383.73
1378.55
1373.47
1378.83
1388.31
1372.93
1372.43
1352.44
1373.24
1378.71
1353.35
1367.66
1368.82
1383.30
1378.49
1372.59
1368.66
1383.04
1373.13
1387.76
1393.22
1371.95
1364.87
1388.07
1373.80
1380.94
1350.13
1378.68
1363.19
1378.86
1373.57
1378.10
1358.63
1358.76
1367.97
1368.34
1391.46
1372.82
1373.06
1378.30
1388.71
1377.94
1368.12
1368.63
1373.84
1368.74
1383.37
1388.70
1368.78
1368.56
1382.17
1368.16
1391.46
1373.33
1363.63
1372.89
1396.69
1378.62
1388.51
1373.51
1371.75
1378.29
1380.61
1391.66
1372.62
1388.83
1367.88
1378.19
1403.12
1378.31
1387.90
1352.73
1403.49
1373.84
1363.82
1378.15
1388.61
1358.05
1357.72
1361.66
1388.01
1368.58
1367.62
1378.65
1363.81
1373.66
1388.21
1387.85
1383.70
1373.70
1367.81
1360.69
1368.79
1353.84
1383.49
1363.77
1389.18
1368.70
1378.82
1383.69
1367.68
1368.56
1363.12
1393.81
1358.68
1367.86
1373.82
1378.57
1366.86
1377.40
1378.42
1356.61
1380.39
1368.73
1384.69
1375.90
1393.61
1386.91
1378.05
1368.83
1373.68
1398.64
1378.44
1356.87
1386.65
1387.58
1377.95
1373.21
1382.60
1383.33
1366.92
1353.72
1358.74
1363.70
1393.52
1381.01
1372.85
1368.83
1366.14
1366.30
1353.64
1372.09
1393.51
1378.76
1388.10
1383.12
1383.75
1373.55
1393.80
1382.08
1367.00
1392.03
1373.76
1380.78
1377.06
1378.85
1376.59
1383.37
1379.47
1373.44
1386.70
1378.59
1378.82
1383.24
1391.98
1372.93
1378.77
1392.99
1403.84
1370.79
1373.12
1381.55
1368.40
1368.82
1377.92
1397.25
1393.29
1392.34
1398.78
1368.78
1373.63
1368.63
1363.42
1382.96
1367.93
1378.85
1378.74
1358.47
1373.81
1378.26
1392.55
1368.68
1373.80
1366.45
1387.57
1368.73
1382.96
1378.68
1382.96
1382.64
1366.86
1382.21
1378.05
1363.32
1393.06
1378.73
1368.69
1377.81
1368.18
1373.77
1371.77
1368.15
1373.21
1387.88
1358.37
1358.78
1380.84
1363.20
1373.29
1383.52
1387.96
1398.86
1388.78
1377.24
1378.66
1378.36
1372.89
1373.23
1373.81
1373.57
1373.59
1362.01
1363.28
1363.43
1393.17
1361.18
1363.62
1367.58
1383.48
1382.76
1373.53
1373.78
1371.88
1386.62
1368.63
1388.70
1366.54
1369.78
1398.77
1372.85
1367.97
1360.12
1373.61
1383.18
1371.16
1386.10
1366.55
1391.35
1378.33
1382.48
1383.49
1378.63
1370.42
1368.18
1373.25
1387.42
1378.43
1363.20
1387.97
1385.57
1368.33
1378.09
1373.63
1382.78
1383.70
1388.08
1380.80
1378.32
1373.33
1373.72
1393.14
1368.54
1358.50
1396.81
1370.02
1372.32
1368.43
1382.81
1377.38
1380.94
1378.13
1393.86
1388.12
1367.45
1383.84
1372.50
1378.77
1382.25
1378.34
1377.69
1393.84
1383.54
1362.16
1383.80
1367.13
1375.78
1368.03
1378.69
1387.43
1368.63
1383.61
1390.37
1372.46
1378.65
1357.06
1403.45
1358.86
1374.55
1383.57
1357.88
1375.02
1373.43
1388.59
1383.47
1383.66
1388.04
1372.49
1357.40
1373.50
1393.83
1370.04
1387.84
1387.47
1383.62
1388.73
1378.65
1388.65
1378.20
1388.65
1388.35
1366.52
1398.51
1372.88
1384.63
1363.36
1371.91
1387.08
1383.40
1370.39
1375.60
1373.27
1373.84
1377.93
1377.91
1388.31
1342.50
1365.56
1378.09
1377.57
1371.61
1376.83
1378.59
1367.96
1367.80
1362.74
1378.66
1373.84
1379.14
1367.59
1368.67
1383.36
1387.56
1373.60
1367.09
1378.81
1383.61
1373.39
1373.39
1382.63
1378.45
1377.02
1384.61
1378.73
1382.94
1353.75
1378.83
1378.13
1377.58
1395.73
1378.11
1373.51
1368.79
1383.82
1373.73
1372.11
1368.73
1398.84
1378.62
1382.80
1367.32
1378.33
1373.78
1383.72
1343.65
1371.40
1378.30
1377.79
1393.44
1368.56
1362.59
1392.29
1373.46
1387.85
1397.47
1357.47
1380.89
1387.93
1378.79
1373.56
1373.08
1378.82
1387.50
1368.62
1377.84
1375.39
1383.65
1371.83
1377.46
1383.82
1373.52
1353.77
1392.05
1387.33
1380.13
1370.44
1373.66
1378.78
1378.81
1376.82
1388.76
1373.06
1383.65
1378.64
1368.48
1372.85
1373.79
1372.26
1369.61
1378.85
1378.43
1373.22
1372.36
1373.49
1376.05
1382.43
1368.63
1388.31
1368.74
1368.85
1378.21
1382.41
1378.45
1376.15
1388.81
1359.87
1362.78
1373.58
1378.22
1368.65
1377.85
1395.30
1378.16
1365.17
1397.79
1381.46
1382.66
1388.19
1373.63
1368.79
1368.49
1368.48
1373.27
1372.27
1378.50
1368.30
1378.52
1367.12
1381.57
1379.43
1363.82
1388.55
1353.44
1396.78
1380.80
1379.69
1363.07
1378.27
1383.00
1365.87
1373.36
1403.32
1387.81
1363.48
1368.62
1373.23
1383.14
1372.75
1398.67
1368.57
1366.86
1368.52
1380.39
1380.61
1381.57
1386.51
1358.86
1387.64
1383.10
1396.75
1383.75
1373.67
1382.60
1383.57
1383.74
1380.61
1367.61
1378.59
1385.54
1378.41
1378.77
1388.52
1367.09
1391.84
1375.57
1372.86
1378.32
1398.72
1368.74
1383.22
1397.45
1383.44
1375.90
1373.80
1383.20
1366.24
1373.81
1378.82
1383.70
1358.56
1372.87
1381.87
1383.69
1383.41
1388.67
1363.85
1363.39
1357.88
1387.67
1378.83
1373.68
1371.68
1373.39
1375.73
1375.99
1378.57
1381.60
1356.29
1383.82
1388.58
1363.29
1358.77
1373.81
1358.40
1373.18
1358.41
1372.55
1377.61
1363.72
1377.68
1373.52
1395.86
1377.35
1368.20
1378.70
1363.58
1368.45
1358.45
1368.80
1387.84
1358.72
1358.36
1367.74
1383.63
1386.37
1373.63
1388.49
1358.58
1387.89
1368.84
1378.60
1367.15
1360.81
1388.86
1373.74
1384.19
1368.60
1370.26
1362.46
1361.72
1372.84
1398.19
1368.55
1397.77
1377.87
1368.59
1363.33
1378.84
1358.22
1383.40
1378.37
1388.44
1368.80
1388.59
1389.80
1380.52
1383.62
1363.50
1388.29
1377.36
1373.13
1383.47
1383.30
1383.70
1383.71
1378.85
1377.65
1368.62
1371.45
1378.74
1383.78
1381.98
1383.43
1373.13
1377.47
1371.56
1383.17
1393.36
1388.23
1386.55
1387.66
1383.63
1388.32
1398.15
1376.27
1395.18
1359.71
1376.83
1363.04
1367.47
1357.27
1348.35
1363.45
1382.71
1368.64
1368.85
1391.97
1377.97
1376.76
1378.82
1393.57
1373.58
1378.03
1380.74
1378.83
1398.04
1366.33
1387.95
1393.08
1372.22
1373.85
1386.85
1377.77
1378.27
1363.83
1383.54
1378.60
1373.12
1373.58
1383.73
1363.80
1360.04
1382.24
1388.37
1368.48
1388.18
1373.81
1351.23
1381.89
1382.63
1363.35
1363.74
1367.93
1378.36
1362.57
1373.66
1378.79
1386.91
1373.53
1368.65
1354.98
1387.71
1373.83
1391.26
1367.84
1358.62
1377.95
1358.81
1387.97
1383.79
1371.80
1388.32
1378.28
1373.31
1363.71
1373.30
1388.16
1378.39
1383.43
1358.38
1382.85
1358.35
1373.54
1377.48
1368.80
1377.59
1387.51
1378.49
1378.83
1368.36
1387.58
1368.78
1373.75
1377.05
1378.28
1368.15
1371.21
1383.64
1387.11
1381.92
1382.13
1372.51
1372.78
1373.03
1373.73
1358.30
1378.15
1373.77
1361.62
1376.44
1373.80
1358.52
1368.58
1374.75
1373.42
1367.94
1401.05
1382.80
1388.08
1377.97
1363.78
1376.66
1378.49
1378.33
1388.40
1378.40
1385.89
1373.40
1363.43
1388.82
1382.62
1372.77
1373.14
1383.60
1372.34
1392.43
1383.69
1382.61
1383.78
1382.22
1358.79
1362.85
1373.26
1362.38
1362.67
1373.58
1368.68
1368.84
1396.71
1393.44
1373.83
1393.82
1364.10
1383.24
1388.32
1373.28
1381.62
1382.86
1398.22
1383.67
1393.75
1382.62
1381.74
1358.80
1378.70
1362.18
1373.56
1365.24
1388.38
1368.56
1379.57
1368.11
1378.55
1393.80
1377.38
1393.69
1381.64
1378.66
1373.40
1388.02
1387.71
1367.74
1393.42
1383.59
1382.99
1372.81
1363.62
1388.55
1373.82
1385.20
1378.50
1387.49
1377.98
1368.37
1373.23
1373.50
1378.62
1378.35
1383.85
1383.73
1367.95
1378.54
1367.96
1358.43
1368.77
1389.60
1388.40
1383.75
1383.73
1393.64
1373.72
1388.50
1388.52
1376.31
1393.42
1391.78
1378.07
1362.40
1380.41
1373.40
1380.03
1395.35
1368.68
1376.91
1387.03
1380.35
1373.97
1358.59
1363.48
1368.76
1386.60
1361.47
1388.80
1398.67
1378.62
1373.61
1378.72
1388.87
1383.77
1377.47
1373.30
1372.44
1384.94
1368.71
1373.78
1373.01
1377.70
1376.90
1373.53
1373.32
1368.75
1396.87
1378.44
1383.65
1388.77
1362.32
1378.66
1372.82
1368.53
1371.61
1378.81
1384.22
1372.59
1366.72
1388.84
1388.52
1388.28
1383.86
1367.32
1367.20
1398.85
1382.20
1387.80
1367.22
1358.02
1373.23
1368.33
1358.52
1388.59
1398.08
1398.44
1381.48
1388.80
1373.82
1383.53
1383.01
1371.83
1372.55
1382.49
1368.75
1383.28
1378.23
1362.67
1392.88
1393.40
1373.84
1382.96
1378.50
1371.12
1383.80
1363.50
1368.74
1373.23
1371.99
1368.17
1368.70
1382.62
1376.66
1368.63
1367.25
1368.78
1378.52
1392.98
1383.83
1383.35
1378.27
1383.67
1368.26
1373.73
1363.51
1383.60
1363.77
1358.61
1371.85
1363.76
1388.51
1383.83
1373.58
1378.58
1377.68
1367.52
1372.96
1377.46
1373.64
1388.44
1367.69
1371.23
1388.85
1386.36
1363.39
1383.07
1368.65
1378.81
1388.24
1383.49
1372.64
1392.95
1368.79
1393.63
1388.39
1373.85
1378.61
1377.66
1382.30
1397.82
1378.36
1408.36
1363.71
1398.25
1378.66
1382.70
1368.56
1372.97
1376.63
1388.39
1367.79
1372.78
1378.03
1393.38
1373.85
1378.65
1358.54
1368.53
1373.38
1378.43
1373.68
1372.15
1368.60
1385.38
1377.70
1368.57
1388.76
1367.17
1377.62
1374.68
1383.52
1373.70
1370.95
1373.64
1383.11
1377.78
1371.14
1373.77
1368.77
1376.69
1373.86
1372.75
1367.85
1372.95
1377.58
1373.29
1368.41
1378.06
1368.43
1393.79
1371.57
1397.60
1383.85
1372.86
1383.63
1373.77
1383.42
1363.76
1378.86
1383.75
1367.02
1375.83
1388.28
1353.63
1388.39
1382.83
1376.73
1373.58
1388.68
1378.55
1383.84
1381.58
1367.98
1368.53
1384.26
1399.76
1368.44
1367.46
1397.78
1373.69
1358.49
1383.82
1380.98
1368.53
1376.18
1359.01
1367.64
1377.04
1368.80
1368.62
1388.02
1368.14
1373.40
1383.57
1367.78
1386.98
1373.49
1363.52
1382.90
1387.61
1353.86
1358.12
1381.19
1373.74
1353.76
1358.71
1373.32
1366.08
1383.45
1378.03
1363.74
1348.58
1387.42
1376.65
1373.62
1383.64
1388.26
1366.93
1372.57
1362.30
1378.55
1365.65
1391.99
1363.16
1373.66
1383.80
1383.57
1393.82
1383.46
1383.14
1383.43
1367.34
1391.89
1387.97
1371.06
1373.37
1373.61
1368.58
1361.67
1377.33
1369.72
1378.81
1365.23
1382.83
1388.75
1373.13
1368.79
1373.04
1372.30
1373.44
1378.21
1373.65
1383.62
1377.08
1378.15
1383.19
1368.14
1367.70
1396.77
1378.19
1383.80
1388.74
1353.69
1375.43
1378.54
1377.75
1373.80
1373.82
1375.66
1378.78
1373.40
1383.63
1377.24
1373.10
1370.38
1387.05
1377.50
1392.69
1368.57
1363.23
1380.63
1371.55
1372.46
1378.72
1388.72
1387.80
1368.76
1383.34
1376.35
1383.35
1389.17
1377.98
1362.35
1378.08
1373.86
1382.85
1358.49
1379.83
1368.18
1391.14
1368.84
1388.43
1366.40
1383.60
1367.22
1375.75
1368.81
1391.89
1368.42
1367.40
1374.30
1360.64
1363.79
1371.68
1383.41
1375.93
1373.60
1373.19
1373.75
1377.17
1373.77
1398.61
1368.78
1388.84
1367.61
1388.48
1371.57
1382.26
1387.07
1367.03
1373.57
1373.51
1392.70
1368.32
1377.99
1368.64
1383.05
1403.49
1383.05
1372.55
1373.83
1378.25
1393.51
1381.77
1377.60
1363.52
1381.50
1403.68
1387.83
1373.45
1383.85
1382.60
1368.07
1403.85
1373.58
1368.48
1376.56
1373.74
1363.29
1391.93
1368.86
1382.86
1373.54
1358.86
1388.51
1403.63
1398.03
1388.68
1353.68
1378.09
1388.46
1372.94
1378.72
1362.15
1388.53
1368.56
1363.21
1388.47
1383.55
1363.57
1383.62
1373.16
1387.64
1378.32
1372.70
1388.72
1387.79
1388.27
1368.74
1401.35
1378.32
1387.47
1363.30
1368.46
1387.90
1388.40
1373.64
1368.59
1388.30
1363.32
1368.85
1378.86
1387.37
1368.46
1378.25
1380.38
1378.80
1381.17
1382.70
1364.36
1378.55
1372.11
1381.81
1378.18
1382.07
1395.22
1368.59
1373.69
1383.57
1363.71
1363.81
1371.42
1378.81
1377.98
1403.60
1368.72
1382.91
1373.14
1373.84
1368.32
1363.69
1372.52
1398.66
1387.48
1378.76
1366.05
1372.73
1367.96
1373.15
1373.68
1387.59
1383.12
1368.23
1368.19
1383.71
1372.23
1380.33
1388.66
1393.15
1377.53
1393.56
1368.40
1402.34
1378.23
1383.27
1378.63
1373.84
1373.77
1373.74
1368.80
1368.68
1372.87
1383.67
1393.18
1398.85
1376.85
1375.61
1377.46
1373.14
1373.34
1378.25
1388.21
1378.13
1403.76
1373.07
1383.22
1378.68
1373.36
1365.32
1371.52
1363.30
1383.78
1372.75
1368.54
1367.46
1363.81
1367.18
1383.38
1358.21
1388.12
1397.45
1373.85
1371.68
1363.31
1378.58
1368.70
1378.32
1387.85
1383.27
1373.61
1383.83
1353.39
1377.91
1382.65
1373.84
1373.63
1393.31
1381.87
1367.56
1368.59
1373.64
1382.08
1387.13
1373.85
1371.66
1378.56
1363.56
1393.77
1383.59
1370.70
1383.20
1371.85
1393.86
1374.80
1368.78
1363.38
1388.85
1408.27
1378.82
1378.86
1379.11
1383.49
1377.95
1387.76
1387.83
1376.02
1368.53
1377.86
1402.01
1387.77
1392.51
1373.01
1393.62
1393.51
1368.32
1377.06
1378.72
1378.59
1373.54
1388.77
1377.97
1388.37
1378.72
1388.54
1377.24
1373.43
1356.12
1377.90
1373.78
1373.09
1375.46
1368.74
1357.33
1368.44
1388.71
1367.36
1393.33
1373.68
1377.55
1377.17
1388.38
1371.44
1389.09
1378.65
1368.56
1363.19
1393.56
1373.60
1373.16
1378.74
1361.94
1374.53
1388.56
1378.84
1392.87
1363.75
1383.17
1368.57
1396.62
1386.76
1378.48
1378.25
1373.87
1388.82
1368.45
1372.32
1368.34
1386.84
1407.77
1383.80
1383.44
1378.57
1377.18
1388.86
1377.75
1372.85
1378.68
1383.82
1383.74
1392.78
1377.75
1363.05
1393.00
1383.57
1375.54
1378.43
1387.69
1388.77
1363.84
1382.18
1373.13
1376.02
1372.85
1391.26
1363.63
1366.59
1361.24
1383.73
1383.83
1388.41
1390.49
1383.35
1383.50
1353.48
1368.71
1370.67
1378.63
1372.56
1377.46
1383.28
1368.45
1368.29
1373.70
1367.33
1382.69
1383.76
1373.83
1387.53
1377.56
1381.11
1388.26
1370.13
1389.94
1377.42
1377.95
1383.64
1373.08
1353.50
1403.35
1388.57
1363.24
1383.86
1370.42
1382.14
1363.84
1388.55
1385.93
1373.83
1383.26
1393.64
1371.86
1388.53
1383.86
1359.59
1387.67
1365.56
1372.15
1377.82
1377.28
1373.48
1387.68
1379.66
1378.77
1368.62
1390.81
1383.14
1368.66
1383.02
1369.08
1368.67
1388.78
1393.84
1362.71
1388.75
1378.48
1380.43
1357.29
1363.74
1387.00
1383.32
1358.63
1383.64
1388.22
1383.47
1398.71
1402.22
1372.59
1372.73
1368.29
1379.69
1378.62
1397.10
1378.32
1368.08
1373.03
1371.73
1367.97
1373.35
1383.81
1385.85
1377.77
1368.78
1371.99
1388.15
1388.49
1361.34
1393.77
1378.65
1393.46
1377.75
1383.73
1366.80
1392.85
1393.47
1372.16
1368.71
1363.58
1388.51
1388.00
1363.31
1362.96
1378.75
1388.80
1388.66
1368.85
1387.01
1378.48
1388.46
1372.04
1382.50
1375.38
1391.29
1368.55
1378.23
1388.86
1393.83
1363.49
1373.19
1378.79
1368.82
1388.70
1378.70
1372.97
1357.04
1378.58
1382.95
1381.31
1374.59
1357.18
1383.77
1386.57
1378.39
1375.65
1377.03
1361.29
1368.69
1383.80
1378.08
1393.78
1376.09
1377.48
1392.51
1378.52
1373.44
1387.87
1367.46
1391.03
1393.86
1368.75
1401.99
1372.45
1373.99
1383.21
1373.86
1368.63
1366.66
1381.90
1377.35
1387.22
1353.21
1361.03
1388.55
1373.85
1373.34
1363.57
1388.41
1382.14
1382.75
1374.27
1382.98
1378.36
1365.98
1353.86
1372.90
1388.44
1386.68
1372.86
1363.39
1373.85
1398.01
1383.62
1358.31
1368.85
1379.61
1367.82
1373.16
1387.27
1388.18
1367.47
1373.57
1393.36
1380.75
1383.05
1383.70
1375.07
1368.60
1378.85
1386.52
1367.63
1362.59
1392.58
1392.47
1401.80
1378.22
1373.61
1378.38
1391.26
1388.37
1371.88
1383.51
1388.44
1408.49
1382.03
1383.50
1377.78
1388.37
1383.67
1373.00
1378.70
1372.17
1388.39
1368.19
1393.68
1366.93
1363.86
1368.56
1377.77
1378.86
1398.20
1377.91
1382.84
1368.45
1358.07
1371.51
1368.08
1378.99
1363.72
1406.28
1378.07
1378.61
1363.54
1373.75
1372.45
1376.03
1373.62
1387.26
1383.69
1368.11
1382.81
1371.75
1372.57
1367.85
1383.44
1398.56
1368.19
1393.32
1373.47
1372.92
1376.26
1368.80
1373.42
1393.58
1367.88
1368.63
1367.22
1366.43
1383.69
1378.56
1382.49
1392.61
1348.39
1372.56
1376.79
1373.22
1397.86
1372.27
1388.22
1378.18
1386.87
1373.78
1367.55
1369.34
1383.73
1388.45
1383.77
1373.86
1372.13
1373.10
1373.61
1378.63
1362.56
1358.43
1403.01
1367.31
1378.70
1385.35
1378.59
1373.08
1383.37
1393.48
1383.59
1368.68
1373.41
1393.22
1368.22
1388.05
1366.02
1393.08
1373.25
1381.38
1388.35
1393.59
1374.19
1378.34
1383.24
1356.66
1378.80
1373.23
1373.50
1383.83
1373.57
1378.44
1382.53
1403.52
1378.82
1388.30
1377.48
1367.36
1385.76
1376.76
1388.21
1383.83
1378.67
1387.22
1386.44
1358.30
1373.37
1376.19
1363.68
1382.88
1378.26
1391.02
1357.10
1358.08
1388.82
1358.80
1389.31
1368.06
1373.12
1368.60
1383.23
1383.87
1393.49
1373.72
1367.64
1363.39
1388.12
1382.80
1368.55
1373.39
1398.83
1373.69
1372.95
1372.75
1368.86
1372.38
1383.32
1378.75
1382.98
1383.63
1371.73
1371.47
1368.68
1371.37
1388.05
1368.20
1383.38
1391.83
1378.84
1378.14
1373.52
1392.50
1363.10
1366.16
1388.11
1372.86
1388.79
1373.82
1373.75
1401.83
1363.54
1373.33
1382.23
1363.70
1373.73
1383.86
1357.91
1383.27
1367.93
1373.28
1372.44
1377.92
1363.38
1368.71
1387.61
1393.20
1363.59
1383.34
1373.74
1362.57
1358.07
1378.78
1363.59
1363.34
1378.27
1381.51
1390.76
1372.18
1378.78
1373.77
1408.63
1370.17
1371.12
1367.83
1393.80
1382.19
1403.81
1361.94
1371.80
1368.44
1383.24
1373.51
1378.56
1379.26
1368.82
1363.79
1373.12
1357.26
1393.05
1378.79
1348.63
1387.11
1388.66
1367.91
1387.70
1358.83
1378.52
1393.59
1393.28
1383.25
1388.45
1373.86
1373.24
1382.91
1398.08
1368.65
1387.59
1383.66
1378.15
1364.16
1376.24
1343.82
1365.85
1375.38
1373.52
1348.79
1375.56
1383.43
1381.63
1378.32
1373.42
1377.34
1367.41
1388.70
1362.82
1401.65
1378.51
1385.23
1393.14
1378.63
1378.85
1385.74
1372.91
1373.76
1383.62
1383.42
1377.42
1368.83
1373.11
1378.51
1387.24
1378.37
1382.11
1373.02
1393.59
1372.98
1358.12
1383.81
1372.79
1393.67
1378.81
1382.56
1373.10
1377.95
1373.65
1378.59
1378.60
1353.50
1372.16
1378.64
1402.40
1388.33
1378.70
1378.57
1388.59
1378.73
1388.10
1375.18
1378.39
1372.47
1382.62
1378.43
1373.49
1372.19
1378.17
1383.67
1363.73
1372.33
1383.82
1373.61
1372.28
1366.77
1377.81
1368.72
1388.42
1383.00
1362.52
1363.68
1373.13
1391.56
1383.73
1378.04
1367.98
1383.27
1371.74
1362.99
1396.02
1400.50
1381.62
1388.48
1373.02
1373.36
1383.04
1377.43
1358.32
1378.75
1372.15
1392.36
1383.09
1360.44
1357.87
1368.62
1382.91
1377.69
1373.64
1357.50
1388.30
1382.88
1393.86
1358.39
1398.24
1368.86
1368.66
1372.13
1368.29
1377.71
1373.44
1368.44
1378.73
1393.82
1393.60
1368.41
1363.55
1378.44
1378.17
1368.43
1377.56
1376.98
1378.62
1391.59
1373.43
1383.75
1400.96
1378.51
1392.68
1378.15
1403.10
1368.01
1387.18
1378.69
1368.85
1372.34
1383.32
1358.78
1393.63
1377.05
1363.49
1378.76
1367.74
1357.99
1372.24
1393.61
1358.38
1383.25
1373.47
1386.53
1381.14
1360.37
1373.56
