0.0-0.1
50010
50010
50010
50010
50010
50010
50010
50010
50010
50010
50010
50010
50010
50010
50010
50010
50010
50010
50010
50010
50010
50010
50010
50010
50010
50010
50010
50010
50010
50010
50010
50010
50010
50010
50010
50010
50010
50010
50010
50010
50010
50010
50010
50010
50010
50010
50010
50010
50010
50010
0.0-0.2
50010
50010
50010
50010
50010
50010
50010
50010
50010
50010
50010
50010
50010
50010
50010
50010
50010
50010
50010
50010
50010
50010
50010
50010
50010
50010
50010
50010
50010
50010
50010
50010
50010
50010
50010
50010
50010
50010
50010
50010
50010
50010
50010
50010
50010
50010
50010
50010
50010
50010
0.0-0.3
50010
50010
50010
50010
50010
50010
50010
50010
50010
50010
50010
50010
50010
50010
50010
50010
50010
50010
50010
50010
50010
50010
50010
50010
50010
50010
50010
50010
50010
50010
50010
50010
50010
50010
50010
50010
50010
50010
50010
50010
50010
50010
50010
50010
50010
50010
50010
50010
50010
50010
0.0-0.4
50010
50010
50010
50010
50010
50010
50010
50010
50010
50010
50010
50010
50010
50010
50010
50010
50010
50010
50010
50010
50010
50010
50010
50010
50010
50010
50010
50010
50010
50010
50010
50010
50010
50010
50010
50010
50010
50010
50010
50010
50010
50010
50010
50010
50010
50010
50010
50010
50010
50010
0.0-0.5
50010
50010
50010
50010
50010
50010
50010
50010
50010
50010
50010
50010
50010
50010
50010
50010
50010
50010
50010
50010
50010
50010
50010
50010
50010
50010
50010
50010
50010
50010
50010
50010
50010
50010
50010
50010
50010
50010
50010
50010
50010
50010
50010
50010
50010
50010
50010
50010
50010
50010
0.0-0.6
50010
50010
50010
50010
50010
50010
50010
50010
50010
50010
50010
50010
50010
50010
50010
50010
50010
50010
50010
50010
50010
50010
50010
50010
50010
50010
50010
50010
50010
50010
50010
50010
50010
50010
50010
50010
50010
50010
50010
50010
50010
50010
50010
50010
50010
50010
50010
50010
50010
50010
0.0-0.7
50010
50010
50010
50010
50010
50010
50010
50010
50010
50010
50010
50010
50010
50010
50010
50010
50010
50010
50010
50010
50010
50010
50010
50010
50010
50010
50010
50010
50010
50010
50010
50010
50010
50010
50010
50010
50010
50010
50010
50010
50010
50010
50010
50010
50010
50010
50010
50010
50010
50010
0.0-0.8
50010
50010
50010
50010
50010
50010
50010
50010
50010
50010
50010
50010
50010
50010
50010
50010
50010
50010
50010
50010
50010
50010
50010
50010
50010
50010
50010
50010
50010
50010
50010
50010
50010
50010
50010
50010
50010
50010
50010
50010
50010
50010
50010
50010
50010
50010
50010
50010
50010
50010
0.0-0.9
50010
50010
50010
50010
50010
50010
50010
50010
50010
50010
50010
50010
50010
50010
50010
50010
50010
50010
50010
50010
50010
50010
50010
50010
50010
50010
50010
50010
50010
50010
50010
50010
50010
50010
50010
50010
50010
50010
50010
50010
50010
50010
50010
50010
50010
50010
50010
50010
50010
50010
0.0-1.0
50010
50010
50010
50010
50010
50010
50010
50010
50010
50010
50010
50010
50010
50010
50010
50010
50010
50010
50010
50010
50010
50010
50010
50010
50010
50010
50010
50010
50010
50010
50010
50010
50010
50010
50010
50010
50010
50010
50010
50010
50010
50010
50010
50010
50010
50010
50010
50010
50010
50010
0.1-0.1
50010
50010
50010
50010
50010
50010
24800
50010
50010
50010
50010
24100
50010
50010
50010
50010
50010
50010
50010
50010
50010
50010
50010
22880
26490
25210
50010
50010
50010
24090
50010
50010
50010
50010
50010
50010
27720
50010
50010
50010
50010
50010
50010
50010
25810
50010
50010
25920
25160
50010
0.1-0.2
50010
25570
50010
28290
50010
50010
50010
50010
25950
27140
50010
27330
50010
50010
50010
50010
50010
28640
50010
26650
50010
27150
50010
50010
50010
50010
50010
50010
26320
30290
50010
50010
28500
50010
50010
24710
29370
28330
50010
50010
50010
50010
24600
50010
50010
50010
50010
50010
26290
29420
0.1-0.3
50010
30980
32430
50010
50010
50010
50010
50010
50010
50010
50010
29290
50010
50010
30110
50010
50010
28960
50010
27450
30460
29270
50010
50010
50010
50010
50010
50010
50010
50010
50010
29100
50010
50010
30650
50010
50010
50010
32190
50010
26820
50010
50010
50010
34750
50010
50010
50010
28840
50010
0.1-0.4
50010
50010
50010
29760
34150
50010
50010
50010
50010
28090
50010
50010
27880
50010
50010
30780
32730
50010
50010
50010
50010
31690
50010
50010
50010
35660
50010
30920
50010
50010
50010
50010
50010
50010
31620
50010
50010
50010
50010
50010
32810
50010
32750
35350
50010
50010
50010
50010
33230
50010
0.1-0.5
50010
34050
50010
34310
50010
41420
50010
50010
37880
50010
50010
50010
50010
50010
50010
33900
50010
50010
36680
50010
50010
50010
50010
50010
50010
50010
50010
50010
35930
50010
50010
34780
50010
50010
34310
50010
50010
36970
50010
50010
50010
50010
50010
50010
50010
50010
31680
36290
50010
50010
0.1-0.6
50010
50010
50010
50010
50010
50010
50010
50010
50010
50010
50010
50010
50010
35210
50010
50010
50010
50010
50010
38030
50010
50010
50010
50010
50010
39980
50010
50010
50010
50010
50010
50010
50010
50010
50010
50010
50010
50010
44680
50010
50010
50010
50010
50010
50010
50010
50010
50010
39110
50010
0.1-0.7
50010
50010
50010
50010
50010
50010
50010
50010
50010
50010
50010
50010
50010
50010
50010
50010
50010
50010
50010
50010
50010
50010
50010
50010
50010
50010
50010
41650
50010
50010
50010
50010
50010
50010
50010
50010
50010
45040
50010
41710
41040
50010
50010
50010
50010
50010
50010
50010
50010
50010
0.1-0.8
50010
50010
50010
50010
50010
50010
50010
50010
50010
50010
50010
50010
50010
50010
42850
50010
50010
50010
50010
50010
50010
50010
50010
50010
50010
50010
50010
49110
50010
50010
50010
50010
50010
42740
50010
50010
50010
50010
50010
50010
50010
50010
50010
50010
50010
50010
50010
50010
50010
50010
0.1-0.9
50010
50010
50010
50010
50010
50010
50010
50010
50010
50010
50010
50010
50010
50010
50010
50010
50010
50010
50010
50010
50010
50010
50010
50010
50010
49550
50010
50010
50010
50010
50010
49090
50010
50010
50010
50010
50010
50010
50010
50010
50010
50010
50010
50010
50010
50010
50010
50010
50010
50010
0.1-1.0
50010
50010
50010
50010
50010
50010
50010
50010
50010
50010
50010
50010
50010
50010
50010
50010
50010
50010
50010
50010
50010
50010
50010
50010
50010
50010
50010
50010
50010
50010
50010
50010
50010
50010
50010
50010
50010
50010
50010
50010
50010
50010
50010
50010
50010
50010
50010
50010
50010
50010
0.2-0.1
50010
14640
50010
50010
50010
13930
15070
50010
15480
15140
50010
13550
50010
50010
50010
50010
13820
50010
14720
50010
50010
50010
13750
14770
50010
50010
13740
50010
15020
50010
14660
15580
14960
13490
13130
14110
50010
13920
50010
50010
50010
50010
14580
15120
50010
15370
14200
50010
50010
50010
0.2-0.2
50010
50010
15510
50010
50010
50010
14280
50010
14300
50010
15320
50010
50010
15420
15050
50010
50010
50010
15660
15040
13820
16520
15400
50010
14750
15310
15170
50010
50010
50010
16270
13150
14750
50010
50010
15510
13110
50010
50010
14910
50010
50010
50010
50010
13510
50010
50010
14620
50010
15710
0.2-0.3
15920
50010
19200
50010
50010
50010
50010
50010
50010
18260
50010
18670
15040
16500
50010
50010
50010
17560
50010
16910
16040
17390
50010
50010
50010
17310
50010
50010
50010
16970
16960
50010
17340
50010
50010
15520
50010
50010
50010
19040
17580
50010
50010
50010
50010
18030
50010
50010
16810
50010
0.2-0.4
50010
50010
50010
50010
19940
20340
18450
18080
50010
19860
50010
17380
50010
50010
19570
17610
19970
50010
18740
20870
50010
50010
20250
50010
20130
18180
50010
50010
20360
50010
17030
50010
18040
21240
19130
50010
19920
18420
17550
21270
50010
19020
50010
22800
18180
20450
19990
50010
50010
18230
0.2-0.5
23850
50010
50010
20370
19740
50010
50010
19970
23580
21800
50010
50010
22790
21700
21420
21750
50010
50010
50010
22460
50010
50010
50010
50010
20980
50010
20760
19930
50010
50010
50010
19700
50010
50010
22090
22700
22070
21900
50010
50010
50010
50010
21990
50010
50010
24650
20410
50010
50010
23320
0.2-0.6
50010
25300
50010
24410
50010
50010
24370
50010
26780
25690
50010
50010
25550
50010
24640
50010
23710
26130
25190
50010
23020
23410
50010
50010
50010
28240
50010
27140
24320
50010
50010
50010
24870
50010
22530
50010
26180
50010
25020
50010
50010
50010
23880
24100
50010
50010
50010
50010
50010
50010
0.2-0.7
50010
50010
24330
50010
50010
26960
50010
50010
50010
50010
30250
50010
50010
50010
26950
27190
24590
28350
50010
50010
50010
50010
50010
50010
50010
50010
28440
50010
50010
50010
50010
50010
28070
50010
50010
50010
50010
50010
50010
50010
50010
26130
50010
28020
24880
32330
50010
50010
50010
50010
0.2-0.8
50010
50010
50010
30420
50010
50010
50010
31570
50010
30680
33000
50010
50010
50010
50010
50010
33220
50010
29710
50010
50010
50010
32520
50010
50010
50010
34490
34170
31880
50010
50010
33510
50010
50010
34760
50010
50010
30930
50010
29910
50010
50010
32240
36770
31040
33920
50010
50010
50010
50010
0.2-0.9
50010
50010
50010
39760
39500
50010
50010
50010
50010
50010
50010
50010
50010
35870
50010
50010
38980
50010
50010
50010
50010
50010
50010
50010
34910
50010
50010
50010
50010
50010
50010
50010
50010
50010
40740
50010
50010
50010
50010
35470
50010
50010
35470
50010
50010
50010
39130
38730
50010
50010
0.2-1.0
50010
50010
50010
50010
50010
50010
50010
50010
50010
50010
50010
50010
50010
50010
50010
50010
50010
50010
50010
50010
50010
50010
50010
50010
50010
50010
50010
50010
50010
50010
50010
50010
50010
50010
50010
50010
50010
50010
50010
50010
50010
50010
50010
50010
50010
50010
50010
50010
50010
50010
0.3-0.1
11000
50010
11570
50010
50010
12000
50010
12600
11870
13000
11780
13420
12490
12850
11850
50010
12750
10920
50010
12690
12340
12140
50010
50010
12270
50010
50010
50010
50010
50010
10880
11820
50010
12290
50010
11370
50010
50010
12280
50010
50010
50010
50010
11850
50010
12330
12170
50010
50010
12520
0.3-0.2
12270
50010
13220
11480
50010
12580
12530
12890
12700
50010
12690
12170
11450
50010
12700
50010
50010
50010
50010
50010
50010
11560
12210
50010
50010
50010
11940
12830
50010
50010
11910
50010
50010
50010
50010
50010
11610
50010
11890
13280
50010
50010
50010
11550
12280
50010
50010
12170
50010
50010
0.3-0.3
50010
11680
50010
50010
13400
12830
14380
50010
50010
13380
50010
50010
12390
13280
50010
12740
12410
13460
50010
50010
13220
14150
14040
14650
50010
50010
12810
12280
13090
50010
50010
50010
12600
50010
50010
50010
50010
13460
50010
13670
13730
50010
50010
50010
50010
14010
12080
50010
50010
12930
0.3-0.4
14990
50010
50010
15380
50010
15240
50010
50010
16860
17200
16700
50010
50010
14300
15000
14840
15430
16470
15130
50010
50010
50010
15020
16570
15150
14450
15380
15560
13500
14590
50010
15210
15820
14310
50010
15890
15240
16140
50010
15410
16860
50010
50010
50010
14700
15090
14600
50010
14250
50010
0.3-0.5
15750
50010
50010
17140
16760
18260
14630
16950
50010
50010
50010
50010
50010
50010
16770
18620
17940
18530
50010
50010
50010
17650
17030
50010
50010
50010
18050
17390
15540
50010
17430
17280
50010
17370
50010
16870
17280
17210
50010
16020
50010
16480
15350
50010
50010
19520
16520
17690
16720
50010
0.3-0.6
20490
50010
50010
50010
22160
50010
50010
50010
19730
16250
19520
22870
50010
50010
19310
20270
50010
50010
50010
20050
21620
22260
50010
19880
50010
18330
20300
50010
20510
50010
20580
20480
18650
18550
19660
22280
50010
50010
19480
19670
50010
50010
20980
19710
20630
18770
19780
50010
50010
50010
0.3-0.7
24770
24360
24800
24000
25140
50010
50010
22690
50010
50010
50010
26330
50010
50010
24890
23340
26540
22780
50010
26640
25760
21370
26140
50010
21700
22560
21950
23920
25340
23720
23710
50010
50010
50010
24290
25230
50010
50010
25030
50010
25320
23410
50010
24120
20410
50010
50010
26270
50010
50010
0.3-0.8
50010
50010
50010
30870
50010
50010
50010
50010
27330
50010
28940
27980
31740
50010
50010
50010
50010
28360
30170
50010
50010
50010
28050
50010
28500
50010
50010
50010
28580
50010
50010
50010
29420
50010
50010
28890
26870
50010
26290
26850
27080
50010
27340
26990
29160
50010
50010
50010
50010
50010
0.3-0.9
50010
36090
50010
35530
31230
50010
50010
33370
34160
35850
50010
50010
50010
35510
34420
50010
33640
50010
33530
36240
33040
50010
50010
35260
50010
50010
50010
50010
50010
50010
50010
34560
36520
50010
50010
34000
50010
38580
50010
50010
32470
33610
50010
50010
50010
50010
50010
50010
35490
50010
0.3-1.0
50010
50010
50010
50010
50010
50010
50010
50010
50010
50010
50010
50010
50010
50010
50010
50010
50010
50010
50010
50010
50010
50010
50010
50010
50010
50010
50010
50010
50010
50010
50010
50010
50010
50010
50010
50010
50010
50010
50010
50010
50010
50010
50010
50010
50010
50010
50010
50010
50010
50010
0.4-0.1
50010
50010
50010
9630
50010
50010
50010
50010
50010
11100
50010
50010
50010
50010
10000
50010
50010
50010
50010
50010
50010
9740
9580
10750
50010
10300
50010
50010
9960
50010
10100
50010
50010
50010
50010
10990
50010
9600
10620
50010
50010
50010
50010
50010
10670
9970
11740
10670
10700
50010
0.4-0.2
9890
10720
10940
10230
11710
50010
10670
9900
50010
11030
9520
10180
50010
10970
9620
10710
50010
10020
10420
10990
50010
50010
10370
10700
50010
50010
11390
10180
50010
10970
10220
9020
50010
50010
10570
50010
9360
50010
10570
10470
11280
50010
10120
50010
10830
10780
10800
50010
50010
10550
0.4-0.3
11830
11190
10720
12370
11910
50010
11290
12600
12360
11180
11410
11080
50010
10840
50010
50010
11050
11530
12590
13030
50010
12360
50010
50010
11860
50010
10450
12140
11910
11270
12960
10970
10420
11370
11900
50010
12790
11740
11370
50010
50010
50010
12180
50010
12090
50010
50010
10330
50010
11170
0.4-0.4
12890
13620
12370
50010
12370
13570
50010
12800
50010
14370
50010
12760
13220
50010
13120
50010
50010
50010
14250
12860
13850
50010
50010
12340
12630
50010
12210
14000
50010
50010
50010
50010
50010
50010
50010
50010
12290
50010
13180
13520
12420
12780
13350
12490
13440
12200
11950
50010
50010
50010
0.4-0.5
14970
14090
14170
50010
14200
50010
14390
50010
15580
50010
15370
15160
50010
16580
50010
16380
15710
50010
15270
14770
16320
15540
13480
50010
15550
50010
14190
50010
15680
17260
50010
16130
14880
50010
50010
15160
50010
15930
50010
50010
15550
50010
14790
14820
50010
16530
14130
50010
50010
16800
0.4-0.6
50010
50010
20560
50010
50010
50010
18030
16760
18390
18630
18130
50010
50010
50010
19070
19640
18640
19800
17370
18950
50010
50010
50010
50010
50010
17810
50010
50010
17300
18710
17550
16730
18350
17380
18050
15660
50010
18660
50010
50010
17000
20030
18300
19500
18270
50010
50010
16870
17010
17440
0.4-0.7
50010
50010
50010
20800
50010
22580
50010
21320
20990
50010
50010
20830
50010
50010
21080
50010
20100
21660
50010
22480
21770
50010
50010
22210
21890
50010
50010
50010
50010
50010
21780
21170
50010
50010
23760
19320
21770
20690
50010
20100
50010
50010
21870
50010
21520
50010
21590
19850
21400
50010
0.4-0.8
50010
50010
50010
25280
50010
50010
25600
50010
50010
24900
24920
26280
25090
22610
50010
23430
24520
50010
50010
50010
26170
50010
50010
24770
26810
22940
50010
25840
50010
27840
50010
50010
25790
23110
50010
24070
50010
50010
50010
50010
50010
26450
50010
50010
28040
27380
50010
23820
24880
24460
0.4-0.9
50010
30810
32950
50010
50010
31620
50010
50010
33070
50010
29830
50010
35310
50010
31770
50010
32730
32850
50010
32940
50010
50010
32540
31270
50010
50010
50010
34900
50010
31950
50010
32280
33430
31400
50010
34370
33380
50010
35280
50010
50010
50010
32060
33990
50010
31410
50010
50010
32780
35660
0.4-1.0
50010
50010
50010
50010
50010
50010
50010
50010
50010
50010
50010
50010
50010
50010
50010
50010
50010
50010
50010
50010
50010
50010
50010
50010
50010
50010
50010
50010
50010
50010
50010
50010
50010
50010
50010
50010
50010
50010
50010
50010
50010
50010
50010
50010
50010
50010
50010
50010
50010
50010
0.5-0.1
50010
9850
50010
50010
50010
9740
50010
50010
50010
9580
50010
50010
50010
50010
9230
50010
50010
9720
10400
50010
9180
50010
50010
50010
50010
50010
9150
9900
10280
10580
9540
50010
10420
50010
9480
50010
50010
50010
50010
9240
9280
10570
50010
50010
50010
50010
50010
50010
50010
50010
0.5-0.2
9620
10020
50010
50010
50010
9170
50010
50010
9770
9680
50010
50010
9690
50010
50010
8670
9630
50010
9320
9670
9410
10080
8540
9300
9320
50010
50010
10230
9920
50010
9120
50010
9600
10970
50010
9030
9810
10960
9340
10330
9600
9970
50010
50010
9790
50010
50010
50010
9430
8990
0.5-0.3
9740
50010
10700
9080
10770
9060
50010
11470
50010
10960
9180
10650
10870
10220
50010
10260
11220
10620
50010
10070
50010
50010
9760
10710
50010
9860
50010
50010
9570
11540
50010
8710
10300
50010
10250
50010
10350
10560
10650
11580
50010
10330
50010
11220
11210
10510
10700
50010
50010
10170
0.5-0.4
11430
50010
50010
11690
50010
11520
11220
10680
11800
12750
11670
11380
50010
12500
12190
11950
50010
12320
10760
12430
11730
12900
12190
11530
50010
12110
50010
50010
12170
50010
50010
12640
11440
12110
11640
50010
11660
10990
11880
12230
50010
11760
50010
11810
50010
10910
50010
50010
10930
11510
0.5-0.5
12900
13840
14590
14060
50010
50010
50010
50010
50010
14590
13100
13000
13940
13500
13960
50010
14700
15050
50010
14350
13460
13600
14240
13520
12750
50010
50010
14180
50010
13390
14360
50010
50010
14730
50010
14020
12970
13110
50010
50010
14720
50010
50010
12670
50010
50010
15200
50010
13610
50010
0.5-0.6
15830
17040
17530
16500
50010
17510
16390
14740
50010
18290
15080
16500
50010
17430
15820
16580
15350
16450
16740
17690
16370
15080
17930
15560
15930
15250
50010
50010
15760
15120
16970
15530
16700
50010
18480
50010
16500
19190
50010
14860
16390
50010
16820
16760
17140
15650
50010
50010
50010
16240
0.5-0.7
20160
50010
19320
50010
50010
20320
20430
18290
21440
18610
20070
50010
21460
18500
19060
20420
21690
19820
50010
18640
18470
19650
50010
21100
18700
19950
20080
21980
21040
50010
50010
19360
50010
18600
50010
20570
19240
50010
20550
50010
50010
50010
19250
18870
20180
18510
18570
50010
50010
19000
0.5-0.8
24530
50010
50010
26380
23920
21980
22950
50010
50010
21090
24700
23680
22330
50010
50010
50010
25190
24270
23860
24370
24080
23050
26150
21060
23560
24680
50010
20500
50010
22560
50010
25220
50010
24380
24140
50010
50010
50010
24230
22860
50010
26200
28920
50010
50010
50010
50010
50010
50010
24900
0.5-0.9
32210
29040
50010
31350
32270
50010
30920
50010
30950
32570
50010
50010
32620
50010
50010
29340
32210
50010
31310
50010
50010
50010
29960
50010
50010
50010
50010
50010
50010
50010
32430
50010
33730
31520
50010
50010
50010
27220
31600
50010
50010
30720
30430
50010
50010
32030
32630
31430
32930
29600
0.5-1.0
50010
50010
50010
50010
50010
50010
50010
50010
50010
50010
50010
50010
50010
50010
50010
50010
50010
50010
50010
50010
50010
50010
50010
50010
50010
50010
50010
50010
50010
50010
50010
50010
50010
50010
50010
50010
50010
50010
50010
50010
50010
50010
50010
50010
50010
50010
50010
50010
50010
50010
0.6-0.1
9090
9660
50010
50010
50010
50010
50010
9490
50010
9300
9250
8890
9040
50010
8930
9000
50010
9780
50010
9390
8760
9310
9700
50010
50010
50010
50010
50010
50010
50010
8820
9530
50010
9670
50010
50010
50010
50010
8160
9880
9920
9740
50010
8350
9000
50010
9210
9180
9290
50010
0.6-0.2
8950
50010
8660
50010
50010
50010
9530
50010
50010
7780
8160
50010
50010
8030
50010
8330
50010
8930
7910
8750
8550
9190
9480
9560
50010
9470
9620
50010
9070
8600
9190
8370
9670
9100
10630
9460
9100
9730
10640
9100
50010
50010
50010
9050
8660
50010
50010
50010
8520
8590
0.6-0.3
50010
50010
9750
50010
10550
10610
50010
50010
10510
10640
9760
50010
9260
8790
50010
9350
8860
9360
50010
10060
50010
50010
50010
50010
10810
9840
10610
9910
50010
50010
50010
9880
9860
10360
9100
10760
9600
9410
50010
9840
11430
50010
8750
50010
50010
50010
9910
50010
10210
50010
0.6-0.4
50010
9070
10150
50010
10520
11530
11830
12380
50010
10180
50010
11840
11700
50010
11000
11560
10500
10160
50010
11100
11080
10540
9920
50010
50010
11140
10570
11000
11210
11030
11030
50010
50010
11080
50010
10470
10680
11000
50010
11020
50010
11180
10350
11720
10730
11120
50010
50010
50010
11360
0.6-0.5
13150
12580
13270
12470
14770
50010
13320
13360
50010
12630
50010
13410
50010
13640
14670
14520
12480
50010
12200
12470
12130
50010
12790
50010
50010
13200
50010
13310
12800
50010
50010
13740
50010
50010
50010
12870
13080
50010
13760
12510
12270
12440
50010
50010
50010
12980
12420
50010
14370
50010
0.6-0.6
15210
50010
14870
14560
16700
14130
50010
15990
50010
15070
50010
14270
15220
50010
14480
15920
15590
15840
15690
50010
16550
50010
16030
15310
16080
50010
50010
50010
14640
50010
14950
15750
14900
15120
50010
16070
16420
50010
15410
14420
16450
13840
16790
50010
50010
15210
15990
14150
50010
13520
0.6-0.7
18940
50010
50010
18730
20920
19330
18280
50010
18250
50010
50010
18470
18170
17400
18200
19130
18330
18860
17150
19190
50010
50010
50010
19840
17690
17900
18300
19300
16710
50010
17990
50010
20180
50010
19140
50010
50010
50010
18560
50010
20210
19710
50010
19580
18340
17860
50010
50010
50010
18100
0.6-0.8
50010
50010
50010
24110
21650
21930
23330
50010
50010
24610
50010
24950
23480
50010
23360
23200
23080
23290
50010
50010
25770
22170
50010
20860
21250
50010
19690
23940
23110
24490
21980
22410
23600
23320
23520
24800
20690
22290
22970
50010
25720
24560
50010
50010
50010
23940
50010
50010
22970
50010
0.6-0.9
30000
30860
29270
27360
50010
29600
29450
30670
30020
29130
50010
50010
50010
30660
31880
50010
28790
30870
30510
28590
29620
33260
32570
32160
50010
50010
29440
50010
50010
50010
33410
31470
31120
32720
30120
30830
29520
50010
31340
30770
50010
30890
32150
50010
50010
50010
50010
28530
50010
30590
0.6-1.0
50010
50010
50010
50010
50010
50010
50010
50010
50010
50010
50010
50010
50010
50010
50010
50010
50010
50010
50010
50010
50010
50010
50010
50010
50010
50010
50010
50010
50010
50010
50010
50010
50010
50010
50010
50010
50010
50010
50010
50010
50010
50010
50010
50010
50010
50010
50010
50010
50010
50010
0.7-0.1
8060
50010
50010
50010
50010
8940
9430
9220
50010
9020
50010
8320
50010
50010
9120
50010
10510
8930
8840
9270
50010
9400
9550
50010
7900
50010
9240
8780
50010
50010
8810
9490
8890
50010
8470
50010
8850
50010
9390
50010
8210
8470
9960
50010
50010
9100
50010
9510
50010
9660
0.7-0.2
50010
50010
8110
9680
8170
9600
10420
9370
50010
50010
50010
8240
50010
8420
9820
9830
50010
9500
50010
50010
9590
7750
50010
8480
50010
50010
8620
8800
8280
50010
8970
9330
8630
50010
50010
8880
8500
9180
50010
50010
8180
50010
8350
8640
50010
8700
50010
8750
9030
8230
0.7-0.3
10200
50010
50010
50010
8590
50010
9680
50010
50010
9520
9030
8310
9460
50010
9880
9480
10460
8990
8370
9140
50010
8900
8970
10440
9230
50010
50010
9450
9230
8800
10260
50010
10850
50010
50010
9570
8730
50010
50010
9820
50010
8570
8620
50010
9890
8540
50010
8720
9020
9860
0.7-0.4
10480
9480
50010
50010
10170
10740
10540
10670
8580
50010
10700
50010
10560
10580
10090
11160
10980
9410
11290
10470
12070
10390
50010
10970
10900
9720
10900
50010
11170
50010
10820
10660
10380
50010
50010
10380
50010
50010
10440
11060
10260
50010
50010
10760
50010
10160
11190
9190
10760
10120
0.7-0.5
11690
12640
11760
11400
11170
50010
12470
50010
50010
50010
12050
11820
11530
11550
50010
12290
12470
12700
50010
12500
50010
50010
12840
11580
50010
13030
12240
50010
50010
50010
11260
10850
12260
12140
50010
11820
12320
50010
12420
50010
11520
11640
12590
13580
12390
11390
50010
50010
13210
12690
0.7-0.6
50010
16020
15450
50010
50010
13700
13730
15670
50010
15950
14950
15870
50010
50010
14600
16190
14040
50010
13680
14880
14030
15800
13790
50010
15210
15140
14520
50010
14310
14860
14540
16250
50010
14630
15150
16020
14820
14630
15230
50010
50010
15740
50010
14020
15180
50010
50010
50010
13850
14530
0.7-0.7
18750
50010
18810
18190
19270
17950
50010
17810
18120
50010
50010
18830
17030
50010
17030
17560
50010
16110
17920
18060
19270
18400
17770
50010
16470
50010
16440
18690
16730
50010
50010
50010
50010
19780
18920
50010
50010
17460
16380
18480
50010
50010
17530
17060
20020
18220
18880
50010
50010
50010
0.7-0.8
23500
22590
50010
50010
20810
50010
23050
21490
50010
22820
22380
22960
50010
50010
22910
50010
22130
22120
23990
50010
50010
50010
50010
50010
50010
50010
50010
23170
24060
23270
22440
21030
50010
22490
50010
50010
24760
20630
24080
22790
23490
18690
22110
50010
23790
23770
20820
22960
50010
21010
0.7-0.9
30630
30920
29840
50010
28060
29120
30580
31200
29040
50010
31190
30050
50010
50010
29140
27740
50010
32310
27290
31040
32040
50010
30990
28790
50010
31030
50010
50010
50010
50010
29710
30590
50010
50010
28330
30340
50010
29540
50010
27060
29940
30420
28870
31070
50010
29650
31400
31520
31340
50010
0.7-1.0
50010
50010
50010
50010
50010
50010
50010
50010
50010
50010
50010
50010
50010
50010
50010
50010
50010
50010
50010
50010
50010
50010
50010
50010
50010
50010
50010
50010
50010
50010
50010
50010
50010
50010
50010
50010
50010
50010
50010
50010
50010
50010
50010
50010
50010
50010
50010
50010
50010
50010
0.8-0.1
50010
8890
9270
8560
50010
10190
50010
8630
50010
50010
8640
8690
50010
50010
8530
50010
50010
9080
8950
50010
8380
50010
50010
50010
50010
8960
50010
9480
9360
50010
50010
9810
8970
50010
50010
8990
8910
50010
9070
8910
50010
50010
50010
8780
50010
50010
8190
50010
8380
9670
0.8-0.2
8000
9030
8320
8090
8850
50010
50010
8040
50010
50010
8390
9580
8980
8720
9230
9440
8550
9350
8290
50010
9450
8950
8050
50010
8060
8260
8980
50010
50010
50010
8230
50010
8560
50010
50010
8060
50010
8720
50010
50010
50010
9470
50010
8180
8230
9870
8500
8340
8140
8350
0.8-0.3
8280
8230
8380
7130
10500
9110
9360
50010
8730
9800
50010
9030
8820
50010
8350
8390
8640
10430
9020
8040
8060
8670
9520
9190
50010
9150
8550
9040
9500
9600
50010
8570
8740
11100
50010
9070
50010
50010
9930
50010
9320
8260
8010
9250
10730
50010
8710
9130
9540
9330
0.8-0.4
10030
10470
10030
8900
10530
10750
10270
50010
8580
9020
9430
11420
8960
9460
50010
10470
50010
50010
9490
9640
50010
10690
9800
50010
10140
12040
9260
9910
11170
10120
10040
10560
50010
12110
50010
10790
9720
50010
10790
9480
10550
10230
10360
10380
10310
9380
50010
11570
11640
10390
0.8-0.5
50010
12000
12380
50010
50010
12040
10520
11000
50010
10240
11990
12400
10930
50010
11780
13300
12700
50010
12840
11440
11580
12730
11750
12090
50010
11570
9430
50010
11420
11880
11080
11280
50010
50010
50010
11600
12000
10930
13600
11890
50010
12080
14290
12090
12260
11800
50010
11710
50010
50010
0.8-0.6
50010
50010
14830
14970
13650
15540
14340
50010
14570
50010
50010
14240
50010
50010
50010
15500
15310
14170
15560
12890
14280
12760
13600
15740
14750
13880
14400
12850
13640
15480
14160
14870
50010
13300
12900
50010
15610
14020
13510
50010
14820
13370
12530
14230
50010
50010
12730
14840
13780
50010
0.8-0.7
19340
17100
17760
50010
18520
19680
18230
17890
17600
17880
14980
16940
18580
50010
17580
18240
16630
18090
50010
17000
50010
18480
16400
15940
50010
18730
18170
50010
18150
16290
19130
18810
50010
50010
50010
17040
18670
17070
19760
16380
18450
17080
17220
50010
17670
16480
50010
16160
17640
50010
0.8-0.8
20030
22740
22100
22020
21430
25080
23260
22540
21270
50010
50010
24220
50010
21170
20520
22370
50010
19910
21930
20720
22170
21830
22020
21860
50010
20980
21220
22590
22130
50010
21460
50010
50010
22740
20570
21950
20850
21930
22790
20050
22930
20890
50010
22980
21500
20720
50010
21090
21500
22340
0.8-0.9
50010
28710
25900
32390
30890
50010
31700
29040
34080
29220
31810
27770
50010
27650
29100
31750
50010
29050
50010
29490
50010
50010
32960
50010
29170
50010
27740
31080
50010
50010
26490
31890
50010
30780
30300
50010
30410
27340
29630
31280
50010
29180
27210
50010
28580
30540
50010
29500
50010
28610
0.8-1.0
50010
50010
50010
50010
50010
50010
50010
50010
50010
50010
50010
50010
50010
50010
50010
50010
50010
50010
50010
50010
50010
50010
50010
50010
50010
50010
50010
50010
50010
50010
50010
50010
50010
50010
50010
50010
50010
50010
50010
50010
50010
50010
50010
50010
50010
50010
50010
50010
50010
50010
0.9-0.1
50010
50010
8950
50010
50010
9230
50010
9690
50010
8800
8600
8890
8610
50010
50010
50010
8240
50010
8570
50010
50010
50010
50010
8680
50010
9170
50010
9020
7760
8850
8510
50010
50010
8500
50010
50010
8960
7950
50010
50010
9700
9790
50010
50010
8420
8410
8080
7460
8030
8120
0.9-0.2
7990
50010
8590
8420
50010
50010
50010
8030
8540
50010
50010
8310
8900
50010
50010
50010
7980
8920
8420
50010
50010
7750
50010
50010
50010
50010
8000
50010
9350
50010
9100
50010
8390
9200
50010
9240
7420
50010
50010
50010
50010
50010
8590
50010
7680
50010
50010
8550
9420
50010
0.9-0.3
50010
8430
8780
8580
8500
50010
50010
50010
50010
50010
50010
50010
9680
9240
8750
9040
50010
8450
50010
9160
9560
9340
8180
8560
50010
8060
9370
9000
50010
10130
50010
8790
50010
50010
9250
8930
9630
8360
50010
50010
8330
8710
8580
9200
50010
50010
8810
50010
8020
7790
0.9-0.4
10110
10180
9980
50010
10330
9340
10260
10930
9510
50010
9610
9920
10020
11070
50010
9360
50010
10100
10780
50010
9590
50010
50010
10660
50010
10520
10450
10600
50010
9230
9690
9630
10430
10300
10350
50010
8660
10630
9060
9070
9490
9640
50010
9520
50010
9270
9660
9870
10840
50010
0.9-0.5
12380
12240
50010
10890
50010
50010
11500
13180
10220
12070
11380
10960
50010
12180
11190
12240
12330
11680
13370
50010
11360
50010
12030
11230
12900
50010
10980
50010
11150
50010
50010
50010
50010
11710
10700
50010
50010
50010
11330
12410
12730
12000
11280
13170
50010
12290
12420
10160
50010
50010
0.9-0.6
14740
50010
14130
13620
50010
12400
50010
13920
15060
50010
50010
50010
50010
15300
50010
50010
15030
14400
13600
13710
12570
14620
50010
13970
12730
13990
13310
13460
12260
13530
50010
50010
12410
14430
14570
14020
13360
50010
15480
13120
13970
14810
13540
14240
14970
13330
50010
13260
50010
13090
0.9-0.7
16880
50010
50010
16420
17080
17420
50010
17220
50010
17870
18580
50010
14930
50010
15270
17230
50010
17160
17170
50010
50010
16850
14910
16370
16090
20400
14560
50010
14190
17410
17430
19750
50010
16750
15910
50010
19670
50010
17340
50010
18600
17240
16570
50010
15850
16640
17510
50010
50010
15960
0.9-0.8
20490
22080
50010
19970
20620
50010
50010
19500
50010
50010
22030
21310
50010
50010
21650
23490
21010
50010
21580
22650
50010
23150
21310
50010
21820
23150
50010
21430
50010
19850
21370
22300
22800
20680
50010
22600
18320
22990
50010
24180
50010
22750
22210
21770
50010
50010
20360
21450
20620
22700
0.9-0.9
30140
27720
50010
30820
50010
50010
50010
30520
29050
28590
50010
29710
50010
29600
30720
28770
30830
50010
29200
31970
50010
30410
25470
50010
30740
50010
26780
29700
29750
50010
50010
50010
50010
31350
50010
28250
29680
31650
30740
50010
50010
30290
30310
50010
29520
29950
29690
29730
30940
50010
0.9-1.0
50010
50010
50010
50010
50010
50010
50010
50010
50010
50010
50010
50010
50010
50010
50010
50010
50010
50010
50010
50010
50010
50010
50010
50010
50010
50010
50010
50010
50010
50010
50010
50010
50010
50010
50010
50010
50010
50010
50010
50010
50010
50010
50010
50010
50010
50010
50010
50010
50010
50010
1.0-0.1
50010
50010
50010
7260
50010
50010
50010
50010
9710
8880
8410
9100
8740
50010
50010
8390
9620
9240
50010
50010
9310
9080
9250
50010
8640
9220
50010
8250
50010
8940
50010
8640
8150
50010
9600
9880
9240
50010
8750
8750
50010
50010
50010
8070
8940
50010
8740
9270
9900
50010
1.0-0.2
50010
8230
50010
50010
50010
50010
8450
7860
9380
8770
8650
7870
50010
50010
50010
50010
50010
50010
8080
9020
50010
8890
9620
8470
50010
50010
50010
8520
7820
50010
8780
7870
8450
50010
9280
50010
50010
50010
50010
8300
7920
8740
50010
9170
50010
7510
8580
8050
7910
50010
1.0-0.3
50010
8540
50010
8490
8610
8740
8980
8550
8370
50010
9150
9930
9270
50010
50010
50010
8820
9700
9030
8430
8610
50010
8790
50010
7890
10180
10010
8420
8950
8870
9100
9200
7920
8330
50010
9620
50010
9200
50010
50010
10170
8340
50010
50010
8930
8620
50010
50010
9200
8790
1.0-0.4
50010
9960
50010
50010
8830
11490
10710
10710
10850
9760
10580
10800
10680
10390
50010
50010
8570
10030
8780
9710
50010
10460
9660
9460
10010
10330
50010
9610
50010
10920
10380
50010
10140
50010
10450
9630
10570
9780
50010
9560
9190
9090
10140
9100
50010
10110
9680
50010
10190
50010
1.0-0.5
11120
50010
11470
11870
11350
50010
10100
11600
50010
11060
50010
12460
50010
11430
11970
10730
11900
11200
50010
50010
13220
11120
11280
50010
10030
12600
50010
12590
12140
11620
10910
10840
10740
11060
50010
11570
9870
10940
50010
50010
12830
11020
50010
11630
50010
50010
11440
50010
50010
10920
1.0-0.6
50010
13980
13890
15520
50010
14650
14540
13450
50010
14820
50010
13420
13780
50010
14780
13330
12610
14180
13090
13480
14270
50010
13760
12630
15320
50010
50010
50010
12460
13270
13270
14510
50010
50010
14130
14370
14090
14730
14330
13190
16410
13100
13930
14800
14540
12060
13710
13870
15820
14920
1.0-0.7
16470
50010
16950
15730
17040
16120
17260
17910
50010
15730
50010
50010
16090
16660
17260
16890
17270
50010
18170
50010
18050
50010
50010
17050
50010
50010
50010
50010
17630
16370
17700
17180
50010
15850
17870
18170
50010
16070
16820
17400
16250
50010
50010
17410
17090
15090
50010
14520
50010
14300
1.0-0.8
21520
21660
22340
20610
21850
50010
50010
21250
50010
50010
22130
50010
21270
23490
21850
21550
50010
50010
21130
20050
50010
21840
22010
23070
23530
20710
22590
23930
50010
22920
19160
20950
22660
50010
50010
50010
20800
22510
21370
21780
19790
22630
21780
21970
22050
21810
22610
50010
23500
50010
1.0-0.9
28300
50010
29010
30610
50010
30160
28860
50010
32150
50010
29380
50010
28540
50010
27790
30190
28300
50010
31090
31040
28070
30250
50010
28420
30410
50010
30710
28030
50010
26960
32410
30240
27360
50010
50010
29070
28900
27000
29750
28490
28100
27990
29780
30000
30630
50010
50010
50010
50010
31020
1.0-1.0
50010
50010
50010
50010
50010
50010
50010
50010
50010
50010
50010
50010
50010
50010
50010
50010
50010
50010
50010
50010
50010
50010
50010
50010
50010
50010
50010
50010
50010
50010
50010
50010
50010
50010
50010
50010
50010
50010
50010
50010
50010
50010
50010
50010
50010
50010
50010
50010
50010
50010
