-2 -4  	18141
-2 -3.7949  	18979
-2 -3.5897  	17708
-2 -3.3846  	16038
-2 -3.1795  	17427
-2 -2.9744  	17256
-2 -2.7692  	17416
-2 -2.5641  	18512
-2 -2.359  	17753
-2 -2.1538  	18400
-2 -1.9487  	20898
-2 -1.7436  	21833
-2 -1.5385  	21827
-2 -1.3333  	21992
-2 -1.1282  	22037
-2 -0.9231  	21937
-2 -0.7179  	21722
-2 -0.5128  	22028
-2 -0.3077  	21971
-2 -0.1026  	22088
-2 0.1026  	21813
-2 0.3077  	21778
-2 0.5128  	22082
-2 0.7179  	22071
-2 0.9231  	22139
-2 1.1282  	22080
-2 1.3333  	21791
-2 1.5385  	22002
-2 1.7436  	21891
-2 1.9487  	21781
-2 2.1538  	21958
-2 2.359  	21816
-2 2.5641  	21915
-2 2.7692  	21880
-2 2.9744  	21988
-2 3.1795  	21876
-2 3.3846  	21944
-2 3.5897  	21523
-2 3.7949  	21997
-2 4  	21830

-1.8974 -4  	17298
-1.8974 -3.7949  	17966
-1.8974 -3.5897  	17915
-1.8974 -3.3846  	17382
-1.8974 -3.1795  	18031
-1.8974 -2.9744  	17317
-1.8974 -2.7692  	17066
-1.8974 -2.5641  	17296
-1.8974 -2.359  	17286
-1.8974 -2.1538  	17824
-1.8974 -1.9487  	18251
-1.8974 -1.7436  	21487
-1.8974 -1.5385  	22038
-1.8974 -1.3333  	21811
-1.8974 -1.1282  	21887
-1.8974 -0.9231  	22089
-1.8974 -0.7179  	21929
-1.8974 -0.5128  	22016
-1.8974 -0.3077  	22036
-1.8974 -0.1026  	22148
-1.8974 0.1026  	22006
-1.8974 0.3077  	21737
-1.8974 0.5128  	21925
-1.8974 0.7179  	21980
-1.8974 0.9231  	21903
-1.8974 1.1282  	21766
-1.8974 1.3333  	21764
-1.8974 1.5385  	22024
-1.8974 1.7436  	22094
-1.8974 1.9487  	21759
-1.8974 2.1538  	21796
-1.8974 2.359  	22103
-1.8974 2.5641  	22017
-1.8974 2.7692  	21910
-1.8974 2.9744  	21844
-1.8974 3.1795  	21960
-1.8974 3.3846  	21860
-1.8974 3.5897  	21896
-1.8974 3.7949  	21943
-1.8974 4  	21789

-1.7949 -4  	17196
-1.7949 -3.7949  	16386
-1.7949 -3.5897  	16918
-1.7949 -3.3846  	16856
-1.7949 -3.1795  	16243
-1.7949 -2.9744  	16637
-1.7949 -2.7692  	16354
-1.7949 -2.5641  	17372
-1.7949 -2.359  	16396
-1.7949 -2.1538  	17029
-1.7949 -1.9487  	17517
-1.7949 -1.7436  	18566
-1.7949 -1.5385  	21427
-1.7949 -1.3333  	21958
-1.7949 -1.1282  	21928
-1.7949 -0.9231  	22014
-1.7949 -0.7179  	21771
-1.7949 -0.5128  	22088
-1.7949 -0.3077  	21813
-1.7949 -0.1026  	21965
-1.7949 0.1026  	22092
-1.7949 0.3077  	21945
-1.7949 0.5128  	21688
-1.7949 0.7179  	21765
-1.7949 0.9231  	22011
-1.7949 1.1282  	21963
-1.7949 1.3333  	21761
-1.7949 1.5385  	22064
-1.7949 1.7436  	21950
-1.7949 1.9487  	22108
-1.7949 2.1538  	22099
-1.7949 2.359  	21791
-1.7949 2.5641  	21839
-1.7949 2.7692  	21839
-1.7949 2.9744  	22069
-1.7949 3.1795  	21769
-1.7949 3.3846  	21944
-1.7949 3.5897  	21686
-1.7949 3.7949  	22067
-1.7949 4  	22129

-1.6923 -4  	15672
-1.6923 -3.7949  	15683
-1.6923 -3.5897  	14817
-1.6923 -3.3846  	14882
-1.6923 -3.1795  	15379
-1.6923 -2.9744  	14299
-1.6923 -2.7692  	14641
-1.6923 -2.5641  	14820
-1.6923 -2.359  	15012
-1.6923 -2.1538  	15500
-1.6923 -1.9487  	15551
-1.6923 -1.7436  	16787
-1.6923 -1.5385  	18104
-1.6923 -1.3333  	21808
-1.6923 -1.1282  	21795
-1.6923 -0.9231  	21904
-1.6923 -0.7179  	21978
-1.6923 -0.5128  	22017
-1.6923 -0.3077  	21891
-1.6923 -0.1026  	21983
-1.6923 0.1026  	21791
-1.6923 0.3077  	22096
-1.6923 0.5128  	21837
-1.6923 0.7179  	21969
-1.6923 0.9231  	21849
-1.6923 1.1282  	21904
-1.6923 1.3333  	21771
-1.6923 1.5385  	21928
-1.6923 1.7436  	21875
-1.6923 1.9487  	21898
-1.6923 2.1538  	21721
-1.6923 2.359  	21912
-1.6923 2.5641  	21719
-1.6923 2.7692  	21904
-1.6923 2.9744  	21803
-1.6923 3.1795  	22107
-1.6923 3.3846  	22061
-1.6923 3.5897  	22062
-1.6923 3.7949  	22065
-1.6923 4  	22047

-1.5897 -4  	13406
-1.5897 -3.7949  	13322
-1.5897 -3.5897  	13524
-1.5897 -3.3846  	13840
-1.5897 -3.1795  	13631
-1.5897 -2.9744  	12041
-1.5897 -2.7692  	12169
-1.5897 -2.5641  	11300
-1.5897 -2.359  	9234
-1.5897 -2.1538  	9929
-1.5897 -1.9487  	10261
-1.5897 -1.7436  	12092
-1.5897 -1.5385  	14903
-1.5897 -1.3333  	17813
-1.5897 -1.1282  	21952
-1.5897 -0.9231  	21943
-1.5897 -0.7179  	22025
-1.5897 -0.5128  	21984
-1.5897 -0.3077  	21993
-1.5897 -0.1026  	21793
-1.5897 0.1026  	21944
-1.5897 0.3077  	21975
-1.5897 0.5128  	21814
-1.5897 0.7179  	21906
-1.5897 0.9231  	21693
-1.5897 1.1282  	21872
-1.5897 1.3333  	21833
-1.5897 1.5385  	21889
-1.5897 1.7436  	22031
-1.5897 1.9487  	22087
-1.5897 2.1538  	21822
-1.5897 2.359  	22118
-1.5897 2.5641  	22138
-1.5897 2.7692  	21909
-1.5897 2.9744  	21901
-1.5897 3.1795  	22058
-1.5897 3.3846  	21783
-1.5897 3.5897  	21776
-1.5897 3.7949  	22065
-1.5897 4  	21939

-1.4872 -4  	11306
-1.4872 -3.7949  	11410
-1.4872 -3.5897  	11849
-1.4872 -3.3846  	11006
-1.4872 -3.1795  	11106
-1.4872 -2.9744  	10706
-1.4872 -2.7692  	9336
-1.4872 -2.5641  	8386
-1.4872 -2.359  	7495
-1.4872 -2.1538  	7621
-1.4872 -1.9487  	4869
-1.4872 -1.7436  	4045
-1.4872 -1.5385  	5435
-1.4872 -1.3333  	11659
-1.4872 -1.1282  	19837
-1.4872 -0.9231  	22048
-1.4872 -0.7179  	22066
-1.4872 -0.5128  	21664
-1.4872 -0.3077  	21962
-1.4872 -0.1026  	21755
-1.4872 0.1026  	21907
-1.4872 0.3077  	22164
-1.4872 0.5128  	22053
-1.4872 0.7179  	21862
-1.4872 0.9231  	21890
-1.4872 1.1282  	22060
-1.4872 1.3333  	22079
-1.4872 1.5385  	22014
-1.4872 1.7436  	21870
-1.4872 1.9487  	21969
-1.4872 2.1538  	22073
-1.4872 2.359  	22053
-1.4872 2.5641  	21800
-1.4872 2.7692  	21975
-1.4872 2.9744  	21934
-1.4872 3.1795  	22196
-1.4872 3.3846  	21958
-1.4872 3.5897  	22016
-1.4872 3.7949  	21974
-1.4872 4  	22058

-1.3846 -4  	10048
-1.3846 -3.7949  	10083
-1.3846 -3.5897  	9208
-1.3846 -3.3846  	9876
-1.3846 -3.1795  	8635
-1.3846 -2.9744  	9669
-1.3846 -2.7692  	8378
-1.3846 -2.5641  	8446
-1.3846 -2.359  	6983
-1.3846 -2.1538  	6586
-1.3846 -1.9487  	5768
-1.3846 -1.7436  	3930
-1.3846 -1.5385  	4417
-1.3846 -1.3333  	4394
-1.3846 -1.1282  	6105
-1.3846 -0.9231  	20647
-1.3846 -0.7179  	21841
-1.3846 -0.5128  	22096
-1.3846 -0.3077  	21978
-1.3846 -0.1026  	21824
-1.3846 0.1026  	22205
-1.3846 0.3077  	21876
-1.3846 0.5128  	21912
-1.3846 0.7179  	21854
-1.3846 0.9231  	22031
-1.3846 1.1282  	21898
-1.3846 1.3333  	21807
-1.3846 1.5385  	21949
-1.3846 1.7436  	21829
-1.3846 1.9487  	22183
-1.3846 2.1538  	21965
-1.3846 2.359  	22089
-1.3846 2.5641  	21917
-1.3846 2.7692  	21931
-1.3846 2.9744  	21850
-1.3846 3.1795  	21897
-1.3846 3.3846  	21901
-1.3846 3.5897  	21984
-1.3846 3.7949  	21785
-1.3846 4  	21856

-1.2821 -4  	8757
-1.2821 -3.7949  	8494
-1.2821 -3.5897  	8307
-1.2821 -3.3846  	8587
-1.2821 -3.1795  	8253
-1.2821 -2.9744  	7864
-1.2821 -2.7692  	7079
-1.2821 -2.5641  	6779
-1.2821 -2.359  	6844
-1.2821 -2.1538  	5399
-1.2821 -1.9487  	4298
-1.2821 -1.7436  	3800
-1.2821 -1.5385  	3174
-1.2821 -1.3333  	3682
-1.2821 -1.1282  	3524
-1.2821 -0.9231  	5869
-1.2821 -0.7179  	19968
-1.2821 -0.5128  	21675
-1.2821 -0.3077  	21946
-1.2821 -0.1026  	21774
-1.2821 0.1026  	22131
-1.2821 0.3077  	21990
-1.2821 0.5128  	22001
-1.2821 0.7179  	21876
-1.2821 0.9231  	21945
-1.2821 1.1282  	21909
-1.2821 1.3333  	21980
-1.2821 1.5385  	22057
-1.2821 1.7436  	21810
-1.2821 1.9487  	21848
-1.2821 2.1538  	21833
-1.2821 2.359  	21716
-1.2821 2.5641  	21862
-1.2821 2.7692  	21818
-1.2821 2.9744  	22057
-1.2821 3.1795  	21823
-1.2821 3.3846  	22013
-1.2821 3.5897  	21845
-1.2821 3.7949  	21995
-1.2821 4  	22084

-1.1795 -4  	7374
-1.1795 -3.7949  	7306
-1.1795 -3.5897  	7176
-1.1795 -3.3846  	6986
-1.1795 -3.1795  	7811
-1.1795 -2.9744  	6406
-1.1795 -2.7692  	6801
-1.1795 -2.5641  	5999
-1.1795 -2.359  	5594
-1.1795 -2.1538  	4711
-1.1795 -1.9487  	4245
-1.1795 -1.7436  	4177
-1.1795 -1.5385  	3819
-1.1795 -1.3333  	4170
-1.1795 -1.1282  	3798
-1.1795 -0.9231  	4324
-1.1795 -0.7179  	4925
-1.1795 -0.5128  	17551
-1.1795 -0.3077  	22027
-1.1795 -0.1026  	21805
-1.1795 0.1026  	21838
-1.1795 0.3077  	21809
-1.1795 0.5128  	22075
-1.1795 0.7179  	21456
-1.1795 0.9231  	21815
-1.1795 1.1282  	21858
-1.1795 1.3333  	21961
-1.1795 1.5385  	22136
-1.1795 1.7436  	21510
-1.1795 1.9487  	21747
-1.1795 2.1538  	21866
-1.1795 2.359  	21825
-1.1795 2.5641  	21696
-1.1795 2.7692  	21927
-1.1795 2.9744  	22078
-1.1795 3.1795  	21995
-1.1795 3.3846  	21761
-1.1795 3.5897  	21660
-1.1795 3.7949  	21945
-1.1795 4  	22102

-1.0769 -4  	7022
-1.0769 -3.7949  	7085
-1.0769 -3.5897  	7499
-1.0769 -3.3846  	6735
-1.0769 -3.1795  	6465
-1.0769 -2.9744  	6694
-1.0769 -2.7692  	6143
-1.0769 -2.5641  	5849
-1.0769 -2.359  	5393
-1.0769 -2.1538  	4742
-1.0769 -1.9487  	4777
-1.0769 -1.7436  	4609
-1.0769 -1.5385  	5156
-1.0769 -1.3333  	5509
-1.0769 -1.1282  	6305
-1.0769 -0.9231  	6790
-1.0769 -0.7179  	8266
-1.0769 -0.5128  	8584
-1.0769 -0.3077  	11359
-1.0769 -0.1026  	21765
-1.0769 0.1026  	21982
-1.0769 0.3077  	22056
-1.0769 0.5128  	22095
-1.0769 0.7179  	21955
-1.0769 0.9231  	22041
-1.0769 1.1282  	22028
-1.0769 1.3333  	21790
-1.0769 1.5385  	21936
-1.0769 1.7436  	21685
-1.0769 1.9487  	21890
-1.0769 2.1538  	21790
-1.0769 2.359  	21729
-1.0769 2.5641  	21724
-1.0769 2.7692  	21972
-1.0769 2.9744  	21961
-1.0769 3.1795  	21795
-1.0769 3.3846  	22034
-1.0769 3.5897  	21760
-1.0769 3.7949  	21807
-1.0769 4  	22022

-0.9744 -4  	6725
-0.9744 -3.7949  	6727
-0.9744 -3.5897  	6173
-0.9744 -3.3846  	6474
-0.9744 -3.1795  	6717
-0.9744 -2.9744  	6150
-0.9744 -2.7692  	5969
-0.9744 -2.5641  	5667
-0.9744 -2.359  	5580
-0.9744 -2.1538  	5375
-0.9744 -1.9487  	4882
-0.9744 -1.7436  	5130
-0.9744 -1.5385  	5786
-0.9744 -1.3333  	7494
-0.9744 -1.1282  	9692
-0.9744 -0.9231  	13704
-0.9744 -0.7179  	14481
-0.9744 -0.5128  	15313
-0.9744 -0.3077  	15913
-0.9744 -0.1026  	14742
-0.9744 0.1026  	14180
-0.9744 0.3077  	21220
-0.9744 0.5128  	21412
-0.9744 0.7179  	21706
-0.9744 0.9231  	21293
-0.9744 1.1282  	21705
-0.9744 1.3333  	21612
-0.9744 1.5385  	21719
-0.9744 1.7436  	21703
-0.9744 1.9487  	21711
-0.9744 2.1538  	21859
-0.9744 2.359  	21774
-0.9744 2.5641  	21570
-0.9744 2.7692  	21993
-0.9744 2.9744  	22028
-0.9744 3.1795  	22012
-0.9744 3.3846  	21764
-0.9744 3.5897  	21844
-0.9744 3.7949  	21945
-0.9744 4  	21975

-0.8718 -4  	6310
-0.8718 -3.7949  	5945
-0.8718 -3.5897  	5705
-0.8718 -3.3846  	6005
-0.8718 -3.1795  	5889
-0.8718 -2.9744  	5610
-0.8718 -2.7692  	5320
-0.8718 -2.5641  	5070
-0.8718 -2.359  	5650
-0.8718 -2.1538  	5181
-0.8718 -1.9487  	5293
-0.8718 -1.7436  	5435
-0.8718 -1.5385  	6645
-0.8718 -1.3333  	9704
-0.8718 -1.1282  	13578
-0.8718 -0.9231  	14454
-0.8718 -0.7179  	15179
-0.8718 -0.5128  	15343
-0.8718 -0.3077  	14719
-0.8718 -0.1026  	13642
-0.8718 0.1026  	8701
-0.8718 0.3077  	5351
-0.8718 0.5128  	5720
-0.8718 0.7179  	14068
-0.8718 0.9231  	16589
-0.8718 1.1282  	17752
-0.8718 1.3333  	18678
-0.8718 1.5385  	18756
-0.8718 1.7436  	18854
-0.8718 1.9487  	19212
-0.8718 2.1538  	19330
-0.8718 2.359  	19298
-0.8718 2.5641  	19531
-0.8718 2.7692  	19728
-0.8718 2.9744  	19559
-0.8718 3.1795  	19874
-0.8718 3.3846  	20061
-0.8718 3.5897  	19880
-0.8718 3.7949  	20299
-0.8718 4  	19897

-0.7692 -4  	6463
-0.7692 -3.7949  	5400
-0.7692 -3.5897  	5432
-0.7692 -3.3846  	5615
-0.7692 -3.1795  	5480
-0.7692 -2.9744  	5167
-0.7692 -2.7692  	5787
-0.7692 -2.5641  	5498
-0.7692 -2.359  	5231
-0.7692 -2.1538  	5746
-0.7692 -1.9487  	5867
-0.7692 -1.7436  	6268
-0.7692 -1.5385  	7995
-0.7692 -1.3333  	12681
-0.7692 -1.1282  	14303
-0.7692 -0.9231  	14873
-0.7692 -0.7179  	15471
-0.7692 -0.5128  	14934
-0.7692 -0.3077  	14601
-0.7692 -0.1026  	13718
-0.7692 0.1026  	9370
-0.7692 0.3077  	9541
-0.7692 0.5128  	6281
-0.7692 0.7179  	3766
-0.7692 0.9231  	2252
-0.7692 1.1282  	7870
-0.7692 1.3333  	9813
-0.7692 1.5385  	10989
-0.7692 1.7436  	10953
-0.7692 1.9487  	11752
-0.7692 2.1538  	12512
-0.7692 2.359  	12611
-0.7692 2.5641  	13075
-0.7692 2.7692  	13393
-0.7692 2.9744  	13304
-0.7692 3.1795  	13086
-0.7692 3.3846  	13771
-0.7692 3.5897  	13864
-0.7692 3.7949  	13240
-0.7692 4  	14568

-0.6667 -4  	5583
-0.6667 -3.7949  	5677
-0.6667 -3.5897  	5257
-0.6667 -3.3846  	5408
-0.6667 -3.1795  	5011
-0.6667 -2.9744  	4893
-0.6667 -2.7692  	5665
-0.6667 -2.5641  	5494
-0.6667 -2.359  	5665
-0.6667 -2.1538  	6133
-0.6667 -1.9487  	7051
-0.6667 -1.7436  	7618
-0.6667 -1.5385  	12309
-0.6667 -1.3333  	13588
-0.6667 -1.1282  	15212
-0.6667 -0.9231  	15568
-0.6667 -0.7179  	15640
-0.6667 -0.5128  	15095
-0.6667 -0.3077  	15076
-0.6667 -0.1026  	14529
-0.6667 0.1026  	10018
-0.6667 0.3077  	9620
-0.6667 0.5128  	9452
-0.6667 0.7179  	6440
-0.6667 0.9231  	4737
-0.6667 1.1282  	3344
-0.6667 1.3333  	1900
-0.6667 1.5385  	1863
-0.6667 1.7436  	3839
-0.6667 1.9487  	5182
-0.6667 2.1538  	6171
-0.6667 2.359  	6732
-0.6667 2.5641  	6861
-0.6667 2.7692  	7530
-0.6667 2.9744  	7501
-0.6667 3.1795  	7908
-0.6667 3.3846  	7847
-0.6667 3.5897  	7601
-0.6667 3.7949  	7598
-0.6667 4  	7883

-0.5641 -4  	5137
-0.5641 -3.7949  	5063
-0.5641 -3.5897  	4575
-0.5641 -3.3846  	4854
-0.5641 -3.1795  	5456
-0.5641 -2.9744  	5934
-0.5641 -2.7692  	5807
-0.5641 -2.5641  	6311
-0.5641 -2.359  	7129
-0.5641 -2.1538  	8362
-0.5641 -1.9487  	10110
-0.5641 -1.7436  	12699
-0.5641 -1.5385  	13598
-0.5641 -1.3333  	14938
-0.5641 -1.1282  	16355
-0.5641 -0.9231  	16549
-0.5641 -0.7179  	16983
-0.5641 -0.5128  	16236
-0.5641 -0.3077  	15856
-0.5641 -0.1026  	15294
-0.5641 0.1026  	10837
-0.5641 0.3077  	11213
-0.5641 0.5128  	10968
-0.5641 0.7179  	9578
-0.5641 0.9231  	6857
-0.5641 1.1282  	5680
-0.5641 1.3333  	4298
-0.5641 1.5385  	2948
-0.5641 1.7436  	1923
-0.5641 1.9487  	1350
-0.5641 2.1538  	1062
-0.5641 2.359  	1163
-0.5641 2.5641  	1824
-0.5641 2.7692  	2020
-0.5641 2.9744  	2268
-0.5641 3.1795  	2287
-0.5641 3.3846  	2443
-0.5641 3.5897  	2527
-0.5641 3.7949  	3071
-0.5641 4  	2956

-0.4615 -4  	7301
-0.4615 -3.7949  	7574
-0.4615 -3.5897  	7426
-0.4615 -3.3846  	7551
-0.4615 -3.1795  	8198
-0.4615 -2.9744  	8281
-0.4615 -2.7692  	8587
-0.4615 -2.5641  	10388
-0.4615 -2.359  	11490
-0.4615 -2.1538  	13171
-0.4615 -1.9487  	13296
-0.4615 -1.7436  	15680
-0.4615 -1.5385  	15464
-0.4615 -1.3333  	16955
-0.4615 -1.1282  	17836
-0.4615 -0.9231  	17926
-0.4615 -0.7179  	17840
-0.4615 -0.5128  	17616
-0.4615 -0.3077  	17153
-0.4615 -0.1026  	16348
-0.4615 0.1026  	12162
-0.4615 0.3077  	12020
-0.4615 0.5128  	11497
-0.4615 0.7179  	11372
-0.4615 0.9231  	9540
-0.4615 1.1282  	7721
-0.4615 1.3333  	6058
-0.4615 1.5385  	5384
-0.4615 1.7436  	4270
-0.4615 1.9487  	3239
-0.4615 2.1538  	2022
-0.4615 2.359  	1107
-0.4615 2.5641  	1008
-0.4615 2.7692  	531.97
-0.4615 2.9744  	425.98
-0.4615 3.1795  	433.8
-0.4615 3.3846  	464.98
-0.4615 3.5897  	645.21
-0.4615 3.7949  	1057
-0.4615 4  	942.14

-0.359 -4  	12313
-0.359 -3.7949  	12772
-0.359 -3.5897  	13318
-0.359 -3.3846  	13648
-0.359 -3.1795  	14518
-0.359 -2.9744  	15450
-0.359 -2.7692  	16565
-0.359 -2.5641  	16877
-0.359 -2.359  	17019
-0.359 -2.1538  	16995
-0.359 -1.9487  	17534
-0.359 -1.7436  	18016
-0.359 -1.5385  	17837
-0.359 -1.3333  	18697
-0.359 -1.1282  	18643
-0.359 -0.9231  	18619
-0.359 -0.7179  	18485
-0.359 -0.5128  	18134
-0.359 -0.3077  	17928
-0.359 -0.1026  	17458
-0.359 0.1026  	13246
-0.359 0.3077  	13414
-0.359 0.5128  	13003
-0.359 0.7179  	12760
-0.359 0.9231  	11339
-0.359 1.1282  	9423
-0.359 1.3333  	7572
-0.359 1.5385  	7328
-0.359 1.7436  	7076
-0.359 1.9487  	5742
-0.359 2.1538  	5026
-0.359 2.359  	3607
-0.359 2.5641  	2429
-0.359 2.7692  	1468
-0.359 2.9744  	863.25
-0.359 3.1795  	671.54
-0.359 3.3846  	480.28
-0.359 3.5897  	298.74
-0.359 3.7949  	356.59
-0.359 4  	194.03

-0.2564 -4  	19736
-0.2564 -3.7949  	19831
-0.2564 -3.5897  	19774
-0.2564 -3.3846  	19715
-0.2564 -3.1795  	19513
-0.2564 -2.9744  	19318
-0.2564 -2.7692  	19383
-0.2564 -2.5641  	19203
-0.2564 -2.359  	19517
-0.2564 -2.1538  	19523
-0.2564 -1.9487  	19322
-0.2564 -1.7436  	19571
-0.2564 -1.5385  	19340
-0.2564 -1.3333  	19155
-0.2564 -1.1282  	19214
-0.2564 -0.9231  	18728
-0.2564 -0.7179  	19045
-0.2564 -0.5128  	18899
-0.2564 -0.3077  	18458
-0.2564 -0.1026  	18380
-0.2564 0.1026  	14439
-0.2564 0.3077  	14599
-0.2564 0.5128  	14637
-0.2564 0.7179  	14178
-0.2564 0.9231  	13543
-0.2564 1.1282  	11744
-0.2564 1.3333  	9652
-0.2564 1.5385  	8585
-0.2564 1.7436  	8528
-0.2564 1.9487  	8138
-0.2564 2.1538  	7857
-0.2564 2.359  	7456
-0.2564 2.5641  	6241
-0.2564 2.7692  	5247
-0.2564 2.9744  	3642
-0.2564 3.1795  	2539
-0.2564 3.3846  	2052
-0.2564 3.5897  	1089
-0.2564 3.7949  	751.92
-0.2564 4  	589.21

-0.1538 -4  	19770
-0.1538 -3.7949  	19672
-0.1538 -3.5897  	19823
-0.1538 -3.3846  	19670
-0.1538 -3.1795  	19785
-0.1538 -2.9744  	19817
-0.1538 -2.7692  	19224
-0.1538 -2.5641  	19411
-0.1538 -2.359  	19185
-0.1538 -2.1538  	19281
-0.1538 -1.9487  	19369
-0.1538 -1.7436  	19528
-0.1538 -1.5385  	19449
-0.1538 -1.3333  	19077
-0.1538 -1.1282  	19159
-0.1538 -0.9231  	19373
-0.1538 -0.7179  	19101
-0.1538 -0.5128  	19105
-0.1538 -0.3077  	18739
-0.1538 -0.1026  	18369
-0.1538 0.1026  	15992
-0.1538 0.3077  	16413
-0.1538 0.5128  	15913
-0.1538 0.7179  	15942
-0.1538 0.9231  	16301
-0.1538 1.1282  	13816
-0.1538 1.3333  	11995
-0.1538 1.5385  	11472
-0.1538 1.7436  	11252
-0.1538 1.9487  	10536
-0.1538 2.1538  	10804
-0.1538 2.359  	10112
-0.1538 2.5641  	10097
-0.1538 2.7692  	9129
-0.1538 2.9744  	8608
-0.1538 3.1795  	7291
-0.1538 3.3846  	6239
-0.1538 3.5897  	5790
-0.1538 3.7949  	4737
-0.1538 4  	3575

-0.0513 -4  	19791
-0.0513 -3.7949  	19606
-0.0513 -3.5897  	19961
-0.0513 -3.3846  	19767
-0.0513 -3.1795  	19485
-0.0513 -2.9744  	19824
-0.0513 -2.7692  	19602
-0.0513 -2.5641  	19565
-0.0513 -2.359  	19496
-0.0513 -2.1538  	19309
-0.0513 -1.9487  	19324
-0.0513 -1.7436  	19433
-0.0513 -1.5385  	19617
-0.0513 -1.3333  	19461
-0.0513 -1.1282  	19421
-0.0513 -0.9231  	19022
-0.0513 -0.7179  	18944
-0.0513 -0.5128  	18804
-0.0513 -0.3077  	18681
-0.0513 -0.1026  	18353
-0.0513 0.1026  	16441
-0.0513 0.3077  	16252
-0.0513 0.5128  	17090
-0.0513 0.7179  	16975
-0.0513 0.9231  	17111
-0.0513 1.1282  	14259
-0.0513 1.3333  	12413
-0.0513 1.5385  	11732
-0.0513 1.7436  	12658
-0.0513 1.9487  	12776
-0.0513 2.1538  	12617
-0.0513 2.359  	12221
-0.0513 2.5641  	12154
-0.0513 2.7692  	12197
-0.0513 2.9744  	11985
-0.0513 3.1795  	10526
-0.0513 3.3846  	9981
-0.0513 3.5897  	9128
-0.0513 3.7949  	9531
-0.0513 4  	9534

0.0513 -4  	19824
0.0513 -3.7949  	20195
0.0513 -3.5897  	20236
0.0513 -3.3846  	20096
0.0513 -3.1795  	20001
0.0513 -2.9744  	20010
0.0513 -2.7692  	20049
0.0513 -2.5641  	19849
0.0513 -2.359  	19779
0.0513 -2.1538  	19874
0.0513 -1.9487  	19696
0.0513 -1.7436  	19681
0.0513 -1.5385  	19607
0.0513 -1.3333  	19618
0.0513 -1.1282  	19579
0.0513 -0.9231  	19465
0.0513 -0.7179  	19205
0.0513 -0.5128  	18984
0.0513 -0.3077  	18693
0.0513 -0.1026  	18612
0.0513 0.1026  	16471
0.0513 0.3077  	16764
0.0513 0.5128  	16936
0.0513 0.7179  	16850
0.0513 0.9231  	16183
0.0513 1.1282  	13609
0.0513 1.3333  	12236
0.0513 1.5385  	12365
0.0513 1.7436  	11868
0.0513 1.9487  	12762
0.0513 2.1538  	12139
0.0513 2.359  	12313
0.0513 2.5641  	12214
0.0513 2.7692  	12052
0.0513 2.9744  	11768
0.0513 3.1795  	11856
0.0513 3.3846  	11217
0.0513 3.5897  	10523
0.0513 3.7949  	9918
0.0513 4  	9555

0.1538 -4  	20202
0.1538 -3.7949  	20424
0.1538 -3.5897  	20075
0.1538 -3.3846  	19940
0.1538 -3.1795  	20159
0.1538 -2.9744  	20134
0.1538 -2.7692  	19894
0.1538 -2.5641  	19919
0.1538 -2.359  	19662
0.1538 -2.1538  	19823
0.1538 -1.9487  	19762
0.1538 -1.7436  	19712
0.1538 -1.5385  	19489
0.1538 -1.3333  	19264
0.1538 -1.1282  	19302
0.1538 -0.9231  	19404
0.1538 -0.7179  	18969
0.1538 -0.5128  	18830
0.1538 -0.3077  	18555
0.1538 -0.1026  	18099
0.1538 0.1026  	15758
0.1538 0.3077  	15923
0.1538 0.5128  	16009
0.1538 0.7179  	15020
0.1538 0.9231  	13037
0.1538 1.1282  	11554
0.1538 1.3333  	11218
0.1538 1.5385  	11413
0.1538 1.7436  	11249
0.1538 1.9487  	11386
0.1538 2.1538  	11504
0.1538 2.359  	11168
0.1538 2.5641  	11604
0.1538 2.7692  	11338
0.1538 2.9744  	11257
0.1538 3.1795  	10849
0.1538 3.3846  	10796
0.1538 3.5897  	10140
0.1538 3.7949  	9392
0.1538 4  	9754

0.2564 -4  	20081
0.2564 -3.7949  	19910
0.2564 -3.5897  	20227
0.2564 -3.3846  	19920
0.2564 -3.1795  	19848
0.2564 -2.9744  	19856
0.2564 -2.7692  	19898
0.2564 -2.5641  	19666
0.2564 -2.359  	19706
0.2564 -2.1538  	19677
0.2564 -1.9487  	19526
0.2564 -1.7436  	19579
0.2564 -1.5385  	19641
0.2564 -1.3333  	19497
0.2564 -1.1282  	19249
0.2564 -0.9231  	19195
0.2564 -0.7179  	18970
0.2564 -0.5128  	18939
0.2564 -0.3077  	18427
0.2564 -0.1026  	18005
0.2564 0.1026  	13880
0.2564 0.3077  	14717
0.2564 0.5128  	13610
0.2564 0.7179  	11800
0.2564 0.9231  	10986
0.2564 1.1282  	10186
0.2564 1.3333  	10173
0.2564 1.5385  	10539
0.2564 1.7436  	10426
0.2564 1.9487  	10957
0.2564 2.1538  	10904
0.2564 2.359  	11072
0.2564 2.5641  	11175
0.2564 2.7692  	10842
0.2564 2.9744  	11086
0.2564 3.1795  	9998
0.2564 3.3846  	9932
0.2564 3.5897  	9375
0.2564 3.7949  	9899
0.2564 4  	9410

0.359 -4  	20190
0.359 -3.7949  	20175
0.359 -3.5897  	20301
0.359 -3.3846  	20098
0.359 -3.1795  	20164
0.359 -2.9744  	20071
0.359 -2.7692  	19676
0.359 -2.5641  	19605
0.359 -2.359  	19945
0.359 -2.1538  	19639
0.359 -1.9487  	19861
0.359 -1.7436  	19386
0.359 -1.5385  	19756
0.359 -1.3333  	19805
0.359 -1.1282  	19511
0.359 -0.9231  	19186
0.359 -0.7179  	19002
0.359 -0.5128  	18913
0.359 -0.3077  	18763
0.359 -0.1026  	18573
0.359 0.1026  	11828
0.359 0.3077  	12653
0.359 0.5128  	11141
0.359 0.7179  	10010
0.359 0.9231  	9656
0.359 1.1282  	10319
0.359 1.3333  	10274
0.359 1.5385  	10293
0.359 1.7436  	10842
0.359 1.9487  	11130
0.359 2.1538  	10743
0.359 2.359  	11177
0.359 2.5641  	11186
0.359 2.7692  	11370
0.359 2.9744  	10751
0.359 3.1795  	11516
0.359 3.3846  	10754
0.359 3.5897  	10616
0.359 3.7949  	9683
0.359 4  	9956

0.4615 -4  	20492
0.4615 -3.7949  	20440
0.4615 -3.5897  	20379
0.4615 -3.3846  	20348
0.4615 -3.1795  	20256
0.4615 -2.9744  	20455
0.4615 -2.7692  	20137
0.4615 -2.5641  	20172
0.4615 -2.359  	20069
0.4615 -2.1538  	20047
0.4615 -1.9487  	20125
0.4615 -1.7436  	19939
0.4615 -1.5385  	20066
0.4615 -1.3333  	20065
0.4615 -1.1282  	19609
0.4615 -0.9231  	19542
0.4615 -0.7179  	19383
0.4615 -0.5128  	19289
0.4615 -0.3077  	19321
0.4615 -0.1026  	19022
0.4615 0.1026  	10848
0.4615 0.3077  	10982
0.4615 0.5128  	10591
0.4615 0.7179  	10034
0.4615 0.9231  	10549
0.4615 1.1282  	10375
0.4615 1.3333  	10979
0.4615 1.5385  	11590
0.4615 1.7436  	11457
0.4615 1.9487  	11438
0.4615 2.1538  	12200
0.4615 2.359  	11465
0.4615 2.5641  	11943
0.4615 2.7692  	11947
0.4615 2.9744  	11328
0.4615 3.1795  	11680
0.4615 3.3846  	11596
0.4615 3.5897  	11728
0.4615 3.7949  	10838
0.4615 4  	11232

0.5641 -4  	20969
0.5641 -3.7949  	21023
0.5641 -3.5897  	21088
0.5641 -3.3846  	20933
0.5641 -3.1795  	20831
0.5641 -2.9744  	20731
0.5641 -2.7692  	20904
0.5641 -2.5641  	20774
0.5641 -2.359  	20514
0.5641 -2.1538  	20390
0.5641 -1.9487  	20372
0.5641 -1.7436  	20503
0.5641 -1.5385  	20451
0.5641 -1.3333  	20440
0.5641 -1.1282  	20339
0.5641 -0.9231  	20046
0.5641 -0.7179  	19784
0.5641 -0.5128  	20165
0.5641 -0.3077  	19554
0.5641 -0.1026  	19821
0.5641 0.1026  	11598
0.5641 0.3077  	11412
0.5641 0.5128  	10896
0.5641 0.7179  	10957
0.5641 0.9231  	10675
0.5641 1.1282  	11425
0.5641 1.3333  	12261
0.5641 1.5385  	12662
0.5641 1.7436  	12876
0.5641 1.9487  	13042
0.5641 2.1538  	13166
0.5641 2.359  	13421
0.5641 2.5641  	12803
0.5641 2.7692  	13511
0.5641 2.9744  	13425
0.5641 3.1795  	12660
0.5641 3.3846  	12893
0.5641 3.5897  	12525
0.5641 3.7949  	12358
0.5641 4  	12526

0.6667 -4  	21681
0.6667 -3.7949  	21675
0.6667 -3.5897  	21374
0.6667 -3.3846  	21083
0.6667 -3.1795  	21263
0.6667 -2.9744  	21200
0.6667 -2.7692  	21004
0.6667 -2.5641  	21322
0.6667 -2.359  	21078
0.6667 -2.1538  	21240
0.6667 -1.9487  	21140
0.6667 -1.7436  	21148
0.6667 -1.5385  	21198
0.6667 -1.3333  	21112
0.6667 -1.1282  	20948
0.6667 -0.9231  	20984
0.6667 -0.7179  	20952
0.6667 -0.5128  	20976
0.6667 -0.3077  	20829
0.6667 -0.1026  	20769
0.6667 0.1026  	12083
0.6667 0.3077  	12038
0.6667 0.5128  	12062
0.6667 0.7179  	11976
0.6667 0.9231  	12060
0.6667 1.1282  	12668
0.6667 1.3333  	13053
0.6667 1.5385  	13501
0.6667 1.7436  	13164
0.6667 1.9487  	13754
0.6667 2.1538  	13895
0.6667 2.359  	13772
0.6667 2.5641  	13916
0.6667 2.7692  	12984
0.6667 2.9744  	13411
0.6667 3.1795  	13366
0.6667 3.3846  	13515
0.6667 3.5897  	13449
0.6667 3.7949  	12963
0.6667 4  	13083

0.7692 -4  	21913
0.7692 -3.7949  	21838
0.7692 -3.5897  	21874
0.7692 -3.3846  	21826
0.7692 -3.1795  	21636
0.7692 -2.9744  	21713
0.7692 -2.7692  	21700
0.7692 -2.5641  	21756
0.7692 -2.359  	21513
0.7692 -2.1538  	21569
0.7692 -1.9487  	21753
0.7692 -1.7436  	21778
0.7692 -1.5385  	21487
0.7692 -1.3333  	21449
0.7692 -1.1282  	21604
0.7692 -0.9231  	21766
0.7692 -0.7179  	21656
0.7692 -0.5128  	21601
0.7692 -0.3077  	21518
0.7692 -0.1026  	21453
0.7692 0.1026  	11705
0.7692 0.3077  	11737
0.7692 0.5128  	11685
0.7692 0.7179  	12376
0.7692 0.9231  	12775
0.7692 1.1282  	13362
0.7692 1.3333  	13947
0.7692 1.5385  	14041
0.7692 1.7436  	13869
0.7692 1.9487  	14087
0.7692 2.1538  	14783
0.7692 2.359  	14024
0.7692 2.5641  	13982
0.7692 2.7692  	13941
0.7692 2.9744  	14323
0.7692 3.1795  	13142
0.7692 3.3846  	13599
0.7692 3.5897  	13327
0.7692 3.7949  	13953
0.7692 4  	13191

0.8718 -4  	21836
0.8718 -3.7949  	21690
0.8718 -3.5897  	22092
0.8718 -3.3846  	21543
0.8718 -3.1795  	21928
0.8718 -2.9744  	21746
0.8718 -2.7692  	21720
0.8718 -2.5641  	21746
0.8718 -2.359  	21942
0.8718 -2.1538  	22060
0.8718 -1.9487  	21844
0.8718 -1.7436  	21913
0.8718 -1.5385  	21827
0.8718 -1.3333  	21896
0.8718 -1.1282  	21770
0.8718 -0.9231  	21800
0.8718 -0.7179  	22027
0.8718 -0.5128  	21775
0.8718 -0.3077  	21954
0.8718 -0.1026  	21719
0.8718 0.1026  	13303
0.8718 0.3077  	13025
0.8718 0.5128  	13438
0.8718 0.7179  	13407
0.8718 0.9231  	13663
0.8718 1.1282  	13396
0.8718 1.3333  	14052
0.8718 1.5385  	13750
0.8718 1.7436  	14592
0.8718 1.9487  	14844
0.8718 2.1538  	14536
0.8718 2.359  	14854
0.8718 2.5641  	14570
0.8718 2.7692  	14192
0.8718 2.9744  	14664
0.8718 3.1795  	14967
0.8718 3.3846  	14932
0.8718 3.5897  	14900
0.8718 3.7949  	14610
0.8718 4  	14767

0.9744 -4  	22056
0.9744 -3.7949  	21952
0.9744 -3.5897  	21912
0.9744 -3.3846  	22091
0.9744 -3.1795  	21798
0.9744 -2.9744  	22110
0.9744 -2.7692  	22191
0.9744 -2.5641  	21958
0.9744 -2.359  	21917
0.9744 -2.1538  	21806
0.9744 -1.9487  	22148
0.9744 -1.7436  	21747
0.9744 -1.5385  	22014
0.9744 -1.3333  	21870
0.9744 -1.1282  	21685
0.9744 -0.9231  	21760
0.9744 -0.7179  	21847
0.9744 -0.5128  	22006
0.9744 -0.3077  	21753
0.9744 -0.1026  	21960
0.9744 0.1026  	15318
0.9744 0.3077  	15747
0.9744 0.5128  	14987
0.9744 0.7179  	14579
0.9744 0.9231  	15473
0.9744 1.1282  	15434
0.9744 1.3333  	15943
0.9744 1.5385  	16069
0.9744 1.7436  	16759
0.9744 1.9487  	16685
0.9744 2.1538  	17095
0.9744 2.359  	16823
0.9744 2.5641  	17131
0.9744 2.7692  	17654
0.9744 2.9744  	17469
0.9744 3.1795  	17036
0.9744 3.3846  	17123
0.9744 3.5897  	17854
0.9744 3.7949  	16941
0.9744 4  	17790

1.0769 -4  	21950
1.0769 -3.7949  	21942
1.0769 -3.5897  	22052
1.0769 -3.3846  	22103
1.0769 -3.1795  	22062
1.0769 -2.9744  	22025
1.0769 -2.7692  	21991
1.0769 -2.5641  	21962
1.0769 -2.359  	21925
1.0769 -2.1538  	21921
1.0769 -1.9487  	21976
1.0769 -1.7436  	21782
1.0769 -1.5385  	22013
1.0769 -1.3333  	21926
1.0769 -1.1282  	21996
1.0769 -0.9231  	22008
1.0769 -0.7179  	21935
1.0769 -0.5128  	22120
1.0769 -0.3077  	21861
1.0769 -0.1026  	21865
1.0769 0.1026  	21955
1.0769 0.3077  	21186
1.0769 0.5128  	20560
1.0769 0.7179  	19727
1.0769 0.9231  	19198
1.0769 1.1282  	18553
1.0769 1.3333  	18698
1.0769 1.5385  	18764
1.0769 1.7436  	18591
1.0769 1.9487  	18700
1.0769 2.1538  	18795
1.0769 2.359  	18789
1.0769 2.5641  	19216
1.0769 2.7692  	18882
1.0769 2.9744  	18758
1.0769 3.1795  	18894
1.0769 3.3846  	18540
1.0769 3.5897  	19059
1.0769 3.7949  	18852
1.0769 4  	18818

1.1795 -4  	21955
1.1795 -3.7949  	22049
1.1795 -3.5897  	22009
1.1795 -3.3846  	21958
1.1795 -3.1795  	21814
1.1795 -2.9744  	21848
1.1795 -2.7692  	21845
1.1795 -2.5641  	21768
1.1795 -2.359  	21860
1.1795 -2.1538  	21760
1.1795 -1.9487  	21848
1.1795 -1.7436  	21837
1.1795 -1.5385  	21991
1.1795 -1.3333  	21898
1.1795 -1.1282  	22071
1.1795 -0.9231  	21718
1.1795 -0.7179  	21899
1.1795 -0.5128  	21784
1.1795 -0.3077  	22165
1.1795 -0.1026  	21782
1.1795 0.1026  	21971
1.1795 0.3077  	21806
1.1795 0.5128  	21810
1.1795 0.7179  	21756
1.1795 0.9231  	21435
1.1795 1.1282  	21018
1.1795 1.3333  	20701
1.1795 1.5385  	20674
1.1795 1.7436  	20540
1.1795 1.9487  	20233
1.1795 2.1538  	20165
1.1795 2.359  	20203
1.1795 2.5641  	20298
1.1795 2.7692  	20374
1.1795 2.9744  	19884
1.1795 3.1795  	20025
1.1795 3.3846  	20127
1.1795 3.5897  	20183
1.1795 3.7949  	19880
1.1795 4  	20209

1.2821 -4  	21557
1.2821 -3.7949  	21920
1.2821 -3.5897  	21963
1.2821 -3.3846  	21906
1.2821 -3.1795  	22127
1.2821 -2.9744  	22120
1.2821 -2.7692  	22013
1.2821 -2.5641  	22104
1.2821 -2.359  	21692
1.2821 -2.1538  	22088
1.2821 -1.9487  	22103
1.2821 -1.7436  	21938
1.2821 -1.5385  	21932
1.2821 -1.3333  	21777
1.2821 -1.1282  	21808
1.2821 -0.9231  	21767
1.2821 -0.7179  	22040
1.2821 -0.5128  	21932
1.2821 -0.3077  	21923
1.2821 -0.1026  	21766
1.2821 0.1026  	21891
1.2821 0.3077  	22014
1.2821 0.5128  	21893
1.2821 0.7179  	21785
1.2821 0.9231  	22048
1.2821 1.1282  	21703
1.2821 1.3333  	21539
1.2821 1.5385  	21665
1.2821 1.7436  	21622
1.2821 1.9487  	21522
1.2821 2.1538  	21127
1.2821 2.359  	20841
1.2821 2.5641  	20971
1.2821 2.7692  	20992
1.2821 2.9744  	20679
1.2821 3.1795  	20677
1.2821 3.3846  	20698
1.2821 3.5897  	20603
1.2821 3.7949  	20768
1.2821 4  	20758

1.3846 -4  	21891
1.3846 -3.7949  	21822
1.3846 -3.5897  	21969
1.3846 -3.3846  	21693
1.3846 -3.1795  	22010
1.3846 -2.9744  	21884
1.3846 -2.7692  	21865
1.3846 -2.5641  	21809
1.3846 -2.359  	21803
1.3846 -2.1538  	21816
1.3846 -1.9487  	21835
1.3846 -1.7436  	21993
1.3846 -1.5385  	21834
1.3846 -1.3333  	21999
1.3846 -1.1282  	21924
1.3846 -0.9231  	21693
1.3846 -0.7179  	22033
1.3846 -0.5128  	21934
1.3846 -0.3077  	21959
1.3846 -0.1026  	21834
1.3846 0.1026  	22057
1.3846 0.3077  	21921
1.3846 0.5128  	22272
1.3846 0.7179  	22103
1.3846 0.9231  	21712
1.3846 1.1282  	22021
1.3846 1.3333  	21590
1.3846 1.5385  	21984
1.3846 1.7436  	21590
1.3846 1.9487  	21884
1.3846 2.1538  	21675
1.3846 2.359  	21000
1.3846 2.5641  	21445
1.3846 2.7692  	21288
1.3846 2.9744  	21513
1.3846 3.1795  	21226
1.3846 3.3846  	21368
1.3846 3.5897  	21035
1.3846 3.7949  	20912
1.3846 4  	21143

1.4872 -4  	22027
1.4872 -3.7949  	21905
1.4872 -3.5897  	22077
1.4872 -3.3846  	21888
1.4872 -3.1795  	21889
1.4872 -2.9744  	21992
1.4872 -2.7692  	22039
1.4872 -2.5641  	21734
1.4872 -2.359  	21903
1.4872 -2.1538  	21947
1.4872 -1.9487  	21764
1.4872 -1.7436  	22020
1.4872 -1.5385  	21899
1.4872 -1.3333  	21752
1.4872 -1.1282  	22205
1.4872 -0.9231  	21976
1.4872 -0.7179  	22019
1.4872 -0.5128  	21901
1.4872 -0.3077  	21955
1.4872 -0.1026  	21668
1.4872 0.1026  	21727
1.4872 0.3077  	21966
1.4872 0.5128  	21869
1.4872 0.7179  	21725
1.4872 0.9231  	21731
1.4872 1.1282  	22181
1.4872 1.3333  	21885
1.4872 1.5385  	21901
1.4872 1.7436  	21732
1.4872 1.9487  	21922
1.4872 2.1538  	21892
1.4872 2.359  	21585
1.4872 2.5641  	21363
1.4872 2.7692  	21509
1.4872 2.9744  	21547
1.4872 3.1795  	21564
1.4872 3.3846  	21378
1.4872 3.5897  	21281
1.4872 3.7949  	21547
1.4872 4  	21331

1.5897 -4  	21664
1.5897 -3.7949  	21933
1.5897 -3.5897  	21936
1.5897 -3.3846  	21787
1.5897 -3.1795  	21999
1.5897 -2.9744  	22075
1.5897 -2.7692  	21988
1.5897 -2.5641  	22020
1.5897 -2.359  	22011
1.5897 -2.1538  	21724
1.5897 -1.9487  	22029
1.5897 -1.7436  	21935
1.5897 -1.5385  	22048
1.5897 -1.3333  	22055
1.5897 -1.1282  	21874
1.5897 -0.9231  	21815
1.5897 -0.7179  	21800
1.5897 -0.5128  	21954
1.5897 -0.3077  	22036
1.5897 -0.1026  	21957
1.5897 0.1026  	21906
1.5897 0.3077  	21833
1.5897 0.5128  	21566
1.5897 0.7179  	21818
1.5897 0.9231  	21851
1.5897 1.1282  	21893
1.5897 1.3333  	21732
1.5897 1.5385  	22102
1.5897 1.7436  	22040
1.5897 1.9487  	21752
1.5897 2.1538  	21553
1.5897 2.359  	22092
1.5897 2.5641  	21544
1.5897 2.7692  	21423
1.5897 2.9744  	21496
1.5897 3.1795  	21690
1.5897 3.3846  	21521
1.5897 3.5897  	21723
1.5897 3.7949  	21601
1.5897 4  	21544

1.6923 -4  	21687
1.6923 -3.7949  	21839
1.6923 -3.5897  	22178
1.6923 -3.3846  	21980
1.6923 -3.1795  	22058
1.6923 -2.9744  	22160
1.6923 -2.7692  	21922
1.6923 -2.5641  	21816
1.6923 -2.359  	22145
1.6923 -2.1538  	21862
1.6923 -1.9487  	21804
1.6923 -1.7436  	21857
1.6923 -1.5385  	21934
1.6923 -1.3333  	21856
1.6923 -1.1282  	21883
1.6923 -0.9231  	21765
1.6923 -0.7179  	21974
1.6923 -0.5128  	21947
1.6923 -0.3077  	21912
1.6923 -0.1026  	21838
1.6923 0.1026  	22075
1.6923 0.3077  	21867
1.6923 0.5128  	21948
1.6923 0.7179  	22068
1.6923 0.9231  	21858
1.6923 1.1282  	21976
1.6923 1.3333  	21899
1.6923 1.5385  	22044
1.6923 1.7436  	21748
1.6923 1.9487  	21844
1.6923 2.1538  	22130
1.6923 2.359  	21920
1.6923 2.5641  	22015
1.6923 2.7692  	21572
1.6923 2.9744  	21287
1.6923 3.1795  	21511
1.6923 3.3846  	21487
1.6923 3.5897  	21397
1.6923 3.7949  	21521
1.6923 4  	21383

1.7949 -4  	22031
1.7949 -3.7949  	21968
1.7949 -3.5897  	22154
1.7949 -3.3846  	21881
1.7949 -3.1795  	22031
1.7949 -2.9744  	21892
1.7949 -2.7692  	22062
1.7949 -2.5641  	21611
1.7949 -2.359  	21827
1.7949 -2.1538  	21961
1.7949 -1.9487  	22045
1.7949 -1.7436  	21749
1.7949 -1.5385  	21871
1.7949 -1.3333  	22002
1.7949 -1.1282  	21920
1.7949 -0.9231  	22087
1.7949 -0.7179  	21919
1.7949 -0.5128  	22172
1.7949 -0.3077  	21890
1.7949 -0.1026  	22130
1.7949 0.1026  	21990
1.7949 0.3077  	21946
1.7949 0.5128  	21758
1.7949 0.7179  	22069
1.7949 0.9231  	22110
1.7949 1.1282  	21784
1.7949 1.3333  	21790
1.7949 1.5385  	21984
1.7949 1.7436  	21792
1.7949 1.9487  	21915
1.7949 2.1538  	21742
1.7949 2.359  	21688
1.7949 2.5641  	21820
1.7949 2.7692  	21736
1.7949 2.9744  	21591
1.7949 3.1795  	21800
1.7949 3.3846  	21419
1.7949 3.5897  	21375
1.7949 3.7949  	21878
1.7949 4  	21543

1.8974 -4  	21871
1.8974 -3.7949  	22074
1.8974 -3.5897  	22246
1.8974 -3.3846  	21969
1.8974 -3.1795  	21834
1.8974 -2.9744  	22068
1.8974 -2.7692  	21933
1.8974 -2.5641  	21827
1.8974 -2.359  	22010
1.8974 -2.1538  	21823
1.8974 -1.9487  	21980
1.8974 -1.7436  	22078
1.8974 -1.5385  	22015
1.8974 -1.3333  	21985
1.8974 -1.1282  	22085
1.8974 -0.9231  	21785
1.8974 -0.7179  	22064
1.8974 -0.5128  	21888
1.8974 -0.3077  	22080
1.8974 -0.1026  	21979
1.8974 0.1026  	21933
1.8974 0.3077  	21494
1.8974 0.5128  	21935
1.8974 0.7179  	22043
1.8974 0.9231  	21749
1.8974 1.1282  	21916
1.8974 1.3333  	21781
1.8974 1.5385  	21875
1.8974 1.7436  	22013
1.8974 1.9487  	21864
1.8974 2.1538  	21855
1.8974 2.359  	21755
1.8974 2.5641  	21764
1.8974 2.7692  	21995
1.8974 2.9744  	21623
1.8974 3.1795  	21486
1.8974 3.3846  	21703
1.8974 3.5897  	21484
1.8974 3.7949  	21793
1.8974 4  	21529

2 -4  	21606
2 -3.7949  	21866
2 -3.5897  	21958
2 -3.3846  	21764
2 -3.1795  	21908
2 -2.9744  	21760
2 -2.7692  	21948
2 -2.5641  	21752
2 -2.359  	22111
2 -2.1538  	22031
2 -1.9487  	21900
2 -1.7436  	21988
2 -1.5385  	21858
2 -1.3333  	22201
2 -1.1282  	22050
2 -0.9231  	22017
2 -0.7179  	21834
2 -0.5128  	21857
2 -0.3077  	21873
2 -0.1026  	21754
2 0.1026  	21973
2 0.3077  	21630
2 0.5128  	21825
2 0.7179  	21744
2 0.9231  	21736
2 1.1282  	21796
2 1.3333  	21825
2 1.5385  	21928
2 1.7436  	21845
2 1.9487  	21570
2 2.1538  	21878
2 2.359  	21984
2 2.5641  	21944
2 2.7692  	21697
2 2.9744  	21544
2 3.1795  	21672
2 3.3846  	21589
2 3.5897  	21980
2 3.7949  	21773
2 4  	21471
