1.000000 0.400000
2.000000 0.400000
3.000000 0.100000
4.000000 0.200000
5.000000 0.400000
6.000000 0.700000
7.000000 0.700000
8.000000 0.600000
9.000000 0.600000
10.000000 0.400000
11.000000 1.300000
12.000000 1.100000
13.000000 0.800000
14.000000 0.600000
15.000000 1.900000
16.000000 1.500000
17.000000 1.800000
18.000000 0.700000
19.000000 1.500000
20.000000 1.700000
21.000000 1.300000
22.000000 1.400000
23.000000 2.100000
24.000000 1.400000
25.000000 1.800000
26.000000 2.300000
27.000000 1.900000
28.000000 2.500000
29.000000 2.700000
30.000000 2.900000
31.000000 3.300000
32.000000 3.000000
33.000000 3.100000
34.000000 3.400000
35.000000 3.800000
36.000000 3.200000
37.000000 4.000000
38.000000 4.300000
39.000000 3.900000
40.000000 4.300000
41.000000 4.200000
42.000000 4.300000
43.000000 4.000000
44.000000 5.800000
45.000000 5.100000
46.000000 5.200000
47.000000 4.800000
48.000000 5.600000
49.000000 5.600000
50.000000 5.400000
51.000000 5.400000
52.000000 5.700000
53.000000 6.000000
54.000000 6.200000
55.000000 5.400000
56.000000 7.800000
57.000000 7.700000
58.000000 6.200000
59.000000 6.000000
60.000000 5.900000
61.000000 6.700000
62.000000 6.600000
63.000000 6.800000
64.000000 5.600000
65.000000 7.400000
66.000000 7.400000
67.000000 6.600000
68.000000 7.000000
69.000000 7.700000
70.000000 7.500000
71.000000 7.300000
72.000000 7.800000
73.000000 7.400000
74.000000 7.600000
75.000000 7.100000
76.000000 8.300000
77.000000 7.500000
78.000000 8.300000
79.000000 8.400000
80.000000 8.300000
81.000000 7.600000
82.000000 8.800000
83.000000 6.900000
84.000000 8.000000
85.000000 7.800000
86.000000 6.900000
87.000000 7.700000
88.000000 8.300000
89.000000 8.500000
90.000000 8.000000
91.000000 8.000000
92.000000 8.500000
93.000000 8.500000
94.000000 7.300000
95.000000 8.200000
96.000000 8.200000
97.000000 8.200000
98.000000 8.500000
99.000000 8.300000
100.000000 8.700000
101.000000 8.800000
102.000000 8.500000
103.000000 9.100000
104.000000 8.800000
105.000000 8.600000
106.000000 8.600000
107.000000 8.600000
108.000000 8.700000
109.000000 9.100000
110.000000 8.900000
111.000000 8.500000
112.000000 8.200000
113.000000 8.400000
114.000000 9.000000
115.000000 8.000000
116.000000 9.200000
117.000000 9.000000
118.000000 8.200000
119.000000 8.500000
120.000000 8.700000
121.000000 8.700000
122.000000 8.500000
123.000000 8.800000
124.000000 9.300000
125.000000 9.000000
126.000000 9.200000
127.000000 9.000000
128.000000 9.300000
129.000000 8.100000
130.000000 8.100000
131.000000 9.100000
132.000000 8.700000
133.000000 8.700000
134.000000 8.500000
135.000000 9.400000
136.000000 9.700000
137.000000 8.300000
138.000000 8.700000
139.000000 9.000000
140.000000 9.100000
141.000000 8.500000
142.000000 9.100000
143.000000 8.900000
144.000000 8.900000
145.000000 9.200000
146.000000 9.100000
147.000000 9.300000
148.000000 9.000000
149.000000 9.200000
150.000000 9.100000
151.000000 9.400000
152.000000 9.300000
153.000000 8.700000
154.000000 9.100000
155.000000 9.500000
156.000000 8.400000
157.000000 9.200000
158.000000 8.600000
159.000000 9.300000
