1.000000 0.323973 0.313366 0.559359
2.000000 0.331886 0.320537 0.564642
3.000000 0.368597 0.354444 0.593292
4.000000 0.395951 0.379406 0.613208
5.000000 0.435139 0.415190 0.641647
6.000000 0.479197 0.454833 0.671064
7.000000 0.526345 0.496881 0.701069
8.000000 0.583700 0.547268 0.735391
9.000000 0.641714 0.597377 0.767821
10.000000 0.700897 0.647874 0.799232
11.000000 0.758666 0.696657 0.828720
12.000000 0.819501 0.747066 0.857754
13.000000 0.890889 0.804940 0.889604
14.000000 0.967849 0.866663 0.923589
15.000000 1.043925 0.926266 0.955104
16.000000 1.135851 0.996485 0.991087
17.000000 1.232046 1.068110 1.026374
18.000000 1.324800 1.135436 1.058633
19.000000 1.427629 1.207518 1.091980
20.000000 1.531230 1.278747 1.124242
21.000000 1.630949 1.344913 1.153385
22.000000 1.739947 1.414672 1.183380
23.000000 1.856545 1.487095 1.213925
24.000000 1.980631 1.560568 1.243993
25.000000 2.100705 1.628536 1.271186
26.000000 2.210325 1.688622 1.294821
27.000000 2.335151 1.754921 1.320404
28.000000 2.456458 1.816526 1.343897
29.000000 2.582408 1.877380 1.366739
30.000000 2.719984 1.938550 1.389070
31.000000 2.848916 1.992894 1.408672
32.000000 2.975449 2.042733 1.426338
33.000000 3.115314 2.095291 1.444938
34.000000 3.268819 2.147738 1.463198
35.000000 3.412904 2.194641 1.479406
36.000000 3.576718 2.242528 1.495900
37.000000 3.729395 2.281478 1.509104
38.000000 3.875424 2.313082 1.519707
39.000000 4.009957 2.340803 1.528993
40.000000 4.172683 2.366467 1.537472
41.000000 4.323267 2.386272 1.544045
42.000000 4.468110 2.401088 1.548955
43.000000 4.627777 2.413969 1.553252
44.000000 4.772146 2.424335 1.556724
45.000000 4.927397 2.425530 1.557190
46.000000 5.056537 2.426477 1.557564
47.000000 5.194654 2.424384 1.556935
48.000000 5.330272 2.419072 1.555264
49.000000 5.470708 2.408346 1.551827
50.000000 5.595508 2.397060 1.548187
51.000000 5.719441 2.381310 1.543079
52.000000 5.852124 2.361718 1.536689
53.000000 5.977532 2.338936 1.529204
54.000000 6.084741 2.318763 1.522552
55.000000 6.197429 2.296597 1.515205
56.000000 6.312364 2.268195 1.505743
57.000000 6.398222 2.246003 1.498321
58.000000 6.497424 2.220988 1.489890
59.000000 6.595700 2.191727 1.479969
60.000000 6.677778 2.165465 1.470999
61.000000 6.760756 2.140430 1.462408
62.000000 6.835249 2.115283 1.453755
63.000000 6.918027 2.086700 1.443864
64.000000 7.001978 2.055887 1.433099
65.000000 7.073518 2.028561 1.423524
66.000000 7.125351 2.008132 1.416294
67.000000 7.175588 1.988447 1.409332
68.000000 7.230143 1.966876 1.401664
69.000000 7.291304 1.941926 1.392718
70.000000 7.344801 1.918863 1.384450
71.000000 7.383860 1.902026 1.378421
72.000000 7.446721 1.872256 1.367607
73.000000 7.492842 1.849691 1.359398
74.000000 7.531583 1.831733 1.352785
75.000000 7.581021 1.807612 1.343855
76.000000 7.617857 1.790213 1.337441
77.000000 7.654222 1.771357 1.330373
78.000000 7.701792 1.746773 1.321112
79.000000 7.738077 1.726976 1.313513
80.000000 7.774699 1.706916 1.305809
81.000000 7.814867 1.685235 1.297503
82.000000 7.849868 1.667114 1.290518
83.000000 7.892229 1.644281 1.281757
84.000000 7.922566 1.627791 1.275369
85.000000 7.953228 1.610315 1.268503
86.000000 7.992947 1.587264 1.259413
87.000000 8.022996 1.569475 1.252281
88.000000 8.051312 1.552806 1.245645
89.000000 8.075394 1.539229 1.240201
90.000000 8.092428 1.529065 1.236106
91.000000 8.132557 1.503624 1.225746
92.000000 8.153920 1.489964 1.220193
93.000000 8.176767 1.476184 1.214590
94.000000 8.200095 1.461238 1.208474
95.000000 8.228396 1.443090 1.200938
96.000000 8.254188 1.427216 1.194359
97.000000 8.271265 1.416150 1.189715
98.000000 8.299640 1.397844 1.181961
99.000000 8.316701 1.386601 1.177188
100.000000 8.339886 1.371598 1.170740
101.000000 8.360277 1.358652 1.165194
102.000000 8.384079 1.343051 1.158428
103.000000 8.404026 1.329295 1.152511
104.000000 8.428618 1.312476 1.145181
105.000000 8.443350 1.302389 1.140856
106.000000 8.460426 1.290996 1.135845
107.000000 8.484088 1.274846 1.128690
108.000000 8.503453 1.261460 1.122686
109.000000 8.529733 1.243951 1.114886
110.000000 8.541744 1.235489 1.111032
111.000000 8.561688 1.221908 1.104920
112.000000 8.581684 1.207538 1.098419
113.000000 8.598278 1.195568 1.092997
114.000000 8.613016 1.185165 1.088252
115.000000 8.630756 1.172451 1.082362
116.000000 8.645360 1.161797 1.077485
117.000000 8.659880 1.151599 1.072800
118.000000 8.680064 1.137035 1.066010
119.000000 8.695934 1.125016 1.060345
120.000000 8.708760 1.115644 1.055872
121.000000 8.723041 1.104751 1.050723
122.000000 8.738624 1.093595 1.045447
123.000000 8.747120 1.087339 1.042460
124.000000 8.764573 1.074222 1.036132
125.000000 8.775633 1.066222 1.032317
126.000000 8.791604 1.053893 1.026358
127.000000 8.805462 1.043409 1.021256
128.000000 8.819031 1.033115 1.016223
129.000000 8.827302 1.026691 1.013044
130.000000 8.843306 1.014757 1.007147
131.000000 8.858440 1.003485 1.001466
132.000000 8.866503 0.997347 0.998391
133.000000 8.878412 0.988777 0.994118
134.000000 8.893052 0.977304 0.988311
135.000000 8.906195 0.967372 0.983273
136.000000 8.914619 0.960778 0.979871
137.000000 8.934699 0.944920 0.971820
138.000000 8.945908 0.936335 0.967439
139.000000 8.955449 0.929126 0.963748
140.000000 8.963312 0.922890 0.960502
141.000000 8.974488 0.913806 0.955751
142.000000 8.984112 0.906589 0.951972
143.000000 8.991601 0.900399 0.948653
144.000000 9.005346 0.889707 0.943026
145.000000 9.016102 0.881279 0.938527
146.000000 9.019281 0.878864 0.937237
147.000000 9.028018 0.871771 0.933497
148.000000 9.031537 0.868815 0.931912
149.000000 9.044343 0.858478 0.926355
150.000000 9.047808 0.855897 0.924949
151.000000 9.054299 0.850715 0.922169
152.000000 9.072543 0.836107 0.914286
153.000000 9.074654 0.834385 0.913311
154.000000 9.089244 0.822692 0.906933
155.000000 9.096378 0.816822 0.903638
156.000000 9.102562 0.811559 0.900769
157.000000 9.106465 0.808093 0.898769
158.000000 9.115980 0.800253 0.894428
159.000000 9.115980 0.800253 0.894428
160.000000 9.115980 0.800253 0.894428
