  1.     0.3
  2.     0.9
  3.     0.6
  4.     0.4
  5.     0.5
  6.     1.1
  7.     1.7
  8.     1.7
  9.     1.8
 10.     1.9
 11.     2.1
 12.     2.7
 13.     2.7
 14.     2.7
 15.     2.6
 16.     2.6
 17.     2.9
 18.     2.9
 19.     2.5
 20.     2.9
 21.     2.8
 22.     2.8
 23.     2.9
 24.     3. 
 25.     2.9
 26.     2.9
 27.     3. 
 28.     3. 
 29.     3. 
 30.     2.9
 31.     3. 
 32.     3. 
 33.     2.8
 34.     2.7
 35.     2.8
 36.     2.8
 37.     2.7
 38.     2.8
 39.     2.9
 40.     2.8
 41.     2.8
 42.     3. 
 43.     2.8
 44.     3. 
 45.     2.8
 46.     2.8
 47.     3.2
 48.     3.2
 49.     3.3
 50.     3.2
 51.     3. 
 52.     3. 
 53.     3.1
 54.     3. 
 55.     3.3
 56.     3.2
 57.     3.4
 58.     3.2
 59.     3.3
 60.     3.2
 61.     3.3
 62.     3.3
 63.     3.5
 64.     3.5
 65.     3.6
 66.     3.6
 67.     3.7
 68.     3.5
 69.     3.5
 70.     3.7
 71.     3.6
 72.     3.5
 73.     3.5
 74.     3.4
 75.     3.8
 76.     4. 
 77.     3.9
 78.     3.9
 79.     3.9
 80.     3.8
 81.     3.9
 82.     3.8
 83.     3.9
 84.     3.9
 85.     3.8
 86.     3.7
 87.     3.8
 88.     3.8
 89.     3.7
 90.     3.8
 91.     3.7
 92.     3.6
 93.     3.6
 94.     3.9
 95.     3.9
 96.     3.8
 97.     3.9
 98.     3.8
 99.     3.9
100.     4. 
101.     3.9
102.     3.9
103.     4. 
104.     3.9
105.     3.6
106.     3.7
107.     3.5
108.     3.8
109.     3.6
110.     3.8
111.     3.5
112.     3.4
113.     3.5
114.     3.4
115.     3.5
116.     3.6
117.     3.6
118.     3.7
119.     3.9
120.     3.9
121.     4. 
122.     3.8
123.     3.5
124.     3.5
125.     3.7
126.     3.8
127.     3.7
128.     3.8
129.     3.8
130.     3.7
131.     4. 
132.     4. 
133.     4. 
134.     3.9
135.     3.9
136.     3.9
137.     3.9
138.     3.7
139.     3.8
140.     3.8
141.     3.6
142.     3.6
143.     3.8
144.     3.9
145.     3.9
146.     3.9
147.     3.8
148.     4. 
149.     3.7
150.     3.8
151.     3.8
152.     4. 
153.     3.8
154.     3.6
155.     3.4
156.     3.5
157.     3.9
158.     3.9
159.     3.9
160.     3.9
