STAT 0 1 0.000891011 318406 318406 318406 0
STAT 1 1 0.001014 480564 480564 480564 0
STAT 2 1 0.000782 175260 175260 175260 0
STAT 3 1 0.000571 72232.4 72232.4 72232.4 0
STAT 4 1 0.000365 25804.5 25804.5 25804.5 0
STAT 5 1 0.000316 12005.6 12005.6 12005.6 0
STAT 6 1 0.000312 8581.26 8581.26 8581.26 0
STAT 7 1 0.000306 6886.78 6886.78 6886.78 0
STAT 8 1 0.00029 5484.27 5484.27 5484.27 0
STAT 9 1 0.000284 4544.29 4544.29 4544.29 0
STAT 10 1 0.000281 4055.08 4055.08 4055.08 0
STAT 11 1 0.000284 3733.88 3733.88 3733.88 0
STAT 12 1 0.000278 3569.46 3569.46 3569.46 0
STAT 13 1 0.000274 3457.62 3457.62 3457.62 0
STAT 14 1 0.000275 3382.57 3382.57 3382.57 0
STAT 15 1 0.000273 3335.11 3335.11 3335.11 0
STAT 16 1 0.000271 3314.96 3314.96 3314.96 0
STAT 17 1 0.00027 3298.81 3298.81 3298.81 0
STAT 18 1 0.00027 3284.2 3284.2 3284.2 0
STAT 19 1 0.000268 3268.62 3268.62 3268.62 0
STAT 20 1 0.000267 3245.57 3245.57 3245.57 0
STAT 21 1 0.000268 3228.87 3228.87 3228.87 0
STAT 22 1 0.000268 3222.75 3222.75 3222.75 0
STAT 23 1 0.000267 3219.14 3219.14 3219.14 0
STAT 24 1 0.000266 3217.3 3217.3 3217.3 0
STAT 25 1 0.000266 3216.49 3216.49 3216.49 0
STAT 26 1 0.000267 3220.66 3220.66 3220.66 0
STAT 27 1 0.000266 3220.82 3220.82 3220.82 0
STAT 28 1 0.000267 3302.5 3302.5 3302.5 0
STAT 29 1 0.000266 3449.1 3449.1 3449.1 0
STAT 30 1 0.000266 3919.55 3919.55 3919.55 0
STAT 31 1 0.000275 4430.89 4430.89 4430.89 0
STAT 32 1 0.000273 4914.03 4914.03 4914.03 0
STAT 33 1 0.000275 5872.82 5872.82 5872.82 0
STAT 34 1 0.000276 6708.63 6708.63 6708.63 0
STAT 35 1 0.000276 7630.36 7630.36 7630.36 0
STAT 36 1 0.000276 9185.76 9185.76 9185.76 0
STAT 37 1 0.000275 11556.3 11556.3 11556.3 0
STAT 38 1 0.000273 15964.2 15964.2 15964.2 0
STAT 39 1 0.000273 20658.4 20658.4 20658.4 0
STAT 40 1 0.000275 26707.7 26707.7 26707.7 0
STAT 41 1 0.000275 35863.5 35863.5 35863.5 0
STAT 42 1 0.000274 44854.2 44854.2 44854.2 0
STAT 43 1 0.000274 58436.9 58436.9 58436.9 0
STAT 44 1 0.000273 78450.2 78450.2 78450.2 0
STAT 45 1 0.000273 73693.1 73693.1 73693.1 0
STAT 46 1 0.000274 73535.3 73535.3 73535.3 0
STAT 47 1 0.000272 78259.4 78259.4 78259.4 0
STAT 48 1 0.000271 78230.9 78230.9 78230.9 0
STAT 49 1 0.00027 78202.9 78202.9 78202.9 0
