STAT 0 1 0.000628093 134308 134308 134308 0
STAT 1 1 0.000306 19846 19846 19846 0
STAT 2 1 0.000277 10102.3 10102.3 10102.3 0
STAT 3 1 0.000255 9410.74 9410.74 9410.74 0
STAT 4 1 0.000244 8655.95 8655.95 8655.95 0
STAT 5 1 0.000227 7639.82 7639.82 7639.82 0
STAT 6 1 0.000212 7330.2 7330.2 7330.2 0
STAT 7 1 0.000211 7330.47 7330.47 7330.47 0
STAT 8 1 0.00021 7334.83 7334.83 7334.83 0
STAT 9 1 0.00021 7325.53 7325.53 7325.53 0
STAT 10 1 0.000211 7323.21 7323.21 7323.21 0
STAT 11 1 0.00021 7328.85 7328.85 7328.85 0
STAT 12 1 0.00021 7319.03 7319.03 7319.03 0
STAT 13 1 0.000211 7319.98 7319.98 7319.98 0
STAT 14 1 0.000213 7316.1 7316.1 7316.1 0
STAT 15 1 0.000213 7307.35 7307.35 7307.35 0
STAT 16 1 0.000215 7302.93 7302.93 7302.93 0
STAT 17 1 0.000213 7297.79 7297.79 7297.79 0
STAT 18 1 0.000213 7293.3 7293.3 7293.3 0
STAT 19 1 0.000213 7290.14 7290.14 7290.14 0
STAT 20 1 0.000213 7286.41 7286.41 7286.41 0
STAT 21 1 0.000213 7285.19 7285.19 7285.19 0
STAT 22 1 0.000213 7281.15 7281.15 7281.15 0
STAT 23 1 0.000214 7274.26 7274.26 7274.26 0
STAT 24 1 0.000215 7273.99 7273.99 7273.99 0
STAT 25 1 0.000214 7268.14 7268.14 7268.14 0
STAT 26 1 0.000216 7261.93 7261.93 7261.93 0
STAT 27 1 0.000216 7399.14 7399.14 7399.14 0
STAT 28 1 0.000217 8061.16 8061.16 8061.16 0
STAT 29 1 0.000218 8953.07 8953.07 8953.07 0
STAT 30 1 0.000216 11281.6 11281.6 11281.6 0
STAT 31 1 0.000218 13552.7 13552.7 13552.7 0
STAT 32 1 0.000213 18003.6 18003.6 18003.6 0
STAT 33 1 0.000212 22951.5 22951.5 22951.5 0
STAT 34 1 0.000211 30669 30669 30669 0
STAT 35 1 0.000213 44551.3 44551.3 44551.3 0
STAT 36 1 0.000212 54533.5 54533.5 54533.5 0
STAT 37 1 0.000209 73634.6 73634.6 73634.6 0
STAT 38 1 0.000209 92758.1 92758.1 92758.1 0
STAT 39 1 0.00021 130872 130872 130872 0
STAT 40 1 0.00021 166945 166945 166945 0
STAT 41 1 0.00021 197970 197970 197970 0
STAT 42 1 0.000211 240733 240733 240733 0
STAT 43 1 0.000211 277495 277495 277495 0
STAT 44 1 0.00021 308023 308023 308023 0
STAT 45 1 0.000211 326464 326464 326464 0
STAT 46 1 0.000212 346870 346870 346870 0
STAT 47 1 0.000209 427141 427141 427141 0
STAT 48 1 0.000209 463974 463974 463974 0
STAT 49 1 0.00021 427850 427850 427850 0
