STAT 0 1 0.000898096 3717.83 3717.83 3717.83 0
STAT 1 1 0.000715 1282.3 1282.3 1282.3 0
STAT 2 1 0.000508 278.928 278.928 278.928 0
STAT 3 1 0.000444 114.763 114.763 114.763 0
STAT 4 1 0.000408 79.8803 79.8803 79.8803 0
STAT 5 1 0.000399 69.0677 69.0677 69.0677 0
STAT 6 1 0.000392 64.8677 64.8677 64.8677 0
STAT 7 1 0.000385 61.6213 61.6213 61.6213 0
STAT 8 1 0.000377 60.019 60.019 60.019 0
STAT 9 1 0.000373 59.18 59.18 59.18 0
STAT 10 1 0.000372 58.8507 58.8507 58.8507 0
STAT 11 1 0.00037 58.5533 58.5533 58.5533 0
STAT 12 1 0.000379 58.3046 58.3046 58.3046 0
STAT 13 1 0.000379 58.3624 58.3624 58.3624 0
STAT 14 1 0.000374 58.5595 58.5595 58.5595 0
STAT 15 1 0.00037 58.5025 58.5025 58.5025 0
STAT 16 1 0.000368 58.5052 58.5052 58.5052 0
STAT 17 1 0.000367 58.4824 58.4824 58.4824 0
STAT 18 1 0.000365 58.3717 58.3717 58.3717 0
STAT 19 1 0.000381 58.2726 58.2726 58.2726 0
STAT 20 1 0.000377 58.3092 58.3092 58.3092 0
STAT 21 1 0.000365 58.4852 58.4852 58.4852 0
STAT 22 1 0.000364 58.4938 58.4938 58.4938 0
STAT 23 1 0.000376 58.3741 58.3741 58.3741 0
STAT 24 1 0.000382 58.2692 58.2692 58.2692 0
STAT 25 1 0.000375 58.3112 58.3112 58.3112 0
STAT 26 1 0.000364 58.4907 58.4907 58.4907 0
STAT 27 1 0.000364 58.5033 58.5033 58.5033 0
STAT 28 1 0.000365 58.5322 58.5322 58.5322 0
STAT 29 1 0.00037 58.8125 58.8125 58.8125 0
STAT 30 1 0.000368 58.8176 58.8176 58.8176 0
STAT 31 1 0.000367 58.8286 58.8286 58.8286 0
STAT 32 1 0.000371 58.8156 58.8156 58.8156 0
STAT 33 1 0.000366 58.8065 58.8065 58.8065 0
STAT 34 1 0.000366 58.8921 58.8921 58.8921 0
STAT 35 1 0.000368 59.2073 59.2073 59.2073 0
STAT 36 1 0.000366 60.3137 60.3137 60.3137 0
STAT 37 1 0.000371 61.407 61.407 61.407 0
STAT 38 1 0.000373 63.4971 63.4971 63.4971 0
STAT 39 1 0.000376 65.9667 65.9667 65.9667 0
STAT 40 1 0.00038 67.9314 67.9314 67.9314 0
STAT 41 1 0.000376 69.1846 69.1846 69.1846 0
STAT 42 1 0.000377 70.1194 70.1194 70.1194 0
STAT 43 1 0.000375 71.4346 71.4346 71.4346 0
STAT 44 1 0.000376 72.9746 72.9746 72.9746 0
STAT 45 1 0.000377 73.4533 73.4533 73.4533 0
STAT 46 1 0.000376 74.3271 74.3271 74.3271 0
STAT 47 1 0.000377 74.6307 74.6307 74.6307 0
STAT 48 1 0.000375 74.9128 74.9128 74.9128 0
STAT 49 1 0.000381 75.424 75.424 75.424 0
