STAT 0 1 0.00103296 583829 583829 583829 0
STAT 1 1 0.000424 52172.8 52172.8 52172.8 0
STAT 2 1 0.00043 24364.3 24364.3 24364.3 0
STAT 3 1 0.000408 18893.6 18893.6 18893.6 0
STAT 4 1 0.000369 14534.2 14534.2 14534.2 0
STAT 5 1 0.000326 11142.6 11142.6 11142.6 0
STAT 6 1 0.000288 8847.49 8847.49 8847.49 0
STAT 7 1 0.000261 8090.69 8090.69 8090.69 0
STAT 8 1 0.000259 7942.71 7942.71 7942.71 0
STAT 9 1 0.000256 7751.24 7751.24 7751.24 0
STAT 10 1 0.000251 7704.3 7704.3 7704.3 0
STAT 11 1 0.000248 7620.52 7620.52 7620.52 0
STAT 12 1 0.000249 7605.43 7605.43 7605.43 0
STAT 13 1 0.000245 7547.65 7547.65 7547.65 0
STAT 14 1 0.000242 7522.2 7522.2 7522.2 0
STAT 15 1 0.00024 7483.74 7483.74 7483.74 0
STAT 16 1 0.000237 7456.06 7456.06 7456.06 0
STAT 17 1 0.000235 7409.14 7409.14 7409.14 0
STAT 18 1 0.000236 7391.76 7391.76 7391.76 0
STAT 19 1 0.00024 7356.34 7356.34 7356.34 0
STAT 20 1 0.000236 7338.67 7338.67 7338.67 0
STAT 21 1 0.000234 7321.58 7321.58 7321.58 0
STAT 22 1 0.000236 7309.92 7309.92 7309.92 0
STAT 23 1 0.000237 7298.45 7298.45 7298.45 0
STAT 24 1 0.000237 7282.83 7282.83 7282.83 0
STAT 25 1 0.00024 7276.15 7276.15 7276.15 0
STAT 26 1 0.000241 7276.84 7276.84 7276.84 0
STAT 27 1 0.000241 7315.29 7315.29 7315.29 0
STAT 28 1 0.00024 7369.1 7369.1 7369.1 0
STAT 29 1 0.000239 7587.1 7587.1 7587.1 0
STAT 30 1 0.00024 8170.89 8170.89 8170.89 0
STAT 31 1 0.000233 8771.27 8771.27 8771.27 0
STAT 32 1 0.000237 9495.97 9495.97 9495.97 0
STAT 33 1 0.000237 10606.5 10606.5 10606.5 0
STAT 34 1 0.000238 11763.2 11763.2 11763.2 0
STAT 35 1 0.000245 12547.4 12547.4 12547.4 0
STAT 36 1 0.000249 13639 13639 13639 0
STAT 37 1 0.000249 15244.7 15244.7 15244.7 0
STAT 38 1 0.000253 17085.9 17085.9 17085.9 0
STAT 39 1 0.000252 19188.6 19188.6 19188.6 0
STAT 40 1 0.00025 22434.3 22434.3 22434.3 0
STAT 41 1 0.000252 28788.5 28788.5 28788.5 0
STAT 42 1 0.000253 38385.8 38385.8 38385.8 0
STAT 43 1 0.000255 41607.2 41607.2 41607.2 0
STAT 44 1 0.000256 44904.9 44904.9 44904.9 0
STAT 45 1 0.000258 48238.4 48238.4 48238.4 0
STAT 46 1 0.000258 49917.4 49917.4 49917.4 0
STAT 47 1 0.000257 51604.5 51604.5 51604.5 0
STAT 48 1 0.000255 55442.9 55442.9 55442.9 0
STAT 49 1 0.000256 57044 57044 57044 0
