-9.82883, -13.6531
-9.64987, -13.6542
-9.74129, -13.6568
-10.3796, -13.6498
-9.91652, -13.6489
-10.0097, -13.6515
-9.29698, -13.6544
-9.21215, -13.6576
-9.03521, -13.6507
-8.95089, -13.6524
-9.12247, -13.6527
-9.47392, -13.6566
-10.5796, -13.3004
-10.5161, -13.46
-10.5568, -13.3912
-10.6883, -13.0818
-10.6512, -13.1532
-10.62, -13.2323
-10.0977, -13.6463
-9.55464, -13.6454
-10.4549, -13.625
-10.2772, -13.6383
-10.1847, -13.6389
-10.4916, -13.55
-9.38026, -13.6484
-8.45679, -13.666
-8.13058, -13.6663
-8.2128, -13.6684
-8.53594, -13.6604
-8.29104, -13.6632
-8.37356, -13.6644
-7.73647, -13.6742
-7.65865, -13.6755
-7.96769, -13.6624
-7.8905, -13.6667
-7.81293, -13.6698
-8.05007, -13.6663
-8.78434, -13.6568
-7.25081, -13.0808
-8.61788, -13.6585
-5.75243, -13.0734
-5.21597, -13.0739
-5.35031, -13.0779
-5.02145, -13.0813
-4.6309, -13.0773
-4.8882, -13.0741
-4.75921, -13.0758
-4.69501, -13.0767
-5.08356, -13.0723
-8.7021, -13.6596
-8.87489, -13.6661
-11.4133, -13.0143
-11.2177, -13.0188
-11.3151, -13.0165
-12.2381, -13.0094
-11.7151, -13.011
-11.8195, -13.0123
-7.16, -13.051
-7.0901, -13.0583
-10.9274, -13.0228
-10.8244, -13.015
-10.7554, -13.0474
-11.0209, -13.0185
-12.9987, -12.9987
-12.4465, -13.0018
-12.7762, -13.0011
-12.8835, -12.9964
-12.549, -12.9949
-12.6621, -12.998
-12.1266, -13.0042
-11.6063, -13.0038
-12.0182, -13.0012
-9.4751, 5.11099
-9.43676, 5.15702
-9.43942, 5.21833
-11.9154, -13.0034
-11.5044, -13.0034
-12.3381, -13.0016
-11.1095, -13.0075
-6.02619, -13.0718
-5.88724, -13.0692
-5.95665, -13.0707
-6.65686, -13.0648
-6.16136, -13.0639
-6.09331, -13.0671
-5.14788, -13.0686
-4.95228, -13.0713
-5.61286, -13.0643
-5.27933, -13.0668
-5.54682, -13.0675
-5.68178, -13.0672
-6.94208, -13.0561
-6.51181, -13.0607
-6.57999, -13.0545
-6.79325, -13.0497
-6.72067, -13.049
-6.86688, -13.0518
-5.47699, -13.0611
-5.41, -13.0609
-6.3669, -13.0541
-6.29772, -13.0565
-5.81471, -13.06
-6.43795, -13.0549
-6.22993, -13.0613
-7.01554, -13.0566
-4.82245, -13.0718
-3.48547, -25.727
-3.52029, -26.7393
-3.47648, -23.2617
-3.47967, -22.6078
-3.65158, -20.1935
-3.56639, -20.226
-3.49046, -20.3133
-3.2696, -23.2644
-3.18963, -23.437
-3.46513, -21.2767
-3.45989, -20.6755
-3.37179, -23.2548
-3.47378, -21.9326
-3.98765, -20.0473
-3.81871, -20.1137
-3.90414, -20.0851
-4.03458, -19.3393
-4.03329, -19.0966
-4.03008, -18.8542
-4.03299, -18.6284
-4.02963, -18.394
-4.0276, -18.1664
-3.41813, -16.4333
-3.41661, -16.0739
-4.07109, -20.0101
1.3852, -17.6006
1.40145, -16.8659
1.47485, -16.8576
1.54821, -16.849
1.62363, -16.862
-3.41394, -15.7236
-3.73583, -20.1567
2.07032, -16.8614
2.37012, -16.8643
2.14551, -16.8651
1.99508, -16.8563
2.44411, -16.8567
2.2196, -16.8595
3.30177, -21.7062
3.31242, -18.3179
3.32392, -19.3515
3.31541, -17.8884
2.97268, -16.8589
3.32217, -17.0911
3.31957, -17.4847
2.74532, -16.8569
1.77113, -16.8512
2.51897, -16.8548
1.91992, -16.851
1.84518, -16.8483
2.59294, -16.8466
2.29314, -16.8497
2.8952, -16.8491
3.32609, -16.7214
3.33362, -16.027
3.33615, -15.6954
3.33004, -16.3677
2.81984, -16.8507
2.66955, -16.8549
1.69678, -16.8508
-4.43972, -13.079
-4.31133, -13.0745
-4.37563, -13.0774
-4.50131, -13.0727
-4.11171, -12.845
-4.24806, -13.0742
-3.38135, -14.5214
-3.37579, -14.6739
-3.37707, -14.3583
-3.40827, -15.3737
-3.09219, -13.6655
-3.24135, -12.7628
-3.13294, -12.8033
-3.0933, -13.3986
-3.42107, -12.7676
-3.77883, -12.7571
-3.65909, -12.7607
-3.71809, -12.7562
-4.02134, -12.7541
-3.89761, -12.7485
-3.96061, -12.7552
-3.53931, -12.7623
-3.35973, -12.7611
-3.47622, -12.7506
-3.29901, -12.7563
-3.18079, -12.7574
-3.59577, -12.7496
-3.84108, -12.7625
-3.08733, -13.1114
0.453041, -7.40716
0.323568, -7.41094
0.385978, -7.36489
0.418563, -7.37113
0.35427, -7.3755
3.34421, -15.0848
3.34511, -14.7833
0.502844, 4.99375
3.4254, -14.5472
3.36887, -14.5922
0.481146, 4.99689
0.525569, 5.00046
0.549124, 5.01402
0.421659, 5.07451
2.15098, 9.70243
0.439613, 5.02481
2.41874, 9.70102
2.64399, 9.69804
2.55468, 9.70334
2.69056, 9.70183
2.50906, 9.70181
2.28444, 9.70167
0.459246, 4.99794
-3.08802, -12.8625
3.33925, -15.3797
-4.56819, -13.0813
-13.9861, 9.85357
-14.1656, 9.85702
-13.8192, 9.85556
-13.771, 9.92306
-5.56589, 9.9386
-5.22792, 9.93664
-5.50938, 9.93918
-5.45489, 9.94296
-5.3981, 9.94206
-5.91464, 9.94161
-5.11674, 9.93477
-5.006, 9.93171
-4.95503, 9.93824
-4.90189, 9.94004
-4.84619, 9.93617
-5.17251, 9.93629
-6.77392, 9.94883
-6.09442, 9.94519
-6.33691, 9.94696
-7.03251, 9.95078
-6.52359, 9.95013
-5.86055, 9.94923
-5.34378, 9.94526
-5.2886, 9.9464
-5.68565, 9.94782
-5.62889, 9.94904
-5.743, 9.94717
-5.79995, 9.94534
-5.06699, 9.94452
-4.62936, 9.9277
-4.11193, 9.92708
-4.16178, 9.92473
-4.06177, 9.92827
-3.962, 9.93083
-4.47232, 9.92818
-3.61413, 9.92973
-3.56401, 9.92658
-3.86214, 9.93148
-3.76257, 9.93114
-3.51632, 9.92979
-3.908, 9.92104
-4.685, 9.93363
-4.42245, 9.93298
-4.58014, 9.93509
-4.74294, 9.94378
-4.52969, 9.93951
-4.37262, 9.93754
-3.81268, 9.93236
-3.66434, 9.93263
-4.27034, 9.93948
-4.21716, 9.93501
-3.71395, 9.93341
-4.32204, 9.94001
-4.01279, 9.93199
-4.79584, 9.94281
-9.22015, 9.9743
-8.97906, 9.97226
-9.0588, 9.97296
-8.90417, 9.97628
-8.7482, 9.97541
-8.82544, 9.97534
-8.36652, 9.97083
-8.29225, 9.97034
-8.22258, 9.97479
-8.14925, 9.97418
-8.07481, 9.97156
-8.51751, 9.97272
-10.9496, 9.98575
-9.72231, 9.98023
-9.5574, 9.98379
-9.64186, 9.98444
-11.3445, 9.98887
-10.8281, 9.9894
-11.4803, 9.99036
-12.635, 10.0017
-12.3397, 10.0023
-12.9477, 10.0064
-13.7625, 10.0131
-13.5967, 10.0129
-13.4311, 10.0115
-13.2754, 10.0144
-13.1157, 10.0136
-12.8015, 10.0108
-12.4953, 10.0075
-12.1997, 10.0055
-12.0557, 10.0049
-11.9121, 10.0033
-11.7703, 10.0017
-11.6189, 9.99247
-11.2198, 9.99364
-11.087, 9.99188
-10.7085, 9.99332
-9.90338, 9.99018
-9.81834, 9.99121
-9.98647, 9.98647
-9.14411, 9.97905
-8.5988, 9.9794
-9.39043, 9.98232
-9.08661, 20.5884
-9.30996, 9.98371
-8.67638, 9.98103
-9.47176, 9.98115
-8.44678, 9.97774
-7.23211, 9.95415
-6.90323, 9.95097
-6.9701, 9.95434
-7.43359, 9.95478
-7.29913, 9.95475
-6.84162, 9.95462
-6.58847, 9.9541
-6.2186, 9.95184
-6.46541, 9.95586
-6.0406, 9.95459
-6.40297, 9.95454
-6.65018, 9.95269
-7.85259, 9.96096
-7.57647, 9.96356
-7.71455, 9.96348
-7.93271, 9.97277
-7.64604, 9.96452
-7.78442, 9.96361
-7.16991, 9.95964
-6.28224, 9.95675
-7.1078, 9.96477
-5.70013, 17.0057
-5.60127, 17.0162
-5.54305, 17.0756
-3.55142, 21.5785
-3.46678, 21.6286
-4.13158, 28.8455
-3.60659, 28.2508
-6.71982, 9.96254
-7.36986, 9.95979
-7.50764, 9.96298
-5.98217, 9.956
-8.00118, 9.96926
-6.15776, 9.95082
-0.937948, 9.74095
-0.851337, 9.73083
-0.894794, 9.73798
-1.52321, 9.89646
-1.17103, 9.89394
-0.996171, 9.89297
-0.765526, 9.72692
-0.680195, 9.72725
-0.723819, 9.74014
-0.6384, 9.7401
-0.595224, 9.73181
-0.809285, 9.73943
-2.24074, 9.90265
-1.61209, 9.89859
-1.65708, 9.90231
-2.10531, 9.90472
-1.88016, 9.9031
-1.96983, 9.90299
-1.39118, 9.89872
-1.08421, 9.89981
-1.43622, 9.90542
-1.25972, 9.90219
-1.12796, 9.89995
-1.48016, 9.90401
-1.21516, 9.89668
-0.467355, 9.72978
-0.339538, 9.72307
-0.382156, 9.7265
-0.510591, 9.74263
2.12517, 9.78795
-0.42494, 9.73273
2.37496, 9.70565
2.6001, 9.70369
2.46572, 9.70879
2.82556, 9.85389
2.33048, 9.70717
2.24299, 9.71544
2.87245, 9.85491
3.0612, 9.85867
2.91968, 9.85667
2.78254, 9.86613
2.97015, 9.86873
3.1099, 9.86334
3.29743, 9.85498
3.34554, 9.85565
3.25252, 9.86357
3.39665, 9.86459
3.20234, 9.8558
3.15839, 9.86682
3.01289, 9.85472
-0.552245, 9.72533
-3.12524, 9.91198
-2.70186, 9.9103
-2.93587, 9.91132
-2.98427, 9.91565
-2.84348, 9.91638
-2.65652, 9.91426
-2.56339, 9.9119
-2.42416, 9.90672
-2.51839, 9.9162
-2.2891, 9.91519
-2.33418, 9.91289
-2.60942, 9.91125
-3.32091, 9.92515
-3.22367, 9.92142
-3.27194, 9.92246
-3.41879, 9.92889
-3.17852, 9.92968
-3.36965, 9.92667
-2.79719, 9.9181
-2.47268, 9.91739
-2.80911, 19.6922
-2.82754, 30.1327
-2.89203, 9.92211
-2.73877, 19.7612
-2.23866, 20.2612
-2.33536, 29.5924
-2.75229, 9.92443
-2.38184, 9.92109
-3.03277, 9.91975
-3.07929, 9.91693
-2.06126, 9.9099
-1.79136, 9.90634
-1.92545, 9.9056
-2.01661, 9.91194
-1.83693, 9.91121
-2.15169, 9.9101
-1.70213, 9.90582
-1.30435, 9.90751
-1.56966, 9.91047
2.12818, 10.0123
-1.34837, 9.90767
-1.74846, 9.91603
-2.16092, 20.3145
0.639553, 24.4236
0.959352, 24.4172
0.533395, 24.4452
0.746512, 24.4336
0.853083, 24.4291
1.38625, 24.4127
1.49319, 24.4134
1.17306, 24.4218
1.28009, 24.4255
1.60061, 24.4206
1.06658, 24.4287
2.12907, 10.2359
-2.19794, 9.91429
-1.0411, 9.90544
-3.46538, 9.92332
2.19572, 9.70368
6.46955, -14.5309
6.70149, -14.5366
6.62099, -14.5284
5.94251, -14.5254
6.54316, -14.5253
5.86934, -14.5271
6.93295, -14.5352
7.17038, -14.5401
7.00934, -14.5319
7.08452, -14.5254
7.2467, -14.5346
6.85667, -14.5382
5.28421, -14.5183
5.50037, -14.518
5.35685, -14.5204
4.9978, -14.5147
5.64497, -14.516
4.92767, -14.5164
6.16456, -14.5228
6.39038, -14.5232
6.08606, -14.5136
6.23695, -14.5169
6.31459, -14.5226
5.79218, -14.5182
6.77288, -14.5245
7.98153, -14.5484
8.6567, -14.5506
8.401, -14.551
8.48254, -14.5453
8.91435, -14.5469
8.74123, -14.5478
9.18457, -14.5567
9.45602, -14.561
9.26627, -14.5451
9.35994, -14.5517
9.09447, -14.5542
9.00404, -14.5504
7.48853, -14.5399
7.64865, -14.5377
7.56991, -14.5417
7.40504, -14.5332
7.80883, -14.5329
7.72844, -14.5351
8.56674, -14.5434
8.82381, -14.5412
8.05657, -14.5344
8.14092, -14.5367
8.31063, -14.5406
7.89411, -14.5392
8.22889, -14.5445
7.32985, -14.5422
4.09169, -14.5081
4.50476, -14.5077
4.29829, -14.5108
3.88669, -14.5053
4.15937, -14.5054
4.02274, -14.5055
5.06734, -14.5106
5.42541, -14.5109
5.13662, -14.5054
5.20763, -14.5045
4.71436, -14.5093
4.64552, -14.5126
3.48044, -14.4971
3.61625, -14.504
3.54746, -14.4973
3.74769, -14.4912
3.81572, -14.4931
3.68147, -14.4958
4.36416, -14.5005
4.85286, -14.5037
4.22458, -14.4939
4.57133, -14.4984
4.78138, -14.5
3.95257, -14.4979
4.4344, -14.5043
5.71669, -14.5127
9.51319, -14.3729
9.50521, -14.4979
9.36026, -13.0022
9.49217, -13.3075
9.50852, -14.097
9.51506, -13.8445
9.51647, -13.9768
9.51539, -13.464
9.52194, -13.5987
9.51496, -13.7158
9.51414, -14.2389
9.14519, -12.4725
9.40095, -12.4755
9.23046, -12.4742
9.31113, -12.4691
9.56912, -12.4707
9.48375, -12.4718
10.0173, -12.4813
10.1075, -12.4817
9.83369, -12.474
9.92039, -12.4716
9.75085, -12.4805
9.66079, -12.4771
9.23822, -12.7153
5.57083, -14.5125
6.01157, -14.5132
16.8293, -14.6295
17.2811, -14.6295
17.1274, -14.6282
16.5317, -14.626
16.9748, -14.6264
16.6796, -14.6276
17.7589, -14.6393
22.2827, -25.4775
22.2752, -25.9572
18.4041, -24.1924
18.4069, -24.0202
18.4032, -23.8564
18.4818, -21.7626
22.2977, -23.9051
22.298, -24.2873
22.293, -24.6635
22.3069, -26.8177
22.3023, -22.2418
22.3106, -21.4005
22.3146, -21.6902
22.3108, -21.9685
22.3036, -22.5419
22.3041, -22.8462
22.2985, -23.1428
18.4949, -20.3051
19.2611, -19.0126
19.1656, -19.0203
18.4783, -18.6891
18.494, -16.9376
18.4999, -16.5328
18.5026, -16.1566
18.5071, -15.7866
18.5099, -15.4365
18.5157, -17.8719
19.0678, -19.0087
20.1538, -19.0339
20.2567, -19.0205
20.046, -19.0315
19.9356, -19.02
22.9207, -20.9156
18.2454, -14.6435
17.5934, -14.6323
17.9063, -14.63
18.0749, -14.6367
17.4436, -14.6369
15.1292, -14.6101
15.3982, -14.6124
15.2614, -14.6096
12.4532, -13.1702
12.4206, -13.8544
12.3984, -12.5071
12.9209, -14.5995
14.1934, -14.6006
14.1052, -14.6032
12.9981, -14.5958
13.0751, -14.5848
12.8437, -14.5918
14.2804, -14.5948
14.0131, -14.5963
13.9204, -14.587
13.8334, -14.5901
13.7482, -14.5964
12.7294, -12.5091
14.9936, -14.6062
16.0872, -14.6125
16.3812, -14.6208
15.6656, -14.6084
15.8048, -14.6098
15.9466, -14.6123
15.5354, -14.6143
16.2392, -14.6218
23.0338, -16.4298
23.0387, -16.1318
23.0341, -16.5822
22.9887, -15.072
22.9997, -14.9362
23.0357, -15.9804
23.0453, -15.691
26.3074, -26.3314
26.3008, -26.1967
26.3078, -25.9169
26.3035, -25.7829
26.3114, -26.4684
26.3103, -26.0527
26.3102, -25.643
26.3099, -25.508
26.3018, -25.3783
26.3143, -25.2373
26.3171, -25.1026
26.3226, -27.1632
26.2674, -21.7355
26.4818, -27.1813
27.1448, -27.1311
27.2713, -29.152
27.2673, -28.8868
27.2721, -28.7551
27.2697, -28.6218
27.2668, -28.4882
27.2679, -28.2216
27.2739, -29.0204
27.2773, -28.3571
27.2738, -28.0891
27.2646, -27.9529
29.4245, -42.7724
28.8065, -42.7603
28.1664, -42.7467
27.4825, -42.7349
30.3801, -42.8062
30.2012, -33.5446
27.2828, -23.6712
27.2716, -23.5546
27.1984, -24.433
27.0833, -22.4536
26.8705, -22.4544
27.1896, -22.45
26.9762, -22.4428
26.764, -22.4506
26.6577, -22.4513
26.5508, -22.4376
26.4449, -22.4424
26.3967, -23.9446
26.1838, -21.0124
26.0825, -20.9606
25.9827, -20.9533
25.8833, -20.9547
32.3472, -42.8523
31.112, -42.8212
30.7572, -42.8117
32.0969, -42.8409
31.8107, -42.8439
33.1656, -55.3739
33.5773, -55.3811
33.3653, -55.3831
33.6818, -42.8656
33.4853, -42.8642
33.2823, -42.8667
33.6874, -40.4186
33.085, -42.8626
32.6663, -33.8641
32.5339, -33.8613
33.9795, -55.3885
33.7786, -55.3855
34.059, -42.8767
33.9005, -40.4295
33.8725, -42.8702
34.3738, -55.3953
34.1745, -55.3945
34.7102, -41.3598
34.7149, -41.2012
34.7166, -41.0461
35.4319, -55.4214
35.2507, -55.4181
35.064, -55.4185
34.8052, -42.8869
34.7295, -40.8832
34.1352, -40.4268
34.7339, -40.7283
35.7912, -55.4266
35.61, -55.4264
36.665, -55.4377
36.4906, -55.4381
36.3102, -55.4432
36.1413, -55.435
35.9692, -55.4285
36.1603, -42.9068
35.8232, -42.8976
35.9976, -33.9007
35.6675, -33.8965
35.9988, -42.8949
35.6504, -42.8954
35.4773, -42.8922
34.3825, -33.8691
34.1351, -33.8736
34.2616, -33.863
34.0135, -33.8673
33.7655, -33.8673
32.9351, -33.8587
32.8041, -33.8555
31.9178, -32.9199
31.9041, -32.8136
31.3186, -32.734
32.4078, -33.8454
35.5389, -32.7558
35.884, -32.7539
35.656, -32.7483
35.4236, -32.7551
35.3091, -32.7509
35.1909, -32.7587
35.0741, -32.7602
35.7733, -32.7393
34.9621, -32.7448
34.8446, -32.7471
33.8941, -33.8538
33.6436, -33.8593
37.0038, -55.4428
36.8253, -55.4506
37.0011, -42.9068
36.8335, -42.909
37.171, -55.4456
37.1555, -42.9188
37.6617, -55.4572
37.4955, -55.4576
37.3358, -55.4495
37.323, -42.9138
38.0167, -42.9276
38.6187, -55.4783
38.466, -55.4655
39.1001, -55.4775
38.9411, -55.4771
38.7842, -55.4726
39.4088, -55.4869
39.2563, -55.4802
39.8767, -55.4845
39.7148, -55.4953
39.568, -55.4829
39.9451, -42.9613
39.8042, -42.9535
39.652, -42.9641
39.5141, -42.9487
39.3679, -42.9465
39.2199, -42.946
39.0752, -42.9386
38.9236, -42.9417
38.7706, -42.9455
38.3785, -36.9852
38.3779, -36.8668
38.3772, -36.7492
38.3788, -36.6306
38.3933, -36.5036
38.3963, -36.3857
38.391, -36.2743
38.4011, -36.1529
38.4054, -36.0363
38.3955, -35.9302
38.4086, -35.809
38.4049, -35.6999
38.4193, -35.5794
38.4346, -34.7619
38.4111, -35.4746
38.3486, -37.7107
38.6258, -42.9349
38.3345, -34.062
38.2206, -33.9579
38.1024, -33.9421
37.9838, -33.9339
37.8645, -33.9361
37.7457, -33.9298
37.6263, -33.9309
37.5064, -33.9375
37.2681, -33.9292
37.3879, -33.9256
37.1487, -33.9263
37.0299, -33.9178
36.9112, -33.9069
36.7905, -33.9153
36.7959, -32.7932
36.6878, -32.7326
33.3888, -28.8307
33.5316, -28.7699
33.6874, -28.7155
33.8237, -28.6543
33.9648, -28.5961
34.1023, -28.5374
34.2454, -28.4821
34.3867, -28.427
34.517, -28.3683
34.6547, -28.3137
35.51, -27.8283
35.8607, -26.9959
36.2638, -25.8126
36.2163, -25.7011
36.172, -25.5829
36.1247, -25.4761
36.0774, -25.371
36.0337, -25.2583
35.9912, -25.1446
36.5731, -32.7301
41.136, -55.5049
40.9994, -55.5048
40.8652, -55.5009
40.7307, -55.4961
41.6375, -48.8732
41.6375, -48.6227
41.643, -48.3666
41.6503, -48.1111
41.6913, -46.4409
41.7157, -45.4601
41.7197, -45.3037
41.7062, -46.2014
41.6727, -47.1989
41.7269, -44.5093
41.7304, -44.2005
43.3005, -55.5472
43.169, -55.539
43.0285, -55.5459
42.8917, -55.545
42.7606, -55.5329
42.6203, -55.5358
42.4868, -55.5258
42.3455, -55.528
42.209, -55.5209
42.0631, -55.5284
41.9195, -55.5309
41.7393, -43.886
41.7503, -43.0284
41.6223, -42.9997
41.4831, -42.9984
41.3453, -42.9927
40.372, -42.9703
40.2322, -42.964
40.0864, -42.9674
41.208, -42.9844
41.066, -42.9865
43.6358, -50.5311
43.4895, -50.5413
43.4921, -34.9119
43.3941, -34.8995
42.0659, -31.1399
41.473, -31.1346
41.7725, -31.1367
42.3347, -31.1397
43.0311, -31.1398
43.3088, -34.8596
44.0131, -61.8579
44.019, -61.5346
44.0305, -61.2056
44.0373, -60.8926
44.0445, -60.5847
44.0484, -60.289
44.0086, -55.5332
44.0508, -50.5442
43.912, -50.542
43.7712, -50.5428
44.2984, -64.9387
44.3093, -64.603
44.3212, -64.2715
44.2731, -61.9165
44.1336, -61.9084
44.2897, -55.5416
44.1448, -55.5478
44.3268, -63.9596
44.3266, -50.5492
44.1886, -50.5475
44.3302, -63.6583
44.3434, -63.3422
44.3753, -62.0079
44.3919, -51.3748
44.4715, -58.8143
44.4752, -58.4849
44.4892, -58.1388
44.4974, -57.8125
44.499, -57.5067
44.5073, -57.1924
44.5159, -56.8832
44.522, -56.5854
44.5367, -55.6254
44.428, -55.5493
44.4039, -51.0149
44.409, -50.6787
44.5919, -41.3987
44.5719, -40.6961
44.4545, -40.6265
44.3272, -40.6186
44.1988, -40.6171
44.0688, -40.6228
43.7993, -31.1467
44.0198, -31.1487
44.8079, -31.146
43.941, -40.6151
43.8114, -40.6168
43.6837, -40.607
45.1302, -30.4605
48.6659, -61.7008
48.6568, -54.0147
48.6474, -46.964
45.1342, -29.4081
45.1382, -28.4558
48.7644, -54.0648
60.9698, -61.7772
61.0722, -54.0428
61.0529, -46.9582
48.7815, -46.9516
48.7697, -38.8241
61.0947, -61.7959
65.526, -46.7192
65.5261, -47.0635
65.5276, -46.3876
65.527, -47.4176
65.5267, -45.5164
67.3233, -52.2452
67.3326, -58.4815
67.2996, -55.4568
65.7503, -44.3913
65.7505, -44.7125
65.7618, -42.904
65.7569, -43.1845
65.7577, -43.4827
65.7536, -43.7759
65.7527, -44.0824
65.7524, -45.0444
65.6855, -45.2191
65.5405, -45.2079
65.5404, -40.8789
65.5411, -40.0744
65.542, -40.3403
67.1729, -39.7117
66.8844, -39.7112
66.4578, -39.7114
67.0265, -39.7084
66.7406, -39.7098
66.597, -39.7075
66.3163, -39.7103
66.1751, -39.7083
67.3113, -39.7005
66.0331, -39.7039
65.6632, -39.7863
65.5803, -39.8884
65.5436, -40.612
65.5449, -41.1658
65.541, -41.4408
65.5345, -41.7153
65.5333, -42.0055
67.3578, -38.174
67.3837, -35.1061
61.1076, -38.8552
67.4186, -52.2069
67.4297, -55.4359
68.0028, -57.4975
68.0076, -56.6247
68.0051, -57.2025
68.0051, -57.8086
68.0037, -58.1174
68.0023, -58.4322
67.9975, -58.7457
68.0132, -50.4243
68.0178, -51.3353
68.0223, -50.3242
68.0197, -51.1832
68.0284, -52.039
68.0188, -52.8095
68.0204, -53.0902
68.0125, -53.356
68.0141, -54.5435
68.0106, -54.8461
68.0099, -55.1611
68.0071, -55.4776
68.0041, -55.8
67.9052, -39.7091
67.4743, -38.1349
68.072, -37.5364
68.0762, -36.3491
68.076, -36.5418
68.0768, -36.7381
68.0785, -36.9381
68.0782, -37.1376
68.0742, -37.747
68.0765, -37.9605
68.0733, -38.1687
68.0787, -38.3922
68.0713, -38.5996
68.0729, -38.8231
68.0638, -39.4906
68.0507, -39.7033
67.7558, -39.7074
67.6092, -39.709
67.463, -39.7099
68.0784, -34.7345
68.0804, -34.9404
68.3033, -62.7652
68.2262, -62.885
68.2075, -63.1337
68.2004, -63.4127
68.196, -63.7032
68.1929, -64.0022
68.1891, -64.3055
68.1856, -64.6156
68.18, -64.9271
68.1692, -65.2326
69.9408, -62.7675
69.7952, -62.7565
69.6542, -62.7527
69.3749, -62.7464
69.2374, -62.7457
69.098, -62.7399
68.9642, -62.744
68.4164, -62.7229
68.3564, -59.6617
68.0851, -36.1705
68.0822, -37.3458
68.0825, -33.9466
68.093, -32.8271
68.0917, -33.1954
68.0996, -32.2926
68.0968, -32.4684
68.0953, -33.0137
68.0948, -33.3866
68.092, -33.5729
68.0905, -33.7625
68.0908, -34.1515
68.0828, -34.3393
68.089, -34.5459
68.0811, -35.1468
68.1175, -31.3512
68.1231, -31.5387
67.487, -31.8213
67.4094, -31.9273
68.128, -31.1808
61.196, -31.1995
61.0739, -31.2554
68.1099, -28.8397
68.1267, -29.7869
68.1294, -29.9585
68.1265, -30.1265
68.1285, -30.3002
68.1235, -30.4689
68.1298, -30.6495
68.1212, -30.8175
68.1295, -31.0031
68.1153, -29.014
68.4829, -27.8136
76.1962, -28.4168
77.9108, -28.4093
77.5911, -28.4071
73.3348, -28.4108
73.126, -28.4032
72.9377, -28.4054
72.1992, -28.4063
77.2709, -28.4019
75.0683, -28.3991
74.8175, -28.3975
72.3679, -28.3993
75.3103, -28.395
74.5614, -28.3917
74.3326, -28.3947
74.0949, -28.392
72.0049, -28.3968
71.8282, -28.3961
71.6647, -28.4018
71.4912, -28.4
71.3274, -28.4027
70.6361, -28.3796
70.4175, -28.3777
70.2027, -28.3767
69.9875, -28.3736
69.7823, -28.3763
77.6199, -27.7781
69.5696, -28.3714
68.6352, -28.4274
68.4297, -28.4298
68.2813, -28.4767
67.483, -28.8167
67.4065, -28.9195
48.8233, -31.1346
48.7223, -31.16
71.3759, -27.72
74.8066, -27.6767
77.6435, -27.6801
71.4512, -27.6633
45.1417, -27.5964
68.5462, -27.7003
40.3679, -27.2297
45.1449, -26.814
45.1471, -26.1075
45.1505, -25.4462
40.2717, -27.2216
40.1772, -27.228
40.0814, -27.222
40.0415, -27.7779
40.0336, -28.724
35.9496, -25.0309
35.9021, -24.9349
35.8571, -24.8341
35.8198, -24.7156
35.7764, -24.6147
35.736, -24.5082
35.6885, -24.4211
35.6516, -24.3099
35.6131, -24.2042
35.5673, -24.1178
32.6545, -23.1975
32.4252, -23.2903
32.191, -23.3847
31.9475, -23.4845
31.693, -23.5908
31.4365, -23.6959
35.0461, -23.6403
34.9816, -23.6014
34.8998, -23.5854
34.8367, -23.5443
34.7616, -23.5187
34.692, -23.4857
34.6194, -23.4562
34.5432, -23.4311
34.4776, -23.3922
34.4039, -23.3632
34.3279, -23.3369
34.2518, -23.3103
34.1771, -23.2816
34.1106, -23.2426
34.0392, -23.2094
33.9614, -23.1834
33.8875, -23.1525
33.8144, -23.1204
33.7452, -23.0834
33.6721, -23.0505
33.5939, -23.0233
33.5163, -22.9949
33.4461, -22.9579
40.0713, -23.3453
40.0687, -23.9703
41.116, -24.1557
41.1095, -25.0711
41.0785, -22.6338
41.0744, -22.9408
41.0741, -23.2732
40.8123, -22.5657
41.0853, -21.7517
41.0828, -22.0354
41.0784, -22.3214
40.7274, -22.5557
40.6453, -22.556
45.1521, -24.8527
45.1548, -24.2933
45.1574, -23.775
45.1578, -23.3095
45.1613, -22.8512
45.1616, -22.4467
45.1636, -22.0553
65.7995, -23.3551
66.5887, -23.3581
65.1175, -23.2233
65.1145, -23.2666
65.1191, -23.312
61.175, -22.827
62.6251, -21.9671
62.6237, -22.1216
62.6256, -22.279
65.1188, -21.9367
65.1107, -22.2344
65.1178, -22.3913
68.9799, -22.108
68.9838, -22.2495
68.9815, -22.3193
76.7904, -22.2278
76.7929, -22.3207
76.7954, -22.1354
68.9955, -22.1827
68.9893, -22.3924
68.9889, -21.9013
68.9814, -21.9688
83.6874, -22.0815
83.6897, -21.959
76.8202, -21.8589
76.8023, -21.9505
76.7971, -22.0429
68.989, -22.0407
65.1267, -22.0924
65.1231, -22.5479
65.4359, -21.8231
66.2957, -21.8164
65.1693, -21.8165
62.9302, -21.8561
62.6935, -21.8573
62.6274, -22.4374
48.7851, -22.8037
48.7164, -22.8877
44.9636, -21.1791
44.7975, -21.153
44.6416, -21.1397
44.4971, -21.141
44.3575, -21.1481
44.2141, -21.1487
43.9231, -21.1398
42.4857, -21.1133
42.6704, -21.1115
42.5778, -21.1121
42.3926, -21.1112
42.2101, -21.113
42.1174, -21.1095
42.2989, -21.1068
41.8447, -21.1064
41.7554, -21.1076
41.6639, -21.1027
41.5763, -21.1067
42.0231, -21.1009
41.9324, -21.1002
41.4851, -21.101
41.3942, -21.0947
41.3107, -21.1078
44.0625, -21.136
43.3611, -21.1363
30.6864, -24.9082
30.612, -25.0942
30.5369, -25.2829
25.1686, -20.9328
25.0031, -20.9345
24.8386, -20.9359
24.6683, -20.9284
24.5033, -20.9262
24.3405, -20.9254
24.0172, -20.9225
23.7048, -20.9286
23.5438, -20.923
24.1739, -20.9181
23.8567, -20.9204
25.1052, -16.5818
25.107, -16.2006
25.1112, -15.8237
25.0809, -15.614
25.0061, -15.6041
30.6818, -18.3339
31.9422, -18.3537
31.971, -18.2522
35.3739, -18.3489
36.1934, -18.3616
36.8862, -18.3808
31.9793, -18.1486
31.9682, -18.0428
36.8032, -17.4286
36.0384, -17.5488
36.8865, -18.2448
37.3177, -17.4379
37.822, -17.4499
36.8981, -18.3065
36.8956, -18.1727
38.4307, -16.9579
64.3026, -19.3449
64.2985, -19.4893
64.3069, -19.641
73.8062, -20.6288
82.1452, -20.6641
82.4684, -20.6615
74.0149, -20.6305
65.393, -20.603
67.4489, -20.0779
67.7882, -20.0792
66.6458, -20.0497
66.4654, -20.0458
66.5567, -20.0465
66.7422, -20.0479
67.6242, -20.0759
67.9734, -20.0771
72.2865, -20.1133
71.1191, -20.0705
71.238, -20.0819
68.157, -20.0772
72.8499, -20.5321
75.0039, -20.1213
74.2404, -20.6269
79.6431, -20.1054
77.5444, -20.0962
77.8249, -20.097
78.1105, -20.0983
76.4851, -20.0927
76.7482, -20.0908
75.7575, -20.0865
75.9981, -20.0872
76.2475, -20.0865
77.0135, -20.0903
77.2792, -20.092
78.4143, -20.0954
78.7063, -20.0994
79.0109, -20.1014
79.3273, -20.102
79.9783, -20.1051
80.3168, -20.1065
80.6642, -20.1079
72.9179, -20.6065
81.3774, -20.6271
64.3314, -20.604
64.8469, -18.1655
64.8496, -16.9016
64.8493, -17.7401
64.8491, -18.3099
64.8389, -18.449
64.854, -16.7655
64.8547, -17.4608
64.863, -17.0457
64.8637, -17.1851
64.86, -17.323
64.8615, -17.6044
64.8565, -17.8849
64.8575, -18.0276
64.8523, -18.5999
64.8406, -18.7394
64.4513, -19.1289
64.3407, -19.2184
64.3074, -19.7893
28.4193, -16.2077
28.417, -16.3709
38.4409, -16.5298
38.4521, -16.1217
64.8577, -16.6295
42.6488, -16.2837
42.4694, -16.2983
28.4348, -15.7321
38.4601, -15.7625
62.629, -15.6386
28.4393, -15.8976
28.4313, -16.0538
28.4243, -16.5436
28.4139, -16.7023
28.4093, -16.8672
23.3814, -20.9141
23.2252, -20.9122
23.0775, -20.9209
23.0475, -15.8401
23.1044, -15.5841
25.0605, -15.0458
25.063, -14.7247
64.8642, -15.5488
38.4678, -15.4273
38.4767, -15.1043
38.4843, -14.8082
64.8693, -15.2842
64.8704, -15.4176
64.8705, -15.1519
64.8633, -14.8854
64.8757, -15.0215
62.974, -15.077
62.6713, -15.0939
62.6331, -15.218
62.6321, -15.3578
62.6286, -15.4971
28.4352, -15.4125
28.4409, -15.5765
23.3236, -15.5843
23.5489, -15.5867
23.0391, -16.2824
22.9928, -14.5074
23.0046, -14.2357
22.9974, -14.3704
23.1117, -14.0245
23.3484, -14.0291
23.0025, -14.096
24.1096, -14.0603
38.4913, -14.533
38.4963, -14.2847
64.8299, -14.1604
28.4495, -14.1788
28.4495, -14.3288
28.446, -14.4775
28.4425, -14.627
24.8652, -14.068
23.8309, -14.0375
28.465, -13.4482
64.8456, -13.7541
64.8413, -13.8895
64.8354, -14.0248
64.8359, -13.4788
64.8473, -13.6183
38.3513, -13.4478
37.6499, -13.4334
37.4115, -13.4301
37.1753, -13.4262
36.9297, -13.4138
36.6962, -13.4075
36.4623, -13.399
36.2372, -13.3944
35.5037, -13.3822
35.2571, -13.3726
35.0193, -13.3668
34.7738, -13.3535
64.8325, -13.3421
34.5454, -13.3499
34.3223, -13.348
34.0956, -13.3416
33.8589, -13.3259
32.0389, -13.278
31.8815, -13.2716
30.0638, -13.2125
29.2821, -13.205
29.1878, -13.1977
29.9524, -13.2094
31.0112, -13.2389
30.8724, -13.2252
30.7467, -13.2249
31.7202, -13.2599
33.1494, -13.3117
64.8438, -12.5389
64.8462, -12.6731
64.8451, -12.8068
64.8386, -12.9392
64.8382, -13.0736
64.8342, -13.2074
32.959, -13.3037
32.7651, -13.2912
28.499, -13.3208
28.4741, -13.5997
28.4737, -13.7467
28.4673, -13.891
28.4575, -14.0341
24.5978, -14.0588
24.3526, -14.06
23.5864, -14.0324
22.9883, -14.6452
22.9856, -14.7848
11.3475, -12.4927
11.6533, -12.4966
11.4519, -12.4976
11.0505, -12.4903
11.7516, -12.4923
11.5478, -12.4923
11.9666, -12.5005
12.5002, -12.5002
12.1716, -12.4945
12.6072, -12.4977
12.069, -12.4978
11.8583, -12.496
10.4749, -12.4835
10.7588, -12.4862
10.6613, -12.4828
10.2828, -12.4741
10.3762, -12.476
10.5635, -12.4781
11.1435, -12.4853
11.2447, -12.4886
19.2552, -7.68203
19.3248, -7.61223
21.1245, -9.18519
10.9511, -12.4873
10.8571, -12.4897
21.1719, -8.87811
21.1772, -9.09845
21.1771, -8.98916
21.1668, -8.23133
21.1722, -8.55414
21.1689, -8.76843
22.4385, -9.25402
21.9707, -9.25212
22.3759, -9.24435
22.3192, -9.25033
22.026, -9.24496
21.9126, -9.25049
23.4753, -9.23652
23.359, -9.23098
23.245, -9.22678
23.1363, -9.22677
24.5015, -9.21948
25.0192, -9.21169
25.3482, -9.18926
25.1972, -9.2095
24.8381, -9.21041
24.6676, -9.21423
24.3274, -9.21806
24.1528, -9.21479
24.5986, -8.46998
64.8453, -12.0079
64.8473, -12.1408
64.8468, -12.2734
64.8562, -12.4089
64.3253, -10.4552
64.8681, -9.41802
64.8672, -9.54557
64.8822, -9.29275
64.8697, -9.67389
64.8717, -9.80231
64.8849, -9.16577
64.8827, -8.43755
64.4378, -10.347
64.3362, -10.5912
64.326, -10.7227
64.325, -10.8564
64.3175, -10.9889
64.3161, -11.1232
64.3278, -11.261
25.3838, -8.49329
21.9647, -8.35334
21.8678, -8.30953
24.605, -8.35228
64.8958, -8.17511
64.8896, -8.30631
25.3837, -8.24766
25.3864, -8.37118
21.1773, -8.66386
21.163, -8.01796
21.1661, -8.12492
21.1553, -7.80459
21.1591, -7.70127
21.1641, -7.91294
25.3755, -8.00088
64.8947, -7.91116
64.8807, -8.041
25.3825, -7.88148
25.3718, -7.63605
64.8863, -7.64694
64.8864, -7.7784
34.7907, -7.78965
27.6186, -7.65932
27.634, -7.7936
25.3708, -7.75662
25.3833, -8.12524
21.1382, -9.30103
12.2869, -12.5033
10.1916, -12.4739
6.81089, 9.81786
7.20038, 9.82008
6.93902, 9.81848
6.3175, 9.82165
6.50127, 9.82234
7.07001, 9.82086
7.46085, 9.81152
7.59884, 9.81404
7.39871, 9.81843
7.53707, 9.82251
7.66868, 9.81546
7.32948, 9.81536
5.56143, 9.8298
6.4408, 9.82385
6.02127, 9.82583
5.84868, 9.83075
6.14282, 9.83057
5.50529, 9.83041
6.6895, 9.82485
7.00792, 9.82475
6.75496, 9.82853
6.88177, 9.82819
7.13983, 9.82713
6.56517, 9.82548
7.26873, 9.82313
8.89877, 9.79679
9.05656, 9.79733
8.97927, 9.79915
8.29882, 9.80296
8.74902, 9.80245
8.59523, 9.80098
9.30036, 9.80053
9.62489, 9.79436
9.22188, 9.80314
9.55066, 9.80403
9.46472, 9.80101
9.14014, 9.8016
7.87474, 9.81173
8.01131, 9.80536
7.94328, 9.80914
7.80758, 9.81547
8.165, 9.81734
8.08837, 9.81198
8.83052, 9.80728
9.3866, 9.80537
8.38373, 9.81608
8.67966, 9.81057
8.52745, 9.80972
8.22961, 9.80767
8.44802, 9.80441
7.73867, 9.81646
4.1777, 9.84204
4.32993, 9.84051
4.2281, 9.84117
3.92939, 9.8491
4.28257, 9.84923
4.07711, 9.84301
4.58837, 9.83978
4.693, 9.83908
4.43576, 9.84703
4.64533, 9.84952
4.53785, 9.84336
4.38543, 9.84985
3.53968, 9.85882
3.73387, 9.85539
3.637, 9.85851
3.59019, 9.86395
3.78544, 9.86141
3.49129, 9.85909
4.03071, 9.85238
4.49071, 9.85397
3.88271, 9.85684
4.13278, 9.85556
3.98169, 9.85504
3.83423, 9.85971
3.68313, 9.85098
5.39381, 9.83161
5.6775, 9.83372
5.45071, 9.83335
4.90461, 9.83712
5.06637, 9.83697
5.11987, 9.83518
6.08356, 9.83092
6.63147, 9.83156
6.2054, 9.83497
6.26384, 9.83226
5.90749, 9.83171
5.73446, 9.83304
4.79841, 9.8382
5.17577, 9.83752
4.96278, 9.84599
5.01433, 9.84117
4.85191, 9.83869
5.34179, 9.83836
5.97004, 9.83833
5.62561, 9.84277
5.63733, 28.3408
5.28651, 9.83867
5.23226, 9.84045
5.79456, 9.83722
4.74414, 9.83563
6.38426, 9.8309
9.97788, -7.58736
10.0477, -7.50299
9.99093, -7.52871
10.0844, 4.97309
10.0931, 5.03222
10.1114, 4.93168
13.3063, 9.75661
13.5509, 9.75522
13.4329, 9.75959
13.6812, 9.75871
13.1873, 9.75807
12.9523, 9.76024
11.5477, 9.77586
12.0699, 9.77398
11.9566, 9.76897
11.6515, 9.7768
11.8599, 9.77652
11.7548, 9.77638
12.6099, 9.76364
12.7246, 9.76392
12.3954, 9.77178
12.8451, 9.76763
12.4979, 9.76439
12.2862, 9.77286
13.0709, 9.76047
15.927, 9.56992
19.3614, 4.91716
16.0907, 9.57294
15.6391, 9.58367
15.6448, 9.68128
15.7808, 9.57604
21.1523, -7.38672
64.9004, -7.38612
64.8887, -7.51591
25.3761, -7.51675
26.3437, -7.05877
49.8857, 1.77286
49.8878, 1.64386
50.0093, 3.45338
50.1716, 3.71997
50.0793, 3.58584
50.1786, 3.32922
50.2793, 3.85571
50.2737, 2.28732
50.1781, 2.15744
50.0718, 2.02851
49.99, 1.90011
49.9453, 1.51319
50.1211, 1.37803
62.7327, -6.60317
62.733, -6.72717
64.8936, -7.25424
64.8988, -6.34055
64.8999, -5.95032
64.9132, -4.78356
64.9119, -5.43163
64.903, -5.69071
64.9179, -4.91327
64.9197, -5.56186
64.9157, -5.82143
64.9134, -6.08135
64.9004, -6.21049
63.3251, -6.29324
62.7422, -6.35666
62.7436, -6.48057
62.7348, -6.85149
64.428, -2.63698
64.4446, -1.98729
64.4473, -2.11712
64.4433, -2.24718
64.4428, -2.37704
64.4387, -2.50697
64.4378, -2.76648
64.427, -2.89635
64.4257, -3.02601
64.4358, -3.15558
64.9153, -4.00692
64.9256, -3.87752
64.9303, -4.13647
64.9318, -4.26597
64.9288, -4.39543
64.9261, -4.52488
64.9189, -4.65421
64.9483, -0.626229
64.9462, -0.757467
64.9584, -0.88713
64.9512, -1.01865
64.9543, -1.14906
64.945, -1.28047
64.5004, -1.85451
64.4943, -3.28514
55.4413, -4.72502
55.3822, -4.83333
50.9293, 4.7107
50.8178, 4.5772
50.7346, 4.44714
50.7316, 2.85746
50.8592, 0.778473
51.124, 3.49054
51.0319, 0.646733
51.1969, 0.513856
51.3763, 0.378599
51.553, 0.241876
51.7261, 0.103787
51.9215, -0.0375481
52.1012, -0.179452
52.2872, -0.323544
54.564, -0.325014
53.3274, -0.143372
53.9311, 0.142169
53.9803, 0.110799
54.9885, 0.298401
55.1819, 0.562723
55.3803, 0.830977
55.5932, 1.12194
54.6534, 1.15601
54.2041, 0.543692
54.0294, 0.0791895
54.8257, 1.84534
55.381, 2.57563
56.0145, 3.40975
57.5823, 3.91117
57.919, 4.37175
56.7872, 3.74861
62.7956, 2.27238
62.7909, 2.1512
62.7999, 2.03465
62.8017, 1.91612
62.8384, 1.80834
63.1883, 1.79272
64.9589, 0.032237
64.9646, 2.08201
64.9657, 1.29583
64.9632, 0.905431
64.9608, -0.0992736
64.956, -0.231456
64.9677, 1.81954
64.9694, 1.55776
64.9718, 1.68925
64.9888, 4.754
64.9979, 3.7962
64.9909, 3.66406
64.9898, 3.53482
65.008, 4.06047
65.0042, 3.9286
65, 3.41063
64.9757, 1.95289
64.9723, 1.42768
64.9733, 1.16721
64.9705, 1.03664
64.9704, 0.165684
64.9666, -0.361653
64.9577, -0.494016
52.4805, -0.469998
52.6671, -0.617637
50.2874, 1.24165
40.275, 7.58901
40.9991, 7.11361
41.1739, 7.01233
41.5108, 7.66515
41.5129, 6.93161
41.5026, 6.80286
42.2517, 6.37837
43.0569, 6.81298
43.243, 5.66787
43.8725, 5.40049
43.8601, 5.27154
44.2431, 6.05438
44.0705, 5.15976
44.2704, 5.04547
45.139, 5.52518
58.2686, 4.8455
64.9908, 5.15191
64.9874, 5.01701
64.9867, 4.88438
52.6642, 7.16991
52.8007, 7.35603
52.7497, 7.11458
52.822, 7.05124
52.9427, 7.54764
52.908, 6.99537
52.9861, 6.93454
64.4526, 5.89891
64.4707, 5.77487
64.5492, 5.68901
64.721, 5.66047
64.9484, 5.66457
64.9826, 5.41485
64.9924, 5.5557
64.9875, 5.28352
64.4334, 6.6117
64.4376, 7.05487
64.4407, 6.90988
64.4436, 6.76583
53.6462, 6.65285
53.5302, 6.51445
53.1342, 5.96067
53.0242, 5.82121
52.5826, 5.25658
51.1136, 4.97703
51.0193, 4.8432
44.4769, 4.92995
44.686, 4.81285
42.6077, 6.02371
41.6381, 7.89659
46.2982, 9.51165
46.3684, 9.47972
46.4282, 9.43275
46.4871, 9.38472
62.9345, 8.71244
63.0773, 8.71121
62.7688, 9.20627
62.7646, 9.02546
62.7642, 8.85124
62.7997, 8.72202
63.2281, 8.71823
63.3996, 8.7478
53.6996, 8.56914
53.545, 8.35797
53.3923, 8.15048
53.2424, 7.94715
53.0851, 7.74173
40.696, 8.37338
40.3544, 7.73302
40.3523, 7.46849
34.9056, 4.75551
27.7095, 4.88594
25.3319, -7.38357
21.1142, -7.47694
14.0567, 9.7515
14.4493, 9.74617
14.319, 9.74947
13.9305, 9.75424
14.1947, 9.75578
14.5948, 9.75192
14.8591, 9.74207
15.588, 9.74045
15.1513, 9.74566
49.1264, 9.75093
15.4455, 9.7454
15.0038, 9.74359
14.7198, 9.74279
15.2856, 9.73802
13.7988, 9.75202
10.1333, 9.78565
10.7672, 9.78025
10.3119, 9.78565
10.4971, 9.78872
10.8692, 9.78671
10.6802, 9.7866
11.2482, 9.7779
11.4487, 9.77809
11.0613, 9.78624
11.1535, 9.7814
11.3498, 9.77965
10.9581, 9.78047
10.0526, 9.79279
10.5933, 9.79238
10.2265, 9.78975
9.79909, 9.79909
16.0424, 11.0368
16.0438, 11.2032
16.0433, 11.3844
16.046, 11.5579
16.0476, 11.7443
16.0489, 11.9397
16.0515, 12.1372
16.0527, 12.3505
16.055, 12.568
16.0573, 12.7954
16.0574, 13.0456
16.0598, 13.295
16.0631, 14.0254
16.0713, 15.1236
16.0887, 17.121
16.0817, 16.4458
16.1064, 19.2584
16.0945, 18.083
16.1224, 21.3294
16.1291, 22.1328
16.1111, 20.1561
16.1326, 22.8933
16.17, 26.0744
16.1999, 28.332
16.2059, 29.0406
16.2125, 29.7861
16.2271, 31.4043
16.2731, 26.0721
16.1955, 30.53
16.2188, 22.9998
16.3497, 26.4574
16.3071, 23.001
19.8937, 31.7622
20.0115, 31.6748
20.1375, 31.6583
16.2107, 32.3413
20.2797, 31.7673
9.96696, 9.79451
9.87939, 9.79355
20.5805, 10.4863
20.5807, 10.5998
20.5804, 10.8279
20.5842, 10.9448
20.5787, 10.7126
20.5733, 10.3698
10.4062, 9.78921
21.8282, 9.94766
22.5954, 9.94221
22.3362, 9.94471
21.1073, 9.95483
22.0883, 9.95008
21.5811, 9.94903
23.9673, 9.92757
24.263, 9.92627
23.1214, 9.93373
23.4112, 9.93747
23.6849, 9.9319
22.8559, 9.93802
20.5917, 11.0643
20.5951, 11.1822
20.5918, 11.5319
20.5949, 11.8905
20.5917, 11.297
20.6989, 9.98399
24.6185, 10.8673
24.624, 11.2833
25.3394, 11.3185
25.5435, 11.3139
25.2907, 11.3227
25.3936, 11.3237
25.4489, 11.3302
25.495, 11.32
25.5991, 11.3196
45.3239, 10.4167
45.2545, 10.2642
47.3526, 10.3237
47.6417, 10.5627
47.7074, 10.507
49.5718, 10.4258
48.2721, 10.1448
49.9467, 11.0603
47.5723, 10.6108
46.0861, 11.5543
45.9779, 11.3855
45.8573, 11.2143
45.4302, 10.5802
45.4003, 10.1679
45.539, 10.0688
20.8723, 9.95557
20.5999, 12.0135
20.6086, 13.1444
20.6052, 13.0546
20.6091, 12.9727
24.6286, 11.7561
24.6349, 12.2611
24.6411, 12.833
44.297, 12.8064
44.4263, 12.7157
44.5647, 12.6274
44.6982, 12.5365
45.4776, 12.0264
45.6037, 11.935
45.7494, 11.8494
50.8273, 12.3696
50.4001, 11.6808
45.8721, 11.7552
46.0155, 11.6668
44.8485, 12.4504
20.6162, 14.2538
20.6189, 13.7827
20.617, 13.6885
20.6155, 13.5051
20.611, 13.4108
25.6178, 13.1638
43.6413, 13.2434
43.7774, 13.1596
43.8974, 13.0688
44.0321, 12.9828
51.374, 13.1583
44.1628, 12.8944
24.647, 13.4848
43.2568, 13.4989
43.3815, 13.4132
43.518, 13.3313
42.6814, 13.8479
42.4282, 14.0283
42.5573, 13.9395
42.285, 14.1106
20.6242, 14.166
20.6268, 14.0732
20.6215, 13.9725
20.6209, 13.8778
20.62, 13.6003
20.6199, 13.3311
20.6191, 13.2423
20.6102, 12.8889
20.6101, 12.8046
20.6288, 14.3657
20.6262, 14.6616
20.6196, 14.5535
20.6311, 15.6714
20.6369, 15.5592
20.634, 15.4346
24.8829, 16.1194
25.0929, 16.1152
25.1627, 16.1132
25.2315, 16.1147
24.952, 16.1222
25.021, 16.1247
25.2993, 16.1198
25.3699, 16.1129
25.4396, 16.1086
25.509, 16.105
25.5774, 16.1049
25.6428, 16.1182
20.643, 17.153
20.6396, 16.7241
20.6379, 16.4499
25.6506, 16.4032
20.6455, 17.4508
20.6473, 17.3062
20.6469, 17.0168
25.6542, 16.7197
25.6558, 17.06
25.6589, 17.4074
31.9584, 17.4279
31.9636, 17.3045
32.0344, 17.2505
32.1128, 17.2041
32.1917, 17.1579
20.6522, 18.5933
20.651, 17.9191
25.6629, 17.7659
32.2826, 19.4714
32.3606, 19.4241
32.4424, 19.3821
32.5182, 19.3316
21.3716, 29.2018
22.9643, 26.9264
31.6944, 21.1335
31.7709, 21.0753
31.8534, 21.027
31.9289, 20.9672
32.0088, 20.9148
32.1164, 20.906
32.3067, 21.0253
31.5379, 21.2447
31.6104, 21.1794
32.5135, 21.1669
32.7196, 21.3036
30.8937, 21.6658
30.975, 21.6211
32.9265, 21.4381
33.1382, 21.5761
30.4215, 21.9811
30.4987, 21.9235
30.5791, 21.8748
30.6586, 21.824
30.7396, 21.7774
30.8159, 21.7195
33.3525, 21.7143
33.5715, 21.856
30.2651, 22.0928
30.3404, 22.0291
33.7988, 22.0059
30.0233, 22.2452
30.1031, 22.1919
30.1799, 22.1308
34.0294, 22.1568
29.3765, 22.6726
29.459, 22.6218
29.5422, 22.5736
29.6209, 22.5127
29.7008, 22.4562
29.7823, 22.4051
29.8632, 22.3528
29.94, 22.2897
24.1501, 26.1428
24.2767, 26.0679
24.4039, 25.9854
24.5299, 25.9042
24.658, 25.8057
24.7811, 25.7302
24.9058, 25.6403
25.0273, 25.5646
25.1496, 25.4784
25.2698, 25.3995
25.9236, 24.9764
26.023, 24.9179
26.1215, 24.844
26.2196, 24.7747
26.3174, 24.715
26.4145, 24.6498
26.5108, 24.5793
26.6077, 24.5303
26.7032, 24.4629
26.7981, 24.3951
26.8927, 24.3319
26.9866, 24.2654
27.0809, 24.2104
27.1742, 24.149
27.2674, 24.0912
27.3599, 24.0311
27.4514, 23.9646
27.5417, 23.8917
27.634, 23.8434
27.7248, 23.7847
27.8152, 23.7257
27.905, 23.6653
27.9929, 23.5926
28.084, 23.5503
28.1728, 23.4918
28.2611, 23.4329
28.3478, 23.3657
28.4346, 23.3021
28.5229, 23.2521
29.1315, 22.8372
29.2147, 22.7865
29.2967, 22.7325
35.0725, 22.7023
35.6289, 22.3229
35.7248, 22.2568
35.8245, 22.1946
35.9226, 22.1305
36.0218, 22.0674
36.1161, 21.9986
23.0548, 26.8497
20.6571, 19.7068
20.6546, 19.469
20.6552, 19.2456
20.654, 19.0225
20.6538, 18.8073
20.6529, 17.7674
20.6494, 17.6081
20.6492, 16.8798
20.6453, 16.5972
20.6436, 16.327
20.6361, 16.1837
20.6342, 16.0518
20.6413, 15.9364
20.6332, 15.7982
34.3554, 15.7186
20.6288, 14.4644
36.3202, 14.4326
59.833, 14.5845
59.961, 14.5249
38.1735, 15.6669
37.1515, 21.4177
37.2566, 21.3489
37.3689, 21.2863
37.4705, 21.2137
37.5704, 21.1393
37.6829, 21.0754
37.7816, 20.9993
37.8983, 20.9381
38.0064, 20.8692
38.109, 20.7952
38.2152, 20.7239
38.7381, 20.2629
38.8469, 20.182
38.9676, 20.1091
39.0857, 20.0337
39.2085, 19.9611
39.3139, 19.8758
39.4421, 19.8057
39.5544, 19.7241
40.0564, 17.0153
40.0265, 16.8546
38.3097, 15.8733
39.952, 15.6744
59.8082, 14.7395
40.1277, 19.3686
40.2344, 19.2895
40.34, 19.2092
40.4635, 19.1408
40.3541, 18.3755
40.3226, 18.2047
40.2711, 18.0232
40.2469, 17.8591
40.1977, 17.6815
40.1629, 17.5136
40.1255, 17.3453
40.0931, 17.181
40.6479, 15.1994
40.7682, 15.1177
40.8947, 15.0381
41.01, 14.9526
41.1369, 14.8717
41.2646, 14.7904
40.0739, 15.5866
36.4436, 14.6209
36.4313, 14.3479
36.5569, 14.2688
20.6007, 12.1347
20.5978, 11.6537
20.5954, 11.7712
21.349, 9.9552
20.5868, 11.4114
12.1818, 9.77693
9.71681, 9.80198
21.1633, -7.5984
3.44098, 9.85346
