0  1343.77
100  1345.14
200  1346.19
300  1347.71
400  1348.44
500  1349.02
600  1349.72
700  1350.71
800  1351.55
900  1353.08
1000  1354.02
1100  1354.8
1200  1355.91
1300  1356.9
1400  1358.14
1500  1359.12
1600  1359.77
1700  1360.77
1800  1361.57
1900  1362.27
2000  1363.23
2100  1363.79
2200  1364.48
2300  1364.91
2400  1364.98
2500  1366.06
2600  1366.85
2700  1367.52
2800  1368.03
2900  1368.16
3000  1368.64
3100  1369.15
3200  1369.72
3300  1370.07
3400  1370.8
3500  1371.02
3600  1371.93
3700  1372.22
3800  1372.82
3900  1373.29
4000  1374.52
4100  1374.75
4200  1375.24
4300  1375.76
4400  1376.17
4500  1376.52
4600  1376.63
4700  1376.96
4800  1377.28
4900  1377.81
5000  1378.19
