0   1324.2606055
10  1329.8599048
20  1333.54130376
30  1335.37081788
40  1337.62609378
50  1339.25249758
60  1340.97496832
70  1341.38075934
80  1342.49260502
90  1344.4606421
100 1345.19641116
110 1345.74252688
120 1346.11365236
130 1346.5771948
140 1348.04895504
150 1348.53005854
160 1349.20592524
170 1349.75616938
180 1350.58516596
190 1351.07857662
200 1352.24270748
210 1352.68509518
220 1353.15192134
230 1354.06395504
240 1354.74153318
250 1356.15558836
260 1356.54027342
270 1356.61346924
280 1356.99214356
290 1357.31829592
300 1358.2459424
310 1358.71388186
320 1358.9340015
330 1360.39754888
340 1361.42928228
350 1361.72780522
360 1362.0242432
370 1362.49109134
380 1362.84594482
390 1363.89170654
400 1364.5797754
410 1365.1442456
420 1365.89145506
430 1366.35892576
440 1367.60611816
450 1368.25402832
460 1368.7135669
470 1368.88888674
480 1369.75939698
490 1370.25357912
500 1370.91574466
510 1371.40129154
520 1371.67746828
530 1371.97354006
540 1372.69205084
550 1372.81709234
560 1373.35611086
570 1373.52515382
580 1374.27186282
590 1375.63325198
600 1375.9064795
610 1376.33507324
620 1377.08461912
630 1378.20516602
640 1378.32899414
650 1378.32899414
660 1378.56851806
670 1380.59580808
680 1381.17206298
690 1381.43868652
700 1381.72643798
710 1381.8648706
720 1382.17288086
730 1382.61256346
740 1382.76624754
750 1383.81088866
760 1384.53033686
770 1384.63248774
780 1385.22622308
790 1385.76806878
800 1386.24781246
810 1386.2656616
820 1386.52976316
830 1386.60509032
840 1387.45774656
850 1388.18569578
860 1388.3547412
870 1388.73726806
880 1389.73612794
890 1391.5615552
900 1391.95282474
910 1392.2313599
920 1392.65584966
930 1393.27969974
940 1393.65211188
950 1393.84633554
960 1394.60396738
970 1395.1268116
980 1395.47955818
990 1395.8034815
1000 1396.1342017
1010 1396.83719726
1020 1397.58405518
1030 1398.52908448
1040 1398.63258788
1050 1399.12852046
1060 1399.50778804
1070 1400.07071286
1080 1400.38941158
1090 1400.93434812
1100 1401.33695066
1110 1402.46800052
1120 1402.67003422
1130 1403.57135744
1140 1403.77977538
1150 1403.81450682
1160 1404.28741214
1170 1404.43535648
1180 1404.6264307
1190 1405.00194586
1200 1405.81007576
1210 1406.27691656
1220 1406.51078862
1230 1407.35688726
1240 1407.71621342
1250 1408.0384058
1260 1408.6681592
1270 1408.94911624
1280 1409.39631838
1290 1409.9614063
1300 1410.4479248
1310 1410.91162354
1320 1410.99895998
1330 1411.24734866
1340 1411.7688745
1350 1411.99968262
1360 1412.11341796
1370 1412.5205786
1380 1413.14773438
1390 1413.54590332
1400 1413.90950438
1410 1414.05107664
1420 1414.15306884
1430 1414.26093016
1440 1415.03039302
1450 1415.16873042
1460 1415.17145016
1470 1415.4898901
1480 1415.58917234
1490 1415.99007564
1500 1416.11151608
1510 1416.29339838
1520 1416.53297358
1530 1417.07169918
1540 1417.46586424
1550 1417.66419922
1560 1418.42622068
1570 1418.59791502
1580 1418.7202124
1590 1418.81663818
1600 1418.8918994
1610 1419.71749268
1620 1419.94950684
1630 1420.00568116
1640 1420.31291504
1650 1420.86828614
1660 1421.30998048
1670 1421.96851806
1680 1422.2332129
1690 1422.5067798
1700 1422.73426272
1710 1422.96634524
1720 1422.96634524
1730 1423.73117432
1740 1424.18267334
1750 1424.2258081
1760 1424.50983642
1770 1424.62862548
1780 1425.13267332
1790 1425.13267332
1800 1425.24886228
1810 1425.32305906
1820 1425.32475828
1830 1425.32475828
1840 1425.73954588
1850 1426.08270506
1860 1426.16312254
1870 1426.37439208
1880 1426.39985596
1890 1426.39985596
1900 1426.49198244
1910 1426.59938722
1920 1426.7124219
1930 1427.16420898
1940 1427.47082272
1950 1427.5467309
1960 1427.72878168
1970 1427.99969964
1980 1428.14069818
1990 1428.19207024
2000 1428.27994622
2010 1428.60077632
2020 1428.8470898
2030 1429.14087644
2040 1429.14087644
2050 1429.33839108
2060 1429.71755612
2070 1429.96875238
2080 1430.02646478
2090 1430.19240962
2100 1430.49878904
2110 1430.49883542
2120 1430.74232664
2130 1430.87767576
2140 1430.93180662
2150 1431.20090818
2160 1431.78952636
2170 1431.87611328
2180 1432.17992676
2190 1432.41352782
2200 1432.60213622
2210 1432.60213622
2220 1432.68292724
2230 1433.00390136
2240 1433.12793458
2250 1433.18484622
2260 1433.403147
2270 1433.47735354
2280 1433.5957056
2290 1433.75025636
2300 1433.75025636
2310 1434.02120852
2320 1434.04104738
2330 1434.0460889
2340 1434.08912356
2350 1434.292168
2360 1434.292168
2370 1434.6904883
2380 1434.8724829
2390 1435.48543458
2400 1435.83906496
2410 1436.23826418
2420 1436.52081788
2430 1436.55976564
2440 1436.56236818
2450 1436.63448732
2460 1437.66099854
2470 1437.74344728
2480 1438.0301172
2490 1438.17556398
2500 1438.28564454
2510 1438.55938478
2520 1438.55955322
2530 1438.55955322
2540 1438.84976318
2550 1438.97753906
2560 1439.17593994
2570 1439.23503174
2580 1439.33367188
2590 1439.62941164
2600 1439.62941164
2610 1439.70671634
2620 1439.70671634
2630 1439.80608646
2640 1439.80608646
2650 1439.85291262
2660 1439.85291262
2670 1439.85291262
2680 1439.94903078
2690 1440.13787842
2700 1440.13787842
2710 1440.4394458
2720 1440.63484374
2730 1441.0344873
2740 1441.0344873
2750 1441.16072508
2760 1441.16072508
2770 1441.21129394
2780 1441.34472658
2790 1441.36182376
2800 1441.4605225
2810 1441.69578374
2820 1441.7917725
2830 1441.93253178
2840 1442.43988526
2850 1442.43988526
2860 1442.70348632
2870 1442.72991454
2880 1442.72991454
2890 1442.78950928
2900 1442.82286376
2910 1442.95715818
2920 1443.04605466
2930 1443.23755612
2940 1443.37502926
2950 1443.37502926
2960 1443.44416746
2970 1443.50775144
2980 1443.57369872
2990 1443.57369872
3000 1443.61843016
3010 1443.77945796
3020 1443.88902338
3030 1444.0184716
3040 1444.03051506
3050 1444.10291008
3060 1444.2110766
3070 1444.3555151
3080 1444.45908932
3090 1444.52313718
3100 1444.67539548
3110 1445.00837154
3120 1445.14099116
3130 1445.1503686
3140 1445.23591548
3150 1445.59843258
3160 1445.59843258
3170 1445.76990962
3180 1445.77358882
3190 1446.15439206
3200 1446.15439206
3210 1446.2774487
3220 1446.30030758
3230 1446.48128902
3240 1446.48128902
3250 1446.56755122
3260 1446.83844476
3270 1447.14798822
3280 1447.3790307
3290 1447.3790307
3300 1447.48327876
3310 1447.65976314
3320 1447.77996578
3330 1447.81482662
3340 1447.92113278
3350 1447.92113278
3360 1448.0009155
3370 1448.0822485
3380 1448.0939819
3390 1448.18402096
3400 1448.18611326
3410 1448.2566699
3420 1448.3873486
3430 1448.45536862
3440 1448.46149412
3450 1448.55560546
3460 1448.72821776
3470 1448.72821776
3480 1448.72821776
3490 1448.85611082
3500 1448.87699218
3510 1448.87699218
3520 1448.91460204
3530 1448.96567382
3540 1449.17927734
3550 1449.19718262
3560 1449.23658448
3570 1449.23658448
3580 1449.45833496
3590 1449.6974634
3600 1449.88654788
3610 1449.89226564
3620 1450.0967432
3630 1450.15176518
3640 1450.15176518
3650 1450.22631598
3660 1450.33691658
3670 1450.3424537
3680 1450.34406748
3690 1450.4397291
3700 1450.50448252
3710 1450.50448252
3720 1450.54768078
3730 1450.54768078
3740 1450.54768078
3750 1450.54933848
3760 1450.71222178
3770 1450.7951783
3780 1451.00676034
3790 1451.01702402
3800 1451.26970224
3810 1451.29586678
3820 1451.4214405
3830 1451.54858892
3840 1451.71427008
3850 1451.71427008
3860 1451.85935308
3870 1451.94198736
3880 1451.95151862
3890 1451.96323982
3900 1451.96636238
3910 1452.06425546
3920 1452.37837412
3930 1452.64334726
3940 1452.83798592
3950 1452.90795418
3960 1453.00032722
3970 1453.00032722
3980 1453.1274366
3990 1453.1274366
4000 1453.16189704
4010 1453.22841804
4020 1453.24809822
4030 1453.37440192
4040 1453.37440192
4050 1453.37440192
4060 1453.37440192
4070 1453.44734626
4080 1453.48062506
4090 1453.48062506
4100 1453.48062506
4110 1453.48062506
4120 1453.61540532
4130 1453.92052496
4140 1453.92052496
4150 1453.93184332
4160 1454.0466309
4170 1454.18942388
4180 1454.18942388
4190 1454.4312598
4200 1454.43188724
4210 1454.43188724
4220 1454.43593508
4230 1454.43593508
4240 1454.61356934
4250 1454.7190967
4260 1454.7190967
4270 1454.7190967
4280 1454.7190967
4290 1454.7341846
4300 1454.85467778
4310 1454.85467778
4320 1454.85467778
4330 1454.94751468
4340 1455.0060474
4350 1455.0060474
4360 1455.18260746
4370 1455.18260746
4380 1455.18260746
4390 1455.24912602
4400 1455.47254156
4410 1455.47254156
4420 1455.4853272
4430 1455.5334766
4440 1455.5334766
4450 1455.53619876
4460 1455.53619876
4470 1455.5384595
4480 1455.71692874
4490 1455.82795168
4500 1455.82795168
4510 1455.88128176
4520 1455.88128176
4530 1455.8855884
4540 1455.94099612
4550 1456.1225635
4560 1456.1225635
4570 1456.19887454
4580 1456.3234302
4590 1456.3234302
4600 1456.33086428
4610 1456.33086428
4620 1456.5775269
4630 1456.5775269
4640 1456.5775269
4650 1456.5775269
4660 1456.5775269
4670 1456.69364506
4680 1456.69364506
4690 1456.69370854
4700 1456.85639896
4710 1456.87314212
4720 1456.93395022
4730 1457.02573734
4740 1457.02573734
4750 1457.02573734
4760 1457.02573734
4770 1457.08764898
4780 1457.08764898
4790 1457.08764898
4800 1457.13482182
4810 1457.26861578
4820 1457.3261817
4830 1457.32880132
4840 1457.32880132
4850 1457.33073734
4860 1457.43383548
4870 1457.5011182
4880 1457.5011182
4890 1457.69165286
4900 1457.76245364
4910 1457.78317142
4920 1457.78317142
4930 1457.82304204
4940 1457.82304204
4950 1457.82304204
4960 1457.82304204
4970 1457.88906498
4980 1457.89904544
4990 1457.9257544
