682037
682045
682051
682061
682067
681077
681083
681091
681099
681107
681115
681123
681133
681139
681147
681153
681165
681170
681177
681187
681195
681205
681211
681219
681229
681230
681231
681232
681233
681220
681221
681212
681201
681191
681188
681178
681171
681161
681156
681144
681137
681131
681124
681116
681108
681100
681092
681084
681075
682068
682059
682052
682043
682035
682027
682020
682011
682003
681996
681987
681979
681971
681962
681953
681945
681938
681929
681922
681914
681905
681898
681889
681881
681873
681864
681856
681848
681841
681832
681824
681816
681808
681801
681792
681784
681776
681768
681760
681752
681744
681736
681728
681720
681712
681704
681696
681688
681680
681672
681664
681656
681648
681639
681631
681623
681615
681607
681599
681591
681583
681575
681567
681559
681551
681543
681535
681527
681519
681511
681503
681495
681487
681479
681470
681462
681454
681446
681438
681430
681422
681414
681406
681398
681390
681382
681374
681366
681360
681350
681341
681337
681325
681317
681309
681301
681299
681289
681277
681275
681261
681259
681257
681255
681253
681251
681249
681643
681273
681271
681287
681285
681297
681307
681315
681323
681329
681335
681348
681354
681358
681370
681378
681386
681394
681402
681410
681418
681426
681434
681442
681450
681458
681466
681474
681483
681491
681499
681507
681515
681521
681531
681541
681549
681557
681565
681573
681581
681589
681597
681605
681613
681621
681629
681637
681646
681654
681662
681670
681678
681686
681694
681702
681710
681718
681726
681734
681742
681750
681758
681766
681774
681782
681790
681798
681806
681814
681822
681830
681838
681847
681854
681862
681870
681879
681887
681895
681903
681912
681920
681928
681935
681943
681951
681959
681969
681977
681985
681994
682001
682009
682018
682025
682034
682042
682049
682058
682065
682073
681082
681089
681097
681105
681114
681121
681129
681140
681148
681154
681162
681172
681180
681183
681196
681202
681206
681213
681222
681234
681235
681236
681237
681238
681223
681214
681207
681197
681189
681181
681173
681163
681157
681149
681141
681132
681125
681117
681109
681101
681093
681085
681076
682069
682060
682053
682044
682036
682028
682019
682012
682004
681995
681988
681980
681972
681963
681955
681947
681939
681930
681921
681913
681906
681897
681890
681882
681872
681865
681857
681849
681840
681833
681825
681817
681804
681796
681788
681780
681772
681764
681756
681748
681740
681732
681725
681715
681706
681699
681690
681683
681675
681667
681658
681651
681642
681634
681626
681618
681610
681602
681594
681586
681578
681570
681562
681554
681546
681538
681528
681520
681512
681504
681496
681488
681480
681471
681463
681455
681447
681439
681431
681423
681415
681407
681399
681391
681383
681375
681367
681357
681349
681340
681332
681324
681316
681308
681300
681292
681284
681276
681268
681260
681722
681536
681809
681533
681365
681192
681264
681272
681280
681288
681296
681304
681312
681320
681328
681336
681345
681353
681361
681371
681379
681387
681395
681403
681411
681419
681427
681435
681443
681451
681459
681467
681475
681484
681492
681500
681508
681516
681524
681532
681542
681550
681558
681566
681574
681582
681590
681598
681606
681614
681622
681630
681638
681647
681655
681663
681671
681679
681687
681695
681703
681711
681719
681729
681737
681745
681753
681761
681769
681777
681785
681793
681800
681812
681820
681828
681836
681844
681852
681860
681868
681877
681885
681893
681901
681909
681917
681925
681933
681944
681952
681960
681967
681975
681983
681991
681999
682007
682015
682023
682031
682039
682047
682055
682063
682071
681079
681087
681095
681103
681111
681119
681127
681135
681142
681151
681159
681167
681174
681184
681193
681203
681208
681215
681224
681239
681240
681241
681242
681243
681225
681216
681209
681198
681194
681185
681175
681168
681160
681152
681145
681136
681128
681120
681112
681104
681096
681088
681080
682072
682064
682056
682048
682040
682032
682024
682016
682008
682000
681992
681984
681976
681965
681956
681949
681941
681934
681926
681918
681910
681900
681894
681883
681878
681869
681861
681853
681845
681837
681829
681821
681813
681805
681794
681789
681781
681770
681765
681757
681749
681741
681733
681724
681716
681708
681698
681692
681684
681676
681668
681659
681652
681644
681635
681625
681619
681611
681603
681595
681587
681579
681571
681563
681555
681545
681539
681525
681517
681509
681501
681493
681485
681476
681468
681460
681452
681444
681436
681428
681420
681412
681404
681396
681388
681380
681372
681364
681356
681346
681339
681333
681321
681313
681305
681295
681293
681283
681269
681267
681342
681477
681874
681250
681252
681254
681256
681258
681265
681263
681281
681279
681291
681303
681311
681319
681327
681331
681344
681352
681362
681368
681376
681384
681392
681400
681408
681416
681424
681432
681440
681448
681456
681464
681472
681481
681489
681497
681505
681513
681523
681529
681537
681547
681553
681561
681569
681577
681585
681593
681601
681609
681617
681627
681633
681641
681650
681660
681666
681674
681682
681691
681700
681707
681714
681723
681730
681738
681746
681754
681762
681773
681778
681786
681797
681802
681810
681818
681826
681834
681842
681850
681858
681866
681876
681886
681891
681902
681907
681915
681923
681931
681940
681948
681958
681964
681974
681982
681989
681998
682005
682013
682022
682029
682038
682046
682054
682062
682070
681078
681086
681094
681102
681110
681118
681126
681134
681143
681150
681158
681166
681176
681182
681190
681199
681210
681217
681226
681244
681245
681246
681247
681248
681227
681228
681218
681204
681200
681186
681179
681169
681164
681155
681146
681138
681130
681122
681113
681106
681098
681090
681081
681074
682066
682057
682050
682041
682033
682030
682021
682014
682002
681997
681990
681981
681970
681966
681957
681950
681936
681932
681924
681916
681908
681896
681892
681880
681875
681863
681859
681846
681843
681835
681827
681819
681807
681803
681795
681783
681779
681771
681763
681751
681747
681739
681731
681721
681713
681705
681693
681685
681677
681669
681661
681653
681645
681636
681632
681624
681616
681608
681600
681592
681580
681576
681568
681560
681548
681544
681534
681526
681522
681510
681498
681494
681486
681482
681469
681465
681453
681449
681437
681433
681417
681413
681409
681397
681393
681389
681373
681369
681363
681359
681338
681334
681330
681326
681322
681318
681314
681282
681278
681274
681270
681266
681262
681968
681937
681310
681306
681302
681298
681294
681290
681286
681355
681351
681347
681343
681385
681381
681377
681405
681401
681429
681425
681421
681445
681441
681461
681457
681478
681473
681490
681506
681502
681518
681514
681530
681540
681556
681552
681564
681572
681588
681584
681596
681604
681612
681620
681628
681640
681649
681657
681665
681673
681681
681689
681697
681701
681709
681717
681727
681735
681743
681755
681759
681767
681775
681787
681791
681799
681811
681815
681823
681831
681839
681851
681855
681867
681871
681884
681888
681899
681904
681911
681919
681927
681942
681946
681954
681961
681973
681978
681986
681993
682006
682010
682017
682026
