18799913
18799914
18799915
18799916
18799917
18799918
18799919
18799920
18799921
18799922
18799923
18799924
18799925
18799926
18799927
18799928
18799929
18799930
18799931
18799932
18799933
18799934
18799935
18799936
18799937
18799938
18799939
18799940
18799941
18799942
18799943
18799944
18799945
18799946
18799947
18799948
18799949
18799950
18799951
18799161
18799162
18799163
18799164
18799165
18799166
18799167
18799168
18799169
18799170
18799171
18799172
18799173
18799174
18799175
18799176
18799177
18799178
18799179
18799180
18799181
18799182
18799183
18799184
18799185
18799186
18799187
18799188
18799189
18799190
18799191
18799192
18799193
18799194
18799195
18799196
18799197
18799198
18799199
18799200
18799201
18799202
18799203
18799204
18799205
18799206
18799207
18799208
18799209
18799210
18799267
18799268
18799269
18799270
18799271
18799272
18799273
18799274
18799275
18799276
18799277
18799278
18799279
18799280
18799281
18799282
18799283
18799284
18799285
18799286
18799287
18799288
18799289
18799290
18799291
18799292
18799293
18799294
18799295
18799296
18799297
18799298
18799299
18799300
18799301
18799302
18799303
18799304
18799305
18799306
18799307
18799308
18799309
18799310
18799311
18799312
18799313
18799314
18799315
18799316
18799317
18799318
18799319
18799320
18799321
18799322
18799323
18799324
18799325
18799326
18799327
18799328
18799329
18799330
18799395
18799396
18799397
18799398
18799399
18799400
18799401
18799402
18799403
18799404
18799405
18799406
18799407
18799408
18799409
18799410
18799411
18799412
18799413
18799414
18799415
18799416
18799417
18799418
18799419
18799420
18799421
18799422
18799423
18799424
18799425
18799426
18799427
18799428
18799429
18799430
18799431
18799432
18799433
18799434
18799435
18799436
18799437
18799438
18799439
18799440
18799441
18799442
18799443
18799444
18799445
18799446
18799447
18799448
18799449
18799450
18799451
18799452
18799453
18799454
18799455
18799456
18799457
18799458
18799459
18799460
18799461
18799462
18799463
18799464
18799465
18799466
18799467
18799468
18799469
18799470
18799471
18799472
18799540
18799541
18799542
18799543
18799544
18799545
18799546
18799547
18799548
18799549
18799550
18799551
18799552
18799553
18799554
18799555
18799556
18799557
18799558
18799559
18799560
18799561
18799562
18799563
18799564
18799565
18799566
18799567
18799568
18799569
18799570
18799571
18799572
18799573
18799574
18799575
18799576
18799577
18799578
18799579
18799580
18799581
18799582
18799583
18799584
18799585
18799586
18799587
18799588
18799589
18799590
18799591
18799592
18799593
18799594
18799595
18799596
18799597
18799598
18799599
18799600
18799601
18799602
18799603
18799604
18799605
18799606
18799607
18799608
18799609
18799610
18799611
18799612
18799613
18799614
18799615
18799616
18799617
18799618
18799619
18799620
18799621
18799622
18799623
18799624
18799625
18799626
18799627
18799628
18799629
18799630
18799631
18799706
18799707
18799708
18799709
18799710
18799711
18799712
18799713
18799714
18799715
18799716
18799717
18799718
18799719
18799720
18799721
18799722
18799723
18799724
18799725
18799726
18799727
18799728
18799729
18799730
18799731
18799732
18799733
18799734
18799735
18799736
18799737
18799738
18799739
18799740
18799741
18799742
18799743
18799744
18799745
18799746
18799747
18799748
18799749
18799750
18799751
18799752
18799753
18799754
18799755
18799756
18799757
18799758
18799759
18799760
18799761
18799762
18799763
18799764
18799765
18799766
18799767
18799768
18799769
18799770
18799771
18799772
18799773
18799774
18799775
18799776
18799777
18799778
18799779
18799780
18799781
18799782
18799783
18799784
18799785
18799786
18799787
18799788
18799789
18799790
18799791
18799792
18799793
18799794
18799795
18799796
18799797
18799798
18799799
18799800
18799801
18799802
18799803
18799804
18799805
18799806
18799807
18799808
18799809
18799810
18799811
18799812
18799813
18799814
18799815
18799816
18799817
18799818
18799819
18799820
18799821
18799822
18799823
18798959
18798960
18798961
18798962
18798963
18798964
18798965
18798966
18798967
18798968
18798969
18798970
18798971
18798972
18798973
18798974
18798975
18798976
18798977
18798978
18798979
18798980
18798981
18798982
18798983
18798984
18798985
18798986
18798987
18798988
18798989
18798990
18799056
18799057
18799058
18799059
18799060
18799061
18799062
18799063
18799064
18799065
18799066
18799067
18799068
18799069
18799070
18799071
18799072
18799073
18799074
18799075
18799076
18799077
18799078
18799079
18799080
18799081
18799082
18799083
18799084
18799085
18799086
18799087
18799088
18799089
18799090
18799091
18799092
18799093
18799094
18799095
18799096
18799097
18799098
18799099
18799100
18799101
18799102
18799103
18799104
18799211
18799212
18799213
18799214
18799215
18799216
18799217
18799218
18799219
18799331
18799332
18799333
18799334
18799335
18799336
18799337
18799338
18799339
18799340
18799341
18799342
18799473
18799474
18799475
18799476
18799477
18799478
18799479
18799480
18799481
18799482
18799483
18799484
18799485
18799486
18799487
18799488
18799489
18799490
18799491
18799492
18799493
18799494
18799495
18799496
18799497
18799498
18799499
18799500
18799501
18799502
18799503
18799504
18799505
18799506
18799632
18799633
18799634
18799635
18799636
18799637
18799638
18799639
18799640
18799641
18799642
18799643
18799644
18799645
18799646
18799647
18799648
18799649
18799650
18799651
18799652
18799653
18799654
18799655
18799656
18799657
18799658
18799659
18799660
18799661
18799662
18799663
18799664
18799665
18799666
18799667
18799668
18799669
18799670
18799671
18799672
18799673
18799674
18799675
18799676
18799677
18799678
18799679
18799680
18799681
18799682
18799683
18799684
18799685
18799686
18799687
18799688
18799689
18799690
18799691
18799692
18799693
18799694
18799695
18799696
18799697
18799698
18799699
18799700
18799701
18799824
18799825
18799826
18799827
18799828
18799829
18799830
18799831
18799832
18799833
18799834
18799835
18799836
18799837
18799838
18799839
18799840
18799841
18799842
18799843
18799844
18799845
18799846
18799847
18799848
18799849
18799850
18799851
18799852
18799853
18799854
18799855
18799856
18799857
18799858
18799859
18799860
18799861
18799862
18799863
18799864
18799865
18799866
18799867
18799868
18799869
18799870
18799871
18799872
18799873
18799874
18799875
18799876
18799877
18799878
18799879
18799880
18799881
18799882
18799883
18799884
18799885
18799886
18799887
18799888
18799889
18799890
18799891
18799892
18799893
18799894
18799895
18799896
18799897
18799898
18799899
18799900
18799901
18799902
18799903
18799904
18799905
18799906
18799907
18799908
18799909
18799910
18799911
18799912
18798913
18798914
18798915
18798916
18798917
18798918
18798919
18798920
18798921
18798922
18798923
18798924
18798925
18798926
18798927
18798928
18798929
18798930
18798931
18798932
18798933
18798934
18798935
18798936
18798937
18798938
18798939
18798940
18798941
18798942
18798991
18798992
18798993
18798994
18798995
18798996
18798997
18798998
18798999
18799000
18799001
18799002
18799003
18799004
18799005
18799006
18799007
18799008
18799009
18799010
18799011
18799012
18799013
18799014
18799015
18799016
18799017
18799018
18799019
18799020
18799021
18799022
18799023
18799024
18799025
18799026
18799027
18799028
18799029
18799030
18799031
18799032
18799033
18799034
18799035
18799036
18799037
18799038
18799039
18799040
18799041
18799042
18799105
18799106
18799107
18799108
18799109
18799110
18799111
18799112
18799113
18799114
18799115
18799116
18799117
18799118
18799119
18799120
18799121
18799122
18799123
18799124
18799125
18799126
18799127
18799128
18799129
18799130
18799131
18799132
18799133
18799134
18799135
18799136
18799137
18799138
18799139
18799140
18799141
18799142
18799143
18799144
18799145
18799146
18799147
18799148
18799149
18799150
18799220
18799221
18799222
18799223
18799224
18799225
18799226
18799227
18799228
18799229
18799230
18799231
18799232
18799233
18799234
18799235
18799236
18799237
18799238
18799239
18799240
18799241
18799242
18799243
18799244
18799245
18799246
18799247
18799248
18799249
18799250
18799251
18799252
18799253
18799254
18799255
18799256
18799257
18799258
18799259
18799260
18799261
18799262
18799263
18799264
18799265
18799266
18799343
18799344
18799345
18799346
18799347
18799348
18799349
18799350
18799351
18799352
18799353
18799354
18799355
18799356
18799357
18799358
18799359
18799360
18799361
18799362
18799363
18799364
18799365
18799366
18799367
18799368
18799369
18799370
18799371
18799372
18799373
18799374
18799375
18799376
18799377
18799378
18799379
18799380
18799381
18799382
18799383
18799384
18799385
18799386
18799387
18799388
18799389
18799390
18799391
18799392
18799393
18799394
18799507
18799508
18799509
18799510
18799511
18799512
18799513
18799514
18799515
18799516
18799517
18799518
18799519
18799520
18799521
18799522
18799523
18799524
18799525
18799526
18799527
18799528
18799529
18799530
18799531
18799532
18799533
18799534
18799535
18799536
18799537
18799538
18799539
18799702
18799703
18799704
18799705
