10151
10153
10155
10157
10160
10162
10164
10166
10168
10170
10172
10174
10176
10178
10180
10182
10184
10186
10188
10190
10192
10194
10196
10198
10199
10201
10203
10205
10207
10209
10211
10213
10215
10217
10219
10221
10223
10225
10227
10229
10231
10233
10235
10237
10239
10241
10243
10245
10247
10249
10251
10253
10255
10257
10259
10261
10263
10265
10267
10269
10268
10266
10264
10262
10260
10258
10256
10254
10252
10250
10248
10246
10244
10242
10240
10238
10236
10234
10232
10230
10228
10226
10224
10222
10220
10218
10216
10214
10212
10210
10208
10206
10204
10202
10200
10197
10195
10193
10191
10189
10187
10185
10183
10181
10179
10177
10175
10173
10171
10169
10167
10165
10163
10161
10158
10156
10154
10152
10150
10148
10146
10144
10142
10140
10138
10136
10134
10131
10129
10127
10125
10123
10121
10119
10117
10115
10113
10111
10109
10107
10105
10103
10101
10099
10097
10095
10093
10091
10088
10085
10083
10081
10079
10077
10075
10073
10071
10069
10067
10065
10063
10061
10059
10057
10055
10053
10050
10048
10046
10044
10042
10039
10037
10035
10033
10031
10029
10027
10025
10023
10020
10018
10016
10014
10012
10010
10008
10006
10004
10002
9999
9997
9995
9992
9990
9988
9986
9984
9982
9980
9978
9976
9974
9972
9969
9967
9965
9962
9960
9958
9956
9954
9952
9950
9948
9945
9943
9941
9939
9937
9935
9933
9930
9928
9926
9923
9921
9919
9917
9915
9913
9911
9909
9907
9904
9901
9899
9897
9895
9893
9891
9889
9887
9884
9882
9880
9878
9876
9873
9871
9869
9867
9864
9862
9860
9858
9856
9854
9852
9849
9846
9844
9842
9840
9838
9836
9834
9831
9829
9827
9824
9822
9820
9818
9816
9813
9811
9809
9807
9805
9803
9800
9797
9795
9793
9791
9789
9787
9784
9782
9780
9777
9775
9773
9771
9768
9766
9764
9762
9760
9757
9755
9752
9750
9748
9746
9744
9742
9739
9736
9734
9732
9730
9728
9725
9723
9721
9719
9716
9714
9711
9709
9707
9705
9703
9701
9697
9695
9693
9691
9689
9687
9684
9682
9679
9677
9675
9673
9670
9668
9666
9664
9661
9659
9656
9654
9652
9650
9648
9646
9642
9640
9638
9636
9634
9632
9629
9626
9624
9622
9620
9617
9615
9613
9611
9608
9606
9603
9601
9599
9597
9595
9591
9589
9587
9585
9583
9581
9578
9575
9573
9571
9569
9566
9564
9561
9559
9557
9555
9552
9550
9548
9545
9543
9540
9538
9536
9534
9532
9529
9526
9524
9522
9520
9518
9514
9512
9510
9508
9506
9503
9500
9498
9496
9494
9492
9489
13144
13082
13131
13101
13139
13111
13084
13117
13085
13109
13142
13091
13110
13129
13090
13083
13136
13078
13148
13153
13133
13089
13120
13151
13093
13143
13086
13107
13130
13152
13113
13137
13080
13108
13146
10405
10401
10399
10397
10395
10393
10390
10387
10385
10383
10381
10378
10375
10373
10371
10369
10366
10364
10361
10359
10357
10354
10352
10349
10347
10345
10342
10340
10337
10335
10333
10330
10328
10326
10323
10321
10319
10316
10314
10311
10309
10307
10304
10302
10299
10297
10295
10292
10290
10287
10285
10283
10280
10278
10275
10273
10271
10089
10000
9903
9850
9801
9738
9699
9644
9610
9577
9531
9501
13157
13121
10403
10363
10338
10300
10276
9662
10312
13149
9931
10288
10325
10350
10376
10389
13092
13124
13119
9516
9546
9562
9593
9627
9681
9718
9758
9779
9825
9875
9964
10040
10159
10270
10272
10274
10277
10279
10281
10282
10284
10286
10289
10291
10293
10294
10296
10298
10301
10303
10305
10306
10308
10310
10313
10315
10317
10318
10320
10322
10324
10327
10329
10331
10332
10334
10336
10339
10341
10343
10344
10346
10348
10351
10353
10355
10356
10358
10360
10362
10365
10367
10368
10370
10372
10374
10377
10379
10380
10382
10384
10386
10388
10391
10392
10394
10396
10398
10400
10402
10404
10406
13125
13094
13150
13126
13103
13081
13140
13118
13096
13156
13132
13106
13079
13135
13104
13154
13112
13095
13100
13115
13114
13158
13098
13123
13138
13105
13141
13122
13088
13128
13145
13102
13134
13097
13127
13155
13087
13116
13147
13099
9488
9490
9491
9493
9495
9497
9499
9502
9504
9505
9507
9509
9511
9513
9515
9517
9519
9521
9523
9525
9527
9528
9530
9533
9535
9537
9539
9541
9542
9544
9547
9549
9551
9553
9554
9556
9558
9560
9563
9565
9567
9568
9570
9572
9574
9576
9579
9580
9582
9584
9586
9588
9590
9592
9594
9596
9598
9600
9602
9604
9605
9607
9609
9612
9614
9616
9618
9619
9621
9623
9625
9628
9630
9631
9633
9635
9637
9639
9641
9643
9645
9647
9649
9651
9653
9655
9657
9658
9660
9663
9665
9667
9669
9671
9672
9674
9676
9678
9680
9683
9685
9686
9688
9690
9692
9694
9696
9698
9700
9702
9704
9706
9708
9710
9712
9713
9715
9717
9720
9722
9724
9726
9727
9729
9731
9733
9735
9737
9740
9741
9743
9745
9747
9749
9751
9753
9754
9756
9759
9761
9763
9765
9767
9769
9770
9772
9774
9776
9778
9781
9783
9785
9786
9788
9790
9792
9794
9796
9798
9799
9802
9804
9806
9808
9810
9812
9814
9815
9817
9819
9821
9823
9826
9828
9830
9832
9833
9835
9837
9839
9841
9843
9845
9847
9848
9851
9853
9855
9857
9859
9861
9863
9865
9866
9868
9870
9872
9874
9877
9879
9881
9883
9885
9886
9888
9890
9892
9894
9896
9898
9900
9902
9905
9906
9908
9910
9912
9914
9916
9918
9920
9922
9924
9925
9927
9929
9932
9934
9936
9938
9940
9942
9944
9946
9947
9949
9951
9953
9955
9957
9959
9961
9963
9966
9968
9970
9971
9973
9975
9977
9979
9981
9983
9985
9987
9989
9991
9993
9994
9996
9998
10001
10003
10005
10007
10009
10011
10013
10015
10017
10019
10021
10022
10024
10026
10028
10030
10032
10034
10036
10038
10041
10043
10045
10047
10049
10051
10052
10054
10056
10058
10060
10062
10064
10066
10068
10070
10072
10074
10076
10078
10080
10082
10084
10086
10087
10090
10092
10094
10096
10098
10100
10102
10104
10106
10108
10110
10112
10114
10116
10118
10120
10122
10124
10126
10128
10130
10132
10133
10135
10137
10139
10141
10143
10145
10147
10149
