16333
20354
26614
21475
20453
6133
6095
4061
20223
25599
22247
15854
6110
26326
26589
5630
26602
12799
24535
6622
13760
12231
26413
14249
10189
18125
14325
15103
27903
30662
31198
10191
9966
32207
7531
30190
18151
10205
22470
1249
11998
18373
24526
24558
28011
5887
9959
18143
32238
1023
9628
28096
25839
20422
30282
13055
18374
9679
13898
28110
29183
26318
28111
25855
3807
26327
11999
22494
28142
29388
3822
10168
16365
16326
4062
20454
32239
30438
22180
31684
30695
22783
2021
11388
23916
18375
26603
3582
12169
11007
10751
26582
18159
4076
15870
28143
8134
24565
26552
29667
28158
24525
28159
10212
8640
26333
13775
30663
12006
9711
16094
24566
16334
22501
10688
31206
20455
12007
10213
30699
1519
32254
5869
9967
30206
10182
30684
32764
20459
22524
24540
28358
8188
24518
8165
12736
15788
13807
5839
6102
9802
32107
21998
18380
26359
1743
17820
18381
25292
22502
9694
3583
30975
12012
32255
6103
6037
22976
32462
9974
8141
18126
24541
21476
16832
20429
24542
2757
24286
13660
8662
25947
18382
24572
12013
30671
1436
26590
24302
1279
28661
9702
18214
22503
3782
32463
32478
5476
3839
11437
8171
26604
9975
16342
30093
12014
12015
26565
9964
18383
22507
20423
13822
9980
5871
5615
22253
21503
10197
10204
7631
32479
20444
1773
28359
16363
11727
2526
1961
3535
9471
9982
18390
7910
24575
29695
7918
10214
26605
2038
12262
30685
13668
8151
22471
32486
24303
28662
12246
15331
4071
28668
2047
16854
27391
24549
24527
7678
4086
3791
1996
24519
1699
28365
32742
255
30439
6630
22238
23807
16383
5706
32487
18084
9983
30686
23006
24311
30144
26620
30700
14332
8908
18391
26367
24287
26566
10215
32767
28366
32493
8669
12023
26623
1998
12030
28367
14071
14062
22255
22508
32494
1380
16095
22239
14326
2559
26275
1767
10181
24062
32743
4054
19919
25956
10218
22509
9942
1989
4085
6399
13537
26086
19455
16327
17903
28382
30307
24534
15359
30701
5854
1830
22090
8447
17633
22477
7902
15593
22510
28383
9958
32495
6123
28390
28391
14023
26087
26364
1610
9726
10219
17140
30702
30709
20166
13029
9849
24294
7911
2020
14295
31715
9563
18396
14315
20174
23980
12267
16111
7167
14300
24831
18167
20445
2037
5510
12201
8172
9709
4046
14047
11975
7596
22254
2022
30668
12031
22377
17151
26334
6134
12743
28396
25990
22421
15871
6140
18397
28927
28397
20175
18943
19711
26583
14591
10206
17919
7919
2028
5375
23039
20460
12229
17764
3806
10183
26276
28398
24318
4607
26093
26613
20190
5863
12162
10949
22223
30372
4055
10190
28399
22441
14284
5855
16373
27102
31743
9935
7532
30159
31487
10220
11712
22517
27814
14279
6094
17663
26567
4069
20461
4077
17856
3500
14030
26596
19950
448
26094
14078
12543
13988
29413
4047
10718
20462
26606
32747
30445
14063
22527
7886
19819
26335
15808
20469
6108
26597
6124
470
26342
2007
16343
9927
18398
30407
19951
26095
24550
26012
3821
10199
28407
1472
1510
24319
12284
4038
2815
7903
16102
30414
22478
8181
30716
32748
9653
30415
31846
29439
30446
5568
18404
18405
29120
26879
15723
5583
8135
10221
511
15855
19622
14046
24000
14311
24551
20191
28414
9215
14031
8191
4092
32503
1990
32749
18406
15462
23295
1487
29127
6126
3815
8173
30679
1758
26343
18156
14847
21247
14301
20470
6119
5631
21729
30669
11263
1791
27333
28415
26110
10022
29913
16297
1772
30191
9934
12268
3790
14229
16194
15615
18407
9572
27072
32510
4044
32511
2496
10222
22479
27647
14285
2027
29951
20430
18411
12254
3814
31977
4078
24555
8105
12237
11627
22518
9892
18127
12238
27821
32578
28504
32681
9441
26348
7927
26571
5993
7679
9455
21999
24556
12277
24270
30044
4039
20476
11981
16332
18412
18413
18142
24015
10187
10228
26598
12278
3823
32108
4812
14054
30447
1534
1997
1486
28546
26612
16078
31168
14316
20198
14302
30455
15724
20393
3838
26111
7887
9951
26406
14784
31231
19966
18175
19967
13709
22263
12260
14242
8703
32710
8143
1999
1750
14335
14055
17894
1735
18414
11758
21759
20431
28553
26311
18421
11974
10239
26037
26048
2013
3520
32711
6592
2303
13567
30693
13806
17994
30207
28585
28613
30719
19199
22270
19904
12120
1700
1742
7662
4009
12230
18134
6911
32716
2014
12269
16350
6086
8156
32717
9727
16359
20479
10029
14286
1783
10229
11759
4070
28614
32718
12252
6087
17379
28615
716
8157
6143
23785
27135
6655
18157
1759
20735
31999
9949
13283
20928
16348
30462
20199
14814
26062
10230
8959
9664
8182
3435
25024
28620
28621
28622
11726
30694
18083
32719
4351
10495
32726
16357
18422
26572
15300
3071
5092
756
21860
16364
15823
26349
9606
1535
30463
18158
25046
21894
767
5796
17871
25332
14822
22271
14185
26573
14309
16103
5345
27772
25343
7663
3831
20438
26574
16109
18150
24524
5870
26063
30430
10236
6118
14287
1518
23523
11430
9703
13823
21952
10198
11519
8166
30569
22486
18428
13311
3327
22487
16895
20439
8948
21967
12247
26186
32727
9950
4060
1414
3970
26599
20205
13004
16079
8174
26366
9965
11774
18431
23551
28623
16358
18345
3043
16374
30670
2044
4075
7423
24271
5879
25053
24295
30613
28630
10188
11982
16119
11983
28631
8167
29921
30710
14294
30626
7616
32732
7917
28671
19427
8142
32172
8150
17870
8158
6886
16126
2012
3567
9710
1775
28636
20206
28637
2534
12239
30678
5119
20991
32733
28638
13529
14317
3238
26350
26575
24489
19141
2023
18174
9678
2029
26319
20428
14310
13702
4095
27619
14318
11775
9933
28644
14061
22492
1766
6125
20207
20215
14278
31462
13923
6057
22014
18687
28645
9943
26588
4045
17918
32734
20222
17407
23915
25825
3566
26351
26581
4544
24063
17798
5091
32750
6093
30052
1991
1741
22493
18880
14079
28646
24557
28647
6109
16110
23014
7139
28651
5886
28652
12261
7401
22015
4863
25087
24046
32192
1774
26233
12287
26078
24301
17100
6117
17902
26317
30086
16366
18119
12270
16127
16639
11235
32757
26358
28653
5614
30431
18910
2030
1790
20446
12263
16349
7934
21196
28654
19884
12236
32741
9891
12253
18918
30633
2006
24047
16380
995
16335
8140
7935
32758
