233840
271208
438888
742349
449102
107368
1000526
508365
1002350
705658
71256
314206
484953
387404
1015132
533352
132174
951131
921968
635994
1028712
1012846
938352
964953
959336
197710
651518
795496
352988
651855
738635
221900
877260
651899
526168
168285
545136
463216
320334
922075
714712
637022
90828
373352
471656
491999
460632
136158
17486
2393
300632
66638
853848
911692
382410
259934
742475
965468
185802
653150
842840
354762
628312
762728
105050
930280
325470
844622
545740
1000779
799208
489823
457434
477034
845150
80219
545867
285150
121052
889200
891482
967161
653388
653433
740206
876376
616906
870266
203228
435048
754143
215918
653663
854361
639230
549206
148558
260217
361550
774512
389711
209512
31608
168304
639611
726616
333400
102526
951374
509006
595416
967676
1001835
427086
878024
324174
63608
455758
29515
754766
782927
33246
943560
717054
654042
656462
312398
389755
152524
879050
967758
657240
946668
164942
143976
549580
377309
222664
180701
480874
296792
425336
607579
114942
742990
657753
967802
715225
325752
988632
297305
509051
220280
1018201
659824
952152
99406
410955
550344
96094
640078
101210
659931
988760
952665
815947
880747
528752
363354
325983
989688
823645
330073
877276
660446
1008860
553422
660952
209384
553803
484044
913662
504796
12776
969550
661080
591704
541774
217456
352619
129375
266715
500584
882526
340584
812488
610555
1029084
471528
971001
811350
607310
893800
97628
321912
495839
869723
604507
757983
938956
823664
1017688
554846
377934
456921
1005675
79706
228684
275048
1046366
463822
882890
181244
939001
808011
41832
555359
511194
336744
1007958
303976
467706
971120
592217
1023066
166233
190424
148811
356459
555896
610672
222574
50254
557534
434555
33870
947049
922618
557915
228700
125178
225098
414713
214862
607563
971516
238940
345435
913999
318552
627056
449624
782590
100184
204634
872816
558158
1024872
618603
973290
195290
61930
748125
824920
816475
602600
721998
152569
185084
664424
86384
424287
152651
668136
816990
452568
710090
782971
287436
1013598
558936
369512
717435
729822
1003888
1014111
668264
227166
493913
449002
218187
332144
473978
948046
70000
736122
708829
791003
512205
125260
140136
456408
815566
443388
758128
955260
751454
194777
143848
260447
461145
464344
96458
629338
194911
755544
422380
708976
1046879
292702
804171
25292
750702
117466
778984
4571
267864
512368
611180
35161
230478
751967
766568
391006
440665
202200
955992
234232
876886
1030250
542027
887642
312442
477547
856432
512978
391244
37213
648410
424904
771150
264537
960986
90475
464472
34648
643440
602616
729960
807295
342906
201085
973390
391289
320862
846200
611403
326362
391519
1032653
98686
722776
391898
756057
293215
1880
914043
485981
923096
442873
467816
1036656
285531
848126
445262
848462
111580
155990
443470
238440
559449
1021528
672846
37232
83022
1020127
605050
954717
883017
12904
997240
828264
504424
295390
625498
487242
873852
525390
973912
441180
381296
472952
923224
915294
780522
744568
243790
324219
216440
115323
96585
211834
246862
718552
673099
398936
135643
673658
857560
501112
727516
723289
202328
674171
883039
92618
857688
479600
218061
745814
129754
428377
645340
387322
394318
90844
181326
991066
620382
561501
205534
108894
784222
226414
1015116
205672
561520
495984
975181
998266
537192
194264
915532
1037266
976856
199001
96607
905584
489310
718686
414795
62030
422761
991994
349564
190937
184688
161630
218702
676208
901597
447228
249050
817503
256250
1047258
1004493
942796
888958
740728
832104
939083
602728
820302
283596
676812
443514
848507
1046649
676857
194398
58190
349259
323838
771195
497240
977369
725373
61694
763228
63839
562776
861032
418508
915577
129100
902222
979198
948062
71128
529880
133465
80762
419272
848990
836686
758520
83291
430429
1045071
979579
118909
676939
942303
128862
319821
799336
1025400
677498
624472
478062
620746
231256
178298
1009006
156364
566120
1102
603994
78328
711768
151920
807280
631656
358238
1033294
709372
475773
176744
864744
436698
157128
1043530
26056
490828
883560
1044734
526681
733672
678011
739663
87115
24918
492622
569960
836730
457055
792024
680278
164699
192766
574542
324702
169560
67929
162143
849758
876907
395096
193147
291659
1045115
1009096
505962
963176
873324
91592
749386
254696
102768
948559
345419
641754
484808
358602
111208
680652
719065
574586
100697
1008332
86267
149370
884060
681416
283723
453081
340456
484572
459854
94315
915807
104024
33627
267736
70526
734553
410702
153210
838494
181370
916186
942422
649548
766940
620873
405992
1009241
210808
598888
819678
329560
784505
214094
493400
980046
885118
738382
165720
414668
112734
577904
911610
807884
498778
231769
643197
980696
348528
45672
948575
299376
488558
1004619
1020272
358729
246907
345166
949624
279630
395609
62075
235096
358751
620895
83275
578270
728922
227679
980830
1010269
184541
315760
258683
844109
595544
518378
450893
1016287
528859
416587
111706
518394
149883
287062
885838
418015
198488
741744
930408
519242
726488
135536
29134
840048
579034
784735
850040
366168
476238
90454
402280
1016910
864760
886616
580696
719199
711146
359272
307816
1011530
626814
785114
186858
775122
215375
809438
809819
594288
397680
67416
179036
446832
484718
746188
811724
906698
414064
1042666
594814
427864
981209
992104
864872
581965
954736
895354
739150
187480
121433
685902
440152
1033339
1035482
373724
746862
964440
614742
353736
685918
465400
119152
520446
981343
64218
333272
352972
898138
520783
476491
188749
115790
686415
274920
686431
633182
687480
288200
153723
266608
242280
352088
688606
132952
735096
367194
455291
345978
426843
258302
4464
582478
90990
59768
163192
490844
733800
688987
958843
364670
397787
520827
689230
584056
897640
918606
431704
867194
264024
899194
635496
690008
995816
585982
214347
446713
97100
624985
78312
20848
850271
136664
690521
586218
423758
887129
995944
692573
586318
263246
614763
53982
406120
719578
359772
136792
456542
352598
715866
256234
299357
725360
364912
586363
981722
423774
615116
295771
984142
50298
296014
713037
787534
233695
210265
172904
373850
5720
926568
191578
530008
821080
86892
292187
692592
242652
869707
424271
587614
587896
374906
63326
788312
615132
949192
164318
21579
919384
621388
223837
229855
38488
588127
371066
752972
360830
984920
934990
426462
649466
481387
985433
621916
430448
588506
645721
250224
362841
124122
466778
260826
480205
389374
940875
768078
362328
869454
850650
57677
873547
919897
693848
398330
291278
987504
615278
328782
349036
398808
622974
792152
788825
590926
127567
820059
279883
522078
430972
1001322
129145
483670
258639
201072
697192
522361
780538
803918
522591
1000061
759384
17739
53616
950750
477916
54746
773338
935243
746952
30558
701032
522970
1002204
1036493
853070
623694
454910
162127
702586
1005162
752988
282992
615880
703324
127230
250834
988110
74600
221526
790896
5592
21452
9064
1042682
127611
418134
283007
704989
890456
705532
480331
78440
56408
705614
821593
898012
537064
340472
31071
161614
635868
