16746
16747
16762
2842
16763
16906
16938
17162
17170
17176
17178
17182
17194
9050
2858
9051
17210
9054
17226
17227
17234
17240
2866
17241
17242
17243
17246
17258
2874
9114
17259
9118
17274
1882
17275
17306
17310
17368
17369
17370
17371
17374
17402
18266
18394
4435
18398
18474
18478
18706
9178
18720
4443
9179
9182
4447
18722
18723
18726
18728
18729
18730
4459
18731
18734
9210
18736
18738
9214
18739
18742
18746
18770
18771
18778
4475
2898
18779
18784
18786
9713
18787
18790
18792
18793
18794
9721
18795
18798
18800
18802
18803
18806
18808
18809
18810
10206
18811
18814
18936
18937
18938
18939
2338
2339
4563
2906
2907
10286
2910
18942
18986
18990
4567
19210
19218
19222
10294
19226
19230
19234
2346
2347
19242
19246
19250
4571
19254
19258
10302
19262
19274
2922
19282
19283
19286
2354
2355
19288
19289
4575
19290
19291
10340
19294
19298
19306
19307
19310
19314
19315
19318
10356
19320
19321
19322
19323
10358
10359
10366
2930
19326
10367
19354
1946
19358
19386
19390
19418
19419
19422
19448
19449
19450
19451
19454
2938
1950
20014
2939
10529
20819
20825
20826
20827
10534
20831
2942
10535
20843
20859
20947
10542
10543
4890
10544
10545
10546
10547
20951
20955
20959
2970
21266
10550
2387
2974
10551
21274
21278
21330
21331
10555
21336
21337
10558
10559
21338
10577
10579
21339
3002
3006
21342
21343
21402
10583
21406
4954
10587
4955
21459
10591
10592
10593
4958
10595
10596
21463
10597
2395
10598
4959
3034
21465
10599
21466
21467
10601
3038
21470
21471
10603
5018
22867
10605
2400
2401
10606
5022
22875
22899
2402
10607
22907
23386
10608
10609
10610
10611
10612
2403
23387
10613
23390
23391
10614
10615
23518
23519
24921
5082
24923
10617
5083
10618
10619
24926
5086
5087
10621
10622
10623
24927
24953
24955
24958
24959
298
299
2409
2410
10670
25009
2411
10672
10673
25017
10675
25049
25051
10678
25054
25055
10679
25073
10681
10682
10683
10686
3066
25080
25081
25083
25086
25087
10687
25370
25374
25432
25433
25434
25435
25438
25439
3070
10715
10718
25498
10719
2418
25502
25553
25555
10721
10724
25560
347
10725
25561
25562
10729
25563
10732
10733
25566
10734
2419
10735
10736
25567
361
362
363
10737
25593
10739
10740
10741
26670
10742
10743
10744
10745
10746
10747
10748
10749
26896
379
26897
10750
10751
26902
26918
26926
26928
26929
26930
26931
10798
26934
26935
2426
26937
26942
26960
26961
26963
26966
2427
26967
26969
26971
26974
26975
26982
26983
26990
26991
26992
11030
26993
11046
11054
26994
11058
11062
26995
11070
26996
2010
26998
26999
27000
27001
27002
27003
11094
27006
27007
27056
11102
27057
27064
27065
27070
27097
11108
27099
11110
27102
11118
27103
11120
27120
11121
11122
27121
11123
11124
27123
11126
11127
2014
27127
11130
6110
27128
11131
11134
11135
27129
27130
27131
27132
11166
11182
27133
27134
11190
27135
11194
27150
27182
27408
11198
27410
27414
11226
27422
11230
27430
27438
27440
27442
27446
27454
27472
27473
27474
27475
11246
11248
11249
27478
27479
11252
27481
11254
27482
27483
27486
11256
11257
11258
27487
27494
11259
11260
27502
27504
11262
11263
27505
27506
27507
6483
27510
27511
27513
27514
27515
27518
27519
11633
6491
27550
27582
27609
27610
27611
27614
27615
27633
27640
27641
27642
27643
27646
27647
11761
28174
11769
28206
28759
28766
28767
28887
28895
6515
29015
29017
29019
29022
11822
29023
29055
6523
29073
29079
29105
29137
29139
29143
29145
29147
29150
29151
29169
29175
29177
29183
12286
29278
29279
29399
29407
29462
29470
29526
12375
29527
12382
29529
12383
29530
29531
29534
12415
29535
12503
29590
29598
29649
12511
29651
29654
29655
29657
29658
29659
29662
29663
30806
30807
30814
30815
30839
30847
30943
31063
12631
31071
31095
31103
7134
31199
12635
31225
31231
12639
31318
31319
31326
31327
12663
31455
12667
31510
31574
31575
31582
12671
31583
31710
31711
32270
12695
32334
32335
12720
12721
12723
12725
12726
12727
12734
12735
12752
12753
8222
12755
12756
12757
12758
12759
12761
12762
8238
12763
12765
2522
2523
12766
12767
12769
8254
12773
12784
12785
12787
12788
2526
8286
12789
12790
8287
12791
12792
12793
12794
12795
12796
12797
8318
12798
8319
12799
12830
12886
12894
12895
12958
13014
13015
13022
13023
3630
13078
13086
13142
13143
2090
13146
13147
13150
8489
2536
13151
2094
13202
8491
13206
2537
8494
13210
8495
2538
13214
2539
13264
2540
13265
13266
2542
13267
13268
13269
13270
13271
13274
13275
3758
13278
13279
13809
2547
1802
14302
8507
8510
8511
14358
14359
14366
14367
14390
14391
8537
14398
14399
14420
14421
8539
14422
14423
14429
14430
14431
14436
1385
14437
14439
2552
1387
8542
8543
2553
2554
14447
2555
1818
1018
8545
14452
14453
14454
778
14455
2556
14461
14462
14463
14551
14558
786
14559
2558
8553
14581
8555
14583
8557
794
14589
8558
8559
798
2559
14590
14591
8561
8563
14615
14641
14643
14646
14647
14655
810
8567
14673
14675
14677
14679
8569
8570
8571
14683
14687
8573
14693
8574
8575
14695
826
14703
14704
14705
14707
14708
14709
14710
8606
14711
14713
8609
14715
14717
14718
14719
842
843
2602
8617
14769
2606
14775
14782
850
14783
8622
14807
14811
8624
856
857
858
859
8625
14814
862
14815
14832
14833
8627
14835
14836
8630
14837
8631
14839
14840
874
875
14841
14842
14843
8633
8634
8635
8638
14844
14845
3982
14846
8639
14847
8657
890
891
8659
14870
14878
3998
14932
14934
14935
14942
8663
14943
4014
8665
8666
15006
906
8667
15070
15071
15126
15190
4030
15191
914
8670
8671
15198
15199
15262
8672
4046
922
8673
15326
15327
926
8676
8677
15358
15471
15886
8680
8681
15950
16424
8683
8684
938
16425
16426
4058
8685
8686
16427
16430
8687
8688
1866
16650
4062
8689
16666
16674
954
8691
16680
16681
16682
16683
4076
8692
4078
16686
8693
8694
8695
8696
8697
8698
970
8699
2826
8700
8701
16698
8702
16714
978
16715
8703
16728
16729
4090
984
16730
986
987
16731
16734
990
16738
4092
16739
8730
8734
2834
4094
16744
16745
