26941998
26942062
27466339
27466346
27466347
27466350
27466351
27466467
28383982
28449390
28514858
28514862
28514863
28514894
28514914
28514915
28514922
28514923
28514926
28514927
28514942
28514943
28514990
28515022
28515042
28515043
28515050
28515054
28515055
28515178
28515182
28515918
28515946
28515950
28515966
28516046
28516078
28516202
28516206
28523118
28524110
28524138
28524142
28524154
28524156
28524158
28524159
28524238
28524270
28524398
28531310
28540542
28777070
32981543
19012207
19017341
19017343
19017597
19021438
19021439
19042169
19042173
19050361
19050364
19050365
19054460
19054461
19066749
19077742
19077743
19086974
19086975
19153574
19157742
19166062
19166814
19167086
19199868
19219110
19223278
19231598
19232350
19232622
19265404
19293783
19293790
19293791
19297886
19312508
2232185
19312509
19316604
19326844
19326845
6426489
19328892
19328893
19330940
19332988
19359319
6434425
6434429
2234979
19359326
19359327
6434681
19363422
6434685
19566457
19566461
19574653
19677862
19808806
19818071
19818078
19818079
19883607
19883614
19883615
19971964
19988348
19995374
20004686
20004718
20037452
20037484
20037486
20037496
20037500
20053884
20103036
20119420
20126318
20135548
20135550
20168572
20214638
20215630
20215662
20234108
20245308
20246332
20246396
20247404
20247406
20247420
20248396
20248412
20248428
20248430
20248440
20248444
20249468
20250488
20250492
6950777
20280174
20281166
20281198
20295548
20297596
20299596
20299628
20299640
20299644
20310844
20311868
20311932
20312940
20312942
20312956
20313932
20313948
20313964
20313966
2240121
20313976
20313980
2240125
20315004
20316024
20316028
20348796
20365180
20373368
20373372
20377468
20379516
20380540
20381560
20381564
20430716
20447100
21058287
21243741
21243773
21245821
2240377
21247854
21247868
21247869
2240381
21259869
21259871
21260125
21260157
21262205
21264238
21264252
21264253
21309277
21309309
8461027
21311357
21313390
8526435
21313404
21313405
21325405
21325407
21325661
21325693
21327741
21329774
21329788
21329789
23080573
8591971
23080829
23113597
23203705
23203709
8591979
23211613
23211641
8591983
23211645
23211647
23211869
23211897
8592099
23211901
23215741
23215743
23215997
23228029
23228285
23234873
23234877
23234937
8608355
23234941
23235961
23235965
23236473
8608483
23236477
23244157
23244665
23244669
9050723
23248765
23261053
23277181
23281277
9116259
23281279
23340893
9116387
23340925
23342973
23345006
23345020
23345021
23353198
23353324
23353326
9640547
23355925
23355927
23355933
23355935
9640558
23355989
9640559
23355991
23355997
9640675
23355999
23356245
23356253
23356261
23356263
23356277
23356285
23356957
23356959
23357013
23357015
23357021
23357023
23357053
23357055
23357269
23357276
23357277
23357279
23357285
23357287
10558179
23357301
23357308
23357309
23357311
10558195
23359357
23360357
23360359
23360365
23360366
23360367
23360373
23360381
23361117
23361119
23361149
23361151
10619491
23361372
23361373
2264953
23361381
23361382
23361383
23361388
10623587
23361389
23361390
10623595
23361391
23361397
10623599
10623603
23361404
23361405
23361406
10623715
23361407
23361516
23361518
23361532
23373693
23375741
23377788
23377789
23389029
2268009
23389045
23389053
23390045
23390053
2268025
23390069
23390073
23390076
23390077
23392125
23393125
23393133
23393141
23393149
23394149
2269049
23394156
23394157
23394158
23394165
23394168
23394169
23394172
23394173
23406429
10685027
23406461
23408509
23410542
23410556
2273145
10685155
2273149
23410557
23417549
23417573
23417575
10688611
23417581
23417583
23417829
23417837
23418734
23418853
23418860
23418861
23418862
23421461
10689122
10689123
23421463
2277241
23421469
2277245
10689127
23421471
23421525
10689130
10689131
23421527
23421533
10689134
10689135
23421535
10689139
23421781
23421789
23421797
10689147
23421799
23421813
10689151
23421821
23422493
10689219
23422495
10689249
10689250
23422549
23422551
10689251
10689255
23422557
23422559
10689259
23422589
23422591
23422685
23422805
10689263
10689265
10689267
23422812
23422813
23422815
23422821
23422823
23422837
23422844
23422845
10690147
23422847
23424893
23425893
23425895
23425901
23425902
23425903
23425909
23425917
2300515
10690275
23426021
23426029
23426653
23426655
23426685
23426687
23426781
23426813
23426908
23426909
23426917
23426918
23426919
23426924
10697315
23426925
23426926
23426927
23426933
10697331
23426940
23426941
10697443
23426942
23426943
10697459
2300643
23427045
10698339
23427052
23427053
23427054
23427068
23427069
23439229
10698355
23441277
23443324
10698363
23443325
23454565
10698367
23454581
23454589
23455581
23455589
10698467
23455605
10698483
23455609
23455612
23455613
23457661
10705507
23458661
23458669
23458677
10705523
23458685
23459685
10705635
23459692
23459693
10705651
23459694
23459701
23459704
10713715
23459705
23459708
23459709
23471957
23471965
10713843
23471997
23474045
23478805
23478807
23478869
23478871
23479125
23480149
23480157
23480189
23486997
23486999
10833849
23487005
23487007
11143779
23487057
23487059
23487061
23487063
23487069
23487071
23487253
23487317
11147875
23487319
23487325
23487349
23487357
23488021
23488023
23488029
23488031
23488081
23488083
23488085
23488087
23488093
11213411
23488095
23488125
23488127
23488341
11213539
23488343
23488348
23488349
23488351
23488373
23488380
23488381
23488383
23490429
23492476
23492477
23504765
11358137
23506813
23512953
23512957
23519825
23520085
23520117
23520125
23520849
23521109
23521117
23521141
23521145
23521148
23521149
23523197
23525244
23525245
23544341
23544343
23544405
11606755
23544407
23552533
23552535
23552541
23552543
23552593
23552595
23552597
23552599
23552605
23552607
23552661
23552721
23552725
23552853
23553557
23553559
23553565
23553567
23553617
23553619
23553621
23553623
23553629
23553631
23553661
23553663
23553745
23553749
23553757
23553877
23553885
23553917
23585361
23586385
23586685
24011287
24011351
24012375
24012383
24076823
24076887
24077911
24077919
24231804
24409966
24409980
24438652
24438653
24439612
24439613
24440636
24440637
11737646
11737647
24440700
24440701
24442732
24442734
11737698
11737699
24442744
11737703
11737706
11737707
24442748
24442749
11737710
11737711
11737715
24444796
24475502
24475516
24489852
24489853
11737727
24491900
24493948
24504188
24504189
24505148
24505149
24506172
24506173
24506236
11737795
24506237
24508268
24508270
24508280
24508284
24508285
11737826
11737827
24510332
11737831
24535573
24535575
24601109
24601111
11737838
11737839
25238243
11737843
25303651
25303658
25303659
25303662
25303663
25369186
25369187
25369194
25369195
25369198
25369199
25369314
11738734
25369315
25369322
25369323
25369326
25369327
25370218
25370222
25385571
25385578
25385579
25385582
25385583
25385699
25827939
25827946
25827947
25827950
25827951
25893475
25893482
25893483
25893486
25893487
25893603
11745891
26286702
26286766
26286818
11745902
11745903
11745907
26286819
26286826
26286830
26286831
26287018
26287022
11745919
26287082
26287086
11746019
26287854
26288106
26288110
26295918
11746035
26296046
26296174
26296302
26301166
26303150
26303214
11746862
26303402
26303406
26311598
26352174
11746876
26352234
11746878
11746879
26352238
26352239
26352366
26352490
11746894
26352494
11746914
11746915
26353262
26353514
11746922
26353518
26366574
11746926
11746927
26368558
11746931
26368618
11746936
26368622
11746938
11746939
11746940
11746941
11746942
11746943
26368623
26368750
26368874
26368878
26369646
26369898
26369902
26415726
26417678
26417698
26417702
11747010
11747011
26417706
26417707
26417710
26417711
11747020
26417738
11747022
26417742
26417743
11747042
11747043
26417762
26417763
26417766
26417767
26417770
11747054
26417771
26417772
26417774
26417775
11747059
11747064
26417790
26417791
26417806
26417826
11747068
26417830
26417834
26417838
26417839
26417858
26417859
26417866
11747182
26417868
26417870
26417871
26417890
26417891
26417894
2756473
26417895
26417898
26417899
26417900
26417902
26417903
26417962
26417966
26418026
26418027
26418030
26418031
26418090
26418094
26418154
26418158
26418734
26418762
26418766
11762291
26418786
26418794
26418798
26418799
26418814
26418882
26418890
11762303
26418892
26418894
11762419
26418914
26418922
26418926
26419018
26419022
26419050
26419054
26419146
26419150
26419178
11763324
26419182
26425966
11763326
11763327
26426958
26426986
26426990
26427006
26427086
26427118
26427246
26432110
26432111
26432238
26433134
26434090
26434094
26434095
26434146
26434147
26434154
26434155
26434158
2789241
26434159
26434174
26434175
26434222
26434274
26434275
26434282
26434286
26434287
26434410
26434414
26435178
26435182
26435198
26435310
26435434
26435438
26442350
26443374
26443390
26528696
26529720
26545062
26561446
26561464
26562488
26569638
26594232
26595256
26664824
26679854
26679886
26679914
2169571
26679918
26679919
26680012
26680014
26680046
26680170
26680174
26680910
26680942
26681036
26681038
26681194
26681198
26696302
26876462
26876526
26892846
26892910
26941994
