228995
229003
229123
229128
229131
229251
229256
229258
229259
241291
241295
291218
537227
537243
538251
540299
8578
14722
8579
557726
14723
557727
557982
562078
565391
565646
565647
565902
565903
565918
565919
566158
566159
566174
566175
566926
566927
8594
566943
8595
567182
567183
567951
568974
568975
569230
569231
569742
569743
569999
570015
570254
570255
570270
570271
571023
571278
571279
573071
14978
14979
573326
573327
578335
578462
578463
14987
586654
586655
587662
14995
587663
587678
587679
602779
603787
605835
610971
43659
611099
611103
43663
611227
611231
619163
619419
619423
619659
619915
619919
620163
620171
620175
44683
620187
620299
44687
620303
15234
15235
620419
620423
620426
620427
620430
620431
620443
620447
621707
621962
621963
622211
622218
622219
622347
622466
622467
622472
622474
622475
622478
47755
622479
623263
627487
631439
631455
631711
632463
632479
632719
634511
634767
635551
635679
635807
48779
636559
636687
636815
638607
638735
638863
639647
639903
640671
640927
643351
643359
643487
643743
643863
643871
643998
643999
644895
645023
647839
648095
648335
648591
648847
648863
649102
649103
649119
650895
651150
651151
651663
651679
651935
652063
652175
652190
81539
652191
81547
652431
652559
652686
652687
652703
652943
652959
653063
653071
653087
16001
16002
653191
16003
653198
653199
653214
653215
654734
654735
654991
655119
655246
86163
655247
700047
86291
765583
16011
771743
771999
779919
86419
779935
780175
780191
823772
824284
827790
831886
831887
840094
840095
840606
88339
840607
840638
840639
848270
848271
848286
10626
10627
848287
848798
848799
905631
906143
88851
906175
913807
88859
913823
914335
10630
88986
88987
10631
89360
16256
89363
10634
16257
10635
16258
16259
89731
16260
16261
89739
16262
16263
89856
89859
89864
6546
89867
89872
10642
10643
89875
89880
16266
89883
89984
16267
89986
89987
89992
89994
89995
90515
91523
91531
91536
91537
91539
93568
93570
10883
93571
93576
93578
93579
4368
93584
4370
4371
94080
94082
94083
16784
94088
94090
16786
16787
94091
94339
94347
94355
94363
94483
94595
17808
94603
94610
94611
94615
94619
95363
95371
95377
95379
95387
11138
11139
95491
95499
95507
20499
95618
20626
95619
95623
20627
95626
95627
95631
95632
95633
95634
20752
95635
95639
95643
20754
20755
95875
95883
96131
96139
20759
96387
96395
96403
96531
20880
96642
20882
20883
96643
20886
20887
96650
96651
96658
6675
96659
96899
96907
96915
96923
97043
97051
97154
4416
97155
97162
97163
97170
97171
22547
97178
4420
97179
97410
97411
22675
386
97418
97419
22800
97427
22802
22803
97539
97547
97552
97555
97664
11650
11651
400
97666
402
403
97667
97672
97674
97675
97680
97682
97683
22930
97795
97803
97920
22931
23059
97921
97922
97923
97928
97929
23187
97930
97931
97939
97947
23312
6786
6787
98048
23314
98050
23315
98051
98056
98058
98059
98064
98067
98072
4432
98075
98176
98177
98178
98179
98182
448
98183
98184
98185
452
98186
23323
98187
98190
98191
98192
23442
98194
23443
98195
98200
464
98202
466
98203
468
98579
100627
100883
100891
101019
101139
101147
102419
11907
102673
102675
4436
102679
102683
104467
6802
104720
6803
24976
104721
104722
24978
24979
104723
104727
104731
104787
104979
104987
105115
105232
105233
105234
105235
105239
105240
26000
105241
26001
26002
26003
105242
26004
12162
105243
12163
105247
105299
105307
109195
109199
109211
109215
110211
110215
110217
110219
110221
110223
110475
110479
110867
110871
112915
112919
28048
113171
113179
113291
113307
113427
113431
113435
113439
114179
114187
114307
12418
12419
114313
114315
28803
114319
114435
114439
114443
114447
114571
114575
28818
28819
119063
128399
12427
130699
130954
130955
130958
130959
133506
28947
133507
12434
12435
133514
137475
29058
29059
137602
137603
137610
137859
137987
4482
138114
138115
29072
138122
29074
6928
139651
139667
12547
29075
141571
29078
6930
29079
141698
141699
141703
141706
141707
6931
141715
142211
142723
142979
143235
143619
143747
143763
145539
29827
4496
145667
145671
12563
4498
145675
4499
145683
29840
145794
145795
145799
145802
29841
145803
29842
29843
145811
145923
146051
146059
29968
146067
146179
146183
29971
146187
146195
146306
146307
146311
30082
30083
146314
146315
146323
146563
146691
146819
146947
146955
12674
12675
147073
147074
147075
12678
30096
30097
30098
12679
30099
30100
147079
30102
12682
12683
30103
147082
147083
147091
147107
4544
147203
147207
147211
147330
147331
147335
147338
147339
12688
147856
12689
12690
147857
12691
147859
12692
151699
151811
4548
151827
151939
12693
12694
12695
151952
151953
30851
151954
151955
151959
30867
153859
4560
153875
4562
153987
154003
154371
7042
154387
4564
154499
154515
156048
156049
156051
30995
31106
31107
157072
157073
157075
31122
31123
159891
160003
31363
160019
160131
160144
31379
160145
160146
160147
160151
2434
160899
160913
160915
161027
31507
161043
161155
31618
161168
31619
161169
161170
7058
161171
161175
31634
31635
162051
162067
162179
162195
162563
162579
162691
31875
162707
162947
162963
163075
31891
163091
163203
32016
2450
163219
163331
12931
163459
163467
32019
163475
163587
163595
32130
12947
32131
163603
163714
163715
163722
163723
32144
163731
32146
32147
166282
166344
166346
166794
166810
174474
32386
32387
174475
32395
174478
174479
174731
32403
174735
174986
174987
174990
174991
175747
175751
175754
32515
175755
32528
175758
175759
32531
175787
175791
32640
176010
32642
32643
176011
176014
176015
179851
13443
212483
32650
32651
32656
212491
212611
212619
13457
212739
32658
32659
13459
212747
213393
214145
214153
214161
214273
214280
214281
214400
214401
214403
214405
214408
214409
214411
214412
214413
214416
214417
214419
214421
33170
214424
214425
215432
216193
33178
216200
216201
216320
216321
216328
216329
216448
216449
13698
13699
216451
216456
216457
216458
216459
216460
216464
216465
216472
216705
216712
216713
216832
216833
216840
13712
13713
13714
216841
13715
13716
13717
216960
216961
216963
216968
216969
216970
216971
216972
216984
220424
220552
220801
220803
220808
220809
220811
13955
220928
220929
220931
220936
220937
220939
221056
221057
221059
35482
35483
221064
221065
221066
221067
221585
222353
35546
222593
222595
222600
222601
222603
222608
222609
222611
222613
222616
222617
8323
224520
224640
224641
224643
224648
224649
224650
224651
224656
224657
224664
35738
225032
8339
225152
225153
225155
225160
225161
225162
225163
225176
226435
14466
14467
35802
226443
226449
226451
226563
14475
226571
226691
226699
226705
226707
14483
228483
228491
37136
228611
37138
37139
228616
228619
228739
