STAT 0 1 0.00082595 122441 122441 122441 0
STAT 1 1 0.00081 72545.6 72545.6 72545.6 0
STAT 2 1 0.00088 55411.6 55411.6 55411.6 0
STAT 3 1 0.000752 43055.9 43055.9 43055.9 0
STAT 4 1 0.000653 26249.7 26249.7 26249.7 0
STAT 5 1 0.000602 18526.5 18526.5 18526.5 0
STAT 6 1 0.000626 15558.5 15558.5 15558.5 0
STAT 7 1 0.000688 14082.3 14082.3 14082.3 0
STAT 8 1 0.000707 12776.5 12776.5 12776.5 0
STAT 9 1 0.00065 11728.2 11728.2 11728.2 0
STAT 10 1 0.000628 11417.6 11417.6 11417.6 0
STAT 11 1 0.000634 11300.4 11300.4 11300.4 0
STAT 12 1 0.000636 11244.4 11244.4 11244.4 0
STAT 13 1 0.000644 11220.7 11220.7 11220.7 0
STAT 14 1 0.000653 11206.2 11206.2 11206.2 0
STAT 15 1 0.000655 11196.9 11196.9 11196.9 0
STAT 16 1 0.000658 11188.8 11188.8 11188.8 0
STAT 17 1 0.000659 11183.5 11183.5 11183.5 0
STAT 18 1 0.000665 11180 11180 11180 0
STAT 19 1 0.000673 11178.8 11178.8 11178.8 0
STAT 20 1 0.000667 11176.4 11176.4 11176.4 0
STAT 21 1 0.000668 11171.8 11171.8 11171.8 0
STAT 22 1 0.000673 11167 11167 11167 0
STAT 23 1 0.000666 11161.6 11161.6 11161.6 0
STAT 24 1 0.000672 11158 11158 11158 0
STAT 25 1 0.000669 11155.1 11155.1 11155.1 0
STAT 26 1 0.000668 11153.3 11153.3 11153.3 0
STAT 27 1 0.000667 11887 11887 11887 0
STAT 28 1 0.000663 13274.3 13274.3 13274.3 0
STAT 29 1 0.000658 15867.5 15867.5 15867.5 0
STAT 30 1 0.00065 18112.9 18112.9 18112.9 0
STAT 31 1 0.000652 20996.1 20996.1 20996.1 0
STAT 32 1 0.000639 26366.7 26366.7 26366.7 0
STAT 33 1 0.000634 35847.2 35847.2 35847.2 0
STAT 34 1 0.000646 42823.8 42823.8 42823.8 0
STAT 35 1 0.000636 52984 52984 52984 0
STAT 36 1 0.000629 72777.5 72777.5 72777.5 0
STAT 37 1 0.000629 91019.8 91019.8 91019.8 0
STAT 38 1 0.000624 110229 110229 110229 0
STAT 39 1 0.000627 135413 135413 135413 0
STAT 40 1 0.000621 162809 162809 162809 0
STAT 41 1 0.000621 213491 213491 213491 0
STAT 42 1 0.000622 263916 263916 263916 0
STAT 43 1 0.000622 332957 332957 332957 0
STAT 44 1 0.000628 359466 359466 359466 0
STAT 45 1 0.000624 390776 390776 390776 0
STAT 46 1 0.000623 408532 408532 408532 0
STAT 47 1 0.000623 428178 428178 428178 0
STAT 48 1 0.000625 427934 427934 427934 0
STAT 49 1 0.000574 428014 428014 428014 0
