STAT 0 1 0.000298911 7936.06 7936.06 7936.06 0
STAT 1 1 0.000311 7495.9 7495.9 7495.9 0
STAT 2 1 0.000312 7215.47 7215.47 7215.47 0
STAT 3 1 0.000304 6819.01 6819.01 6819.01 0
STAT 4 1 0.0003 6597.79 6597.79 6597.79 0
STAT 5 1 0.000288 6409.81 6409.81 6409.81 0
STAT 6 1 0.000284 6298.52 6298.52 6298.52 0
STAT 7 1 0.000285 6237.63 6237.63 6237.63 0
STAT 8 1 0.000284 6176.01 6176.01 6176.01 0
STAT 9 1 0.000283 6121.93 6121.93 6121.93 0
STAT 10 1 0.000288 6074.54 6074.54 6074.54 0
STAT 11 1 0.000296 6031.24 6031.24 6031.24 0
STAT 12 1 0.000296 5987.73 5987.73 5987.73 0
STAT 13 1 0.000297 5950.61 5950.61 5950.61 0
STAT 14 1 0.000302 5910.38 5910.38 5910.38 0
STAT 15 1 0.000307 5868.52 5868.52 5868.52 0
STAT 16 1 0.000309 5834.51 5834.51 5834.51 0
STAT 17 1 0.000311 5801.96 5801.96 5801.96 0
STAT 18 1 0.000312 5755.54 5755.54 5755.54 0
STAT 19 1 0.000309 5712.6 5712.6 5712.6 0
STAT 20 1 0.000305 5679.74 5679.74 5679.74 0
STAT 21 1 0.000304 5659.23 5659.23 5659.23 0
STAT 22 1 0.000306 5649.84 5649.84 5649.84 0
STAT 23 1 0.000306 5647.41 5647.41 5647.41 0
STAT 24 1 0.000306 5644.81 5644.81 5644.81 0
STAT 25 1 0.000306 5642.72 5642.72 5642.72 0
STAT 26 1 0.000306 5640.85 5640.85 5640.85 0
STAT 27 1 0.000304 5805.98 5805.98 5805.98 0
STAT 28 1 0.000301 6201.29 6201.29 6201.29 0
STAT 29 1 0.000301 6571.83 6571.83 6571.83 0
STAT 30 1 0.000289 7394.59 7394.59 7394.59 0
STAT 31 1 0.000282 8479.54 8479.54 8479.54 0
STAT 32 1 0.000269 11039.2 11039.2 11039.2 0
STAT 33 1 0.000268 13705.3 13705.3 13705.3 0
STAT 34 1 0.000267 20033.2 20033.2 20033.2 0
STAT 35 1 0.000265 27853.6 27853.6 27853.6 0
STAT 36 1 0.000264 34784.4 34784.4 34784.4 0
STAT 37 1 0.000264 43081.5 43081.5 43081.5 0
STAT 38 1 0.000263 54123.5 54123.5 54123.5 0
STAT 39 1 0.000261 71335 71335 71335 0
STAT 40 1 0.00026 84763.3 84763.3 84763.3 0
STAT 41 1 0.000262 114554 114554 114554 0
STAT 42 1 0.000262 138786 138786 138786 0
STAT 43 1 0.000261 176246 176246 176246 0
STAT 44 1 0.00026 229125 229125 229125 0
STAT 45 1 0.000261 240885 240885 240885 0
STAT 46 1 0.000261 269239 269239 269239 0
STAT 47 1 0.000262 269515 269515 269515 0
STAT 48 1 0.000263 269624 269624 269624 0
STAT 49 1 0.000263 241475 241475 241475 0
