-1.399999998913482386e+03 -1.399999998970850356e+03 2.052681694265803371e-07 7.362097978591919389e-01
7.111010946026726742e+04 5.351455438477691496e+04 5.440102444925976306e+04 8.709583044052123801e-01
4.501791597567231208e+07 3.362091982027946971e+06 1.123571880269305259e+08 8.777654886245727095e-01
-1.016603169639187058e+03 -1.098932777811589858e+03 1.586095616052988930e+02 8.068046092987060103e-01
-9.999996911867895051e+02 -9.999996429927159625e+02 1.058112928339378917e-04 8.139556884765625222e-01
-8.998462317943461812e+02 -8.999061633373223685e+02 1.907164378418415018e-01 7.657538175582885298e-01
-7.695228870318786676e+02 -7.690859339047735830e+02 1.745293814519808251e+01 1.395112204551696822e+00
-6.796828766388596250e+02 -6.796677095887469022e+02 1.288546243857224827e-01 1.067114090919494718e+00
-5.971932030773791666e+02 -5.967377795750305722e+02 1.312314699537036278e+00 9.329828596115111949e+00
-4.997427266043688405e+02 -4.997637707145951822e+02 1.845885798921944321e-01 9.277893781661987749e-01
-3.811953211624807523e+02 -3.825882403193635923e+02 1.245440858331588885e+01 1.035354208946227983e+00
-2.758225610482751904e+02 -2.791059215164566467e+02 1.325231773392795986e+01 1.047300791740417569e+00
-1.721557464536817292e+02 -1.722612700787457811e+02 8.830470639671979427e+00 1.063067197799682617e+00
5.802879652529040868e+02 5.438387513247147353e+02 2.337786779717701791e+02 9.976500988006591353e-01
7.970837017849464701e+02 7.928852081129608678e+02 2.595899874899496353e+02 9.762150049209594727e-01
2.001660559233076810e+02 2.001560281110921551e+02 9.251647299405610370e-02 4.434601783752441406e+00
3.265620447753678377e+02 3.264682130164208615e+02 1.077327198377228967e+01 9.491248846054076704e-01
4.270191736562823053e+02 4.260304770324340780e+02 5.777256615612253121e+00 9.446954011917114702e-01
5.009478552710339727e+02 5.007742582977151642e+02 3.319066289583674778e-01 7.318243026733398660e-01
6.040453812466701038e+02 6.039604258608667351e+02 8.580598561136175695e-01 8.900052785873413530e-01
1.000009016485276561e+03 1.000009246685435073e+03 8.999530432781600213e-04 1.189348506927490279e+00
1.546150875456408812e+03 1.498635610694931984e+03 3.516300612231476066e+02 1.709828209877014116e+00
1.924531295275035973e+03 1.899428282620353002e+03 2.262810109950053175e+02 1.650812506675720215e+00
1.197489715788463172e+03 1.206158308665521190e+03 2.643260701891036035e+01 8.386055803298949840e+00
1.300065727341109778e+03 1.307362780086047906e+03 2.673515522624691698e+01 8.480540490150451305e+00
1.392138340751602527e+03 1.361951515965346971e+03 8.337297059890272521e+01 9.557883191108704324e+00
1.692577825661762745e+03 1.703820490522720320e+03 4.526549465209072309e+01 9.107659697532653809e+00
1.715506953891768717e+03 1.700022798172780085e+03 1.060917213613715262e+02 1.940327596664428667e+00
