-1.399999999999999773e+03 -1.399999999999999773e+03 1.761228916715216211e-13 1.312169928550720144e+01
2.742477751384987030e+06 2.353192141193841584e+06 1.475323656236216193e+06 1.785860420227050938e+01
5.140260656585767269e+08 3.463591434556180835e+08 3.959289585306352973e+08 1.881968643188476520e+01
3.314861621526980798e+03 2.172857301024781918e+03 3.506096276503027184e+03 1.472205920219421316e+01
-9.999992308779852692e+02 -9.999992180935113311e+02 9.876673463048358430e-05 1.589436244010925314e+01
-8.734926582333362148e+02 -8.758864902232322720e+02 1.117236122591032732e+01 1.499807027816772376e+01
-6.658021463214629421e+02 -6.618474732463697592e+02 3.758362390600309766e+01 3.477936127662658805e+01
-6.790997624128083316e+02 -6.790952783048115862e+02 4.402265507519573240e-02 2.574914807319641241e+01
-5.823541101149568249e+02 -5.833954026691953914e+02 3.828331589211505737e+00 1.673970464801788296e+02
-4.999650068785195458e+02 -4.999728746156044394e+02 2.992322575805991466e-02 1.931133948326110783e+01
-2.946541588852944642e+02 -2.915499434724437720e+02 2.892050285505134255e+01 2.153949359893798743e+01
-1.625769631047753876e+02 -1.607061357606201568e+02 3.607626836212180876e+01 2.617278696060180820e+01
2.873048983265073630e+01 1.969045452942293650e+01 6.501170339514894181e+01 2.652626607894897504e+01
3.104998540194006182e+03 3.107080387810246975e+03 6.014191172937108831e+02 2.170849171638488784e+01
3.768027603450139850e+03 3.703713544748108689e+03 7.918747840661823147e+02 2.309232715606689368e+01
2.002715454617593878e+02 2.002620721674886681e+02 1.277614413315303066e-01 8.429571160316467626e+01
4.670658338292659550e+02 4.556832373936714475e+02 5.620822498241474818e+01 1.864924356460571175e+01
5.597598349088165151e+02 5.490524348440737867e+02 3.388133647719882191e+01 2.128783692359924373e+01
5.053579245686549939e+02 5.052449259635097292e+02 1.175213856383292343e+00 1.665304140090942298e+01
6.146669296270024461e+02 6.150000000000000000e+02 7.310434984368062716e-01 2.125469287872314439e+01
1.004630753302028438e+03 1.000000000000153136e+03 8.048078215960293846e+01 2.807070199966430835e+01
4.629715183633314155e+03 4.511569870217821517e+03 5.675036796657009290e+02 3.427495267868042106e+01
5.081074154491178888e+03 5.141066505298467746e+03 8.783977466874223410e+02 3.755607707977294751e+01
1.244927531837424567e+03 1.246686071839268379e+03 9.663467858345484274e+00 1.573042383193969727e+02
1.343985358760369309e+03 1.343447052356417089e+03 8.712285533364877210e+00 1.561586268329620282e+02
1.503980671175013185e+03 1.543475851771023144e+03 6.509428281807294070e+01 1.599654988002777145e+02
2.042059689623813711e+03 2.025726330532084830e+03 1.002442530200605120e+02 1.525599720859527508e+02
1.882661263995799573e+03 1.700000000000311957e+03 4.185500783369315627e+02 4.073003348350525243e+01
