-1.400000000000000000e+03 -1.400000000000000000e+03 0.000000000000000000e+00 8.068088870048522665e+01
1.364118681224577012e+05 1.006960760467119690e+05 9.801219005478081817e+04 9.254241631031035809e+01
3.472869960063460469e+07 2.059046158453445241e+05 9.764004535678760707e+07 9.283435029983520792e+01
6.080865767260906978e+03 4.868261768667322031e+03 3.156280440924703271e+03 9.377746269702910809e+01
-9.999999999999705551e+02 -9.999999999999783995e+02 2.569179162363526514e-11 8.955736060142517374e+01
-8.860696409528161439e+02 -8.901875725182144379e+02 1.409247337815336643e+01 9.133768620491028400e+01
-7.787919615278958645e+02 -7.749847203542378793e+02 1.331313652306526407e+01 8.928940951824188232e+01
-6.794955804349585833e+02 -6.794547375645097418e+02 1.101730331863551293e-01 8.105130698680878254e+01
-5.940418567597378114e+02 -5.943573819148606390e+02 2.194951979534125464e+00 9.943548061847687336e+01
-4.994962313849679845e+02 -4.995577148880862524e+02 2.688081853473636151e-01 8.515106050968169882e+01
-3.961196601811180926e+02 -3.960201637716268124e+02 2.060789560658102371e+00 8.353486330509186075e+01
-2.666060179823181784e+02 -2.669932406815506738e+02 1.945367388788158891e+01 8.210961740016936972e+01
-1.584184438856838710e+02 -1.604066747414926226e+02 1.858103094600546612e+01 7.362059459686278728e+01
9.588198149086625222e+01 9.087856832676456520e+01 1.091196284773157146e+02 8.045108129978180500e+01
1.100655140587775577e+03 1.096954917112832845e+03 4.013966282202802063e+02 8.195422270298004719e+01
2.004890092725282784e+02 2.004008791406577075e+02 2.758996673073283445e-01 9.037945048809051229e+01
3.151504849596329905e+02 3.145654792744037422e+02 2.830256973279629218e+00 8.291416139602661417e+01
4.278357917342332257e+02 4.301696786453206869e+02 6.640238726725362639e+00 9.046339650154114054e+01
5.007498353288809767e+02 5.006486281520776060e+02 3.543338863034611874e-01 9.156769468784332844e+01
6.037876500863358160e+02 6.039318169848759226e+02 3.524680192326772321e-01 9.187685799598693848e+01
1.000000000000000000e+03 1.000000000000000000e+03 0.000000000000000000e+00 8.590051739215850546e+01
1.146412719667240708e+03 1.079540167358286226e+03 2.316932063620114661e+02 8.363856880664825155e+01
2.353594286637897767e+03 2.338212785044784141e+03 1.706771273904302575e+02 8.548376710414886759e+01
1.218078048465016991e+03 1.217739325289947374e+03 3.192689932375532891e+00 9.872825670242309570e+01
1.319356827000202884e+03 1.319414716133109323e+03 4.095354290862063706e+00 9.920321249961853027e+01
1.411412998221199132e+03 1.400027309329811942e+03 3.415617010636348283e+01 1.019079658985137939e+02
1.866444534569757252e+03 1.866040806337246295e+03 2.029883682365170117e+01 9.986190221309661297e+01
1.700000000000000000e+03 1.700000000000000000e+03 0.000000000000000000e+00 9.034938361644745441e+01
