-1.399984341773698134e+03 -1.399983271315594038e+03 6.115359673019384913e-03 7.666825056076049805e-01
1.101273718525687727e+05 9.529139180023122753e+04 9.182616617424263677e+04 9.021742582321167214e-01
1.371291270884201862e+07 2.006105236913730041e+05 3.711149430195719749e+07 9.038581013679504172e-01
-1.099333446228572484e+03 -1.099553036933331896e+03 5.092955697560174189e-01 8.139181017875671831e-01
-9.999700300704444089e+02 -9.999690861951785337e+02 9.787011927665293515e-03 8.344737529754638894e-01
-8.985343105849226504e+02 -8.995538783084307397e+02 2.338013490521735793e+00 8.096983075141906960e-01
-7.726560617520364076e+02 -7.897617846034379454e+02 3.435405047378433352e+01 1.441096842288970947e+00
-6.796297136943896930e+02 -6.796324308393959654e+02 4.649960812463151127e-02 1.125115454196929932e+00
-5.971695959980886528e+02 -5.967637448567311367e+02 1.273940377434340299e+00 9.060912299156189675e+00
-4.993676018289013996e+02 -4.993623324024557064e+02 1.158981930685490935e-01 9.242230534553528276e-01
-3.851954608386768655e+02 -3.870315130580934238e+02 6.885162586684230313e+00 1.031542098522186368e+00
-2.821082219203067325e+02 -2.825506064273773177e+02 6.648640972260904114e+00 1.050031399726867765e+00
-1.686412326448444219e+02 -1.696679681628200456e+02 9.617070785741610450e+00 1.133336949348449751e+00
5.407703111338266808e+02 5.643486959342257023e+02 1.882090059767011780e+02 1.033114695549011142e+00
9.197364198293122399e+02 9.356490153074801128e+02 2.930473583405535578e+02 1.065355849266052202e+00
2.004039166635623985e+02 2.003737408659216044e+02 1.479117311837661042e-01 4.499137747287750067e+00
3.289037432232826177e+02 3.281152527723087360e+02 8.026074819291077134e+00 9.491255402565001997e-01
4.290444498154803341e+02 4.273835072096836711e+02 6.839880690490737436e+00 9.495038032531738503e-01
5.010837510783330799e+02 5.009903235729735798e+02 4.229144316131974168e-01 7.614295482635498047e-01
6.036329231603546077e+02 6.035238740891761609e+02 9.756631565912727844e-01 8.983201026916504128e-01
9.912229721282931223e+02 1.001194827759479040e+03 4.359603333152252702e+01 1.212978196144103959e+00
1.602617982872523726e+03 1.625264802071743361e+03 2.469065532817193684e+02 1.667392003536224410e+00
1.722578627985216372e+03 1.749273488214424106e+03 3.314215482970130324e+02 1.685038900375366300e+00
1.208351951536260458e+03 1.208666855400974782e+03 3.845092106147448785e+00 8.849807345867157338e+00
1.309129044831488955e+03 1.308965124080453734e+03 1.559881952758742640e+00 8.913992249965668080e+00
1.423471488243077602e+03 1.400039773314451395e+03 8.058440372346431957e+01 9.140000903606415150e+00
1.713958009833858569e+03 1.729890834518769907e+03 5.277166270493973599e+01 8.929631805419921520e+00
1.755339491762860462e+03 1.703776488146000702e+03 1.285602808551126373e+02 2.032115697860717773e+00
