-1.399999999999999773e+03 -1.399999999999999318e+03 4.592723115984917194e-13 2.350297024726867789e+01
9.026922654796900228e+06 7.616590722557542846e+06 3.965970530319564044e+06 3.815845603942871378e+01
2.638730209667737484e+09 2.017108573573756218e+09 2.315411053797001362e+09 4.350787768363952779e+01
1.591102502936154997e+04 1.549561924639154313e+04 7.683929186743909668e+03 3.017334939956664996e+01
-9.999981936447468343e+02 -9.999981665269710902e+02 3.053943281250755693e-04 3.122088059425353990e+01
-8.500172854972317964e+02 -8.551587123550397109e+02 1.560467360923029645e+01 3.102403079986572365e+01
-5.974948313126823223e+02 -5.849587070627869707e+02 4.161650254648229463e+01 8.506578763961792333e+01
-6.788921136982432927e+02 -6.788849968324584552e+02 4.049303168085698068e-02 6.009711172103882149e+01
-5.642018312463544589e+02 -5.653264599261167405e+02 6.489827594083974027e+00 4.419786257934570131e+02
-4.999451032613345660e+02 -4.999457787600446750e+02 3.270006239051893165e-02 4.210097215652465508e+01
-1.115438524791240695e+02 -1.144481460257046592e+02 5.741019528435468544e+01 4.448774527549743851e+01
7.439867630555824896e+00 2.465821072000835557e+00 8.459003563978012608e+01 6.493846176147461335e+01
3.119889372425722058e+02 3.148346376790607337e+02 6.058023213495566495e+01 6.468434371948242756e+01
5.791769815271212792e+03 5.929222162628126171e+03 6.374733755531057113e+02 4.541757047653198498e+01
6.909029168604744882e+03 6.879885513732855543e+03 1.017073181964247965e+03 5.388333220481872843e+01
2.004092361673344556e+02 2.002494774203333066e+02 4.893183921356726862e-01 2.278984731578826768e+02
6.288451507127551849e+02 6.197681433662704649e+02 7.057732666773246422e+01 3.930405227661132983e+01
7.554585066224479988e+02 7.426923679030846870e+02 8.235790392284829409e+01 5.184016836166382092e+01
5.129910569003227465e+02 5.130831863935150068e+02 2.383496312176848431e+00 3.601490687370300492e+01
6.247612008557923673e+02 6.250000000000000000e+02 5.262958380773585798e-01 4.951780531883239433e+01
1.332273951885680162e+03 9.000000000000009095e+02 4.544023662505851462e+02 7.568425672531128612e+01
8.447991614737862619e+03 8.210347191499653491e+03 1.296929683626501173e+03 8.451127796173095419e+01
9.137866371923964834e+03 9.017056786383243889e+03 1.462268775598532784e+03 9.804936360359191383e+01
1.294125108245867750e+03 1.292806963092549495e+03 1.083722154141143612e+01 4.246594847965240547e+02
1.397555185858067944e+03 1.395746739317962920e+03 1.653434354020687991e+01 4.216391419124603317e+02
1.538564482238321261e+03 1.586213368275749417e+03 8.643569300661786770e+01 4.372217082023620378e+02
2.503851893272475081e+03 2.481191340361712719e+03 1.350579293938773446e+02 4.320299858856201354e+02
3.232673200272496160e+03 1.800000000000002274e+03 1.616635079744244422e+03 1.225115320396423328e+02
