1.150096403907803506e+04 1.169596948017575596e+04 3.251576177860519692e+03 2.524183759689330842e+00
2.344297555941915810e+08 8.615598163564357162e+07 4.177090341321588755e+08 3.280350122451782369e+00
2.218343256665210800e+16 8.220133306135541016e+12 7.605216625801072000e+16 3.344247884750366051e+00
3.527442618119841791e+04 2.486824382801834508e+04 2.602615668263573752e+04 2.793223400115966815e+00
8.906761070677181124e+03 7.698720472250537568e+03 6.067621557668209789e+03 2.980369281768799006e+00
1.764178386844353383e+02 1.232736498782143144e+02 6.554442894556866577e+02 2.859301681518554794e+00
1.269009003471188043e+05 2.680663780010893333e+03 2.944914418309135363e+05 4.289213962554931925e+00
-6.794686187989291284e+02 -6.794439187320313067e+02 1.119195271044123446e-01 3.767620553970337127e+00
-5.876828110467462238e+02 -5.877173771719074011e+02 1.210718660819176451e+00 1.344063415527343786e+01
1.084075994956264140e+03 1.026304249964023938e+03 5.088115462225527494e+02 3.353167285919189666e+00
-1.847593704111833972e+02 -1.756143920396010287e+02 5.062223394366593254e+01 3.651269035339355540e+00
-1.091540663844761951e+02 -1.027705600330184552e+02 3.376396256645757887e+01 3.929759283065795916e+00
-7.762428798614680936e+00 -5.345577696937198198e-01 3.004181925973446710e+01 3.947751560211181676e+00
1.953428513248373974e+03 2.009826462977691335e+03 2.952789300696382497e+02 3.646141071319580096e+00
2.108232237171460383e+03 2.129126501053747234e+03 2.249734160543709720e+02 3.685152683258056783e+00
2.024535292092641896e+02 2.025607159444398917e+02 4.428822426457765249e-01 7.841044883728027770e+00
4.926493909240260791e+02 4.873042149105482963e+02 3.985073298334052083e+01 3.482599325180053551e+00
5.949625171349887296e+02 5.881202574625501711e+02 4.023534947844308363e+01 3.555094079971313548e+00
4.078445191410859843e+04 3.266670502951615345e+04 2.990605192379118671e+04 2.979180517196655220e+00
6.049679699841059346e+02 6.049999997972331585e+02 7.947020054674085177e-02 3.523073883056640820e+00
1.593518831084001022e+03 1.588395706877080784e+03 1.282606157652740819e+02 3.977035999298095703e+00
3.679498625482419811e+03 3.702967049481085269e+03 1.270689172047106723e+02 4.726606874465942632e+00
3.676582744494851795e+03 3.623596050463932897e+03 1.698656044884270955e+02 4.862113161087036062e+00
1.342691664150210499e+03 1.350215789137260344e+03 4.223433583119314960e+01 1.410315204620361307e+01
1.369060532928407383e+03 1.369480986932248697e+03 1.098653376669951953e+01 1.409449175834655676e+01
3.390499872491885526e+03 3.367966384383036257e+03 1.473152233938819791e+03 1.441908944129943926e+01
2.225964669364577730e+03 2.217483781702872875e+03 1.419405876966863786e+02 1.406155411720275872e+01
2.580909135457785851e+03 2.547839684686875444e+03 1.560307259714093107e+02 5.339105482101440536e+00
