-1.399667450755975551e+03 -1.399668971825925610e+03 2.588545329313456100e-02 1.132532360076904254e+01
3.372064675867190361e+09 2.843556812067708015e+09 1.560655515830727100e+09 1.433505916595458984e+01
5.047226221226462754e+22 6.237525045949296804e+20 1.256492895048929053e+23 1.513639627456664982e+01
1.085633832170518814e+06 4.723039535775520490e+05 1.603955967589095933e+06 1.250222283363342335e+01
-9.946218047247556342e+02 -9.991688359360904315e+02 2.265283272800200365e+01 1.328841648101806605e+01
-8.772263787688326602e+02 -8.777007768966709591e+02 2.274496857188734289e+00 1.287325195312499915e+01
1.943565151691864729e+08 3.068743565415947139e+07 4.162003848629580736e+08 2.458209568023681513e+01
-6.790680440519998911e+02 -6.790617881249459060e+02 6.012840416603786736e-02 1.980817440032959098e+01
-5.879885634267926662e+02 -5.892629906883611284e+02 5.389322208715905838e+00 1.134581167125701882e+02
-4.986635899360012445e+02 -4.986801818190825202e+02 4.755721496377048746e-02 1.601015439987182631e+01
-3.618562589736582709e+02 -3.637832362925144025e+02 9.027638574815179950e+00 1.634417707443237333e+01
-2.476195064222200131e+02 -2.517542821844253638e+02 1.610010805043651416e+01 1.911977580070495719e+01
-1.182548131519854167e+02 -1.197365518460181733e+02 2.328848757473370057e+01 1.878553551673889288e+01
2.788287501135575440e+03 2.865270228155572113e+03 5.119731077766670637e+02 1.653723108291626076e+01
3.179459185627109946e+03 3.179237939164007912e+03 6.269296083739727692e+02 1.474377284049987757e+01
2.003071206092289174e+02 2.003045466217713511e+02 3.658337311645078194e-02 4.781386600494384709e+01
3.828452007999886746e+02 3.798860621930397770e+02 1.786396186679510478e+01 1.172262771606445320e+01
4.795765596199393599e+02 4.793986780896637470e+02 1.065653842613290969e+01 1.371630151748657234e+01
2.020120470534868771e+06 5.035915824356893609e+02 6.811018191337072290e+06 1.070365143775939920e+01
6.149999999998137810e+02 6.150000000000000000e+02 9.118729864339574370e-10 1.346347720146179228e+01
7.284045164251216192e+03 6.959114001657019799e+03 1.627173250136003389e+03 1.613766456604004063e+01
3.528204666092758998e+03 3.514072075566080912e+03 5.825081908676088460e+02 1.946954487800597988e+01
4.005612094810656799e+03 4.088039480104739141e+03 5.759048434639905736e+02 2.100657759666442814e+01
1.229460819038165482e+03 1.220731903377434037e+03 1.828243910819886864e+01 1.109978309917449906e+02
1.329987907065723448e+03 1.327602374985077176e+03 1.696964338689187102e+01 1.108367024803161627e+02
1.512050701561799542e+03 1.510510637091877243e+03 4.473850038999647616e+00 1.145867099571228067e+02
1.855108965486952911e+03 1.781171809850095542e+03 1.981905324506567183e+02 1.111859439563751266e+02
1.138890374305441765e+04 1.188678794402498715e+04 4.879576184051049495e+03 2.311654260635376090e+01
