-1.399999139240820568e+03 -1.399999755507171130e+03 1.640840252090025033e-03 1.334150028228759666e-01
-1.125397352443181489e+03 -1.296731207404041925e+03 5.505131368257705162e+02 1.361217594146728604e-01
-1.199878621205922173e+03 -1.199973718030299551e+03 3.533714934459800117e-01 1.410958766937255859e-01
-1.099839511965842576e+03 -1.099966695103039910e+03 3.087813717052318996e-01 1.357466793060302657e-01
-9.999937136676426235e+02 -9.999980704844823549e+02 9.728536824888155479e-03 1.365484809875488204e-01
-8.999999946837351672e+02 -8.999999986938254324e+02 7.374591995581494424e-06 1.325528430938720803e-01
-7.999408075193816785e+02 -7.999574337783268447e+02 4.666077170869600832e-02 1.435161590576171931e-01
-6.943212912718769303e+02 -6.998722859799920570e+02 8.931767851811830639e+00 1.394025993347167980e-01
-5.999433105055479700e+02 -5.999601545457921929e+02 8.525662227574964946e-02 4.322350883483886963e-01
-4.999697995246999085e+02 -4.999721479323060862e+02 1.974444495986692888e-02 1.267425251007080200e-01
-3.999985905539656414e+02 -3.999992623847603568e+02 1.812727519248959456e-03 1.329361629486084106e-01
-2.999989789904086024e+02 -2.999995945210763466e+02 1.864826274134930018e-03 1.329664421081543091e-01
-1.999989500134796572e+02 -1.999993485575437830e+02 1.031563596502451698e-03 1.329120445251464888e-01
-9.248982667837158544e+01 -9.967682330498618626e+01 1.611999494744535966e+01 1.299521636962890636e-01
1.236329999187057780e+02 1.003570739820486892e+02 4.358483121612112399e+01 1.359423255920410023e-01
2.002940495824055063e+02 2.003037132332836165e+02 1.366225137050734451e-01 2.724239158630371027e-01
3.016555803349581311e+02 3.020437341569953560e+02 8.052558784027797900e-01 1.312979602813720836e-01
4.014141187465618827e+02 4.020214186187164955e+02 9.207651848627861346e-01 1.309850406646728416e-01
5.000009138727154436e+02 5.000000000896234269e+02 4.474695889520842289e-03 1.218956375122070279e-01
6.000031463838502077e+02 6.000015328479572645e+02 5.196087709053912214e-03 1.244988822937011658e-01
7.285432437193526312e+02 7.008112148680701239e+02 4.464503489429989713e+01 1.642354011535644420e-01
8.332367358907957851e+02 8.001134082777933827e+02 5.901023742491474167e+01 1.717516422271728460e-01
9.445351259513812465e+02 9.001071734614334900e+02 7.589757912778483728e+01 1.504464054107665927e-01
1.000029323353324003e+03 1.000020135513075275e+03 3.333042580211206807e-02 4.176406383514404408e-01
1.112102186765993565e+03 1.100085638718941027e+03 3.246189780784757772e+01 4.261499214172363437e-01
1.200097300417439328e+03 1.200025287516205481e+03 1.523543938615465332e-01 4.313568019866943493e-01
1.361293170309291554e+03 1.400014490852862991e+03 4.746612187973728680e+01 4.349319553375244340e-01
1.408332338321185716e+03 1.400413173549510475e+03 2.704370924499398043e+01 1.618827533721923784e-01
