-1.399999999999999773e+03 -1.399999999999999773e+03 1.575291032685415579e-13 9.683201147651672045e+02
8.657018226492204703e+05 8.531031717887987616e+05 2.625295488114395994e+05 1.503157088832855152e+03
3.951968650090236664e+08 1.125524662533444464e+08 5.429664350779480934e+08 1.487645389156341480e+03
8.390969017363220701e+03 2.781647841930259801e+03 2.754226062129822458e+04 1.478793514165878378e+03
-9.999998323366955901e+02 -9.999998325911204802e+02 1.181347697814251475e-05 1.492141339950561587e+03
-8.556435363349784211e+02 -8.565526684650251354e+02 2.083083922024075552e+00 1.267290302038192749e+03
-7.106574796167768682e+02 -7.060849481527874332e+02 2.154610867603776825e+01 1.508844831314086832e+03
-6.788826710294113127e+02 -6.788874091740391350e+02 4.040824437333751656e-02 1.399584736356735220e+03
-5.474745250924806896e+02 -5.506049268737413058e+02 1.214570523300284144e+01 2.096143063001632527e+03
-4.998217816977501684e+02 -4.998323916728613767e+02 8.393651317327789629e-02 1.074063339843750100e+03
-2.926265970939864474e+02 -2.945345620676762337e+02 2.497336445213392153e+01 1.033733828678131204e+03
-1.694053659741289835e+02 -1.756304511795730718e+02 3.476587369562012952e+01 1.076663701839446958e+03
7.715307621219132272e+01 7.704701315923875882e+01 3.544398925248362531e+01 1.294234780035018957e+03
3.998193485498624341e+03 4.122716785190357768e+03 7.320027914817713963e+02 1.046303294324874969e+03
1.144943572134683563e+04 1.324907504539661932e+04 3.071212819031202343e+03 7.899411967945098922e+02
2.029537499979061010e+02 2.028336138745902133e+02 4.717441254914557236e-01 9.821879648780823118e+02
4.580421774014089920e+02 4.553889813827737498e+02 2.634364455613060585e+01 7.443883561611175992e+02
5.796091805586164583e+02 5.573797974977489957e+02 8.035394910494179044e+01 8.264357507991791181e+02
5.071909890808794330e+02 5.067264060451526007e+02 1.751859702505217387e+00 1.001896414232254074e+03
6.240475667690672026e+02 6.250000000000000000e+02 1.467923896130969519e+00 7.435715641212462970e+02
1.576149065065998229e+03 1.828262933976494423e+03 3.617437243738865504e+02 6.769221785545348666e+02
5.503685445830527897e+03 5.412696154607235258e+03 8.913154416746019706e+02 6.541136873149871462e+02
9.956526388736214358e+03 9.740264191233434758e+03 1.585129628467060002e+03 6.529439069175720078e+02
1.308875395233958216e+03 1.308502359576646086e+03 1.025365438675280316e+01 1.151077075281143152e+03
1.442808531850749205e+03 1.437771160810647871e+03 1.468841264675391756e+01 1.149563682794570923e+03
1.605323928587335104e+03 1.611006342729665903e+03 4.636099575561289754e+01 1.158932112960815402e+03
2.705268874194807267e+03 2.668724049547887716e+03 1.651321991795888948e+02 1.155395462598800577e+03
2.910571471117867532e+03 1.800000000000001592e+03 1.480952102564911684e+03 6.093530522346496809e+02
