-1.399996587158403145e+03 -1.399998086405628328e+03 5.020233551380817553e-03 1.377057552337646595e-01
-1.286582894580314587e+03 -1.295447477309817259e+03 2.454912371034376406e+01 1.326845526695251409e-01
-1.199826989341002445e+03 -1.199955608951092927e+03 2.500998917746364292e-01 1.416422009468078502e-01
-1.099421198610886449e+03 -1.099920963048985413e+03 1.320669343533414031e+00 1.001888513565063477e-01
-9.999881154816730486e+02 -9.999904224505025923e+02 9.509403326314622498e-03 1.510394454002380316e-01
-8.999999831744464700e+02 -8.999999888869319875e+02 1.811273074798662236e-05 1.550357937812805176e-01
-7.998833863258425936e+02 -7.998990605327351204e+02 8.343065648298865489e-02 1.894068479537963923e-01
-6.907389982076435899e+02 -6.983397329612142812e+02 9.728097310527637376e+00 1.702370524406432994e-01
-5.999185559437886468e+02 -5.999389014735916135e+02 9.201539791300776538e-02 3.476592063903808372e-01
-4.999435964981449843e+02 -4.999529424434294924e+02 3.562043387688129670e-02 1.202041029930114718e-01
-3.999933149943206558e+02 -3.999954435344490093e+02 5.816240030959812270e-03 1.570426940917968861e-01
-2.999901723639745796e+02 -2.999946337510085073e+02 1.013062372334856860e-02 1.547894001007080189e-01
-1.999929223134558356e+02 -1.999972521498750098e+02 8.773682751190706522e-03 1.413411974906921276e-01
-9.343992780056944980e+01 -9.965700111339924661e+01 1.359658240133491525e+01 1.716777563095092662e-01
1.114029059652804392e+02 1.006380530475089756e+02 2.614164506583259140e+01 1.700594902038574108e-01
2.002717173742246644e+02 2.002111058324265969e+02 1.650562498661934108e-01 3.111202001571655162e-01
3.014835865983735630e+02 3.020557948175661522e+02 9.081507016770438145e-01 1.376943469047546276e-01
4.017932413342506948e+02 4.020564733718248931e+02 6.602118455651324602e-01 1.576240539550781139e-01
5.000000125398767636e+02 5.000000018930538772e+02 2.644591775674321293e-05 1.563728928565978893e-01
6.000105960899911679e+02 6.000093278502760086e+02 7.831011759165517477e-03 1.372744441032409668e-01
7.164828909723412380e+02 7.017933065503048056e+02 3.512499958953851120e+01 2.217759966850280651e-01
8.282720723424945390e+02 8.002965801178929723e+02 5.780956616089372346e+01 1.834323048591613714e-01
9.252346356743730666e+02 9.002395612297159460e+02 4.325473693318097901e+01 1.713274478912353571e-01
1.000066508685200233e+03 1.000032978851748567e+03 9.647280358993429172e-02 4.882496476173400768e-01
1.105225119263131546e+03 1.100211788238734243e+03 2.174795381636507230e+01 3.641556501388549805e-01
1.200097615906108558e+03 1.200063691338867557e+03 1.320605382820080331e-01 4.577352523803711049e-01
1.353214376893027975e+03 1.307483715754560308e+03 7.236454734640760478e+01 5.282548069953918457e-01
1.400902853501275104e+03 1.400902563627496875e+03 4.822821088789630561e-01 1.416444420814514105e-01
