-1.399999300789427707e+03 -1.399999485936328711e+03 6.204309019784985581e-04 5.589540004730224332e-02
-4.966570460756466900e+02 -7.964950967836035716e+02 7.442315686139653508e+02 6.211998462677002092e-02
-1.199697480474925669e+03 -1.199917254329949628e+03 6.262551503920154028e-01 5.979549884796142578e-02
-1.099075597640627848e+03 -1.099958052375698117e+03 1.760035148140258299e+00 5.980989933013915877e-02
-9.999957428946175924e+02 -9.999961332328655317e+02 2.848521045506267717e-03 5.988030433654785434e-02
-8.999995196148281593e+02 -8.999999975443838593e+02 1.074032075848120691e-03 5.695300102233886996e-02
-7.959684631148627432e+02 -7.999022122519555751e+02 8.707814220871675559e+00 7.124218940734863836e-02
-6.978856630958198366e+02 -6.998889087942177412e+02 5.963974612695240651e+00 6.597340106964111328e-02
-5.999579477934119041e+02 -5.999507248542290654e+02 2.228955294885263949e-02 3.066277980804443248e-01
-4.999789437677336537e+02 -4.999863971510649208e+02 1.786501748156680766e-02 6.036489009857178012e-02
-3.995005033219579786e+02 -3.994994368100154816e+02 4.971379954212620800e-01 6.726970672607421320e-02
-2.979077514294068578e+02 -2.985020656832583086e+02 1.805507200799804535e+00 6.798408031463623602e-02
-1.987813247485201202e+02 -1.980058231668228927e+02 9.942687074286189475e-01 6.862249374389647882e-02
-9.461356665283688017e+01 -9.934099944208189470e+01 7.476483253959077757e+00 6.405050754547118863e-02
1.128526555023220510e+02 1.004107387520213877e+02 3.726309358809776739e+01 6.551308631896972379e-02
2.007146163270276134e+02 2.006701961333843087e+02 3.059527513767180684e-01 1.730733871459960993e-01
3.023983886840302944e+02 3.025067982645967959e+02 1.783191159198363351e+00 6.763970851898193359e-02
4.019292839790285825e+02 4.021788865713676842e+02 1.481683907490322749e+00 6.718111038208007812e-02
5.000124037332204239e+02 5.000000003297308240e+02 1.817882880586558017e-02 5.838041305541992465e-02
6.000367349083686577e+02 6.000194320060110158e+02 4.375721921570008971e-02 6.158418655395507535e-02
7.109417200165797794e+02 7.009287197283420028e+02 2.974100766457772949e+01 8.482120037078857977e-02
8.264550470895794660e+02 8.270179130608084961e+02 2.265600225185373873e+01 9.050219058990478793e-02
9.506493357881694237e+02 9.161716882235241428e+02 6.926591005275980706e+01 9.085750579833984375e-02
1.003177510291143108e+03 1.001606519425454962e+03 5.463731812920585185e+00 3.355453014373779297e-01
1.110519334920859819e+03 1.100115973008588753e+03 3.120223309694059566e+01 3.354277849197387917e-01
1.201457560567562268e+03 1.200266217734976635e+03 1.886037219592764380e+00 3.589739084243774303e-01
1.363493101160037213e+03 1.303952248948798569e+03 1.191096270052571384e+02 3.507416963577270619e-01
1.400514012575123161e+03 1.400448128753410401e+03 2.598443353805435230e-01 1.071388006210327176e-01
