1.062935999415458718e+04 1.087430646686787077e+04 2.859913656775162053e+03 4.554683208465576394e-01
1.963693028638362885e+08 1.308128034762638956e+08 1.988157136338865757e+08 5.592716789245605336e-01
8.445111194748470000e+14 1.758019843735497559e+12 3.523905954484009500e+15 5.732441997528076039e-01
3.486532705747494765e+04 2.493303524763431778e+04 2.618831526579043930e+04 4.780439662933349543e-01
8.066184973996913868e+03 7.467520086514032300e+03 4.931037049404070785e+03 5.145343971252441806e-01
2.105556481110566551e+02 1.773775872217004235e+02 3.299063278217338961e+02 4.687843132019042791e-01
1.820383080581740360e+05 1.062999126332910782e+04 5.044656154776731855e+05 9.883952045440673739e-01
-6.794479674573881312e+02 -6.794585989430373729e+02 8.923661664354494427e-02 7.142737197875976829e-01
-5.873714205877779477e+02 -5.870614872016425352e+02 1.129063695705930570e+00 6.962919521331786932e+00
9.793168710554288054e+02 9.548888328954335520e+02 4.441953786802974946e+02 6.075366878509521618e-01
-1.975177230639947368e+02 -1.936285428223793872e+02 3.385784340359746380e+01 6.944711208343505859e-01
-1.109023607252283909e+02 -1.109675573364925185e+02 2.455616344049952460e+01 7.460409927368164551e-01
-1.398800996936237873e+01 -1.509569584256630037e+01 2.995316929564895148e+01 7.596918010711669611e-01
1.976641650140375077e+03 1.989574994180036811e+03 2.425036929664733236e+02 6.832705688476562456e-01
2.045165571325400379e+03 2.093598688010092701e+03 2.831340469583088861e+02 6.958765983581542969e-01
2.023656599931291282e+02 2.022675314687355126e+02 4.857917352920639309e-01 3.330617837905883949e+00
4.889418727785279657e+02 4.757708739914897933e+02 4.180043446568024024e+01 6.167885208129882946e-01
5.874528678843336138e+02 5.856750093262919563e+02 3.375332140475817511e+01 6.378071212768554599e-01
3.463969121011671814e+04 3.137240786254765044e+04 2.684278019795120053e+04 5.122879981994629128e-01
6.049783946824256873e+02 6.049999984423983506e+02 6.712278043388134052e-02 6.333065223693847834e-01
1.617159735242561965e+03 1.614789206457899581e+03 1.175445586480744140e+02 7.683808040618896884e-01
3.675317702252175877e+03 3.689524888805479350e+03 1.635967353720025699e+02 1.213553323745727441e+00
3.595514139199159672e+03 3.623265388363049624e+03 2.259421927185010475e+02 1.271455240249633745e+00
1.359363895886918272e+03 1.363006282075240051e+03 5.547389346805974242e+01 7.617641878128051935e+00
1.373624690832263241e+03 1.375974716532176217e+03 1.194919133435804603e+01 7.491551685333251775e+00
3.635020496007964994e+03 2.444500750430639982e+03 2.169788616648772859e+03 7.973678722381591477e+00
2.149517567160644830e+03 2.130700326759299514e+03 1.414959813787376106e+02 7.796343154907226847e+00
2.617244135586251559e+03 2.629325845367750389e+03 1.493874760794934105e+02 1.554458875656127947e+00
