-1.355973748187543606e+03 -1.378475813252456646e+03 6.613828603979932552e+01 1.709355878829956099e+00 -1.400000000000000000e+03 -1.400000000000000000e+03 0.000000000000000000e+00 2.697330360412597550e+00 -1.399999999317095217e+03 -1.399999999508274868e+03 6.925869439526330856e-07 1.303009557723999068e+00 -1.399999999998427029e+03 -1.399999999998671683e+03 8.075278143187352763e-10 1.172732353210449198e-02
8.637386188910836063e+04 3.542470362132011360e+04 1.461860253984691808e+05 1.698534603118896591e+00 5.663275572556534462e+04 -1.300000000000000000e+03 2.838113818418714800e+05 2.510467042922973846e+00 -1.250596364199608615e+03 -1.278798569812026699e+03 7.116542552743329964e+01 1.329651403427124068e+00 -1.299999999992187895e+03 -1.299999999996851784e+03 1.245268642178639219e-08 1.573692321777343806e-02
7.427498610358721635e+04 5.395251518536608273e+03 1.842570509332667862e+05 4.105860710144042941e-02 3.403070615545951575e+07 4.685612182044204092e+05 5.549116228835477680e+07 7.477081203460693715e-01 1.394382319840749726e+06 -1.199988001595640526e+03 2.394821227785984520e+06 1.317914447784423793e+00 2.299905085276750848e+06 -1.200000000000000000e+03 1.122575472588140890e+07 1.698323249816894448e-02
1.221159248136563656e+04 -1.099685925549296599e+03 3.855917875374865980e+04 1.689576644897460955e+00 5.429763919178947108e+05 -1.100000000000000000e+03 2.605282293341888580e+06 2.329540443420410334e+00 -1.099970306076782208e+03 -1.099988234126150928e+03 3.753182318660568118e-02 1.327910118103027282e+00 -1.099999999982575446e+03 -1.099999999999979082e+03 4.177556073958186973e-08 1.061532020568847594e-02
-9.876652494116092385e+02 -9.947476749560167946e+02 1.655116092900888702e+01 1.692415122985839737e+00 -9.999999999999994316e+02 -9.999999999999998863e+02 1.376690807157556602e-12 1.079085922241211026e+00 -9.999996028381033284e+02 -9.999997461350460526e+02 3.770911418983747491e-04 1.316046638488769460e+00 -9.999999999999016609e+02 -9.999999999999837428e+02 1.562174010035570545e-10 1.843800544738769670e-02
-8.998481336339999643e+02 -8.999181135199373784e+02 2.059521821402336139e-01 1.682685241699218848e+00 -8.999898880558566816e+02 -9.000000000000000000e+02 3.432024132809804312e-02 2.466722955703735565e+00 -8.999808016885124289e+02 -8.999841916087939353e+02 1.238749502171510031e-02 1.307658634185790980e+00 -8.999999999999996589e+02 -8.999999999999997726e+02 2.784747428885541332e-13 1.493559837341308649e-02
-7.854854511620642370e+02 -7.852628038653316480e+02 1.113055517381264536e+01 4.343824386596679965e-02 2.668489678529605590e+04 -7.528451182718404198e+02 5.619646569515678857e+04 7.708345985412597967e-01 -7.950489083685959031e+02 -7.949565411023263550e+02 3.608515260074268927e+00 1.330660247802734286e+00 2.219843943018186837e+05 2.114041954221240594e+05 8.389827942853378772e+04 6.858005523681640937e-03
-6.829148076267858869e+02 -6.803514545150914046e+02 4.480521811174619451e+00 3.709108352661132785e-02 -6.817154502479745588e+02 -6.799970566987351503e+02 4.472947851708999778e+00 4.522286033630371072e-01 -6.799969593879332024e+02 -6.799987179703623497e+02 3.927248628492089472e-03 1.336719036102294922e+00 -6.799681904266548145e+02 -6.799900333392068887e+02 5.563159517330881071e-02 9.083156585693358612e-03
-5.993548115327690766e+02 -5.993346199401258900e+02 2.188774231405075099e-01 7.019215583801269309e-02 -5.983338349689284996e+02 -5.982212189888484772e+02 6.394430916106262908e-01 2.612478675842285103e+00 -5.983041936063416415e+02 -5.982166302304400460e+02 2.278550478728635920e-01 1.572539710998535067e+00 -5.974591892151485126e+02 -5.974292325664242753e+02 1.876530032905900647e-01 1.147315979003906208e-02
-4.956626459334142965e+02 -4.979112379586142083e+02 5.122526525790425111e+00 1.692101678848266566e+00 -4.997018171472611243e+02 -4.999408218229448835e+02 9.051947293226327851e-01 2.460452041625976527e+00 -4.995864173200461096e+02 -4.997728380981421310e+02 5.217726320335879242e-01 1.317149562835693288e+00 -4.968267018308957859e+02 -4.978890491706605985e+02 3.706848281316421190e+00 1.066435813903808538e-02
-3.968121695937193181e+02 -3.974654026785355541e+02 2.164909117803807348e+00 1.273462390899658125e-01 -3.950252097523526231e+02 -3.950252097523526231e+02 0.000000000000000000e+00 2.639488554000854581e+00 -3.962191579576240201e+02 -3.950252096315132917e+02 1.616614293367087951e+00 1.334838085174560485e+00 -3.950252097508709994e+02 -3.950252097512857858e+02 1.202422818483202240e-09 8.360481262207031597e-03
-2.951121294691637900e+02 -2.964971888627036378e+02 4.194257111782287772e+00 1.195790386199951233e-01 -2.870655675679589081e+02 -2.870655675679589081e+02 0.000000000000000000e+00 2.723799324035644620e+00 -2.906866949311959729e+02 -2.870655665371562009e+02 3.856830587758016460e+00 1.337083034515380797e+00 -2.870655675665378794e+02 -2.870655675668740514e+02 1.333578233283483965e-09 8.907842636108397744e-03
-1.944257148730956146e+02 -1.963807380293735889e+02 3.573927411019177658e+00 1.208411121368408170e-01 -1.964544918387551320e+02 -1.964515896784726010e+02 2.670386164346171043e+00 2.464335556030273544e+00 -1.939050728733992628e+02 -1.931100512817871504e+02 3.607487391860621173e+00 1.344924640655517534e+00 -1.866177577756648418e+02 -1.931100512817871504e+02 1.124152304528906754e+01 7.727041244506836250e-03
3.151534604381471993e+01 3.704100988677632245e+01 7.790204710438172242e+01 1.701186637878417951e+00 9.820339166623904248e+01 1.174518426465544394e+02 1.442546955572412060e+02 2.658345918655395490e+00 1.601135882051945885e+02 1.174519193967339561e+02 1.134474978266500784e+02 1.326264400482177752e+00 2.731208318005963065e+02 2.556600786108059538e+02 2.404270892359771494e+01 9.063796997070312431e-03
2.596179002405615392e+02 2.618997057455554796e+02 9.050745913918508734e+01 1.702796764373779359e+00 1.752908186093482357e+02 1.167572201841822448e+02 9.829425420792118473e+01 2.671965761184692312e+00 1.817751698894420542e+02 1.167579787188320779e+02 1.119155104795471232e+02 1.326053361892700178e+00 2.188660878366146108e+02 1.167572202531618046e+02 1.151943385079664637e+02 1.052608489990234340e-02
2.000000000000000000e+02 2.000000000000000000e+02 0.000000000000000000e+00 1.833594999313354457e+00 2.029872763057319105e+02 2.034277258667422927e+02 2.069835509187105238e+00 2.634031677246093661e+00 2.018822008897582805e+02 2.011612014549442620e+02 1.686354531088789965e+00 1.436177244186401358e+00 2.194878311302634302e+02 2.121023163786888119e+02 1.731505005593529845e+01 1.186059951782226542e-02
3.062244206824215667e+02 3.059268126878237126e+02 2.615337843622872693e+00 1.699104404449462979e+00 3.092950170317932930e+02 3.101523218177669605e+02 2.358254296488562662e+00 2.698983440399169709e+00 3.049572940362041891e+02 3.046394382284915423e+02 1.595802708985517793e+00 1.324616403579711887e+00 3.106546701333182909e+02 3.103331817305600566e+02 2.312000601532593347e+00 1.142531394958496045e-02
4.067089438418695977e+02 4.064541287650195045e+02 2.682552101056775662e+00 1.700469036102294940e+00 4.090475955219478124e+02 4.099472609873973283e+02 2.490417481458630178e+00 2.674914875030517614e+00 4.100039713921049156e+02 4.100958458073789643e+02 2.050170290081786639e+00 1.328316955566406277e+00 4.098317045347490080e+02 4.099472609926876316e+02 8.991884696982542780e-01 7.405605316162109514e-03
5.005690637754781278e+02 5.004431832292724494e+02 4.906898304609059180e-01 1.672919197082519460e+00 5.000744731705079857e+02 5.000590057714071008e+02 8.977914727724795041e-02 2.552831125259399592e+00 5.002510345079935519e+02 5.002526359044736068e+02 2.127875333063225238e-01 1.312496118545532164e+00 5.103361614324709308e+02 5.001217415336996623e+02 3.173330619759930471e+01 1.249996185302734361e-02
6.003394983845107618e+02 6.002926572459089130e+02 1.850129016603815624e-01 5.517683982849121149e-02 6.006309292903415553e+02 6.006748376188861585e+02 3.648520784257174299e-01 9.283666038513183061e-01 6.000858885522220589e+02 6.000744481651447586e+02 6.014082568281336333e-02 1.331543760299682688e+00 6.009999999999998863e+02 6.010000000000000000e+02 1.508226337298492444e-13 3.398399353027343767e-03
8.041765228854112593e+02 8.151530914033631916e+02 3.102247322574152832e+01 4.250276565551757563e-02 8.067503257218495492e+02 8.000000000000000000e+02 4.747858684586621081e+01 1.948300313949584917e+00 7.000201154603850000e+02 7.000168581537070622e+02 1.979501043457539827e-02 1.353594474792480407e+00 7.000000017567076611e+02 7.000000013169934618e+02 1.263495470277614555e-06 1.592855453491210868e-02
9.825688196846522260e+02 9.870950154846866553e+02 9.012152132335816646e+01 9.236181545257567960e-01 1.000312960478046193e+03 1.047957749708240954e+03 1.588895694769903741e+02 2.708824634552001953e+00 1.139291654482636432e+03 1.178684644176025586e+03 1.156544697056856705e+02 1.360664558410644487e+00 1.208223627918992179e+03 1.209994167458652100e+03 3.819648194850301337e+01 9.532794952392578680e-03
1.107669232517090222e+03 1.118225494691516360e+03 9.693063348956124514e+01 1.333208637237548899e+00 1.057604703388490861e+03 9.838570783478821795e+02 1.279350270777937197e+02 2.708863401412963778e+00 1.053738582108126366e+03 9.838574148750468567e+02 1.144899334698115183e+02 1.364277639389038121e+00 1.061530362662688049e+03 9.838570784039818591e+02 1.244484176164663296e+02 1.046080589294433663e-02
1.065508656483559207e+03 1.076426842961421698e+03 3.367534748406051648e+01 8.568475723266601174e-02 1.033048140855444217e+03 1.018804908152706616e+03 2.534614584693703065e+01 2.994740562438964915e+00 1.032194306770550156e+03 1.018805425156318051e+03 2.709909937411154601e+01 1.623048477172851500e+00 1.030674361573361921e+03 1.018804980132150149e+03 2.373878228136945978e+01 1.620200157165527233e-02
1.182668974654063959e+03 1.204809031034229747e+03 3.660680316339927032e+01 8.869195938110351063e-02 1.207438948117381869e+03 1.205484701503987026e+03 4.138152943263389716e+01 2.777025403976440376e+00 1.210880822554512179e+03 1.205489602682488794e+03 2.053832277335486012e+01 1.623690004348754989e+00 1.224610344416875932e+03 1.205489635313334475e+03 3.066501132636498994e+01 1.840519905090332031e-02
1.253605196896762436e+03 1.256406430609547442e+03 3.557725088545907965e+01 1.111773204803466752e-01 1.223818998949043362e+03 1.204307273637827393e+03 2.618396298257902544e+01 3.015198602676391726e+00 1.226714073154192192e+03 1.204307449131363228e+03 3.263789714543950993e+01 1.645968399047851527e+00 1.220679503053116832e+03 1.204307273691662658e+03 2.625397412430930899e+01 1.171832084655761649e-02
1.516443249934433652e+03 1.498446933000489707e+03 7.663327264953960594e+01 9.178347587585448941e-02 1.600849155034664136e+03 1.638779138210594965e+03 8.776996779749008226e+01 1.462791442871093708e-02 1.546926222164915316e+03 1.654601218926509091e+03 1.826985238870481112e+02 1.639299354553222621e+00 1.649081798775469451e+03 1.646952544649783249e+03 1.099902733661848657e+02 1.974440574645995941e-02
1.497929308907431050e+03 1.507199991024248220e+03 3.949727515560867630e+01 4.855584144592284962e-02 1.565279472057855401e+03 1.489241236290540655e+03 2.671425766357946827e+02 2.401804800033569443e+00 1.582622067681457338e+03 1.400013706332421407e+03 2.830930327037107190e+02 1.391476392745971680e+00 2.120131637469369252e+03 2.124281784212570528e+03 2.774918300174935553e+02 1.157872200012207038e-02
