Script started on Fri 05 Apr 2013 23:57:18 CEST
[1m[7m%[27m[1m[0m                                                                                                                                                                                                                [0m[27m[24m[J[32mrob@quad [1m[34m/home/rob/qopt/EXPERIMENTS/Numerical/final-results-numerical[0m [00m% [K../gen[33m[39merate-cache.py 
Warning: Could not import CEC2011 benchmark due to:
libCEC2011.so: cannot open shared object file: No such file or directory
 1 -1400     -1355.97      66.1383        -1400            0        -1400  6.92587e-07        -1400  8.07528e-10
 2 -1300      86373.9       146186      56632.8       283811      -1250.6      71.1654        -1300  1.24527e-08
 3 -1200        74275       184257  3.40307e+07  5.54912e+07  1.39438e+06  2.39482e+06  2.29991e+06  1.12258e+07
 4 -1100      12211.6      38559.2       542976  2.60528e+06     -1099.97    0.0375318        -1100  4.17756e-08
 5 -1000     -987.665      16.5512        -1000  1.37669e-12        -1000  0.000377091        -1000  1.56217e-10
 6  -900     -899.848     0.205952      -899.99    0.0343202     -899.981    0.0123875         -900  2.78475e-13
 7  -800     -785.485      11.1306      26684.9      56196.5     -795.049      3.60852       221984      83898.3
 8  -700     -682.915      4.48052     -681.715      4.47295     -679.997   0.00392725     -679.968    0.0556316
 9  -600     -599.355     0.218877     -598.334     0.639443     -598.304     0.227855     -597.459     0.187653
10  -500     -495.663      5.12253     -499.702     0.905195     -499.586     0.521773     -496.827      3.70685
11  -400     -396.812      2.16491     -395.025            0     -396.219      1.61661     -395.025  1.20242e-09
12  -300     -295.112      4.19426     -287.066            0     -290.687      3.85683     -287.066  1.33358e-09
13  -200     -194.426      3.57393     -196.454      2.67039     -193.905      3.60749     -186.618      11.2415
14  -100      31.5153       77.902      98.2034      144.255      160.114      113.447      273.121      24.0427
15   100      259.618      90.5075      175.291      98.2943      181.775      111.916      218.866      115.194
16   200          200            0      202.987      2.06984      201.882      1.68635      219.488      17.3151
17   300      306.224      2.61534      309.295      2.35825      304.957       1.5958      310.655        2.312
18   400      406.709      2.68255      409.048      2.49042      410.004      2.05017      409.832     0.899188
19   500      500.569      0.49069      500.074    0.0897791      500.251     0.212788      510.336      31.7333
20   600      600.339     0.185013      600.631     0.364852      600.086    0.0601408          601  1.50823e-13
21   700      804.177      31.0225       806.75      47.4786       700.02     0.019795          700   1.2635e-06
22   800      982.569      90.1215      1000.31       158.89      1139.29      115.654      1208.22      38.1965
23   900      1107.67      96.9306       1057.6      127.935      1053.74       114.49      1061.53      124.448
24  1000      1065.51      33.6753      1033.05      25.3461      1032.19      27.0991      1030.67      23.7388
25  1100      1182.67      36.6068      1207.44      41.3815      1210.88      20.5383      1224.61       30.665
26  1200      1253.61      35.5773      1223.82       26.184      1226.71      32.6379      1220.68       26.254
27  1300      1516.44      76.6333      1600.85        87.77      1546.93      182.699      1649.08       109.99
28  1400      1497.93      39.4973      1565.28      267.143      1582.62      283.093      2120.13      277.492
---------------------------------------------------
 1   -1355.97   -1378.48    66.1383    1.70936      -1400      -1400          0    2.69733      -1400      -1400 6.92587e-07    1.30301      -1400      -1400 8.07528e-10  0.0117273 
 2    86373.9    35424.7     146186    1.69853    56632.8      -1300     283811    2.51047    -1250.6    -1278.8    71.1654    1.32965      -1300      -1300 1.24527e-08  0.0157369 
 3      74275    5395.25     184257  0.0410586 3.40307e+07     468561 5.54912e+07   0.747708 1.39438e+06   -1199.99 2.39482e+06    1.31791 2.29991e+06      -1200 1.12258e+07  0.0169832 
 4    12211.6   -1099.69    38559.2    1.68958     542976      -1100 2.60528e+06    2.32954   -1099.97   -1099.99  0.0375318    1.32791      -1100      -1100 4.17756e-08  0.0106153 
 5   -987.665   -994.748    16.5512    1.69242      -1000      -1000 1.37669e-12    1.07909      -1000      -1000 0.000377091    1.31605      -1000      -1000 1.56217e-10   0.018438 
 6   -899.848   -899.918   0.205952    1.68269    -899.99       -900  0.0343202    2.46672   -899.981   -899.984  0.0123875    1.30766       -900       -900 2.78475e-13  0.0149356 
 7   -785.485   -785.263    11.1306  0.0434382    26684.9   -752.845    56196.5   0.770835   -795.049   -794.957    3.60852    1.33066     221984     211404    83898.3 0.00685801 
 8   -682.915   -680.351    4.48052  0.0370911   -681.715   -679.997    4.47295   0.452229   -679.997   -679.999 0.00392725    1.33672   -679.968    -679.99  0.0556316 0.00908316 
 9   -599.355   -599.335   0.218877  0.0701922   -598.334   -598.221   0.639443    2.61248   -598.304   -598.217   0.227855    1.57254   -597.459   -597.429   0.187653  0.0114732 
10   -495.663   -497.911    5.12253     1.6921   -499.702   -499.941   0.905195    2.46045   -499.586   -499.773   0.521773    1.31715   -496.827   -497.889    3.70685  0.0106644 
11   -396.812   -397.465    2.16491   0.127346   -395.025   -395.025          0    2.63949   -396.219   -395.025    1.61661    1.33484   -395.025   -395.025 1.20242e-09 0.00836048 
12   -295.112   -296.497    4.19426   0.119579   -287.066   -287.066          0     2.7238   -290.687   -287.066    3.85683    1.33708   -287.066   -287.066 1.33358e-09 0.00890784 
13   -194.426   -196.381    3.57393   0.120841   -196.454   -196.452    2.67039    2.46434   -193.905    -193.11    3.60749    1.34492   -186.618    -193.11    11.2415 0.00772704 
14    31.5153     37.041     77.902    1.70119    98.2034    117.452    144.255    2.65835    160.114    117.452    113.447    1.32626    273.121     255.66    24.0427  0.0090638 
15    259.618      261.9    90.5075     1.7028    175.291    116.757    98.2943    2.67197    181.775    116.758    111.916    1.32605    218.866    116.757    115.194  0.0105261 
16        200        200          0    1.83359    202.987    203.428    2.06984    2.63403    201.882    201.161    1.68635    1.43618    219.488    212.102    17.3151  0.0118606 
17    306.224    305.927    2.61534     1.6991    309.295    310.152    2.35825    2.69898    304.957    304.639     1.5958    1.32462    310.655    310.333      2.312  0.0114253 
18    406.709    406.454    2.68255    1.70047    409.048    409.947    2.49042    2.67491    410.004    410.096    2.05017    1.32832    409.832    409.947   0.899188 0.00740561 
19    500.569    500.443    0.49069    1.67292    500.074    500.059  0.0897791    2.55283    500.251    500.253   0.212788     1.3125    510.336    500.122    31.7333     0.0125 
20    600.339    600.293   0.185013  0.0551768    600.631    600.675   0.364852   0.928367    600.086    600.074  0.0601408    1.33154        601        601 1.50823e-13  0.0033984 
21    804.177    815.153    31.0225  0.0425028     806.75        800    47.4786     1.9483     700.02    700.017   0.019795    1.35359        700        700 1.2635e-06  0.0159286 
22    982.569    987.095    90.1215   0.923618    1000.31    1047.96     158.89    2.70882    1139.29    1178.68    115.654    1.36066    1208.22    1209.99    38.1965 0.00953279 
23    1107.67    1118.23    96.9306    1.33321     1057.6    983.857    127.935    2.70886    1053.74    983.857     114.49    1.36428    1061.53    983.857    124.448  0.0104608 
24    1065.51    1076.43    33.6753  0.0856848    1033.05     1018.8    25.3461    2.99474    1032.19    1018.81    27.0991    1.62305    1030.67     1018.8    23.7388   0.016202 
25    1182.67    1204.81    36.6068   0.088692    1207.44    1205.48    41.3815    2.77703    1210.88    1205.49    20.5383    1.62369    1224.61    1205.49     30.665  0.0184052 
26    1253.61    1256.41    35.5773   0.111177    1223.82    1204.31     26.184     3.0152    1226.71    1204.31    32.6379    1.64597    1220.68    1204.31     26.254  0.0117183 
27    1516.44    1498.45    76.6333  0.0917835    1600.85    1638.78      87.77  0.0146279    1546.93     1654.6    182.699     1.6393    1649.08    1646.95     109.99  0.0197444 
28    1497.93     1507.2    39.4973  0.0485558    1565.28    1489.24    267.143     2.4018    1582.62    1400.01    283.093    1.39148    2120.13    2124.28    277.492  0.0115787 
[1m[7m%[27m[1m[0m                                                                                                                                                                                                                [0m[27m[24m[J[32mrob@quad [1m[34m/home/rob/qopt/EXPERIMENTS/Numerical/final-results-numerical[0m [00m% [K[0m[27m[24m[J[32mrob@quad [1m[34m/home/rob/qopt/EXPERIMENTS/Numerical/final-results-numerical[0m [00m% [0m[27m[24m[J[32mrob@quad [1m[34m/home/rob/qopt/EXPERIMENTS/Numerical/final-results-numerical[0m [00m% [K

Script done on Sat 06 Apr 2013 02:53:42 CEST
