-1.400000000000000000e+03 -1.400000000000000000e+03 3.294957593013677839e-13 6.423626819849013714e+01
4.650162801953852977e+03 1.121690471592139147e+03 5.895581540992635382e+03 6.430838950872421833e+01
-1.199999999999732154e+03 -1.199999999999906777e+03 4.131933595267782154e-10 6.426224910020827963e+01
-1.099999999996529368e+03 -1.099999999999724878e+03 1.116422283606221411e-08 6.430415184497833536e+01
-9.999999998844314177e+02 -9.999999999310646217e+02 1.247728417953268076e-07 6.433405475616454794e+01
-8.999902824628192093e+02 -8.999911209373617567e+02 1.104989141393755529e-02 6.423143270015717121e+01
-7.919875040789307832e+02 -7.998725429154058020e+02 2.050955875412735452e+01 6.434675954580306723e+01
-6.849986894047278838e+02 -6.799996765799303375e+02 8.660696546158286324e+00 6.432295019626617716e+01
-5.993586811445560443e+02 -5.992499986034885069e+02 3.383710401357162278e-01 6.496553034782409952e+01
-4.994458640074437312e+02 -4.996596885289353622e+02 6.276652651092519131e-01 6.431047610044478802e+01
-3.999999999999996589e+02 -3.999999999999998863e+02 4.343967969940149683e-13 6.434567350149154663e+01
-2.975623520728926223e+02 -2.980100818855150351e+02 1.588040990674839392e+00 6.435650755167007731e+01
-1.982418379628745981e+02 -1.980100818857600302e+02 1.102978623652314250e+00 6.439069700241088867e+01
-9.894361771159942975e+01 -9.968782674401785471e+01 3.680332269805755452e+00 6.430703405141829876e+01
1.517614257475521242e+02 1.169133068165651821e+02 6.473769727888937098e+01 6.431505994796752645e+01
2.009002968300630130e+02 2.007594985104958880e+02 7.721961893012569966e-01 6.452779309749602987e+01
3.019262014431042758e+02 3.020197639805349468e+02 4.421233675206867053e-01 6.430441215038300129e+01
4.020874138670185403e+02 4.021689008958639420e+02 6.477744455709842919e-01 6.434670449495315836e+01
5.000359339053546819e+02 5.000197309401652888e+02 5.016169954701485412e-02 6.430931799411773397e+01
6.000714905520383127e+02 6.000194318197550274e+02 1.817850485792009974e-01 6.427353255748748495e+01
7.950000010824348919e+02 8.000000007818450740e+02 2.179449378605879772e+01 6.442453440427780720e+01
8.305224712306035144e+02 8.000000005438184871e+02 7.945474480779350301e+01 6.442841185331344889e+01
1.072243193147471175e+03 1.089816556472640968e+03 1.193908138840377688e+02 6.443617085218428997e+01
1.015637989338300031e+03 1.003140001639666821e+03 2.563045123301767347e+01 6.505063405036926838e+01
1.153901238271098919e+03 1.144062488525024492e+03 4.473778964431023297e+01 6.506754595041275024e+01
1.212244851594051852e+03 1.200916606553990050e+03 2.439434800238125334e+01 6.511775764226914021e+01
1.409434027250363670e+03 1.410657302594021530e+03 3.958674659324952927e+01 6.510558404922485920e+01
1.470000002996973080e+03 1.500000000316233582e+03 4.582575400111069541e+01 6.449338525533676147e+01
