-1.400000000000000000e+03 -1.400000000000000000e+03 0.000000000000000000e+00 2.334002835750579763e+01
1.544734484515356826e+03 -2.282998244168686597e+01 3.269229881821407162e+03 2.348124625682830668e+01
-1.200000000000000000e+03 -1.200000000000000000e+03 0.000000000000000000e+00 2.337187525033950664e+01
-1.100000000000000000e+03 -1.100000000000000000e+03 0.000000000000000000e+00 2.339775655269622945e+01
-9.999999999999632792e+02 -9.999999999999911324e+02 9.799433152677388338e-11 2.336518130302429341e+01
-9.000000000000000000e+02 -9.000000000000000000e+02 2.542114972925207483e-14 2.339377200603485107e+01
-7.999999999890094387e+02 -7.999999999995135340e+02 3.921430787517137337e-08 2.340290845632553030e+01
-6.929998984230360293e+02 -6.999999999950844085e+02 9.539530435928025298e+00 2.331235555410385274e+01
-5.998645493001090472e+02 -5.999999999996534825e+02 2.766857276824304934e-01 2.398133699893951487e+01
-4.999741064677904205e+02 -4.999913696438024431e+02 3.562293267149164305e-02 2.340027829408645488e+01
-4.000000000000000000e+02 -4.000000000000000000e+02 0.000000000000000000e+00 2.346013479232788157e+01
-2.997015122828720450e+02 -3.000000000000000000e+02 4.559475192511921460e-01 2.345638549327850342e+01
-1.999005040942906817e+02 -2.000000000000000000e+02 4.336925982830197035e-01 2.345854784250259328e+01
-9.985952203480825062e+01 -1.000000000000000000e+02 1.840234204064917500e-01 2.339683095216751241e+01
1.056885486588899568e+02 1.003121732559814063e+02 1.351209405240491890e+01 2.341310704946517873e+01
2.001313582596054346e+02 2.000000000167868848e+02 2.559836738424755564e-01 2.354354095458984375e+01
3.013209178976489397e+02 3.020197639804966911e+02 9.662949382498841056e-01 2.337573854923248362e+01
4.016748395672582319e+02 4.020432025995144727e+02 8.138255858823202349e-01 2.343157294988632344e+01
5.000009864672061894e+02 5.000000000000000000e+02 4.299910862512641707e-03 2.343632609844207693e+01
6.000126306828409497e+02 6.000194318197550274e+02 9.268387309594429413e-03 2.341587945222854472e+01
7.450000001901419182e+02 7.000000016353230876e+02 4.974937169737177811e+01 2.346048984527588033e+01
8.040656074393930339e+02 8.000000000012114469e+02 1.772157194403634861e+01 2.346202185153961040e+01
1.067647781988671795e+03 1.123258535304188626e+03 1.244389649559487481e+02 2.343564180135727071e+01
1.000000000000934278e+03 1.000000000000197019e+03 1.823981148697470016e-09 2.405178109407425069e+01
1.100000000012701548e+03 1.100000000001665740e+03 3.798585571799430388e-08 2.404769304990768575e+01
1.200352479505862220e+03 1.200080948985142413e+03 9.235894681574902121e-01 2.410562220811844014e+01
1.362600099863434480e+03 1.400000000000092768e+03 5.022946226764806710e+01 2.408317345380783081e+01
1.400000000080636710e+03 1.400000000002340585e+03 3.136692064434604010e-07 2.351204700469970632e+01
