-1.400000000000000000e+03 -1.400000000000000000e+03 0.000000000000000000e+00 2.740890190601349019e+01
6.481863156256277762e+03 7.177192944065971460e+03 4.013034664289541979e+03 2.758613409996032573e+01
-1.200000000000000000e+03 -1.200000000000000000e+03 0.000000000000000000e+00 2.737958874702453471e+01
-1.100000000000000000e+03 -1.100000000000000000e+03 0.000000000000000000e+00 2.741601641178131032e+01
-9.999999999999783995e+02 -9.999999999999749889e+02 1.754304315146137827e-11 2.750582295656204224e+01
-8.999999999999997726e+02 -9.000000000000000000e+02 4.955494368392321548e-13 2.748959589004516602e+01
-7.999999985611167403e+02 -8.000000000000000000e+02 6.271946918596794196e-06 2.750079799890518117e+01
-6.920003195133862164e+02 -7.000000000000000000e+02 9.797567851443059084e+00 2.742137919664383006e+01
-5.999349120497166723e+02 -6.000000000000000000e+02 1.933923393291088755e-01 2.842090409994125366e+01
-4.999133162898169758e+02 -4.999716452271962908e+02 1.611667028402094248e-01 2.748614374399185323e+01
-4.000000000000000000e+02 -4.000000000000000000e+02 0.000000000000000000e+00 2.760984990596771382e+01
-2.988557975881246307e+02 -2.990050409429067031e+02 1.416723910282272181e+00 2.761289174556732107e+01
-1.990985768958536539e+02 -2.000000000000000000e+02 1.127496507291203987e+00 2.759292330741882182e+01
-9.895922637440297365e+01 -9.968782674401859367e+01 3.681469323550264239e+00 2.743942984342574931e+01
1.416708289838903170e+02 1.169133068121728911e+02 5.872628973724378909e+01 2.746072485446929790e+01
2.000814436999975783e+02 2.000000000000000000e+02 2.319964663065206267e-01 2.778768996000290059e+01
3.018652797903262694e+02 3.020292665066018571e+02 5.990473979332326948e-01 2.749939014911651469e+01
4.021464015229565803e+02 4.020949298109196661e+02 5.156822331024811801e-01 2.751188960075378276e+01
5.000250125835659674e+02 5.000197293441220268e+02 2.816769020967247253e-02 2.748322634696960520e+01
6.000155454558042720e+02 6.000194318197550274e+02 7.772727902010957354e-03 2.744165245294571065e+01
7.700000000000000000e+02 8.000000000000000000e+02 4.582575694955839651e+01 2.759939655065536357e+01
8.237274631549386186e+02 8.000000000000000000e+02 4.050063923326652571e+01 2.758735859394073486e+01
9.857018704169233843e+02 9.474497638597058540e+02 1.065118505274008385e+02 2.759327884912490703e+01
1.002358845687959956e+03 1.000000000000000000e+03 5.617377712163913905e+00 2.855509899854660105e+01
1.131665953365910809e+03 1.100000000000000000e+03 4.500023781717243310e+01 2.857094949483871460e+01
1.202263381735214807e+03 1.200435134724740237e+03 6.443207682046530493e+00 2.865001305341720439e+01
1.382198681447757508e+03 1.405137812343155701e+03 4.784106047955872043e+01 2.863195670843124319e+01
1.420000000000000000e+03 1.400000000000000000e+03 4.000000000000000000e+01 2.774672659635543681e+01
