-1.399999999999997499e+03 -1.399999999999999318e+03 4.174645078414044769e-12 6.047594259977340414e+01
6.367474106078969271e+03 6.959966546702040432e+03 5.204216664226128159e+03 6.059796330928802632e+01
-1.199999999997939540e+03 -1.199999999999608463e+03 4.001192686286154371e-09 6.052597224712371826e+01
-1.099999999983231874e+03 -1.099999999996571887e+03 3.473444173341095194e-08 6.055467649698257304e+01
-9.999999996071189798e+02 -9.999999997136587808e+02 3.521405669631671105e-07 6.057678595781326436e+01
-8.999783803289352591e+02 -8.999981068925225145e+02 6.336784043791129917e-02 6.049385629892348959e+01
-7.986961601183785433e+02 -7.999999292295227633e+02 3.453466663877575726e+00 6.060689570903777934e+01
-6.869989416880993076e+02 -6.799999354646909069e+02 9.540110277896530988e+00 6.059251869916916178e+01
-5.996336192271410255e+02 -5.999010870991312459e+02 3.945381223146524063e-01 6.139578244686126851e+01
-4.998033327644772612e+02 -4.999013581341805548e+02 1.931500363156832545e-01 6.054200735092162944e+01
-3.999999999999980673e+02 -3.999999999999995453e+02 3.247296910188104446e-12 6.062396229505539225e+01
-2.983583185582193096e+02 -2.990050409408549967e+02 1.517922215715338030e+00 6.064169155359267904e+01
-1.989827826335190935e+02 -1.999999999996612985e+02 1.292474127839516873e+00 6.068486169576645040e+01
-9.815258269067221875e+01 -9.968782674401478516e+01 5.025330994688693487e+00 6.056352264881134317e+01
1.760774621453331861e+02 1.581923673772903385e+02 6.721660523855180713e+01 6.056253135204315186e+01
2.001871099018790972e+02 2.000375151356059860e+02 2.987698681147280544e-01 6.082197755575180054e+01
3.016198263631087002e+02 3.020197639805080030e+02 8.099751720807292221e-01 6.057210569381713583e+01
4.018043841257521080e+02 4.021476898159920097e+02 9.266185782104856550e-01 6.062800685167312764e+01
5.000234060128494775e+02 5.000197293441772786e+02 2.800983322160249811e-02 6.054838534593582011e+01
6.000202394543091486e+02 6.000194318197550274e+02 1.372760426818307559e-02 6.055948145389557169e+01
7.950000101963130419e+02 8.000000048227242360e+02 2.179449484416153382e+01 6.069403405189514444e+01
8.340656098890806334e+02 8.000000019354411052e+02 7.190352931921857760e+01 6.070676089525223063e+01
1.078368599394648754e+03 1.160997107105584291e+03 1.288261932228111846e+02 6.072003644704818726e+01
1.015385247628621073e+03 1.003140009572954568e+03 2.493112930621808232e+01 6.151832309961319112e+01
1.181067311157475842e+03 1.200000000160097443e+03 4.061774434911293241e+01 6.152995170354843424e+01
1.211450617471749638e+03 1.200435134731034168e+03 2.427846428199588757e+01 6.155474259853362895e+01
1.379356161880195486e+03 1.405137812954360470e+03 5.420937605657343283e+01 6.155606205463409708e+01
1.445000013749663822e+03 1.400000039579909298e+03 4.974936283602985299e+01 6.078546921014785909e+01
