-1.400000000000000000e+03 -1.400000000000000000e+03 0.000000000000000000e+00 4.573332960605621622e+01
1.583640138822284825e+03 1.406182609452758697e+03 2.631104433000932659e+03 4.598027849197387695e+01
-1.200000000000000000e+03 -1.200000000000000000e+03 0.000000000000000000e+00 4.561816300153732584e+01
-1.100000000000000000e+03 -1.100000000000000000e+03 0.000000000000000000e+00 4.566241664886474894e+01
-9.999999999999834017e+02 -9.999999999999911324e+02 2.095564843215050361e-11 4.579769459962844991e+01
-9.000000000000000000e+02 -9.000000000000000000e+02 5.084229945850414966e-14 4.575608985424041464e+01
-7.999999999999980673e+02 -8.000000000000000000e+02 4.734684871777699509e-12 4.588306804895400859e+01
-6.919995989161182024e+02 -6.999999999999558895e+02 9.798450211666249743e+00 4.571339670419693135e+01
-5.998875134034008170e+02 -6.000000000000000000e+02 2.677716595150980150e-01 4.687592489719391153e+01
-4.999715178536665690e+02 -4.999765775631782390e+02 2.702038392768167305e-02 4.584741489887237265e+01
-4.000000000000000000e+02 -4.000000000000000000e+02 0.000000000000000000e+00 4.594168639183044434e+01
-2.996020163771626699e+02 -3.000000000000000000e+02 5.801558399251650622e-01 4.597604470252990438e+01
-2.000000000000000000e+02 -2.000000000000000000e+02 0.000000000000000000e+00 4.597048125267028951e+01
-9.694990367113010166e+01 -9.984391337200929684e+01 1.265141677020708144e+01 4.584146590232849405e+01
1.278004120636162924e+02 1.167572201841821879e+02 3.689798852454437394e+01 4.577487685680389262e+01
2.000000000000132161e+02 2.000000000000000000e+02 3.831134787936440354e-11 4.622213824987411357e+01
3.015208550853096199e+02 3.020197639804966911e+02 8.758140021134686037e-01 4.591387230157852173e+01
4.018858178708048285e+02 4.021519933987731292e+02 6.999603526226676475e-01 4.590178585052490234e+01
5.000108595035777626e+02 5.000099204341480004e+02 1.243823075309151080e-02 4.581536625623702719e+01
6.000126306828409497e+02 6.000194318197550274e+02 9.268387309594429413e-03 4.574259516000747539e+01
7.550000000000527507e+02 8.000000000000000000e+02 4.974937185527316785e+01 4.605823354721069052e+01
8.168596038773629289e+02 8.000000000000014779e+02 4.599189225580024498e+01 4.603313748836517050e+01
9.936744467970598862e+02 9.161321100093624636e+02 1.165090963106726321e+02 4.595542625188827657e+01
1.002358854652266587e+03 1.000000000000000227e+03 5.617404984554119629e+00 4.702514779567718506e+01
1.110000000000010004e+03 1.100000000000000227e+03 2.999999999999871747e+01 4.702180004119873047e+01
1.200151575028980915e+03 1.200080948985142413e+03 2.251912359045015466e-01 4.711710129976272299e+01
1.357570647400187227e+03 1.400000000000000000e+03 5.021226824936457689e+01 4.710365090370178365e+01
1.420000000000022510e+03 1.400000000000018872e+03 3.999999999999380407e+01 4.617136584520339682e+01
