-1.399999609936807701e+03 -1.399999774929190153e+03 4.179036041754632534e-04 5.454161905050277426e+01
3.409604209986869591e+03 1.910405592834703157e+03 4.852036135266515885e+03 5.462287880182266520e+01
-1.198417790751704842e+03 -1.199702307011404173e+03 2.077978637476993296e+00 5.456140449047088481e+01
-1.074428607785087024e+03 -1.098664868345776085e+03 5.007448303264289535e+01 5.460952104330063150e+01
-9.999852528862369354e+02 -9.999889222446172425e+02 1.200739723364161946e-02 5.460881595611571981e+01
-8.999988396737578569e+02 -8.999992739597217906e+02 1.287902574991757173e-03 5.453268394470214986e+01
-7.996197122783586337e+02 -7.998156136248951498e+02 4.874097533926137205e-01 5.464318580627441690e+01
-6.914676135860260047e+02 -6.977424119451637807e+02 9.394082132929412410e+00 5.462902444601058960e+01
-5.996515826544490437e+02 -5.998291554098323104e+02 3.533125435791857338e-01 5.532271734476089620e+01
-4.997507808191411414e+02 -4.998239832659922968e+02 1.862656219026061488e-01 5.459745869636535787e+01
-3.999984806845415051e+02 -3.999996213930870681e+02 4.202187727248498858e-03 5.468406084775924825e+01
-2.994139833769556276e+02 -2.990040825710564150e+02 4.728918342269284314e-01 5.467333910465240621e+01
-1.999932634971245875e+02 -1.999975284122106132e+02 1.610499395052805011e-02 5.468837184906006144e+01
-9.998692093881774667e+01 -9.999492212401781899e+01 1.745239161857224663e-02 5.463634984493255331e+01
1.314809985012497577e+02 1.015058463472873882e+02 6.388361044575507464e+01 5.462795025110244751e+01
2.003686923698928410e+02 2.003398920792464253e+02 2.004993995180389399e-01 5.485032395124435567e+01
3.011245015161147194e+02 3.020207236557070019e+02 9.988216156377570654e-01 5.464700765609741495e+01
4.013361551481581273e+02 4.020186091868361018e+02 9.507079601985093387e-01 5.464581490755081461e+01
5.000248685633679315e+02 5.000188378868515429e+02 2.185103705899348395e-02 5.455286004543304301e+01
6.000167200665894143e+02 6.000194334241589331e+02 6.488514567209360123e-03 5.458798685073852397e+01
7.353925905078691585e+02 7.006939967619074423e+02 4.748346702416358056e+01 5.473194555044174336e+01
8.150630665487051374e+02 8.000498898032683428e+02 3.569808503233775099e+01 5.473208589553833292e+01
1.003938455420037826e+03 9.904104635721578234e+02 1.097622279733713526e+02 5.474646894931792929e+01
1.001822510181887765e+03 1.000113856781560116e+03 4.187990382055389205e+00 5.545487475395202637e+01
1.102806664084714384e+03 1.100108885030162583e+03 5.874631228887357004e+00 5.544124385118484355e+01
1.200541498403957121e+03 1.200274282678626605e+03 9.352803987308928590e-01 5.550889919996261312e+01
1.335244224543198243e+03 1.315886581376010326e+03 3.798491084009785368e+01 5.548705520629882670e+01
1.405229740750392466e+03 1.400232486976523433e+03 2.174919209882720139e+01 5.481874485015869425e+01
