-1.399999999999999773e+03 -1.399999999999999773e+03 0.000000000000000000e+00 9.900005484461784135e+02
8.576631643525690306e+05 7.860741778951622546e+05 2.851366645652282750e+05 1.218496209299564271e+03
1.693129769116381407e+08 8.791062603250938654e+07 2.364086232059819400e+08 1.221036456847190948e+03
5.483657694159158382e+03 4.831149500088346031e+03 1.709708911432021523e+03 1.218926667106151626e+03
-9.999998113418998855e+02 -9.999998072570061822e+02 1.365154400640888339e-05 1.212975863003730865e+03
-8.562686399951987823e+02 -8.565526684650267271e+02 1.238051397068370640e+00 1.108151928591728165e+03
-7.225003426022060466e+02 -7.245996280884176031e+02 1.938837517516920173e+01 1.197486269247531936e+03
-6.788801440981982296e+02 -6.788748421589340296e+02 4.262909182610571251e-02 1.190030921149253800e+03
-5.516267073207023941e+02 -5.555355692329740123e+02 1.319370108739335734e+01 1.485709543752670243e+03
-4.998826724351218900e+02 -4.998878484626590648e+02 4.630776347150348388e-02 1.046398276746273041e+03
-3.039093337498705978e+02 -3.073460323293700185e+02 1.741167856631630073e+01 1.022217643201351166e+03
-1.816250031916477496e+02 -1.890622846205861265e+02 3.567187228340053196e+01 1.045541892552375884e+03
6.672165706261526452e+01 5.865597264003173450e+01 4.536295555402001867e+01 1.161712946498394103e+03
3.788474839648003581e+03 3.774423682980263038e+03 6.617793464473435279e+02 1.023206736004352592e+03
9.370795080919877364e+03 8.437948208559208069e+03 2.418595283850835585e+03 1.058051979899406433e+03
2.024564537273251403e+02 2.027254138891059085e+02 9.727745176656985571e-01 1.196161627447605042e+03
4.444633882979619557e+02 4.423081271327394575e+02 2.848528244112440433e+01 1.034058781254291489e+03
5.602708764906686838e+02 5.466516825698029152e+02 4.542898207484751794e+01 1.097459393239021210e+03
5.066199912704873896e+02 5.065922801078466478e+02 9.525945833969671206e-01 1.216888694405555725e+03
6.243214952647322207e+02 6.250000000000000000e+02 1.341094338792680141e+00 1.044723413395881607e+03
1.576149065065997775e+03 1.828262933976493969e+03 3.617437243738864368e+02 1.058056330597400574e+03
5.073078824698504832e+03 5.037373419765495782e+03 7.497677196796134922e+02 1.072448020148277237e+03
8.696167703811941465e+03 8.850907090884164063e+03 7.695782088871559381e+02 1.108851980841159730e+03
1.299660139860750405e+03 1.298261201341623519e+03 1.217540677741621380e+01 1.519312065601348877e+03
1.436770115886497706e+03 1.438167760763409660e+03 1.649996282814843340e+01 1.520997594797611328e+03
1.585062502988120741e+03 1.589719080315263909e+03 4.644664051529612436e+01 1.534208788645267532e+03
2.615694100471843740e+03 2.597761413292207635e+03 1.238961448746669873e+02 1.527464665448665528e+03
3.011677753821876195e+03 1.800000000000000909e+03 1.484251714717474442e+03 1.190725827503204300e+03
