-1.399999999999996817e+03 -1.399999999999997044e+03 1.427211357302004617e-12 7.873660416483878635e+02
1.455491156802123878e+06 1.366628997388259973e+06 5.080707439732662169e+05 1.345762372398376556e+03
4.756091477011574507e+08 3.196829412285242081e+08 3.998969163749430180e+08 1.342900969505310059e+03
3.868964190478728415e+04 -4.086870414794747717e+02 7.888620060856813507e+04 1.248253800141811325e+03
-9.999999731269232370e+02 -9.999999737057348739e+02 5.118654103251527135e-06 1.328601482999324844e+03
-8.565526684650152447e+02 -8.565526684650230891e+02 3.002882390736222563e-11 1.281641835296154113e+03
-6.429727400648189359e+02 -6.486741804795007056e+02 2.723696781623840124e+01 1.353121980953216507e+03
-6.788548109750950061e+02 -6.788521230247699805e+02 2.893665745464166911e-02 1.237200894856453033e+03
-5.378449068803166710e+02 -5.384560346385383127e+02 5.146878053206413561e+00 1.505311436748504548e+03
-4.995327549927828841e+02 -4.996167681690076279e+02 3.092572546621388807e-01 9.862867773532867659e+02
-1.220462841054404635e+02 -1.238764192715689489e+02 4.239345395353112167e+01 8.840665392518043291e+02
7.599174257647077013e+01 6.055220848372209730e+01 8.519650031579253380e+01 9.590557563066482771e+02
3.755373626006345376e+02 3.777977224836333789e+02 7.052450831071583082e+01 8.323419587492942355e+02
4.537771012439408878e+03 4.549721265295762350e+03 9.568015229423339179e+02 8.893553396463394165e+02
1.159733263353603616e+04 1.339435164911165339e+04 2.976104926817514752e+03 9.087660113930702437e+02
2.027739997521043165e+02 2.028805747770573475e+02 4.733884401994256641e-01 1.107044771754741760e+03
1.050063214830181778e+03 1.041003362098044590e+03 1.455918539420118236e+02 9.996958514571190335e+02
1.253058649252382111e+03 1.265444559169498007e+03 1.340110914158270816e+02 1.256681145203113601e+03
5.180649358662747090e+02 5.174945412698923519e+02 4.385632524858818826e+00 1.354369904291629837e+03
6.246307813653444327e+02 6.250000000000000000e+02 7.681750919055564397e-01 9.236169250488280795e+02
1.390496478270704074e+03 1.495956523400506967e+03 4.184672868918500512e+02 9.249561416029930569e+02
6.346240364232411594e+03 6.210516806838437333e+03 7.943968550702470566e+02 9.627022982597351302e+02
1.109856422006988214e+04 1.024333113552382565e+04 2.537897627550131801e+03 1.138493108153343201e+03
1.354689228121091674e+03 1.356187375220051763e+03 1.251953669966714600e+01 1.546272842001915024e+03
1.476388458030793572e+03 1.473937823734320318e+03 1.149761151616231203e+01 1.569129875397682099e+03
1.633139583429740014e+03 1.642634333723464806e+03 5.403072056572665360e+01 1.563614267444610505e+03
3.078942117479079116e+03 3.048051012042154980e+03 9.746351323008495626e+01 1.549751559793949127e+03
3.390401324789849696e+03 1.800000000000011823e+03 1.970998901786458418e+03 1.222978628146648362e+03
