-1.399999999999999545e+03 -1.399999999999999545e+03 1.686248307827477949e-13 7.663028208494185947e+02
1.256580488739428576e+06 1.170150895600476302e+06 2.948885224996499601e+05 1.297803114151954560e+03
7.107365540413750410e+08 4.540626363611115217e+08 9.144480569199806452e+08 1.281877601599693207e+03
9.406937479394977345e+03 7.764013236925677575e+01 3.984089452957137109e+04 1.264584498143196015e+03
-9.999999719243775189e+02 -9.999999715549995472e+02 3.777530835325974260e-06 1.272445815694332168e+03
-8.541978614289479310e+02 -8.565526684650229754e+02 1.026436590178939134e+01 1.141050590753555298e+03
-6.777281422640994606e+02 -6.749118359229771613e+02 1.907269696320191343e+01 1.311919780755043121e+03
-6.788630365813337448e+02 -6.788598309611154491e+02 2.723191681992563964e-02 1.191108896243572190e+03
-5.482937336338759451e+02 -5.499489217795928653e+02 9.597652272755228253e+00 1.502418000054359482e+03
-4.997786070016700251e+02 -4.997831986214380322e+02 7.323764826852210974e-02 8.990435240983963467e+02
-2.564659754446284978e+02 -2.544208066126641370e+02 3.683316378663931800e+01 8.201710965394973982e+02
-6.749128459695656090e+01 -7.332044318593473520e+01 4.202881880925350089e+01 8.840306490063667297e+02
2.194203532604684312e+02 2.140327946241750396e+02 7.156771036016083087e+01 9.392049788951874234e+02
4.127910575819025325e+03 4.019274673890698978e+03 9.040183647445103361e+02 8.305085021018982161e+02
9.305292559805287965e+03 8.708457317110762233e+03 2.257660854624555213e+03 9.727077368021011807e+02
2.027348267851133130e+02 2.028836085586420381e+02 9.137327458854673790e-01 1.120282553958892777e+03
4.723494306041340565e+02 4.711447058358344862e+02 2.984074032955668798e+01 9.009170814394950639e+02
5.896122924181067901e+02 5.848092734461311011e+02 4.145375037890271130e+01 1.071666898596286728e+03
5.105697484395760739e+02 5.103662124801169284e+02 2.751469145092417801e+00 1.296058211100101516e+03
6.246080581701387473e+02 6.250000000000000000e+02 8.343277562205823061e-01 9.150816285610198975e+02
1.486755586555924992e+03 1.828262933976498289e+03 4.364393832955361177e+02 9.075311132550239108e+02
5.524306343230474340e+03 5.281971564952791596e+03 7.933773217353796099e+02 9.084767237544059526e+02
9.843434072410451336e+03 9.753376675733732554e+03 1.015577860173321710e+03 1.096427977800369263e+03
1.325946955134350674e+03 1.329442693721102614e+03 1.659869303782866012e+01 1.526692744910717010e+03
1.448598303582755989e+03 1.452997313087737439e+03 1.550146852611981885e+01 1.519759207046031861e+03
1.621683035327453808e+03 1.618575080099617935e+03 1.854069222436297082e+01 1.532302287745475724e+03
2.844913179641110673e+03 2.808493987528130219e+03 1.776997053758229299e+02 1.518912402546405701e+03
2.748650512327721117e+03 1.800000000000002274e+03 1.449253128064590101e+03 1.142309824752807572e+03
