-1.400000000000000000e+03 -1.400000000000000000e+03 0.000000000000000000e+00 2.278043214082718038e+01
5.536787194493019342e+03 4.337369781118842184e+03 5.523077756000275258e+03 2.281990929841995097e+01
5.059238836092774873e+05 -1.200000000000000000e+03 2.210501760508722626e+06 2.274939320087433003e+01
-1.100000000000000000e+03 -1.100000000000000000e+03 0.000000000000000000e+00 2.279236589670181345e+01
-9.999999999998395879e+02 -9.999999999999184865e+02 1.979252011179671713e-10 2.282237139940261983e+01
-8.999270483771069848e+02 -8.999889232069031095e+02 1.667712622031068681e-01 2.269888890981674123e+01
-7.943607037814534806e+02 -7.995556341151793731e+02 1.466208441478007352e+01 2.283436475992202830e+01
-6.848911821150251171e+02 -6.799999639239283624e+02 7.867689783539387527e+00 2.280731104612350535e+01
-5.994397100871567545e+02 -5.992498182419469686e+02 4.160015209957698690e-01 2.334905960559844829e+01
-4.964087862150590809e+02 -4.974154808954822329e+02 3.389093534184690615e+00 2.276217110157012868e+01
-4.000000000000000000e+02 -4.000000000000000000e+02 0.000000000000000000e+00 2.288024574518203735e+01
-2.980100846588858303e+02 -2.990050409429067031e+02 2.594529891922221054e+00 2.287775405645370341e+01
-1.983437790642139475e+02 -1.980100818858134062e+02 1.325175825241499350e+00 2.289028805494308472e+01
-8.325485234786036415e+01 -9.968782674401859367e+01 3.670002396233317654e+01 2.278503575325012065e+01
1.711579818841390193e+02 1.170693934401637648e+02 8.901085022470120123e+01 2.279078714847564768e+01
2.011534037101989441e+02 2.009678035003930461e+02 8.463824265370760713e-01 2.298169620037078786e+01
3.016596920579192442e+02 3.020291879443069547e+02 8.284361482107760466e-01 2.284259210824966502e+01
4.027989613691846102e+02 4.029709391379786894e+02 1.344476544186576916e+00 2.281254506111145020e+01
5.000493044513220298e+02 5.000405905196620893e+02 3.727363950658141994e-02 2.277114474773406982e+01
6.000488459175197704e+02 6.000194318197550274e+02 6.030368089556564087e-02 2.284275795221328664e+01
7.700000000046288733e+02 8.000000000001025455e+02 4.582575694654276788e+01 2.287917114496231008e+01
8.773480645364663815e+02 8.313214072282028155e+02 9.389702600193669468e+01 2.288869644403457571e+01
1.075255251474952956e+03 1.089816556472625734e+03 9.659733270660763083e+01 2.289964660406112529e+01
1.028960431015912718e+03 1.011046168694090966e+03 3.389251301769361646e+01 2.346997874975204468e+01
1.168123109569319922e+03 1.200000000000040700e+03 4.576041153482844948e+01 2.346170504093170095e+01
1.223106253309505973e+03 1.200916606553978454e+03 4.055365007034093594e+01 2.353303855657577515e+01
1.416590306486165446e+03 1.410657318423690867e+03 3.109354756464352931e+01 2.349776744842529297e+01
1.455000000005632501e+03 1.400000000005051788e+03 9.205976319689116849e+01 2.294569154977798320e+01
