-1.400000000000000000e+03 -1.400000000000000000e+03 0.000000000000000000e+00 1.307109391450881901e+02
1.333440018446718168e+05 1.086902948851546971e+05 8.927978839535386942e+04 1.392522899031638985e+02
4.644027698210609704e+07 2.066620639388037845e+06 1.850657660535808802e+08 1.391448145031928902e+02
2.902082614596391068e+03 2.110999790454439335e+03 3.451353859205227764e+03 1.390800053477287292e+02
-9.999999999999690772e+02 -9.999999999999705551e+02 1.781338886155574631e-11 1.351724379539489860e+02
-8.888387399248682641e+02 -8.901875716493399295e+02 1.056340410194723667e+01 1.383938637495040780e+02
-7.385399593393146915e+02 -7.400858467083025971e+02 3.259598066363238900e+01 1.385173594474792367e+02
-6.794611950116084245e+02 -6.794328044533889397e+02 1.085688567829506124e-01 1.324670287966728210e+02
-5.942622256149859368e+02 -5.939399390986378648e+02 2.104160112819174699e+00 1.497343183040619010e+02
-4.995888331925337980e+02 -4.996302555739654281e+02 2.064666286141513263e-01 1.338924430012702942e+02
-3.943287419593651180e+02 -3.960201637716268124e+02 4.538783394134460636e+00 1.338271887540817318e+02
-2.670791897921336613e+02 -2.656739957678915971e+02 1.392830135817306036e+01 1.338962978601455802e+02
-1.526423274379146449e+02 -1.532629240316136645e+02 1.506555706409436368e+01 1.321531112551689091e+02
1.226060331924564224e+02 8.903998228012915206e+01 1.269122929760471834e+02 1.336777833104133606e+02
1.169725532675063050e+03 1.226406933988094579e+03 2.798126745130017525e+02 1.338340973019599858e+02
2.006040567681134803e+02 2.004591621262510444e+02 3.146363442708343117e-01 1.394770444512367362e+02
3.154314771020954709e+02 3.139026783739174107e+02 5.514986549295993967e+00 1.334857500076294059e+02
4.333243543067481482e+02 4.296503157823005949e+02 1.405335593914666070e+01 1.376858897566795292e+02
5.006532737471501378e+02 5.006130071777586181e+02 2.485990936682122288e-01 1.379340523600578194e+02
6.038074274404001471e+02 6.038464158966335162e+02 3.860464187992326823e-01 1.386214034914970341e+02
1.000000000000000227e+03 1.000000000000000227e+03 1.048140854583481032e-13 1.353493133544921818e+02
1.122469810195508217e+03 1.135561159546345152e+03 1.359741286355746297e+02 1.354689514517784232e+02
2.377986741569183323e+03 2.405400632885372488e+03 2.703648770014285674e+02 1.358785588502883854e+02
1.219640977926737605e+03 1.219775937210657503e+03 5.430117468900231614e+00 1.508372550010681152e+02
1.319200237695487431e+03 1.318514918762059551e+03 4.331818884792274282e+00 1.515067744970321542e+02
1.387216341177863796e+03 1.400028908200830983e+03 3.057986685299634999e+01 1.520980764508247489e+02
1.845617192275621619e+03 1.832063507388141261e+03 5.868869496875171876e+01 1.507482044458389225e+02
1.782974656819792017e+03 1.700000000000000455e+03 1.679040744105818419e+02 1.375278925538063106e+02
