-1.400000000000000000e+03 -1.400000000000000000e+03 0.000000000000000000e+00 5.411457325220108316e+01
2.809901659509768251e+03 1.358136559761932858e+03 3.913199989159563302e+03 5.443966534137725688e+01
-1.200000000000000000e+03 -1.200000000000000000e+03 0.000000000000000000e+00 5.411088029146194600e+01
-1.100000000000000000e+03 -1.100000000000000000e+03 0.000000000000000000e+00 5.416827684640884399e+01
-9.999999999999820375e+02 -9.999999999999943157e+02 3.560568486769315639e-11 5.418240230083465292e+01
-8.999999999999938609e+02 -8.999999999999995453e+02 2.332446939937636229e-11 5.426273530721664429e+01
-7.999612386186083768e+02 -8.000000000000000000e+02 1.616163909395226805e-01 5.427314540147781230e+01
-6.940016465961446102e+02 -7.000000000000000000e+02 9.162637785336610108e+00 5.419978430271148540e+01
-5.997390629997214546e+02 -6.000000000000000000e+02 3.655925046415215984e-01 5.504271690845489218e+01
-4.998785440616061351e+02 -4.999605413118046044e+02 2.338596254455738987e-01 5.418888310194015645e+01
-3.995025204714533515e+02 -4.000000000000000000e+02 6.674388259469117290e-01 5.430052149295806885e+01
-2.984080662643236224e+02 -2.990050409429067031e+02 1.385815942915881172e+00 5.430972194671630859e+01
-1.977397224882276703e+02 -1.971206152715606663e+02 1.401695873581803253e+00 5.425739870071411275e+01
-9.650807799797192388e+01 -9.968782674401859367e+01 6.674135200050769434e+00 5.420398344993591166e+01
1.272712025224390544e+02 1.003121732559814632e+02 4.824827016378672084e+01 5.414886305332183980e+01
2.005227981857796067e+02 2.002151670281257339e+02 7.155834200377905185e-01 5.455131554603576660e+01
3.018610857541549422e+02 3.020257323738570108e+02 6.132427805091662520e-01 5.425964545011520102e+01
4.023561789333228376e+02 4.022012338426358156e+02 1.403413721580595075e+00 5.425307319164276265e+01
5.000241880174756375e+02 5.000197293441220268e+02 1.961489020153456275e-02 5.416969515085220621e+01
6.000257410873488197e+02 6.000194318197550274e+02 2.125963774207514922e-02 5.413644385337829590e+01
7.450000000000000000e+02 7.000000000000000000e+02 4.974937185533099893e+01 5.436002624034881592e+01
8.188491722296981834e+02 8.000000000000000000e+02 3.402637064454495430e+01 5.435926975011825846e+01
1.048835358626916104e+03 1.032693566029391832e+03 1.274407397237954314e+02 5.430260605812073038e+01
1.011466418086513499e+03 1.000000000000000000e+03 2.061005008228419655e+01 5.519477845430374430e+01
1.123137464752431242e+03 1.100000000000000000e+03 4.099385592533589318e+01 5.521824024915694906e+01
1.201925919503995601e+03 1.200258041854941439e+03 6.470012833653625783e+00 5.527325295209884359e+01
1.386371334281142936e+03 1.410466463650343258e+03 6.242523287818905686e+01 5.524457250833511068e+01
1.430000000000000000e+03 1.400000000000000000e+03 4.582575694955839651e+01 5.602221205234527446e+01
