-1.400000000000000000e+03 -1.400000000000000000e+03 0.000000000000000000e+00 5.514459755420684672e+01
3.311857396842203343e+03 9.539022295669049072e+02 5.014694124180990912e+03 5.533454794883728312e+01
-1.200000000000000000e+03 -1.200000000000000000e+03 0.000000000000000000e+00 5.512375109195708944e+01
-1.100000000000000000e+03 -1.100000000000000000e+03 0.000000000000000000e+00 5.514507019519805908e+01
-9.999999999999647571e+02 -9.999999999999922693e+02 4.753029013776435478e-11 5.520576720237731649e+01
-8.999732255271626400e+02 -8.999999395344144659e+02 8.363289119379693770e-02 5.520346620082855083e+01
-7.986738775445538749e+02 -7.999924524153166203e+02 3.375126430125575006e+00 5.522355650663375570e+01
-6.839944371481819871e+02 -6.799985924554299572e+02 8.002802622342770178e+00 5.512238069772720195e+01
-5.995643008278918842e+02 -5.994896331073673537e+02 3.957713331743780150e-01 5.605569665431976034e+01
-4.994239135470911606e+02 -4.997151637581175123e+02 8.716714104453402445e-01 5.522734215259551860e+01
-3.998507561414360225e+02 -4.000000000000000000e+02 3.552714447781128992e-01 5.527400385141372396e+01
-2.989552934938339490e+02 -2.990050409429067031e+02 1.315265316153982678e+00 5.530805345773696757e+01
-1.979082080512042694e+02 -1.990050409429067031e+02 3.767597026551408490e+00 5.527362769842147827e+01
-9.641442602117750482e+01 -9.968782674401859367e+01 8.485895832508596470e+00 5.515890595912933492e+01
1.446503189473598070e+02 1.169133068121729480e+02 5.711872174516323497e+01 5.519460414648055746e+01
2.008250539916930961e+02 2.005949500136343886e+02 7.068308741157901531e-01 5.540913194417953491e+01
3.017569567158672044e+02 3.020257323738570108e+02 7.917845054286581918e-01 5.519157330989837362e+01
4.023822443020400215e+02 4.023550590817494594e+02 7.919373066151037532e-01 5.524349389076233052e+01
5.000393610529519037e+02 5.000197293441221973e+02 4.363754418518133588e-02 5.517908259630203105e+01
6.000363108220860795e+02 6.000194318197550274e+02 3.573592293029276973e-02 5.514224890470504903e+01
7.800000000000000000e+02 8.000000000000000000e+02 4.000000000000000000e+01 5.525775984525680684e+01
8.583870616973551932e+02 8.372746315493868678e+02 6.440125778442165938e+01 5.526512535810470439e+01
1.104839265213055569e+03 1.173836694012150474e+03 9.593165280268262052e+01 5.522855689525604106e+01
1.030900008298125385e+03 1.021281370806450695e+03 2.673670856363911952e+01 5.622548054456710531e+01
1.155599176812835594e+03 1.171462874795042808e+03 4.398808364342379207e+01 5.621918359994888448e+01
1.205515045767274842e+03 1.200435134724740237e+03 1.024303828034013542e+01 5.628401769399643229e+01
1.412982969536729343e+03 1.410657301717181781e+03 4.177254792549868512e+01 5.624575940370559834e+01
1.445000000000000000e+03 1.400000000000000000e+03 4.974937185533099893e+01 5.762531670331954814e+01
