-1.400000000000000000e+03 -1.400000000000000000e+03 0.000000000000000000e+00 3.183766790390014876e+02
1.688001203532612417e+05 1.544150970021198737e+05 9.454590245758040692e+04 3.259003412485122908e+02
3.159220934471117333e+07 1.976945218873038888e+07 3.264124986613743007e+07 3.256008802056312561e+02
7.743595417648332841e+03 5.103080726421217150e+03 6.808073285460118313e+03 3.254827033042907942e+02
-9.999999999999461124e+02 -9.999999999999488409e+02 3.353895629355055979e-11 3.229294067502021903e+02
-8.873177227707413977e+02 -8.901875656924933082e+02 2.121931431297721105e+01 3.244772783517837524e+02
-7.477252872502766650e+02 -7.606816647838975314e+02 3.036376072565164463e+01 3.265828557014465332e+02
-6.795437305561024459e+02 -6.795231099868926776e+02 1.629652157736971585e-01 3.203286119937896501e+02
-5.941345766853179384e+02 -5.936552333162073865e+02 1.833716346774335149e+00 3.389209936976432687e+02
-4.991028100872320579e+02 -4.991125631422247579e+02 4.995269824134613845e-01 3.212407819032669067e+02
-3.974628544044121554e+02 -3.980100818858134062e+02 1.765176264812240658e+00 3.207611828923225517e+02
-2.551609017706049940e+02 -2.551167121498594668e+02 1.447537045450089543e+01 3.209440220952034224e+02
-1.459169500951498719e+02 -1.453044507333092383e+02 1.824805970266601207e+01 3.172706557512283325e+02
1.297438880844525784e+02 1.569230319553030313e+02 1.732470239296568479e+02 3.195562743544578552e+02
1.239654248283230572e+03 1.256565665512892110e+03 3.355655173274108733e+02 3.205259703040122758e+02
2.004493681294387670e+02 2.004157789371980698e+02 2.776728584584108872e-01 3.278779746055603255e+02
3.121089090787812665e+02 3.124478648392108653e+02 3.299786235949604407e+00 3.200447846412658919e+02
4.281066359971526367e+02 4.286047515895728566e+02 6.972119296860125992e+00 3.258994668483734358e+02
5.007246714805631882e+02 5.007008795688034297e+02 2.296993696098656723e-01 3.244517509460449105e+02
6.039563374644050100e+02 6.040039585532113051e+02 3.372050667185217954e-01 3.255198473572730791e+02
1.000000000000000000e+03 1.000000000000000114e+03 1.192357613229150537e-13 3.233494758486747855e+02
1.132196490965340672e+03 1.149061871847483417e+03 1.446997471019759018e+02 3.228626934409141427e+02
2.259380190480837882e+03 2.322089825856484822e+03 2.857873351488503317e+02 3.235257131934166068e+02
1.218735318262180272e+03 1.219356591853811096e+03 3.867186971481523017e+00 3.399716534018516541e+02
1.318617055075234930e+03 1.317922442646453419e+03 5.133985261471753603e+00 3.401219519972801208e+02
1.398954114657440869e+03 1.400027161665096173e+03 5.547832298321758770e+01 3.409483415484428406e+02
1.853765757967685204e+03 1.862686694357083525e+03 5.914313926303866964e+01 3.399007844924926758e+02
1.746968347299417019e+03 1.700000000000000000e+03 1.444177480652575980e+02 3.262183252573013306e+02
