-1.399999999999999545e+03 -1.399999999999999773e+03 1.969113790856769348e-13 8.225121320486068726e+02
9.205608851952895056e+05 8.858768218931539450e+05 2.866049953991290531e+05 1.313421601808071046e+03
2.162711642456471324e+08 1.734139442404528558e+08 1.965532783076005280e+08 1.309598257696628480e+03
3.807270102858688915e+03 3.525212783751920142e+03 1.263069318389014597e+03 1.319628121542930558e+03
-9.999999082384199482e+02 -9.999999071093197927e+02 8.166489607673637431e-06 1.298297721493244126e+03
-8.554157893838897735e+02 -8.565526684650264997e+02 2.273760772713693701e+00 1.167489371645450547e+03
-7.104899219325869808e+02 -7.125345576947709105e+02 1.789365998335080832e+01 1.287325685691833542e+03
-6.788746024900121938e+02 -6.788661644291422590e+02 4.058884969467719400e-02 1.237030356645584106e+03
-5.544123824471273565e+02 -5.577317759144671072e+02 1.064061962353268243e+01 1.538166610896587372e+03
-4.998777574422166481e+02 -4.998903589095618827e+02 7.306093019321444060e-02 9.294188530921935580e+02
-2.989026311716212376e+02 -3.001423403271942334e+02 1.906105771962466733e+01 8.648995617508887790e+02
-1.632896973968984184e+02 -1.706556228057798705e+02 3.312952310628952546e+01 9.239158450007438432e+02
8.957564852648478393e+01 1.022718718293670008e+02 6.148477703606875622e+01 1.081997919797897339e+03
3.778695032027414527e+03 3.544980210261192042e+03 8.877336250544046834e+02 8.591645695924759139e+02
8.306707728553310517e+03 8.131461466267798642e+03 1.225131097622499510e+03 9.507007940530777432e+02
2.021982988534193453e+02 2.024456565187662420e+02 1.068692304440216567e+00 1.149726772201061294e+03
4.549939180162512571e+02 4.544715983068845162e+02 1.703810450577468316e+01 8.881164592981338046e+02
5.468911566099945958e+02 5.467801435584981391e+02 2.049232583225537851e+01 1.090421214199066071e+03
5.065965873663205343e+02 5.063776271268185383e+02 1.434320494894801401e+00 1.310206605303287461e+03
6.239050504692525010e+02 6.249227529331878941e+02 1.363837172240762508e+00 1.098218632948398636e+03
1.470140266027124653e+03 1.828262933976497379e+03 4.293904235773567848e+02 9.532317168474197615e+02
5.037106827442255963e+03 4.998984194629642843e+03 7.829931687664145556e+02 9.359509993910789944e+02
9.255909461148996343e+03 9.200338396452931192e+03 1.016022463048177997e+03 1.023568330848216988e+03
1.311286268374520205e+03 1.313112434678584805e+03 1.474015495734041892e+01 1.556014582192897706e+03
1.441842771878397798e+03 1.444694769771271694e+03 1.665535172134805464e+01 1.559127633440494492e+03
1.592514219759214484e+03 1.604676239983669802e+03 4.606120976240443810e+01 1.566642691195011139e+03
2.637485632344722944e+03 2.607152797841428765e+03 1.890938830040030894e+02 1.561970225894451232e+03
3.036585342742464036e+03 1.800000000000000909e+03 1.514906910114996435e+03 1.226701939499378113e+03
