-1.400000000000000000e+03 -1.400000000000000000e+03 0.000000000000000000e+00 2.728831299543380737e+02
1.451620685574985982e+05 1.396927654645992152e+05 9.566035690802356112e+04 2.925304682493209611e+02
7.141486928564261179e+05 1.607418564205517177e+05 1.215424133966647554e+06 2.890106375575065840e+02
1.066970361233953008e+04 8.175949515294862067e+03 7.035482399948594320e+03 2.921012961506843340e+02
-9.999999944072894777e+02 -9.999999948504532767e+02 2.340787011600946260e-06 2.913889713525771867e+02
-8.911516369981530943e+02 -8.901875752140358600e+02 2.892186662560218391e+00 2.915586264491081465e+02
-7.801630810601883468e+02 -7.798858618199412831e+02 1.029032766070256244e+01 2.894605705499649275e+02
-6.795863492879697105e+02 -6.795925061360360360e+02 8.715203525215510505e-02 2.828952458977699393e+02
-5.947313388357969188e+02 -5.950607862322206074e+02 2.314535531819988279e+00 3.041831418514251482e+02
-4.997206068310736669e+02 -4.997745200913598183e+02 1.359518467752795778e-01 2.758457913994789124e+02
-3.934332775462544305e+02 -3.950252047145335155e+02 4.284089747631415257e+00 2.753165702462196123e+02
-2.883305110886929015e+02 -2.905478914765232048e+02 6.849106838012708920e+00 2.757154700517654646e+02
-1.670334031690556458e+02 -1.644761316547149477e+02 1.486345176590706707e+01 2.757670754909515267e+02
1.776498417013293647e+02 1.681731691046336437e+02 1.788781601605627998e+02 2.746876959085464591e+02
1.231406439724628399e+03 1.215568884789047388e+03 3.653034232634263390e+02 2.781831883549690474e+02
2.007472305190455586e+02 2.005873736163469232e+02 5.278106564023293812e-01 2.870742041945457572e+02
3.152551256822554251e+02 3.138375232520086229e+02 2.994504735646918547e+00 2.753263436555862427e+02
4.198193250126938665e+02 4.204699536848634125e+02 3.130408847728508803e+00 2.825683928012848014e+02
5.007090687984950819e+02 5.006836232941347475e+02 1.995240738138621406e-01 2.910790050506591911e+02
6.035950596736012130e+02 6.036421802940520820e+02 4.566190289617186315e-01 2.919617263555526847e+02
1.000000000000000227e+03 1.000000000000000227e+03 1.108082226984261449e-13 2.772209722995758057e+02
1.144439853080614057e+03 1.109908203901679599e+03 1.710886241536579746e+02 2.773840582489967233e+02
2.084529522816450026e+03 2.019528020061950428e+03 3.256349132723966022e+02 2.828840622067451704e+02
1.216822452121601600e+03 1.217459973101099422e+03 3.590726792950317936e+00 3.054222370028495561e+02
1.315061819064209885e+03 1.316502252070010854e+03 3.830751037040686757e+00 3.039893094062805403e+02
1.393754505285717642e+03 1.400024025447468603e+03 3.903289881592950650e+01 3.064264582037925493e+02
1.830092940375100852e+03 1.827534447055297278e+03 1.924090298265394949e+01 3.028264005541801680e+02
1.700000000000000455e+03 1.700000000000000455e+03 1.833145176601317471e-13 2.805182655930519218e+02
