-1.400000000000000000e+03 -1.400000000000000000e+03 0.000000000000000000e+00 2.687435810565948557e+01
7.863922719745701215e+02 -7.436351334671282984e+02 3.100703919547244823e+03 2.700489460229873728e+01
-1.200000000000000000e+03 -1.200000000000000000e+03 0.000000000000000000e+00 2.686790624856948995e+01
-1.100000000000000000e+03 -1.100000000000000000e+03 0.000000000000000000e+00 2.692857234477996897e+01
-9.999999999991354116e+02 -9.999999999999952252e+02 3.621464508367580210e-09 2.688945305347442627e+01
-9.000000000000000000e+02 -9.000000000000000000e+02 0.000000000000000000e+00 2.693072654008865285e+01
-7.999999999976396339e+02 -7.999999999998410658e+02 5.917196590665759735e-09 2.690984934568405151e+01
-6.939998616857797060e+02 -6.999999999993606252e+02 9.165362665335605286e+00 2.683557655811309672e+01
-5.997622801916667186e+02 -5.999999999998015028e+02 3.668327318425406713e-01 2.776758809089660573e+01
-4.999578297589724798e+02 -4.999815049717718125e+02 4.802981662755535786e-02 2.690468800067901611e+01
-4.000000000000000000e+02 -4.000000000000000000e+02 0.000000000000000000e+00 2.701140099763870239e+01
-2.996517643300173859e+02 -3.000000000000000000e+02 4.745652241830685125e-01 2.701240255832671977e+01
-1.997977063491720742e+02 -2.000000000000000000e+02 6.069707669423451968e-01 2.702317230701446604e+01
-9.981269604641116189e+01 -9.968782674401859367e+01 1.820267238484808425e-01 2.691156330108642436e+01
1.198490596167064268e+02 1.003121732559814063e+02 4.215166925290068178e+01 2.689548054933548116e+01
2.001064707400981035e+02 2.000000000009733867e+02 3.185324904454144290e-01 2.710963870286941457e+01
3.014237900741187559e+02 3.020196854182017319e+02 9.300416048179099837e-01 2.692308199405670166e+01
4.015186456289048920e+02 4.020468628537923337e+02 9.174300327915524411e-01 2.697070139646530151e+01
5.000064120368372755e+02 5.000000000000000000e+02 1.258470821451283458e-02 2.697439914941787720e+01
6.000145738648163842e+02 6.000194318197550274e+02 8.414224774807013349e-03 2.697255870103835917e+01
7.450000000086316732e+02 7.000000000766475523e+02 4.974937184819321345e+01 2.699713929891586162e+01
8.000000000015426167e+02 8.000000000001338094e+02 4.212387998949326303e-09 2.699740514755249166e+01
1.006004284923462023e+03 1.000000000000012506e+03 1.153882394728242389e+02 2.700148833990096975e+01
1.000000000000548653e+03 1.000000000000019213e+03 1.730573523633473679e-09 2.793464025259017802e+01
1.110000000006406253e+03 1.100000000000171212e+03 2.999999999786501093e+01 2.795092079639434957e+01
1.200182946153683588e+03 1.200080948985142413e+03 2.411806358919213744e-01 2.810880140066146993e+01
1.362030423254636389e+03 1.400000000000013642e+03 4.874344171603826226e+01 2.805123800039291382e+01
1.400000000040059149e+03 1.400000000000915406e+03 1.661161314133989848e-07 2.707038034200668264e+01
