-1.400000000000000000e+03 -1.400000000000000000e+03 0.000000000000000000e+00 3.183830363392829668e+02
9.510405578630531090e+04 8.718477807729059714e+04 5.495399843558676366e+04 3.316171886444091683e+02
2.328534921859787777e+06 8.719813728998134320e+04 4.662180766052491963e+06 3.297026818513870126e+02
9.525904023340384811e+03 7.841657412817760815e+03 5.877936954969936778e+03 3.315908669471740495e+02
-9.999999999987325054e+02 -9.999999999987331876e+02 1.014045839323697861e-09 3.281146458506584054e+02
-8.925811501706617719e+02 -8.901875770155187411e+02 4.148806857504296453e+00 3.306658711552619820e+02
-7.886518568836937675e+02 -7.896222295744305484e+02 1.126184828682117534e+01 3.261581225991249084e+02
-6.795683967852785372e+02 -6.795584956852495679e+02 1.274749287646447238e-01 3.247190045952796709e+02
-5.956550022123690269e+02 -5.960669177525910527e+02 1.453417011962198524e+00 3.426248256564140320e+02
-4.998273642423723686e+02 -4.998681902899571696e+02 1.011835091022446897e-01 3.205725404024124146e+02
-3.949257113300057540e+02 -3.955226842430801639e+02 2.515096224084730991e+00 3.202462283015250932e+02
-2.861784560699208555e+02 -2.865680628048787071e+02 6.044275177339779148e+00 3.214909024596214522e+02
-1.728236260566096973e+02 -1.734489502965935799e+02 1.181643485617891187e+01 3.203014608979225386e+02
1.234558693672738201e+02 1.126555604805987514e+02 1.090231404941584259e+02 3.202035551428795088e+02
1.081571612309242028e+03 1.056721879131214564e+03 3.033981387162475585e+02 3.205288496494293327e+02
2.005156424069244281e+02 2.004365467545147794e+02 2.795806543080843753e-01 3.293451417446136702e+02
3.154412910437292794e+02 3.153621566166667662e+02 2.105039216802679025e+00 3.202690209507942427e+02
4.232303361136513331e+02 4.220385562335990244e+02 5.354659266005148410e+00 3.248238584041595232e+02
5.006810763497458652e+02 5.006258618443407613e+02 1.825496502026488777e-01 3.300628206014633292e+02
6.035593088089485718e+02 6.035606050997943157e+02 3.739964763716217000e-01 3.309566366553306693e+02
1.000000000000000000e+03 1.000000000000000114e+03 1.503935499763764890e-13 3.232217489004135018e+02
1.139449208370462202e+03 1.118844118735046777e+03 1.234981656060481043e+02 3.228451472997665519e+02
2.112948828413641877e+03 2.026997081519975836e+03 3.490659892888020295e+02 3.229300748944282304e+02
1.215153584344145656e+03 1.215290377479674589e+03 3.598815513646917985e+00 3.429829555511474837e+02
1.314556117401306892e+03 1.315214946626707842e+03 4.585192218982962586e+00 3.428329247474670183e+02
1.413350138775788309e+03 1.400024507903370477e+03 4.612256404581384572e+01 3.450688179492950667e+02
1.821243473966180318e+03 1.820708197514576568e+03 1.640356606162112740e+01 3.418616231441498030e+02
1.700000000000000000e+03 1.700000000000000000e+03 1.969113790856769348e-13 3.258080152034759749e+02
