-1.399999999999604370e+03 -1.399999999999737611e+03 3.622999356761153056e-10 8.297683535933495023e+02
4.289067860387433320e+05 4.439915937411263585e+05 1.818386199003522925e+05 8.398236202955246199e+02
4.451138268367419951e+05 4.076706328207907518e+03 1.641388652103919303e+06 8.385925837039947055e+02
1.269123111890254904e+03 1.009731698085687640e+03 1.013198843506660182e+03 8.389887737035751343e+02
-9.999995820444994479e+02 -9.999995756747218820e+02 6.271481682016319371e-05 8.298886606454849471e+02
-8.867942097848530238e+02 -8.891498507598939796e+02 5.563450002860899524e+00 8.286543458461761702e+02
-7.991412594781425014e+02 -7.994206220676777548e+02 1.055069342686526301e+00 8.522066682577133179e+02
-6.790435422830221341e+02 -6.790402770006176070e+02 3.989454774103421558e-02 8.296199967980385281e+02
-5.795905595141746289e+02 -5.796916980181686085e+02 7.608353976982612288e+00 9.864722874045371555e+02
-4.999939620694323708e+02 -4.999926039581114310e+02 5.479044016714201826e-03 8.376993285417556763e+02
-3.784591475014810840e+02 -3.786083853101622481e+02 5.497309612003262735e+00 8.385369489431380998e+02
-2.716116595832201028e+02 -2.731361180530034858e+02 7.671061349862648981e+00 8.440921519994735718e+02
-1.265488421575685436e+02 -1.260991031206119146e+02 1.829843877576799471e+01 8.456449568033218611e+02
1.165315314480325924e+03 1.107085199902210661e+03 2.409450195814349911e+02 8.258800465941428683e+02
6.323288441007537585e+03 7.029987258686953282e+03 1.380571215152060859e+03 8.324844687461852573e+02
2.024454346667274365e+02 2.024507979926008261e+02 2.673127340649257833e-01 8.824620835542679060e+02
3.472978734977670001e+02 3.540806937034679436e+02 1.590839151175149269e+01 8.334610757946968533e+02
5.281270430610493349e+02 5.606032358445274895e+02 6.136200209788599125e+01 8.413259837508201144e+02
5.024028740765504040e+02 5.022936461943637596e+02 4.462364061721935671e-01 8.357817364096641768e+02
6.098214741984828606e+02 6.097447240754083850e+02 4.922549843637779587e-01 8.374080193996429671e+02
9.750002392928056452e+02 1.000000150039182017e+03 4.330124934466711295e+01 8.463989359021186374e+02
1.939332559473492893e+03 1.876655378016112536e+03 3.101778218771683555e+02 8.461607377886772383e+02
5.234188262002062402e+03 4.898889993942350884e+03 1.313503541820505689e+03 8.520002241015433810e+02
1.234507556332934882e+03 1.235349328617423453e+03 4.689324372505927485e+00 9.963334429025650252e+02
1.345364462260978371e+03 1.345793671807932924e+03 7.387408589114934365e+00 9.956186500430106889e+02
1.491273917746984125e+03 1.523459707148045482e+03 6.093870006338995893e+01 1.006274765193462372e+03
1.928950453296409933e+03 1.900468105053376348e+03 1.059286516077118563e+02 1.002831102204322860e+03
1.700000480736163126e+03 1.700000462546775680e+03 1.637539581707642372e-04 8.645154562473296664e+02
