-1.399999999999999545e+03 -1.399999999999999545e+03 4.929343819794394142e-13 9.078881662487983704e+02
1.355632803964385763e+06 1.245006007932314882e+06 4.152816734641297371e+05 1.178068521702289672e+03
3.053520301338167191e+08 1.200178118173070550e+08 3.533206282169895768e+08 1.178915278804302261e+03
-7.477723091391733305e+02 -8.247946505486049773e+02 2.119388317543941582e+02 1.162783813703060105e+03
-9.999999983332930924e+02 -9.999999983562779562e+02 4.711610599642120891e-07 1.159224675095081238e+03
-8.527777233309965368e+02 -8.565526684650066045e+02 1.020948141697000544e+01 1.123765730607509568e+03
-6.425547685544729575e+02 -6.359600012411724492e+02 2.702307974468177321e+01 1.197143175745010467e+03
-6.788289683355701527e+02 -6.788336652071493518e+02 4.841299346148329741e-02 1.075313239455223083e+03
-5.422099664804827626e+02 -5.438958956848027810e+02 6.202877290469126947e+00 1.475492813110351562e+03
-4.997906439890348338e+02 -4.997943554677016209e+02 1.253996229116970396e-01 9.991135595560074307e+02
-1.385862365716790521e+02 -1.461745841605463170e+02 5.673379172444788310e+01 9.524128144979476929e+02
1.163720288770000053e+02 1.057686905348578534e+02 1.036611306018946408e+02 9.961851989030838013e+02
3.834132354953302979e+02 3.766112378218242611e+02 9.017240144025323900e+01 1.012465409350395248e+03
4.330177595769951949e+03 4.218336504205628444e+03 7.175007836769801770e+02 9.484239235520362854e+02
8.394804161930547707e+03 8.569450012896166299e+03 9.225144866700770763e+02 1.047888557255268097e+03
2.022365146676031031e+02 2.023902915950885131e+02 1.053147774819038762e+00 1.124637928354740097e+03
8.553062215859866910e+02 8.563697172024556039e+02 1.441041978409459716e+02 9.740896004438400269e+02
1.178443838528215110e+03 1.124118620687618204e+03 1.745835573391145203e+02 1.107881213295459702e+03
5.174604934097845899e+02 5.170648793645498245e+02 3.359199026237378760e+00 1.181572973203659103e+03
6.242451606409383658e+02 6.250000000000000000e+02 1.181035626952297024e+00 1.013075644397735573e+03
1.516553412725953649e+03 1.828262933976499198e+03 4.151885737723772536e+02 9.925596485495567549e+02
5.998537674834519748e+03 5.620010929829526503e+03 1.108657032398152978e+03 1.007332012450695061e+03
9.977387820037287383e+03 9.869548140788027013e+03 1.334891256158987289e+03 1.115986030507087662e+03
1.353913660681894953e+03 1.355968136467822433e+03 9.979293254949016756e+00 1.504643635749816895e+03
1.474607523596450392e+03 1.477434300916859229e+03 8.869818117130089163e+00 1.503771896445751281e+03
1.628928247811732717e+03 1.642332247868004970e+03 5.348261320071034675e+01 1.524439703845977874e+03
3.141001759851882980e+03 3.144551146297073956e+03 1.353167231626254647e+02 1.516603123652934983e+03
3.609708882003130384e+03 3.472507529201478974e+03 1.813688810143122282e+03 1.160283527398109527e+03
