-1.400000000000000000e+03 -1.400000000000000000e+03 0.000000000000000000e+00 5.253775864839553833e+01
3.338098046876468288e+03 2.526896345960947656e+03 3.804505431227548797e+03 5.271807029247283793e+01
-1.199999999999988177e+03 -1.199999999999998636e+03 3.754813105431301753e-11 5.256823589801788188e+01
-1.099999999999992269e+03 -1.099999999999999545e+03 2.426973021198475488e-11 5.259791275262832499e+01
-9.999999999792271410e+02 -9.999999999898273018e+02 3.198711697493875155e-08 5.267552208900451660e+01
-8.999999999999878355e+02 -8.999999999999998863e+02 3.250177254285714174e-11 5.253349264860153056e+01
-7.999999975876032750e+02 -7.999999994453667114e+02 6.284134927605428514e-06 5.266903270483017252e+01
-6.929998344912845596e+02 -6.999999970878752720e+02 9.539615354985020446e+00 5.266803324222564697e+01
-5.997749952321884166e+02 -5.999999640452022049e+02 3.436452033104041570e-01 5.356995124816894815e+01
-4.999689292373694798e+02 -4.999901353277037970e+02 4.208279409294508194e-02 5.260677576065063477e+01
-4.000000000000000000e+02 -4.000000000000000000e+02 3.813172459387811383e-14 5.270577629804611064e+01
-2.992040327543168701e+02 -2.990050409429065894e+02 5.073315647367474535e-01 5.273052914142608927e+01
-1.994102719706183109e+02 -1.999999999999998295e+02 1.043375019321927999e+00 5.272495149374007894e+01
-9.909970433959419722e+01 -9.999999999999977263e+01 3.641280651287134518e+00 5.263435339927673340e+01
1.301453788149480602e+02 1.167572201841913397e+02 4.293874178212204384e+01 5.263723105192184448e+01
2.000001436645943045e+02 2.000000200813010451e+02 4.978695453203707414e-04 5.291619790792465494e+01
3.015170178930649740e+02 3.020196068559068863e+02 8.723911621191624555e-01 5.262745840549469278e+01
4.016137264135396663e+02 4.020444875749758467e+02 8.282511817751629923e-01 5.264915674924850464e+01
5.000162990679334030e+02 5.000049602170739718e+02 1.957219619514068143e-02 5.265522859096527242e+01
6.000155454558041583e+02 6.000194318197550274e+02 7.772727901920007537e-03 5.262159895896911621e+01
7.650000005751733170e+02 8.000000000673526301e+02 4.769695951688298408e+01 5.277491574287414267e+01
8.100000001131952558e+02 8.000000000853204938e+02 2.999999997075113001e+01 5.277641805410384990e+01
1.017323441335002485e+03 9.919285391950770645e+02 1.210768995298245869e+02 5.278882620334625386e+01
1.002607865134960093e+03 1.000000000021770120e+03 1.066896445131919258e+01 5.371117008924484537e+01
1.115208025857294615e+03 1.100000000127615976e+03 3.621030968364871683e+01 5.371675984859466269e+01
1.200659503842098275e+03 1.200080948985365922e+03 1.246579739669323450e+00 5.379398790597915792e+01
1.353968620719287628e+03 1.358480732304631147e+03 5.153362323652638821e+01 5.380212010145187662e+01
1.430000000598729230e+03 1.400000000728560281e+03 4.582575660248502913e+01 5.286615984439849569e+01
