-1.399999997220844534e+03 -1.399999998370382400e+03 3.261145002192727925e-06 3.943747100830078267e+01
-3.185366760261871377e+02 -1.143668133501125794e+03 1.365239726411642096e+03 3.957593679428100586e+01
-1.199974688181961938e+03 -1.199992986943791038e+03 3.847993557771214185e-02 3.947581748962402060e+01
-1.099922317749455033e+03 -1.099984572817393655e+03 1.224986306463621555e-01 3.952431799173355387e+01
-9.999993891469055143e+02 -9.999995680370086575e+02 5.031691588058814562e-04 3.950217844247818277e+01
-8.999999919816975762e+02 -8.999999948901026983e+02 8.791897999695163851e-06 3.943721209764480307e+01
-7.999736016091651436e+02 -7.999913461439941784e+02 5.095865565225379812e-02 3.959031950235366537e+01
-6.949640194411288121e+02 -6.999385727516742008e+02 8.639906211276073833e+00 3.957838054895400859e+01
-5.995863094145180412e+02 -5.996075341975517858e+02 4.036812369989281057e-01 4.030597034692764424e+01
-4.999714934557164270e+02 -4.999716858482450448e+02 1.556941008047255277e-02 3.952788509130478189e+01
-3.999999930709120122e+02 -3.999999968150302720e+02 9.633866917468327429e-06 3.962185424566268921e+01
-2.999502318944320791e+02 -2.999999869236070822e+02 2.168436067483446306e-01 3.961239114999771260e+01
-1.999999670945743730e+02 -1.999999902925240178e+02 6.534376727475198134e-05 3.961717989444732524e+01
-9.999983824551235045e+01 -9.999988184665130575e+01 1.567503619319724720e-04 3.954425319433212138e+01
1.166292826669983640e+02 1.003168240988532034e+02 3.141038418762338580e+01 3.953867501020431519e+01
2.002344170437859532e+02 2.002059879358576495e+02 1.782873943042201370e-01 3.982033824920654297e+01
3.013137225699231863e+02 3.020197623793156936e+02 9.624586998340255439e-01 3.956066704988479898e+01
4.011218812293180918e+02 4.012075407690572888e+02 1.009960692340234889e+00 3.957148690223694132e+01
5.000029598667477444e+02 5.000000000255262194e+02 7.045716843636164010e-03 3.944321994781493856e+01
6.000107137236805102e+02 6.000194318198369956e+02 9.638525230580716197e-03 3.952219560146331645e+01
7.350194409797410344e+02 7.000364144449713422e+02 4.768593357791903742e+01 3.967873250246047689e+01
8.050025145301526663e+02 8.000023321245140551e+02 2.179500338666335324e+01 3.967041045427322388e+01
9.482569215926614561e+02 9.000115241499945569e+02 8.747321263604331421e+01 3.968127784729004048e+01
1.000001346997588030e+03 1.000000567867708696e+03 1.581979565744580157e-03 4.043385115861892842e+01
1.100006419531141319e+03 1.100005433960927348e+03 5.946397827403638627e-03 4.043808790445327617e+01
1.200189678197995363e+03 1.200045275598749868e+03 2.532475183352634884e-01 4.051243640184402750e+01
1.317037872717411574e+03 1.302701255984132786e+03 3.488840041775327450e+01 4.047290560007095195e+01
1.400019495767184253e+03 1.400014367788979143e+03 1.266647816417667931e-02 3.985257304906845377e+01
