-1.400000000000000000e+03 -1.400000000000000000e+03 0.000000000000000000e+00 4.626760529279708578e+01
5.301621944400671055e+03 5.130870910435323822e+03 5.229284624278813681e+03 4.625266300439834311e+01
-1.200000000000000000e+03 -1.200000000000000000e+03 0.000000000000000000e+00 4.627105669975280478e+01
-1.100000000000000000e+03 -1.100000000000000000e+03 0.000000000000000000e+00 4.634119474887847900e+01
-9.999999999998975682e+02 -9.999999999999411102e+02 9.630316333257605926e-11 4.628562934398651407e+01
-8.998704975962143635e+02 -8.999785829913329280e+02 1.883903620921661970e-01 4.602814315557479574e+01
-7.936990542262775534e+02 -7.999223929475024306e+02 1.578001755583598609e+01 4.639782104492187642e+01
-6.823084823005934823e+02 -6.799975305579414453e+02 5.908689041263194497e+00 4.624893245697021626e+01
-5.995532135472370783e+02 -5.996381752680727004e+02 4.158318443359385053e-01 4.722151139974594258e+01
-4.963165412146850031e+02 -4.981121596354788608e+02 4.404851740132104787e+00 4.617731674909591533e+01
-4.000000000000000000e+02 -4.000000000000000000e+02 0.000000000000000000e+00 4.647723095417022421e+01
-2.959704236364794383e+02 -2.970151253476296915e+02 3.200526931737655012e+00 4.647674300670623637e+01
-1.973847790778482931e+02 -1.979440450976274519e+02 1.983299964693479911e+00 4.654881614446640015e+01
-9.345798166910203975e+01 -9.968782674401859367e+01 1.362607762055909078e+01 4.628129955530166484e+01
1.839352568738436844e+02 2.179116854115776505e+02 6.441230158046363385e+01 4.621244680881500244e+01
2.015287372770338550e+02 2.012370166131190672e+02 1.129038293602085963e+00 4.654434750080108785e+01
3.015823045292607958e+02 3.020435589916430672e+02 8.749831214927417111e-01 4.644194859266281128e+01
4.025164682204842848e+02 4.026927469281664003e+02 9.426199797292647009e-01 4.621936875581741333e+01
5.000902650970089098e+02 5.000309489049161016e+02 1.414495525599495374e-01 4.623617891073227071e+01
6.001189073114796884e+02 6.000194318197550274e+02 1.650454170941777765e-01 4.641239929199218750e+01
7.800000000000013642e+02 8.000000000000001137e+02 3.999999999999980105e+01 4.637646543979644775e+01
9.316354266238646460e+02 9.000000000000000000e+02 1.378981132618340837e+02 4.639886214733123637e+01
1.091364446370973610e+03 1.069524059309834911e+03 9.582046081445498942e+01 4.640443034172058390e+01
1.031051572315641806e+03 1.010972399293775084e+03 3.732410929241537190e+01 4.740424904823303365e+01
1.183287629211521107e+03 1.200000000000000000e+03 3.775739169868807465e+01 4.742572045326232910e+01
1.241759973166132568e+03 1.229843821929499427e+03 4.351651272185154795e+01 4.753369494676589824e+01
1.432265153632748252e+03 1.415446706164766738e+03 8.823250315888778061e+01 4.747624745368957377e+01
1.440000000000004093e+03 1.400000000000013642e+03 4.898979485566034242e+01 4.652066484689712667e+01
