-1.400000000000000000e+03 -1.400000000000000000e+03 0.000000000000000000e+00 2.908851779937743913e+02
1.874561522913822846e+05 1.694225928706029663e+05 1.195348765085581108e+05 2.985504930973053206e+02
5.436506389536578953e+07 7.780122374164089561e+06 8.606991437552234530e+07 2.979241428971290588e+02
6.681465347488129737e+03 5.397016819351132654e+03 5.711995378194042132e+03 2.981769651412963640e+02
-9.999999999999399733e+02 -9.999999999999463398e+02 3.145427385315181221e-11 2.952648462057113647e+02
-8.787007300440118343e+02 -8.901875577866195499e+02 2.457736801447395081e+01 2.966670115947723616e+02
-7.346255970934931838e+02 -7.394444720390092698e+02 3.156912572262702099e+01 2.988010679006576424e+02
-6.795402604634880390e+02 -6.795456502050219569e+02 1.451016308176562575e-01 2.896328666567802657e+02
-5.934827230263501860e+02 -5.935972516995973365e+02 1.419091074790964413e+00 3.132835036993026847e+02
-4.990390211359435853e+02 -4.991434587784971768e+02 8.251859518050127518e-01 2.941263405442238081e+02
-3.973136105458482348e+02 -3.970151228287201093e+02 1.410597917847919103e+00 2.937402117013931502e+02
-2.655967499426839140e+02 -2.680280733689467070e+02 1.625448418216759094e+01 2.937849980950355757e+02
-1.456068344249375741e+02 -1.423096406531645925e+02 1.595390447830830638e+01 2.892160950064659346e+02
9.444616581228270036e+01 5.416591096124375326e+01 1.761881258500876868e+02 2.924897109985351449e+02
1.336873199259064222e+03 1.328432386499372114e+03 2.559992917926166456e+02 2.911589318513870239e+02
2.005303774629137763e+02 2.005107656944420853e+02 1.954636056113502329e-01 3.007081452488899345e+02
3.110597803332887565e+02 3.114944848651578013e+02 3.081921090090924853e+00 2.928429267048835527e+02
4.390107407609771144e+02 4.381909962221590717e+02 1.137874272645179730e+01 2.985919767975807417e+02
5.007325829169875533e+02 5.007127785822372630e+02 2.565244410818335874e-01 2.973199294567108382e+02
6.039158363255352242e+02 6.039580133843527392e+02 3.313642690575486216e-01 2.982385140061378479e+02
1.000000000000000000e+03 1.000000000000000114e+03 1.048140854583481032e-13 2.962943454027175676e+02
1.035973074014232679e+03 1.043215613803664610e+03 1.306955588176504648e+02 2.958720633983612061e+02
2.159206826543966599e+03 2.084651158060693888e+03 4.184926591831803648e+02 2.950618381977081413e+02
1.219706751255336485e+03 1.219001387403134004e+03 4.250288616713126189e+00 3.137732635974883806e+02
1.321609995366561634e+03 1.321494101468927283e+03 3.529019051641492766e+00 3.145850204944610482e+02
1.443769396493207068e+03 1.400034061700011534e+03 7.257391159571038486e+01 3.147948949456214791e+02
1.869757513821892189e+03 1.866367183070720785e+03 4.275320899727546475e+01 3.142999516487121809e+02
1.813297184186688582e+03 1.700000000000000227e+03 1.999909307742523481e+02 2.993078910946845781e+02
