-1.400000000000000000e+03 -1.400000000000000000e+03 0.000000000000000000e+00 6.785344990491867634e+01
2.793281302115375183e+03 1.538588001872873292e+02 5.048532649973645675e+03 6.798088455200195312e+01
5.468647436830572784e+07 -1.200000000000000000e+03 2.383780460287042558e+08 6.786051795482634930e+01
-1.100000000000000000e+03 -1.100000000000000000e+03 0.000000000000000000e+00 6.788024065494536785e+01
-9.999999999999597549e+02 -9.999999999999845386e+02 6.659642110754194859e-11 6.789565159082413004e+01
-8.998767196429189426e+02 -8.999908084807434534e+02 2.063422230505639610e-01 6.788118664026259808e+01
-7.955028543451978749e+02 -7.996155221525868910e+02 9.913091687772473293e+00 6.794529650211333660e+01
-6.858331876002191621e+02 -6.800000000000002274e+02 8.513980040682650241e+00 6.790483139753341391e+01
-5.993724443392939065e+02 -5.993114954471118381e+02 4.358316161652930898e-01 6.859470560550690266e+01
-4.961047040070582739e+02 -4.972428491703726650e+02 4.013885676092851185e+00 6.796716765165328411e+01
-3.996517643300173859e+02 -4.000000000000000000e+02 5.693913456781057869e-01 6.798926165103912922e+01
-2.973136143287563300e+02 -2.980100818858134062e+02 2.653008489144492277e+00 6.801516650915145590e+01
-1.955175140502341549e+02 -1.975323301845940591e+02 6.544339089214995298e+00 6.801406559944152264e+01
-7.558063511290148995e+01 -8.324277981581781205e+01 3.158218154414748469e+01 6.787570323944092365e+01
1.963213436564963956e+02 2.195689465365522892e+02 8.643267028118307849e+01 6.787961914539337727e+01
2.015517018867962804e+02 2.012666091018706993e+02 1.176003972438631306e+00 6.807372775077820393e+01
3.016036800471145511e+02 3.020442660522976439e+02 9.208765046008141608e-01 6.794446775913237957e+01
4.025268725415786548e+02 4.024456120797626681e+02 1.051665289899252009e+00 6.799796915054321289e+01
5.000663680784074927e+02 5.000197294098566658e+02 8.227422235553809304e-02 6.786489200592041016e+01
6.001323800012180527e+02 6.000744481502149483e+02 1.908102204979327532e-01 6.790837179422378256e+01
7.700000000000000000e+02 8.000000000000000000e+02 4.582575694955839651e+01 6.798285155296325399e+01
8.379146777244284294e+02 8.000000000000000000e+02 9.754472463741609545e+01 6.796536545753478720e+01
1.103915253797673586e+03 1.178617102091268407e+03 1.431905215042915245e+02 6.793927559852599529e+01
1.039197016935469492e+03 1.023612227277030570e+03 3.197697688656769088e+01 6.873223694562912556e+01
1.175888094563675622e+03 1.200000000000000000e+03 4.917539110413866865e+01 6.875326895713806152e+01
1.224622230339875614e+03 1.200916606553978909e+03 4.054660896517383861e+01 6.883150030374527262e+01
1.435171230623781184e+03 1.410657310070421772e+03 8.330415495377313562e+01 6.879309645891189007e+01
1.450000000000000000e+03 1.450000000000000000e+03 5.000000000000000000e+01 6.815264279842376993e+01
