-1.399999999994141490e+03 -1.399999999996962288e+03 7.934781835338483733e-09 5.906235225200653360e+01
-4.174823632451530386e+01 -9.988178973206670435e+02 1.833560769119191491e+03 5.923460534811020040e+01
-1.199999996785496023e+03 -1.199999999643504907e+03 4.976301049237351336e-06 5.910285024642944052e+01
-1.099999973033094420e+03 -1.099999993609153307e+03 5.445782087709146347e-05 5.913184695243835165e+01
-9.999999738951394193e+02 -9.999999808024811045e+02 2.288110598598340037e-05 5.914919935464858725e+01
-8.999999999987621777e+02 -8.999999999992670610e+02 2.234083987346487719e-09 5.906368604898452901e+01
-7.999994253781786711e+02 -7.999997591624432971e+02 6.981564588766434043e-04 5.920181400775909708e+01
-6.939992525762414743e+02 -6.999991230334244392e+02 9.165136206237235683e+00 5.919556560516357280e+01
-5.998484723157421286e+02 -5.999979434626754937e+02 2.998528319496625572e-01 5.988292934894561625e+01
-4.999885097503255338e+02 -4.999925708990646172e+02 9.955856547066857867e-03 5.915956239700317099e+01
-3.999999999893274207e+02 -3.999999999959560455e+02 1.665086583203966469e-08 5.922336214780807495e+01
-2.998507559694801330e+02 -2.999999999578193979e+02 3.552715429091223842e-01 5.924541510343551920e+01
-1.999999999071110892e+02 -1.999999999437969791e+02 1.269307286527236482e-07 5.922033579349518106e+01
-9.999999970598541665e+01 -9.999999991530694388e+01 5.198763071310002276e-07 5.916828199625015117e+01
1.118413944197657202e+02 1.003121773888707366e+02 2.321490378705083657e+01 5.916897734403610087e+01
2.000431149515998754e+02 2.000089998023975966e+02 1.463449308066956944e-01 5.939319120645522787e+01
3.014137419796144286e+02 3.020196071572219125e+02 9.255107782191023258e-01 5.915617915391921855e+01
4.012526070288241158e+02 4.020021433112311797e+02 9.710787579493951327e-01 5.919530464410782145e+01
5.000044391101451993e+02 5.000000000000000000e+02 1.186840428317768176e-02 5.911186230182647705e+01
6.000087443662445139e+02 6.000000004243729563e+02 9.667165441809124141e-03 5.916237249374389506e+01
7.200016034545103594e+02 7.000018762712477383e+02 3.999926389911945535e+01 5.929194774627685405e+01
8.050000870308005005e+02 8.000000855285379657e+02 2.179449168753551547e+01 5.928683785200119161e+01
9.685408040825659555e+02 9.000004349500923126e+02 1.001645607579692268e+02 5.930022530555724813e+01
1.000000056387969380e+03 1.000000040302934622e+03 5.324197784458551661e-05 6.002865500450134562e+01
1.100000265912595523e+03 1.100000191473382301e+03 2.176859006056156237e-04 6.004155755043029785e+01
1.200322629522341686e+03 1.200040479779115913e+03 9.290035127484035371e-01 6.006497135162353374e+01
1.340746469476336188e+03 1.302125206618753282e+03 4.838898342646523787e+01 6.005418936014175557e+01
1.400001458665630253e+03 1.400000878167069004e+03 1.249010476442763331e-03 5.937523909807205058e+01
