-1.399946852608529070e+03 -1.399960318423862191e+03 4.810472255063745484e-02 3.314054175615310527e+01
-1.106796228192160243e+03 -1.176938399027077594e+03 1.727360787668249600e+02 3.326829653978347778e+01
-1.190755151457899501e+03 -1.198545019832239632e+03 2.060102088750285887e+01 3.285529905557632446e+01
-1.076025024191964349e+03 -1.098732358949604532e+03 5.280947076640551785e+01 3.298126245737076090e+01
-9.999448777591029511e+02 -9.999589907660472363e+02 6.015730251847412058e-02 3.315164284706115438e+01
-8.999995463515239180e+02 -8.999996537927027020e+02 4.782889309849338915e-04 3.313033989667892598e+01
-7.995565301542535508e+02 -7.995616847386958170e+02 2.442418503608880798e-01 3.322806550264358805e+01
-6.983008465963414437e+02 -6.983799733716772380e+02 9.009629993686283367e-01 3.322489424943923808e+01
-5.998865231859689402e+02 -5.998885732157891653e+02 4.119479263947128239e-02 3.392119464874267720e+01
-4.997945609208060773e+02 -4.998031946586958156e+02 9.738422275941108208e-02 3.320632334947585917e+01
-3.999741470498978515e+02 -3.999790880966511395e+02 1.987111795955702476e-02 3.326332939863205240e+01
-2.998541062732280693e+02 -2.999052362488289987e+02 1.660810724627316826e-01 3.331041870117187642e+01
-1.998635619267585639e+02 -1.999255497807423581e+02 2.349645408078885889e-01 3.329712125062942363e+01
-9.947192252344157737e+01 -9.949763444899025444e+01 3.258561945749798294e-01 3.318740910291671753e+01
1.012399140541094056e+02 1.008206270835107148e+02 1.157878854087038389e+00 3.326193664073944234e+01
2.003247009127726415e+02 2.003001097617861319e+02 1.982515850444898919e-01 3.337268970012664937e+01
3.004543957116236470e+02 3.002235957620754334e+02 5.335783600981944819e-01 3.325599534511566446e+01
4.009080494474785041e+02 4.008519131535322231e+02 6.145051328399920854e-01 3.326786675453185893e+01
5.000026692773232071e+02 5.000004668814568731e+02 4.298555343471604367e-03 3.320027835369110392e+01
6.000186852856160158e+02 6.000194505377255609e+02 3.680002344749931653e-03 3.320187579393386557e+01
7.050910649912968893e+02 7.046389493281255909e+02 1.823191192714699538e+00 3.337924950122832968e+01
8.024108869049651958e+02 8.012757562979321619e+02 2.633176321415325205e+00 3.333587365150451376e+01
9.050380570349254867e+02 9.050783955357444484e+02 3.577269151508470912e+00 3.338867169618606567e+01
1.001067612136989510e+03 1.000630251475506611e+03 1.135815130795432504e+00 3.406725400686264038e+01
1.101472071144703250e+03 1.101227294925980004e+03 1.279977693942940364e+00 3.406593339443206503e+01
1.200418245393698726e+03 1.200297806539070734e+03 3.134528859398321154e-01 3.412929970026016235e+01
1.322958687256820895e+03 1.319148629802162532e+03 1.484886731739891985e+01 3.409484330415725850e+01
1.403321896903940797e+03 1.403156512875357748e+03 1.729385761689082868e+00 3.344582544565200521e+01
