-1.400000000000000000e+03 -1.400000000000000000e+03 5.084229945850414966e-14 1.338042461037635746e+02
4.389360644687719760e+05 4.471016958533787401e+05 2.330640702749384218e+05 1.375536641478538513e+02
1.399725040113340914e+08 5.311256338443933427e+07 2.288746720020645261e+08 1.372237624526023865e+02
3.575150372495328338e+04 2.953487433607865387e+04 1.891106505187589210e+04 1.372248632073402348e+02
-9.999999999998095745e+02 -9.999999999998260591e+02 1.214988579642089487e-10 1.350555833458900565e+02
-8.838266201642145461e+02 -8.901875371470799791e+02 2.542125177089261712e+01 1.368782205581665039e+02
-6.897599717633718228e+02 -6.948692452355671776e+02 4.399937114440844255e+01 1.380840008020400944e+02
-6.794902757733792669e+02 -6.794607376146467459e+02 1.663596234057347079e-01 1.355634670495986995e+02
-5.919981540355076959e+02 -5.917494994929353425e+02 2.220550774158268847e+00 1.478349910974502563e+02
-4.974084704573697309e+02 -4.977436906129875069e+02 2.446991431403514827e+00 1.359573691964149589e+02
-3.975623508139034357e+02 -3.980100818858134062e+02 2.385308124294970966e+00 1.358515472054481563e+02
-2.413860202885923059e+02 -2.408002194318233080e+02 1.908964106254817850e+01 1.355631713032722416e+02
-1.141963676237675855e+02 -1.184490951715354328e+02 3.470311929234664206e+01 1.336845273017883358e+02
3.409478407145327594e+01 3.821550985296539693e+01 1.135765298545041304e+02 1.349039449572563285e+02
1.481827722385290826e+03 1.317648926174318149e+03 3.999038484638682007e+02 1.349185998558997994e+02
2.007531764368351901e+02 2.007178452558662798e+02 3.798935654848654142e-01 1.392495293498039359e+02
3.101353301672668294e+02 3.111599915484287067e+02 3.519310765128700780e+00 1.353164565920829716e+02
4.547809463314728191e+02 4.572671625107742557e+02 2.079984191297030094e+01 1.374469184041023198e+02
5.010347182411719587e+02 5.008373919713881151e+02 6.441950688514660461e-01 1.369591658949852047e+02
6.042899045790852597e+02 6.043005527610062018e+02 3.673635095974117082e-01 1.370650886535644588e+02
9.800000000000000000e+02 1.000000000000000114e+03 6.000000000000002842e+01 1.359007580995559579e+02
1.093682931386726068e+03 1.042551237706658412e+03 1.699558858394860579e+02 1.363634214997291565e+02
2.582450889798903972e+03 2.583780787103519287e+03 4.274226200095418449e+02 1.365789465069770756e+02
1.220583445040285369e+03 1.224752123296899981e+03 1.816200834857003343e+01 1.488002385020255929e+02
1.323255170580930553e+03 1.322910749663451952e+03 5.262132323424151714e+00 1.488652500033378487e+02
1.446130699072265543e+03 1.400065754216413325e+03 7.146110053412654395e+01 1.494482788562774545e+02
1.902129181470147614e+03 1.884626711307052574e+03 6.466101605982937883e+01 1.489547755002975578e+02
1.828122060343920339e+03 1.700000000000000227e+03 2.255135647658757136e+02 1.377033370018005485e+02
