-1.399999999999997954e+03 -1.399999999999999773e+03 3.647204165606633128e-12 2.805147215127944804e+01
1.241329752875635450e+03 1.394548371076473359e+01 2.792212617161475009e+03 2.837633824348449707e+01
-1.200000000000000000e+03 -1.200000000000000000e+03 3.522457833430432421e-13 2.798468101024627686e+01
-1.099999999999999773e+03 -1.100000000000000000e+03 4.981507640924665560e-13 2.805257284641265869e+01
-9.999999999138628937e+02 -9.999999999847357230e+02 1.896883016267699215e-07 2.808692259788513113e+01
-9.000000000000000000e+02 -9.000000000000000000e+02 2.542114972925207483e-14 2.812785799503326345e+01
-7.999999967966784880e+02 -7.999999990889076571e+02 6.923105975204134109e-06 2.818563114404678416e+01
-6.939998461947043324e+02 -6.999999949884249872e+02 9.165379553712988070e+00 2.808187154531479024e+01
-5.997997367621366038e+02 -5.999999560812748314e+02 3.505171310541316254e-01 2.922658098936080862e+01
-4.999891503386090221e+02 -4.999926039591754261e+02 1.109427100497064472e-02 2.819456479549408101e+01
-3.999999999999864713e+02 -3.999999999999998295e+02 4.485429863655813779e-11 2.825672420263290263e+01
-2.999502520471394860e+02 -2.999999999999989768e+02 2.168462991402220486e-01 2.827939145565033030e+01
-1.999999999998762519e+02 -1.999999999999996874e+02 4.155203063577486217e-10 2.827000430822372579e+01
-9.990634802305736173e+01 -9.999999999986607691e+01 1.430557575341133703e-01 2.812070729732513286e+01
1.047258183486300567e+02 1.003121732559835664e+02 1.323285750346467893e+01 2.820285664796829295e+01
2.000844830815439650e+02 2.000000140566513096e+02 1.737518757881504061e-01 2.847545886039733887e+01
3.009138869920095090e+02 3.000399979736878322e+02 1.002367110978541254e+00 2.815965820550918508e+01
4.009643675136945831e+02 4.001253183707277117e+02 1.023170866385665789e+00 2.822629375457763601e+01
5.000000000000000000e+02 5.000000000000000000e+02 0.000000000000000000e+00 2.826885584592819356e+01
6.000106875008711995e+02 6.000194318197550274e+02 9.667208261726008972e-03 2.818332200050354075e+01
7.050000859124069166e+02 7.000000262254095560e+02 2.179447611035069698e+01 2.833541685342788696e+01
8.050000036987854628e+02 8.000000007627407967e+02 2.179449422395264691e+01 2.836598684787750102e+01
1.000622547443389180e+03 1.000000000249269988e+03 1.132487504676682590e+02 2.828041850328445506e+01
1.000000000719495233e+03 1.000000000229011448e+03 1.175856472512202209e-06 2.940851320028304983e+01
1.105000008885435136e+03 1.100000004288760920e+03 2.179449268612112078e+01 2.937859770059585429e+01
1.200168486951417890e+03 1.200080948985154237e+03 1.979708942398809846e-01 2.946400375366210866e+01
1.340743908636065271e+03 1.302119313186583213e+03 4.839196718151646337e+01 2.945570064783096242e+01
1.400000042802020744e+03 1.400000023118691388e+03 6.117313417018522127e-05 2.845668644905090261e+01
