-1.400000000000000000e+03 -1.400000000000000000e+03 0.000000000000000000e+00 2.215403355360031057e+01
4.786863337208433222e+03 4.401071774966854719e+03 4.729380023527580306e+03 2.239415040016174174e+01
-1.200000000000000000e+03 -1.200000000000000000e+03 0.000000000000000000e+00 2.217580044269561768e+01
-1.100000000000000000e+03 -1.100000000000000000e+03 0.000000000000000000e+00 2.222744175195693828e+01
-9.999999999999793090e+02 -9.999999999999834017e+02 2.026934614358121462e-11 2.222594640254974507e+01
-8.999999999999433840e+02 -8.999999999999961346e+02 1.889988303127635585e-10 2.231408190727233887e+01
-7.999942240667509168e+02 -7.999998708677885588e+02 2.114977326702969021e-02 2.224658659696579122e+01
-6.909993124963737046e+02 -7.000000000000000000e+02 9.950634608800367431e+00 2.221671149730682515e+01
-5.997381869098073821e+02 -5.999950924036248807e+02 3.603764659533715831e-01 2.279630094766616821e+01
-4.998771907483557584e+02 -4.999506815673747724e+02 1.917715508960097237e-01 2.219291189908981465e+01
-3.996517643300173859e+02 -4.000000000000000000e+02 5.693913456781057869e-01 2.228147240877151347e+01
-2.981095787990865915e+02 -2.990050409429067031e+02 1.538167517303894005e+00 2.227977485656738210e+01
-1.980696903856288031e+02 -1.979770634917204291e+02 1.366808108882072714e+00 2.226732469797134328e+01
-9.813697402799293457e+01 -9.968782674401859367e+01 4.968655630162292169e+00 2.219379104375839162e+01
1.645946480831160272e+02 1.377869669848551553e+02 6.001824373134488155e+01 2.219372495412826396e+01
2.001720818658768621e+02 2.000050908705046027e+02 3.676995307946330227e-01 2.244440404176712178e+01
3.017198042259484509e+02 3.020386119081171614e+02 8.382496063232749428e-01 2.222694010734558034e+01
4.021534305384949448e+02 4.021869473753238822e+02 1.633602433164896173e+00 2.226939840316772390e+01
5.000313818473662764e+02 5.000197293441220268e+02 4.610893073772431155e-02 2.219981909990310598e+01
6.000391221042037841e+02 6.000194318197550274e+02 9.675011268428791722e-02 2.218739289045333862e+01
7.400000000000000000e+02 7.000000000000000000e+02 4.898979485566356118e+01 2.231726564168929983e+01
8.200000000000000000e+02 8.000000000000000000e+02 5.099019513592784847e+01 2.230515179634094380e+01
1.036620839108389646e+03 1.014331409085894279e+03 9.615820490858301639e+01 2.228360484838485789e+01
1.025488608190062678e+03 1.018952181840667890e+03 2.569025620855507697e+01 2.291207060813903951e+01
1.138534855463150734e+03 1.100000000000000000e+03 4.810174428300750549e+01 2.291983350515365458e+01
1.210044969123968258e+03 1.200675870639359346e+03 1.339217730407998808e+01 2.294509160518646240e+01
1.367570968307937846e+03 1.330340430107690736e+03 6.861581881369868086e+01 2.294983069896698069e+01
1.435000000000000000e+03 1.400000000000000000e+03 4.769696007084728251e+01 2.240674630403518819e+01
