-1.400000000000000000e+03 -1.400000000000000000e+03 0.000000000000000000e+00 1.819437642574310416e+02
1.202832994047180546e+05 8.977401980528907734e+04 9.225093684401997598e+04 1.816614779949188119e+02
8.989109234965596348e+06 8.987530963190039620e+05 1.997297336481381953e+07 1.810244300961494446e+02
4.986901780445083205e+03 3.385511331429657730e+03 5.970004530554636403e+03 1.823673590540885812e+02
-9.999999995075604602e+02 -9.999999998513208084e+02 8.664506844942960548e-07 1.801030763387680054e+02
-8.911451784406033312e+02 -8.901875600355467668e+02 2.873312149176437735e+00 1.796233865499496574e+02
-7.800376454116144487e+02 -7.802551613855562209e+02 1.617739959027236196e+01 1.821027586936950797e+02
-6.796631981996965806e+02 -6.796574809281328271e+02 9.474768529875046696e-02 1.789453317999839896e+02
-5.954131766572629658e+02 -5.953909850011823437e+02 1.859417474804211157e+00 1.987686104059219474e+02
-4.995338291748487904e+02 -4.996850457702704489e+02 4.748582568139313453e-01 1.807284440040588436e+02
-3.977613421215402241e+02 -3.980100818858134062e+02 1.084231495707549175e+00 1.829106932520866451e+02
-2.721154028793179123e+02 -2.718221534887784401e+02 1.157430857541250901e+01 1.828401898503303471e+02
-1.583418288027444873e+02 -1.612488099458694819e+02 1.086702946790478741e+01 1.788499342441558895e+02
4.684948466608293671e+01 5.818721047268718394e+01 1.029920507227650432e+02 1.820213922500610408e+02
1.254662081652556935e+03 1.270507287587086921e+03 2.369037116707245332e+02 1.806769690394401664e+02
2.004313468973944623e+02 2.004144471922710125e+02 2.183806632915367141e-01 1.874644110918044930e+02
3.105581429093583665e+02 3.113091361940964816e+02 3.139521005083321548e+00 1.813542095541953927e+02
4.345984943437292713e+02 4.318563225532924434e+02 1.088213859425829710e+01 1.809922924995422306e+02
5.006097502823810146e+02 5.006064549567299764e+02 1.721707007179966165e-01 1.802364454030990544e+02
6.032716808641682746e+02 6.033261571655407351e+02 5.361852763422820800e-01 1.811659852981567269e+02
1.000000000067199153e+03 1.000000000039784595e+03 6.704112063035703215e-08 1.820147951483726558e+02
1.022122846674309812e+03 9.763039301321317680e+02 1.169380763706441968e+02 1.830495316505432015e+02
2.030353639416412989e+03 1.998974454162339953e+03 3.704462149744635440e+02 1.829987945914268437e+02
1.215860815510465272e+03 1.216065725130394185e+03 4.128599191721376904e+00 2.002369342565536385e+02
1.316263195732662552e+03 1.316265963106994604e+03 3.546560395130508692e+00 2.003038083434104806e+02
1.401011546532313560e+03 1.400024661800245440e+03 6.652240449749541540e+01 2.020542894005775452e+02
1.845106329750994291e+03 1.842428861839450519e+03 4.021233139463141981e+01 2.009638419508933964e+02
1.716279918952371645e+03 1.700000000135104074e+03 7.096251955462994943e+01 1.846846597433090267e+02
