-1.399999984620812484e+03 -1.399999986553104236e+03 1.112533504565074491e-05 6.004533770084380961e+01
-7.003517545051938669e+02 -1.245172517386394475e+03 1.086561417713098535e+03 6.019675309658050821e+01
-1.199996767000091722e+03 -1.199999421589633130e+03 4.408292243871722582e-03 6.001907620429992818e+01
-1.099990540249031483e+03 -1.099997718303657166e+03 2.358167323358389619e-02 6.006031670570373393e+01
-9.999985933461018703e+02 -9.999991364170346060e+02 1.497852088006166845e-03 6.006105185747146891e+01
-8.999999994429020944e+02 -8.999999996673241185e+02 5.271057272335210783e-07 6.004692425727844096e+01
-7.999848295790745851e+02 -7.999855700874524018e+02 9.417507001377820042e-03 6.012894635200500204e+01
-6.989712971950251585e+02 -6.999794865650609381e+02 4.352510712021782524e+00 6.010946364402771280e+01
-5.998878197785991233e+02 -5.999823712354959753e+02 2.393152112179791069e-01 6.090631004571914531e+01
-4.999908272908775189e+02 -4.999907149180831993e+02 7.871115511234096432e-03 6.012109265327453755e+01
-3.999999240197576000e+02 -3.999999626297797022e+02 1.080436014711334738e-04 6.019926315546035767e+01
-2.999998061435966292e+02 -2.999998970930398059e+02 3.092878020986781617e-04 6.019672725200653218e+01
-1.999999316220007302e+02 -1.999999794241355744e+02 9.288847804213816450e-05 6.021394494771957540e+01
-9.996744657170475534e+01 -9.999933106242525582e+01 9.363150001855133353e-02 6.013632904291152670e+01
1.010734688922473339e+02 1.003122456970590406e+02 3.676264414409683212e+00 6.013879239559173584e+01
2.001376359471247781e+02 2.001040773533199513e+02 1.054358353718106850e-01 6.032196279764175273e+01
3.004068403848573325e+02 3.000024121949538198e+02 8.081375641939346766e-01 6.015679874420165874e+01
4.007251308820470399e+02 4.000100232267167257e+02 9.763557221709723288e-01 6.015258810520172261e+01
5.000000000110204610e+02 5.000000000002367528e+02 1.946537207246490153e-08 6.006057274341583252e+01
6.000078317422554619e+02 6.000001989584268358e+02 9.471860638044280953e-03 6.007919560670852377e+01
7.001702453908540065e+02 7.001246245101414161e+02 1.984511833254217483e-01 6.025570700168609761e+01
8.000084936665164150e+02 8.000063906733116710e+02 5.175197927628391939e-03 6.026713024377822592e+01
9.200235262852891083e+02 9.000178155018239750e+02 4.000653630687583018e+01 6.027010533809662007e+01
1.000003381652110647e+03 1.000003238890044713e+03 1.511272262166782126e-03 6.105769000053405904e+01
1.100020018641186653e+03 1.100012518503123374e+03 1.977866709047240018e-02 6.106514595746993734e+01
1.200104384134287557e+03 1.200002706082381337e+03 1.690909483193858698e-01 6.113875650167464926e+01
1.331075975321135502e+03 1.301706971331206660e+03 4.513185034213694280e+01 6.111316579580307007e+01
1.400081513141232335e+03 1.400076740312869333e+03 5.041165126329636564e-02 6.036298630237579488e+01
