-1.399779944791167964e+03 -1.399901661274626804e+03 2.414560096853183846e-01 5.237878865003585815e+01
-6.121540478623032868e+02 -7.286639012908418636e+02 5.058063239675294653e+02 5.253906325101852559e+01
-1.184541592250220447e+03 -1.196293935339760537e+03 3.294191850567839452e+01 5.210885584354400635e+01
-1.083886548576856740e+03 -1.097944081497279967e+03 3.986529073113909760e+01 5.222360324859619141e+01
-9.997202503164664904e+02 -9.997970674116185137e+02 2.296437283814657948e-01 5.248045034408569620e+01
-8.999985601423165917e+02 -8.999989588030441610e+02 1.173231298109905308e-03 5.240976970195769979e+01
-7.990759255620689601e+02 -7.992409679857107676e+02 4.566787524741126036e-01 5.256200644969940328e+01
-6.973981066778076183e+02 -6.973512950341169017e+02 1.224249107853046636e+00 5.253086349964141988e+01
-5.998253858021926135e+02 -5.998275953612557032e+02 5.752454799485948872e-02 5.337018680572509766e+01
-4.996141300649660479e+02 -4.996557028109819498e+02 1.983375931513032542e-01 5.252787415981292440e+01
-3.997617727847280094e+02 -3.998278948520226095e+02 2.256354926965211671e-01 5.260911545753479146e+01
-2.995741907145582559e+02 -2.997438887478097058e+02 3.819186256436227778e-01 5.257532479763030864e+01
-1.995115015640117804e+02 -1.996767431668477002e+02 5.843876875555346073e-01 5.263979599475860738e+01
-9.810404376476240884e+01 -9.873000317228547829e+01 1.543662768028004617e+00 5.252435184717178629e+01
1.037069988077131910e+02 1.015584702314797028e+02 4.442883099713194284e+00 5.256636425256728984e+01
2.003235124406130012e+02 2.002933038368670395e+02 2.087212167822565245e-01 5.269902695417404459e+01
3.010000784318837646e+02 3.009969421093599635e+02 5.428291820476502938e-01 5.254191495180130289e+01
4.013452540430347426e+02 4.014163670573615832e+02 5.450363642787326990e-01 5.262049685716628744e+01
5.000305829924680552e+02 5.000226166850974323e+02 3.197550547949836591e-02 5.246268094778061197e+01
6.000216540914303778e+02 6.000201588020447616e+02 4.064578944615213421e-03 5.251189270019531108e+01
7.120244445685885921e+02 7.100738591811573315e+02 6.957953334072939811e+00 5.267988774776458882e+01
8.066721037296299528e+02 8.042840190456654454e+02 5.030250306878950362e+00 5.265181250572204874e+01
9.117728784805187843e+02 9.093574116730478636e+02 8.241558652029347343e+00 5.269171600341796591e+01
1.002662539470298725e+03 1.001942024379222858e+03 2.413662408308206775e+00 5.353140195608138896e+01
1.105610611288372411e+03 1.104546881657119911e+03 5.182685292258759624e+00 5.350997049808502481e+01
1.200885627753522613e+03 1.200645945562620682e+03 6.883861084111397854e-01 5.357809699773788736e+01
1.344313240457614029e+03 1.341504237800198098e+03 1.973810645672698172e+01 5.355467660427093790e+01
1.406245841583981473e+03 1.405999191727838024e+03 2.913173055429806091e+00 5.286437214612961100e+01
