-1.399999999999999773e+03 -1.399999999999999773e+03 7.190186943645083856e-14 6.956013953566550754e+02
2.886591918624283280e+06 2.433134836659222376e+06 1.739331940031077480e+06 7.013451039075850986e+02
8.865964142141443491e+08 1.726611789187790751e+08 1.442653605244895935e+09 7.022848706960678555e+02
3.387316718137460703e+04 3.600291931604026468e+04 1.728731579212996076e+04 6.982607757925986789e+02
-9.999999999998447038e+02 -9.999999999998632347e+02 4.746193330208450623e-11 7.053995964407920383e+02
-8.689267768996654695e+02 -8.843910628693486160e+02 2.488838709525962400e+01 6.957596086502074968e+02
-6.311053050771407698e+02 -6.258723452476760940e+02 4.389719652764942026e+01 7.173699221968651045e+02
-6.790497031308107125e+02 -6.790560353565505238e+02 6.150001314747232523e-02 6.706127956986426852e+02
-5.673910484795726461e+02 -5.675765160159585321e+02 4.148397594263024679e+00 8.669725453972816922e+02
-4.997899058891759410e+02 -4.997893186817842661e+02 1.002799140503653208e-01 7.194385222077369235e+02
-3.989552929900521008e+02 -3.990050409429067031e+02 1.018315198130391952e+00 7.047863742589950107e+02
-5.019459673149603418e+01 -4.106219864324390301e+01 6.938501252175446155e+01 6.859691343545913469e+02
1.420582783196533398e+02 1.139231409437977049e+02 9.089068214173155980e+01 6.571072454452514648e+02
1.343573813358231632e+02 9.901143805919309671e+01 1.381018704465380722e+02 6.937007981538772583e+02
4.848190603006864876e+03 4.787110862012050347e+03 5.136192967523491006e+02 6.964582157969474565e+02
2.012633963574725726e+02 2.012478923733802390e+02 4.376452068524204209e-01 7.453181131005287625e+02
3.311884765758034064e+02 3.310619648801285280e+02 3.364177463454660066e-01 6.877182775974273454e+02
6.354331010735417067e+02 6.240198206859781749e+02 6.792337128474959229e+01 7.053089313983916782e+02
5.015306654370515389e+02 5.014949330953076014e+02 3.114459589936740547e-01 6.995719676017761230e+02
6.148019418386251118e+02 6.150000000000000000e+02 2.425901473212850046e-01 7.007587403893470537e+02
1.020788441627382099e+03 1.000000000000000227e+03 7.868348563180846611e+01 7.013515629053115390e+02
1.069971531040984246e+03 1.069910298067376971e+03 1.277167114482615062e+02 6.989329631924629211e+02
6.843780118005003715e+03 6.825600457340493449e+03 7.597503805951886307e+02 7.159937009453773271e+02
1.298202002505700193e+03 1.297372155128073018e+03 6.345625037589623929e+00 8.785959404587745212e+02
1.410686488694931086e+03 1.412119236897123756e+03 1.095752883769442221e+01 8.793154074549674988e+02
1.558269724642138044e+03 1.584476622753772517e+03 6.700420203888361925e+01 8.851443516969681014e+02
2.492020794095223664e+03 2.458399070956499600e+03 8.243099456527392022e+01 8.838267683506012418e+02
2.081944139883057687e+03 1.700000000000000455e+03 6.649666738226578673e+02 7.340881044030189742e+02
