-1.400000000000000000e+03 -1.400000000000000000e+03 0.000000000000000000e+00 2.860624965429305888e+01
5.337896215356116045e+03 6.338646448200853229e+03 4.252544950075340239e+03 2.885796060562133647e+01
-1.200000000000000000e+03 -1.200000000000000000e+03 0.000000000000000000e+00 2.854102225303649831e+01
-1.100000000000000000e+03 -1.100000000000000000e+03 0.000000000000000000e+00 2.862148975133895945e+01
-9.999999999999783995e+02 -9.999999999999919282e+02 2.853426390663691258e-11 2.869398950338363719e+01
-8.999999999999988631e+02 -8.999999999999997726e+02 1.604153105805111289e-12 2.870952479839325022e+01
-7.996826280904574560e+02 -8.000000000000000000e+02 1.372323570699411022e+00 2.869982849359512400e+01
-6.860008263024442385e+02 -6.799998962912967500e+02 9.164613398079811901e+00 2.863297709226608134e+01
-5.996462531546596892e+02 -5.998686252205390019e+02 3.690467188289731082e-01 2.947552989721298289e+01
-4.998780542761595029e+02 -4.999506815673747724e+02 1.639638283764025817e-01 2.868582805395126201e+01
-3.999502520471453408e+02 -4.000000000000000000e+02 2.168462991415098240e-01 2.875507520437240672e+01
-2.987065539814516342e+02 -2.990050409429067031e+02 1.445259934082345987e+00 2.881295744180679463e+01
-1.989167380075376172e+02 -2.000000000000000000e+02 1.230745600343776891e+00 2.877790615558624410e+01
-9.899044370000112281e+01 -9.984391337200929684e+01 3.618577980160608831e+00 2.869143959283828593e+01
1.487551681027888435e+02 1.170693934401635943e+02 6.585742120130720423e+01 2.863102954626083374e+01
2.003023739530331682e+02 2.000000000000057412e+02 6.226452410306075880e-01 2.896375305652618337e+01
3.013745500780394195e+02 3.020225124902920015e+02 9.949893429546310397e-01 2.873213500976562429e+01
4.020609757630487024e+02 4.021071973517364313e+02 7.679124971341333428e-01 2.873518124818802022e+01
5.000234230225908618e+02 5.000049602170772687e+02 4.442568363294915890e-02 2.864289799928665303e+01
6.000220186798379700e+02 6.000194318197550274e+02 1.877836945766698032e-02 2.866874710321426534e+01
7.600000000000000000e+02 8.000000000000000000e+02 4.898979485566356118e+01 2.882314414978027273e+01
8.390221753877915489e+02 8.000000000000000000e+02 8.886389573216786175e+01 2.880319684743881226e+01
1.040675986721468689e+03 1.005320053078421211e+03 1.093069647248540690e+02 2.877992265224456858e+01
1.007323809504053543e+03 1.000000000000000000e+03 1.248805002317363311e+01 2.963542289733886648e+01
1.115208023157765183e+03 1.100000000000000000e+03 3.621030427750135061e+01 2.965094970464706492e+01
1.202034840408322907e+03 1.200435134724740237e+03 7.216089479301557752e+00 2.975557734966277934e+01
1.356612269903821471e+03 1.358744694753104795e+03 5.250696619587365888e+01 2.971716939210891795e+01
1.415000000000000000e+03 1.400000000000000000e+03 3.570714214271424680e+01 3.030374799966812205e+01
