-1.400000000000000000e+03 -1.400000000000000000e+03 0.000000000000000000e+00 2.383526990413665914e+01
1.077323666293802262e+03 -1.501826311545208910e+02 3.024084008183424885e+03 2.418153115510940410e+01
-1.200000000000000000e+03 -1.200000000000000000e+03 0.000000000000000000e+00 2.392209539413452291e+01
-1.100000000000000000e+03 -1.100000000000000000e+03 0.000000000000000000e+00 2.394244999885559011e+01
-9.999999991583674728e+02 -9.999999999754152213e+02 1.761628732795897395e-06 2.404968219995498657e+01
-9.000000000000000000e+02 -9.000000000000000000e+02 1.108082226984261449e-13 2.396746630668640066e+01
-7.999999999999990905e+02 -8.000000000000000000e+02 4.187705245236076031e-12 2.410579459667205882e+01
-6.979998896862516631e+02 -7.000000000000000000e+02 6.000330950741090241e+00 2.405038244724273611e+01
-6.000000000000000000e+02 -6.000000000000000000e+02 0.000000000000000000e+00 2.471809960603713918e+01
-4.999840950641341806e+02 -4.999901353279390150e+02 1.857623533104989233e-02 2.400639475584030080e+01
-3.999502520471453408e+02 -4.000000000000000000e+02 2.168462991415098517e-01 2.401726160049438619e+01
-2.998010081885813065e+02 -3.000000000000000000e+02 3.979836228373188067e-01 2.403007709980010986e+01
-1.995987145377534375e+02 -2.000000000000000000e+02 8.026727982149355345e-01 2.407505364418029714e+01
-9.984391337200929684e+01 -1.000000000000000000e+02 2.094121863395602412e-01 2.399363330602646016e+01
1.052769046600397758e+02 1.004682598839721095e+02 7.621147883693597080e+00 2.400205794572830342e+01
2.000002309577177755e+02 2.000000000000014779e+02 6.928730447346833970e-04 2.425257035493850566e+01
3.017911908202087830e+02 3.020196068559067726e+02 6.425037022681854282e-01 2.399506595134734965e+01
4.019238603167563042e+02 4.020948301938034888e+02 5.772307197709312110e-01 2.397159354686737132e+01
5.000039458688244736e+02 5.000000000000000000e+02 7.891737648810704178e-03 2.384307370185852193e+01
6.000165170467919324e+02 6.000194318197550274e+02 6.938547500843657984e-03 2.392635074853897237e+01
7.350000000000001137e+02 7.000000000000000000e+02 4.769696007084734646e+01 2.415443739891052388e+01
8.204003800030399134e+02 8.000000000000000000e+02 5.241357247778678641e+01 2.416216639280319356e+01
9.864444207949243264e+02 9.787674180376495769e+02 9.542361228084662628e+01 2.410552654266357564e+01
1.001254235398932337e+03 1.000000000000000000e+03 4.134453383938470061e+00 2.482532454729080129e+01
1.110000000000000227e+03 1.100000000000000000e+03 2.999999999999993960e+01 2.482696305513382029e+01
1.200190829948117198e+03 1.200000000000000000e+03 2.940272858859904193e-01 2.483416285514831401e+01
1.368197207988554737e+03 1.400000000000000000e+03 4.796079861813516487e+01 2.484747105836868286e+01
1.405000000000016598e+03 1.400000000000000000e+03 2.179449471769953561e+01 2.452788330316543508e+01
