-1.400000000000000000e+03 -1.400000000000000000e+03 0.000000000000000000e+00 2.544592393040657043e+02
2.246539745952922967e+05 2.256784682965486136e+05 1.274303582151959999e+05 2.584680895447730791e+02
1.254020902371340692e+08 1.036169253933687694e+07 3.419928205858997703e+08 2.576723662495613212e+02
1.607823731381074504e+04 1.066667946124635455e+04 1.104889415381471736e+04 2.574325935006141890e+02
-9.999999999999602096e+02 -9.999999999999722604e+02 2.939821603603857992e-11 2.578337580084800607e+02
-8.864738742477169353e+02 -8.901874157839426971e+02 1.440278800439531715e+01 2.563562979459762801e+02
-7.194701978421824151e+02 -7.246296872483003426e+02 3.250774732237082532e+01 2.591688374519347917e+02
-6.795904726756450600e+02 -6.795924739144509203e+02 8.962844666780403480e-02 2.528436444044113216e+02
-5.928537469339948984e+02 -5.926759516979891487e+02 1.462489465128295141e+00 2.839644209027290458e+02
-4.984848161915803644e+02 -4.987391539821337005e+02 1.087152410912842981e+00 2.584508635520934945e+02
-3.997015122828719882e+02 -4.000000000000000000e+02 8.954631513839671486e-01 2.579517738580703963e+02
-2.570459734626568888e+02 -2.577143890992856541e+02 1.371125255487945793e+01 2.581371645092964400e+02
-1.442590072172833402e+02 -1.441614166997079280e+02 1.883086529353791150e+01 2.505191572904586792e+02
-4.265350738610377590e+01 -7.808172886026204651e+01 7.270768075604352987e+01 2.556576159954070988e+02
1.374626763694666124e+03 1.423389843911716298e+03 3.179508039860110102e+02 2.550468739986419564e+02
2.007370421940832159e+02 2.007312674883657166e+02 2.867770382674976748e-01 2.656538046479225272e+02
3.089132567320572207e+02 3.103589120247238498e+02 3.642619927884099162e+00 2.564381306529045332e+02
4.373433828929062770e+02 4.366867181162780298e+02 1.136996563312333741e+01 2.578380725979804993e+02
5.004113642676394988e+02 5.004576500892372906e+02 2.471224047364622978e-01 2.567757703065872192e+02
6.034300570252437410e+02 6.033992587144709887e+02 6.400488250758337161e-01 2.578701485991477966e+02
9.850000000000000000e+02 1.000000000000000000e+03 6.538348415311010342e+01 2.576737578511238098e+02
9.877881684791540238e+02 9.537830432583970151e+02 9.720363296051735347e+01 2.579110606551170122e+02
2.413997032570070587e+03 2.513320348452800772e+03 4.254363618316043585e+02 2.588282477974891549e+02
1.222946164028449402e+03 1.222233215454974925e+03 3.580787857042971201e+00 2.857156957983970642e+02
1.321189762053557388e+03 1.322088347554599750e+03 4.937979643727103962e+00 2.854969027519226188e+02
1.430212108816443560e+03 1.400036980864778343e+03 6.185438721194987011e+01 2.872061255574226379e+02
1.879379600060134180e+03 1.886240333737960327e+03 4.504327369910586043e+01 2.866526793003082503e+02
1.765773914017910329e+03 1.700000000000000000e+03 1.642175813508277997e+02 2.622493690490722429e+02
