-1.399999755090842882e+03 -1.399999835184733001e+03 2.224722060391234868e-04 6.094421520233154155e+01
-3.428404508974480223e+02 -1.032308337324754575e+03 1.897023204893167531e+03 6.101161494255065776e+01
-1.199935026941185470e+03 -1.199983438270852048e+03 9.912382033740659015e-02 6.081307014226913310e+01
-1.099771070715053384e+03 -1.099965353973883794e+03 5.924012199895952735e-01 6.089897810220718100e+01
-9.999973539065852037e+02 -9.999984633355344386e+02 2.336317603395570569e-03 6.098117340803146647e+01
-8.999999988619678106e+02 -8.999999992760116356e+02 1.054936317269081168e-06 6.092751289606094645e+01
-7.999683215345073677e+02 -7.999737201386212746e+02 2.043617763725006503e-02 6.105945135354996012e+01
-6.959479652219216632e+02 -6.999387800582371710e+02 7.974588754667112589e+00 6.099494709968566752e+01
-5.997879539701408476e+02 -5.999713623131139002e+02 3.227443671741142550e-01 6.174694045782089091e+01
-4.999845448353879647e+02 -4.999882103193663170e+02 1.016948896995894559e-02 6.100392705202102661e+01
-3.999996263579071751e+02 -3.999997218112573023e+02 3.658747014225984169e-04 6.108973735570907593e+01
-2.999995101090809158e+02 -2.999998354868405954e+02 7.187728873127902009e-04 6.112180839776992514e+01
-1.999997034995988940e+02 -1.999997317154040957e+02 2.621573877344370094e-04 6.110712610483169271e+01
-9.988638358173662368e+01 -9.997682627669087196e+01 1.397674359353394125e-01 6.099471529722213603e+01
1.010983571367129059e+02 1.003141546736171676e+02 3.709640765385200822e+00 6.102411215305328085e+01
2.002449531854060751e+02 2.002697866476868569e+02 1.598102970789903599e-01 6.120746384859084799e+01
3.008243327301683507e+02 3.000227019257383745e+02 9.921969084568890151e-01 6.101303734779357768e+01
4.008492933134209011e+02 4.001231222175313178e+02 9.822836665917746846e-01 6.105148105621337606e+01
5.000000000243560976e+02 5.000000000044926196e+02 8.011920086892795669e-08 6.094273650646209717e+01
6.000030858339922588e+02 6.000004304955763246e+02 5.791066918595619804e-03 6.101197264194488667e+01
7.003048486851985217e+02 7.002793578479074768e+02 1.529352259240091272e-01 6.114367079734802246e+01
8.000520688715986353e+02 8.000430817786869966e+02 3.609939986156760622e-02 6.116291979551315450e+01
9.241814568345523639e+02 9.000669444546329032e+02 6.637671904986012805e+01 6.111654959917068197e+01
1.000016030020515814e+03 1.000010190839271445e+03 1.526091174382170242e-02 6.195888425111770914e+01
1.100065885356128319e+03 1.100056043243884687e+03 4.607045572384353693e-02 6.196114259958267212e+01
1.200028720787030124e+03 1.200004730209004720e+03 3.529868202699794344e-02 6.202232909202575684e+01
1.346006137645385479e+03 1.303819926846992075e+03 4.885550442198601928e+01 6.199477409124374105e+01
1.400267192614832993e+03 1.400247510398532313e+03 1.480805067109436657e-01 6.133915765285492228e+01
