-1.400000000000000000e+03 -1.400000000000000000e+03 0.000000000000000000e+00 2.536851394057273978e+02
1.010684964780985465e+05 6.801733633243362419e+04 8.567004657921250327e+04 2.776642156958579903e+02
1.007760246679732343e+06 4.351464604257360043e+04 3.756604105050689541e+06 2.737950365543365479e+02
1.498848584206530722e+04 1.119693509079979231e+04 8.696510728812498201e+03 2.762165348410606498e+02
-9.999999835992514363e+02 -9.999999830787506880e+02 6.669379479524093839e-06 2.764758594393730391e+02
-8.911524886792070674e+02 -8.901875762768527238e+02 2.894758618950848295e+00 2.763720298409461975e+02
-7.911235236528669930e+02 -7.920936850101919617e+02 6.545731435663162401e+00 2.697019479513168108e+02
-6.796148769659845357e+02 -6.796251120213476042e+02 6.458836352237147527e-02 2.656781172037124747e+02
-5.949504812095418629e+02 -5.947879250955104453e+02 2.017687736966912393e+00 2.911326191425323486e+02
-4.997711724461234439e+02 -4.997842545512878587e+02 8.247438026210933415e-02 2.580501726508140337e+02
-3.946272271553116298e+02 -3.950252047145335155e+02 3.523318022209851907e+00 2.568392635583877563e+02
-2.887072240242283669e+02 -2.885579784001557755e+02 3.844129263441613098e+00 2.577560335040092241e+02
-1.719955717180374108e+02 -1.721979411614193509e+02 1.380113991713624522e+01 2.575549580931663627e+02
1.355324608252539349e+02 6.479195704277844925e+01 1.641057480743433530e+02 2.565415983438491594e+02
1.361017335554351121e+03 1.353656651610683411e+03 4.153177810556863960e+02 2.578646846890449638e+02
2.008338287780273390e+02 2.006602190879243324e+02 5.031389992713588555e-01 2.719928171992302168e+02
3.149246963236785177e+02 3.156107185054594879e+02 2.100978540654258264e+00 2.571635023474693185e+02
4.209201687641678404e+02 4.198516991973772292e+02 4.568699200922548442e+00 2.656599224567413557e+02
5.007225953200385220e+02 5.007772029631649389e+02 2.448840425267186371e-01 2.739203978061676139e+02
6.034608171493343889e+02 6.035057101048494133e+02 3.292235601387462629e-01 2.771180309534072990e+02
1.000000000000000227e+03 1.000000000000000114e+03 8.806144583576081053e-14 2.603098300933837663e+02
1.143219744431598883e+03 1.119337993302439372e+03 9.309848210625791864e+01 2.599663116574287187e+02
2.228899633929846459e+03 2.244728728862634853e+03 3.835973478640387384e+02 2.617020751476287614e+02
1.215103809264787287e+03 1.213588346361503227e+03 4.054996508282396661e+00 2.918240195035934335e+02
1.315755788481637865e+03 1.317316261174843476e+03 4.931175205206844936e+00 2.922187260031699907e+02
1.419482059164839029e+03 1.400025790870445235e+03 6.006873324711686024e+01 2.936150062918662798e+02
1.815322165140227298e+03 1.818509328236316833e+03 1.475152912737270938e+01 2.895650542020797502e+02
1.700000000000000455e+03 1.700000000000000455e+03 1.607774677692185771e-13 2.642246847510338057e+02
