-1.400000000000000000e+03 -1.400000000000000000e+03 0.000000000000000000e+00 6.774338400363922119e+01
1.968676733938435746e+03 -1.949368556557163288e+02 4.391570330794270376e+03 6.816099275350570963e+01
-1.200000000000000000e+03 -1.200000000000000000e+03 0.000000000000000000e+00 6.780502740144729046e+01
-1.100000000000000000e+03 -1.100000000000000000e+03 0.000000000000000000e+00 6.781502194404602335e+01
-9.999999999999803322e+02 -9.999999999999949978e+02 3.122684820782357899e-11 6.789340975284576984e+01
-8.999999999921544713e+02 -8.999999999997362465e+02 1.998910516041455542e-08 6.803613204956054972e+01
-7.974780491870994865e+02 -7.999990172096453307e+02 7.361146315660405115e+00 6.796714684963225750e+01
-6.879965258915242430e+02 -6.800000000000000000e+02 9.800798694581736470e+00 6.793494840860367390e+01
-5.996805791032652451e+02 -5.999643162631899713e+02 3.845424153102905973e-01 6.894203175306320475e+01
-4.996260104388064747e+02 -4.997250235015274029e+02 4.123432290424187685e-01 6.796133805513382242e+01
-3.993035286600347149e+02 -3.990050409429067031e+02 7.105428895562257985e-01 6.797038685083388998e+01
-2.977613433809949015e+02 -2.980100818858134062e+02 1.600460084118777493e+00 6.801935055255890461e+01
-1.967902701169708735e+02 -1.967861024750166337e+02 1.939136900628195104e+00 6.801164885759354206e+01
-9.635199136998122071e+01 -9.968782674401859367e+01 6.675595186716067886e+00 6.789880321025847820e+01
1.569509145116180946e+02 1.581923672735651394e+02 5.451347475936140796e+01 6.790964285135268597e+01
2.008293911112795627e+02 2.005457709841224982e+02 9.225680418976575092e-01 6.825597145557404133e+01
3.019910650708636695e+02 3.020482932285592597e+02 9.471221207617168680e-01 6.792108410596847534e+01
4.023251185838543051e+02 4.023591528521051259e+02 1.013243417684922321e+00 6.803580695390701294e+01
5.000382545464125315e+02 5.000197293441220268e+02 4.977801998635338065e-02 6.785066674947738363e+01
6.000548856101988804e+02 6.000194318197550274e+02 6.319311853550828306e-02 6.781624540090561482e+01
7.700000000000000000e+02 8.000000000000000000e+02 4.582575694955839651e+01 6.802061184644699665e+01
8.811418623898289297e+02 8.119064486507388665e+02 1.171762681747397039e+02 6.802389855384826944e+01
1.084928684256878569e+03 1.102314708900719552e+03 9.564159245433859269e+01 6.800159735679626749e+01
1.018343032840196088e+03 1.018804865168397214e+03 2.047436619268059488e+01 6.906364425420761677e+01
1.128852926650845120e+03 1.100000000000000000e+03 4.449270608553782580e+01 6.907983695268630697e+01
1.205829399665224628e+03 1.200435134724740237e+03 1.308177056173828134e+01 6.916646775007248493e+01
1.375170984428887550e+03 1.400000000000000000e+03 6.840476895605682728e+01 6.913801399469375042e+01
1.435000000000000000e+03 1.400000000000000000e+03 4.769696007084728251e+01 7.418577769994735149e+01
