-1.399999999250369910e+03 -1.399999999705491518e+03 8.136542044751602181e-07 2.149317455291748047e+01
-2.507070302823773886e+02 -1.021970479259267336e+03 1.544910055607242384e+03 2.158327969312667705e+01
-1.199997009312027785e+03 -1.199999512736021188e+03 4.552122485096247485e-03 2.151299819946289205e+01
-1.099995854265106345e+03 -1.099998398022900346e+03 6.799267195518517506e-03 2.155003020763397359e+01
-9.999997085367137970e+02 -9.999998084170085804e+02 2.650733347941253127e-04 2.152687439918518209e+01
-8.999999996290295030e+02 -8.999999999192311861e+02 7.687513953255030384e-07 2.148154464960098409e+01
-7.999852595934181636e+02 -7.999927719977447396e+02 2.137416720492901767e-02 2.158520230054855205e+01
-6.909960234887273600e+02 -6.999783600697218162e+02 9.946565464861203409e+00 2.158601034879684377e+01
-5.997538672579381682e+02 -5.999900466530500580e+02 3.664628277869756978e-01 2.210860660076141215e+01
-4.999869510027185129e+02 -4.999899273979318650e+02 8.410463101234522468e-03 2.155092214345932078e+01
-3.999999990163333337e+02 -3.999999993252590684e+02 1.051461292281421609e-06 2.161329965591430735e+01
-2.999999889244326141e+02 -2.999999942588854083e+02 1.767707925333837922e-05 2.160947694778442241e+01
-1.999999945239672456e+02 -1.999999971494081024e+02 6.179202405630651815e-06 2.161055619716644216e+01
-9.999997363125004313e+01 -9.999999498399040476e+01 3.938204046874219810e-05 2.156528279781341695e+01
1.106392774034258508e+02 1.003139249955914920e+02 2.063571740658489162e+01 2.156957579851150442e+01
2.001502488772859749e+02 2.001402927217698675e+02 9.852184865576697759e-02 2.173807095289230418e+01
3.013128956430733183e+02 3.020196539101394819e+02 9.633430152431158300e-01 2.157061514854431294e+01
4.014485719071421386e+02 4.020189023802820429e+02 9.048470723582549002e-01 2.157418774366378855e+01
5.000044407403295850e+02 5.000000000001299441e+02 1.187059463440310984e-02 2.149925435781478811e+01
6.000136030994921157e+02 6.000194318198706469e+02 8.903539915493263041e-03 2.153883950710296702e+01
7.150165537599657455e+02 7.000171427723117858e+02 3.570160833331177486e+01 2.164272274971008159e+01
8.000014022754322696e+02 8.000012699200468660e+02 9.993551787061789263e-04 2.164765980243682719e+01
9.644182704596562417e+02 9.000046115529444251e+02 8.712737493504921815e+01 2.164884940385818624e+01
1.000000663453858238e+03 1.000000510794718366e+03 4.625715692575541808e-04 2.218742479085922170e+01
1.100002254898553929e+03 1.100002059067332539e+03 1.241985953055842499e-03 2.220011545419692922e+01
1.200163092931694564e+03 1.200081207438418005e+03 1.813011357031235338e-01 2.224440164566039968e+01
1.311092744529222045e+03 1.301090657206334527e+03 2.964815095514584442e+01 2.223705905675888062e+01
1.400011271194936171e+03 1.400007514553479723e+03 8.695076035351743601e-03 2.170179694890975952e+01
