-1.400000000000000000e+03 -1.400000000000000000e+03 0.000000000000000000e+00 5.086311105489730977e+01
6.056919016508433742e+03 8.369291654952741737e+03 5.618477721329973065e+03 5.108811320066452311e+01
-1.200000000000000000e+03 -1.200000000000000000e+03 0.000000000000000000e+00 5.085432379245757772e+01
-1.100000000000000000e+03 -1.100000000000000000e+03 0.000000000000000000e+00 5.092269840240478374e+01
-9.999999999999748752e+02 -9.999999999999932925e+02 3.521709231593430392e-11 5.092258200645446919e+01
-8.999881338517027416e+02 -8.999999971944419030e+02 5.096979375791823447e-02 5.096875025033951090e+01
-7.981139957210656348e+02 -7.999947155684556037e+02 4.684187732099269752e+00 5.097070770263671591e+01
-6.909982866613653414e+02 -7.000000000000000000e+02 9.951768969951350741e+00 5.095251420736313008e+01
-5.997234922847903817e+02 -5.999233643380426884e+02 3.310158901390549135e-01 5.177436034679412558e+01
-4.990452373872115572e+02 -4.999136964390351068e+02 2.731963895025551814e+00 5.096898130178451680e+01
-3.995025204714533515e+02 -4.000000000000000000e+02 5.886257162681508559e-01 5.105539239645004557e+01
-2.984578144690692625e+02 -2.990050409429067031e+02 1.556560587801246731e+00 5.105865910053253032e+01
-1.982037541038228312e+02 -1.979440450976274519e+02 1.411840622202561013e+00 5.104380160570144653e+01
-8.388482645834963591e+01 -9.953174011602789051e+01 3.207767078932629090e+01 5.091482609510421753e+01
1.593033218165014659e+02 1.252919169042640419e+02 7.516286036569971429e+01 5.092092180252075195e+01
2.008258940577348994e+02 2.005058139636228134e+02 8.745951284868473952e-01 5.116852030754089498e+01
3.016948483917606723e+02 3.020507274891747329e+02 8.156323983587155935e-01 5.098830070495605327e+01
4.029948779347105869e+02 4.024054089497591349e+02 1.410134079976730570e+00 5.100345470905303813e+01
5.000356273881968150e+02 5.000197293441220268e+02 3.791216879219436175e-02 5.098020520210265971e+01
6.000527873581600034e+02 6.000194318197550274e+02 7.398870127868811819e-02 5.096358464956283285e+01
7.750000000000000000e+02 8.000000000000000000e+02 4.330127018922193116e+01 5.106511269807815268e+01
8.775523233301094024e+02 8.709412118197727750e+02 8.977619695391193488e+01 5.106068954467773580e+01
1.097377901808183651e+03 1.102426491003920773e+03 7.976850025778911402e+01 5.102112364768981934e+01
1.028169805088713019e+03 1.018804985329954889e+03 3.020812306924936763e+01 5.196324775218963765e+01
1.158817536991149154e+03 1.185730515074945288e+03 4.742623841487977643e+01 5.196980265378952168e+01
1.214566455458580549e+03 1.200916606553978681e+03 1.887663425678911011e+01 5.205254690647124960e+01
1.375307857174270339e+03 1.400000000000000000e+03 5.498985403987497733e+01 5.201785444021224691e+01
1.450000000000000000e+03 1.450000000000000000e+03 5.000000000000000000e+01 5.148018649816513204e+01
