-1.399999999368774752e+03 -1.399999999632396793e+03 6.595297811626189207e-07 7.442776504755019573e+01
1.511705477249414571e+03 -2.366406087210834244e+02 3.694244366639890814e+03 7.453903529644011883e+01
-1.199990442463834825e+03 -1.199998636779726212e+03 1.663490889879566323e-02 7.447017689943314167e+01
-1.099981876854156326e+03 -1.099996484655328459e+03 3.851318533288702883e-02 7.450248360633850098e+01
-9.999997551463482068e+02 -9.999998164450714739e+02 2.642086808240644313e-04 7.446061010360718058e+01
-8.999999990272320929e+02 -8.999999995754012616e+02 9.842085666919710554e-07 7.438388520479202271e+01
-7.999817660876240097e+02 -7.999871273631504209e+02 1.937368123630671402e-02 7.455025619268417358e+01
-6.879905427587075337e+02 -6.799998701728443393e+02 9.787089356524861117e+00 7.455097465515136435e+01
-5.997409732665279307e+02 -5.999801588952724387e+02 3.525052455949491126e-01 7.543334834575652792e+01
-4.999770518588455843e+02 -4.999820534009043627e+02 2.010096907553491144e-02 7.445972744226455120e+01
-3.999999962621835152e+02 -3.999999991680547282e+02 7.178677201478332391e-06 7.457913819551467327e+01
-2.998507360247148767e+02 -2.999999798806740046e+02 3.552659412322123345e-01 7.460538829565048502e+01
-1.999999911679160505e+02 -1.999999959562283891e+02 1.143720450009174062e-05 7.460990879535674480e+01
-9.999994307749334155e+01 -9.999997176345527805e+01 7.624550996311042197e-05 7.452336494922637655e+01
1.073648112620853254e+02 1.006243625470223719e+02 1.361701289815354698e+01 7.456727519035339924e+01
2.002228911665603448e+02 2.001450436734031655e+02 1.654005207698862612e-01 7.483346309661865803e+01
3.016158630239937111e+02 3.020196321864022480e+02 8.077077938581056493e-01 7.451880840063094524e+01
4.013798130385310969e+02 4.020290594445941110e+02 9.440579801729712672e-01 7.454330735206603720e+01
5.000064156419269352e+02 5.000000000018491164e+02 1.259134011242876369e-02 7.439640785455704020e+01
6.000155509680100749e+02 6.000194318202595696e+02 7.761790412084337322e-03 7.446949340105057047e+01
7.250129822379223015e+02 7.000115935044041180e+02 4.329622126810368599e+01 7.469195829629897787e+01
8.150015618546325413e+02 8.000020518998234138e+02 3.570672225029658620e+01 7.467551194429397299e+01
1.053720944637721459e+03 1.015991846996289837e+03 1.230327250154581264e+02 7.465739430189132975e+01
1.000000612099553337e+03 1.000000434287758821e+03 4.854041172055007197e-04 7.559805835485458658e+01
1.110002392320797981e+03 1.100002169004162624e+03 2.999926498779960227e+01 7.561224550008773804e+01
1.200511402091973650e+03 1.200435199855914107e+03 9.145403970993315479e-01 7.569936025142669678e+01
1.322751145259350096e+03 1.302914461886478421e+03 4.001978243016709058e+01 7.565675420761108683e+01
1.420013290374258304e+03 1.400013095187663339e+03 3.999467380936371796e+01 7.477482039928436564e+01
