-1.399999861454200527e+03 -1.399999913287027539e+03 1.551450325162101354e-04 5.512228209972381876e+01
-1.091797802926337226e+03 -1.226368220144966017e+03 2.648178283880517370e+02 5.529760409593582438e+01
-1.197365403122693806e+03 -1.199487110852222486e+03 4.439420253607399225e+00 5.517156665325164511e+01
-1.096948269707385862e+03 -1.098968987845828906e+03 5.356554393346637077e+00 5.522020100355148031e+01
-9.999932623111862995e+02 -9.999954722266943463e+02 6.770185479947473869e-03 5.522234590053558634e+01
-8.999996661680061152e+02 -8.999998192885775552e+02 4.024164136979117064e-04 5.512041350603103496e+01
-7.998879145117437020e+02 -7.999677441390778085e+02 1.617161383400072538e-01 5.529058220386504985e+01
-6.972852710444018385e+02 -6.993755931982800575e+02 5.831527803912295305e+00 5.529081785678863525e+01
-5.997910723857315816e+02 -5.999441316595068656e+02 3.200957762072662582e-01 5.634225784540176107e+01
-4.998694228186692499e+02 -4.998796690738843154e+02 6.808542870764465460e-02 5.523855760097503520e+01
-3.999994945055341304e+02 -3.999998568790608147e+02 1.130727742308371229e-03 5.535756285190582560e+01
-2.999957166327305345e+02 -2.999988375280660193e+02 6.044685524697067207e-03 5.534202859401703023e+01
-1.999991273958119109e+02 -1.999995787333133137e+02 8.993592830784270927e-04 5.536158435344695761e+01
-9.999514106123315571e+01 -9.999733618690856929e+01 7.183549380722689497e-03 5.528323985338211344e+01
1.073629685221366969e+02 1.004466921706417679e+02 2.630567262295891240e+01 5.527454864978790283e+01
2.002564098127883767e+02 2.002632014510763270e+02 1.375909505225734186e-01 5.560086375474929810e+01
3.010189700882510238e+02 3.010256047243785815e+02 1.005043552070570945e+00 5.526183325052261353e+01
4.011068462119490050e+02 4.007608484486459588e+02 9.524592089968787478e-01 5.528062463998794840e+01
5.000041402458530797e+02 5.000000940146771882e+02 1.160847585210351279e-02 5.515303333997726298e+01
6.000158563249044619e+02 6.000194319811695323e+02 7.202101875882192111e-03 5.525517749786376953e+01
7.003186930973354265e+02 7.003040651862847881e+02 2.204507523964384652e-01 5.541534755229950093e+01
8.000376856571873532e+02 8.000281586540114631e+02 3.294785117442886740e-02 5.539877419471740438e+01
9.219526781097107460e+02 9.002910664863094325e+02 3.943626354081453655e+01 5.545022749900817871e+01
1.000358852482737916e+03 1.000028416839369356e+03 9.407326865563694351e-01 5.651617419719696045e+01
1.100938051069355879e+03 1.100062469383295593e+03 3.611475526337265318e+00 5.651281595230102539e+01
1.200165748703531335e+03 1.200101365704812679e+03 2.216562907448665909e-01 5.657005240917205668e+01
1.314885482686901469e+03 1.309728126123890434e+03 1.999661137409537659e+01 5.657626290321350382e+01
1.400185102348579676e+03 1.400189070987144078e+03 7.275304373863407392e-02 5.569378130435943319e+01
