-1.399999999460471827e+03 -1.399999999789592039e+03 8.006079062618291018e-07 6.270725959539413452e+01
3.180305216126600499e+03 2.273787616223170971e+03 4.186237251951906728e+03 6.284607260227203085e+01
-1.199988166826527504e+03 -1.199998906567326685e+03 2.771093382660613780e-02 6.278512660264969014e+01
-1.099990055572236315e+03 -1.099997056113850704e+03 1.493763788189310382e-02 6.278636215925216391e+01
-9.999996716648165602e+02 -9.999997866550254457e+02 3.526396344590295535e-04 6.279010004997253702e+01
-8.999884118519667027e+02 -8.999999983537238677e+02 3.419000001449176707e-02 6.271488590240478800e+01
-7.999885769175754149e+02 -7.999920853915007228e+02 1.058451236894202702e-02 6.285254859924316406e+01
-6.919942145565252076e+02 -6.999808205910082961e+02 9.794004006185922151e+00 6.284261889457702921e+01
-5.997133988081744747e+02 -5.999804626926427318e+02 3.770415206154585364e-01 6.379348435401916362e+01
-4.999612297888633066e+02 -4.999695544744954532e+02 3.101244016987820401e-02 6.277370320558547689e+01
-3.999999988484753430e+02 -3.999999993489411736e+02 1.421952518916978836e-06 6.290172660350799561e+01
-2.990546946592764925e+02 -2.990050309751492250e+02 5.865269996822571885e-01 6.290669984817505167e+01
-1.998560233564369923e+02 -1.999999944805782661e+02 6.275456535730242758e-01 6.291883629560470581e+01
-9.999998106527718278e+01 -9.999999345291126929e+01 3.268922463950521751e-05 6.284747660160064697e+01
1.309480046609979809e+02 1.086933064415226227e+02 4.408846379892644052e+01 6.284786285161972330e+01
2.002002129054627346e+02 2.001628128534894699e+02 1.329131191367250164e-01 6.314335900545120239e+01
3.017167864619094075e+02 3.020196316695895575e+02 7.211482481099044106e-01 6.283259085416793965e+01
4.017979202617659098e+02 4.020964948696097281e+02 7.128671484433892758e-01 6.284045515060424947e+01
5.000054645559040409e+02 5.000000000019342110e+02 7.995197475828108580e-03 6.275066499710082724e+01
6.000184602705407997e+02 6.000194318214226996e+02 4.234951864756918670e-03 6.279103670120239400e+01
7.500133395255221558e+02 7.500333184827262585e+02 4.998992815500697162e+01 6.301347180604934550e+01
8.200012256876514130e+02 8.000007725987435379e+02 5.999976648909031240e+01 6.298241920471191690e+01
1.009883974479171457e+03 1.000001191187459312e+03 1.127021626630954358e+02 6.300801709890365743e+01
1.002985579027741892e+03 1.000000496044803640e+03 6.700969652838232093e+00 6.393213390111922934e+01
1.115001216344629484e+03 1.100001188297389717e+03 3.570677198106587724e+01 6.393245040178298666e+01
1.200826782745483115e+03 1.200435402249789604e+03 1.213357121584830001e+00 6.401287045478821369e+01
1.337636870110282416e+03 1.303593579358416491e+03 4.699839480139839054e+01 6.399011160135269449e+01
1.430008635739821784e+03 1.400014728987187027e+03 4.582256338788872085e+01 6.319811919927597188e+01
