-1.400000000000000000e+03 -1.400000000000000000e+03 0.000000000000000000e+00 7.214117959737777142e+01
4.451256412008156076e+03 3.089398673209194840e+03 4.327865405563605236e+03 7.219804995059966757e+01
-1.200000000000000000e+03 -1.200000000000000000e+03 0.000000000000000000e+00 7.216134380102157309e+01
-1.100000000000000000e+03 -1.100000000000000000e+03 0.000000000000000000e+00 7.220977810621261028e+01
-9.999999999999517968e+02 -9.999999999999630518e+02 4.664950677453909133e-11 7.222069954872131348e+01
-8.999293678973572241e+02 -8.999960615242935091e+02 1.442140379511220594e-01 7.207766370773315145e+01
-7.946921972881286820e+02 -7.999979979656200157e+02 1.538000664340712120e+01 7.225177969932556721e+01
-6.899965786809989368e+02 -6.899739370621900889e+02 9.998207583799409548e+00 7.217351509332657145e+01
-5.995570393211467035e+02 -5.994848441756516877e+02 3.875390865444829913e-01 7.307111585140228271e+01
-4.994996221752436441e+02 -4.996966638021492031e+02 6.046218669920525590e-01 7.216362805366516397e+01
-4.000000000000000000e+02 -4.000000000000000000e+02 0.000000000000000000e+00 7.235983915328979776e+01
-2.983583180595780391e+02 -2.990050409429067031e+02 1.102339702730812387e+00 7.234182000160217285e+01
-1.987014478395672086e+02 -1.990050409429067031e+02 1.349574312117881147e+00 7.235666065216064169e+01
-9.521174700151561865e+01 -9.984391337200929684e+01 1.332013803629987336e+01 7.217578555345535563e+01
1.841550184460023445e+02 1.585045405295466026e+02 7.281793817893492360e+01 7.216220339536667439e+01
2.010186980285542688e+02 2.009597958856026878e+02 7.305241437801742732e-01 7.251957179307937906e+01
3.014248178846738710e+02 3.020211382353943463e+02 9.296206437079389540e-01 7.223182815313339233e+01
4.020273735862174931e+02 4.022117339398130298e+02 7.863775881882441032e-01 7.223240804672241211e+01
5.000335931913228933e+02 5.000197293441249258e+02 3.876526848937199982e-02 7.215122270584106445e+01
6.001099173160921509e+02 6.000194318197550274e+02 2.028046147831600310e-01 7.230068329572677044e+01
7.900000000001781473e+02 8.000000000000190994e+02 2.999999999989514521e+01 7.234617589712142660e+01
8.253042521373470208e+02 8.000000000000200089e+02 5.448570321348145740e+01 7.234184365272521688e+01
1.106993858861568924e+03 1.182490187298220917e+03 1.126577239301991966e+02 7.237017030715942667e+01
1.033270003415407245e+03 1.018952295608366740e+03 3.877691422025518619e+01 7.323121575117110638e+01
1.142828713233046983e+03 1.116659499776270877e+03 4.770181863029033309e+01 7.323069540262221722e+01
1.213768576522565809e+03 1.200675870639359346e+03 2.399015055539566532e+01 7.330984089374541668e+01
1.405368175850361695e+03 1.410657301717181781e+03 3.533595899740781476e+01 7.327512639760971069e+01
1.450000000000123464e+03 1.450000000000422006e+03 4.999999999994410871e+01 7.242959570884704590e+01
