-1.399999999999996362e+03 -1.399999999999999773e+03 1.148507176158039514e-11 3.796548274755478047e+01
6.376796257165499355e+02 -2.545847635298904379e+02 2.405507514714626268e+03 3.817332470417022705e+01
-1.199999999999955662e+03 -1.199999999999994316e+03 1.020271692554427657e-10 3.798095924854278849e+01
-1.099999999999852207e+03 -1.099999999999954525e+03 2.700526246211436512e-10 3.801895660161972046e+01
-9.999999978026874032e+02 -9.999999992013017618e+02 2.941639417298362775e-06 3.807252775430679037e+01
-8.999999999999996589e+02 -8.999999999999998863e+02 6.994281836919992719e-13 3.795906020402908609e+01
-7.999999914347542926e+02 -7.999999965670750726e+02 9.797391169031786649e-06 3.810016964673995687e+01
-6.959999101140058428e+02 -6.999999895526253795e+02 8.000153731383127464e+00 3.808672325611114218e+01
-5.998372159486873443e+02 -5.999999384841141818e+02 3.291727396726480404e-01 3.883486130237579204e+01
-4.999855742600466328e+02 -4.999926039577817392e+02 1.641901628714612094e-02 3.802247060537338541e+01
-3.999999999999954525e+02 -3.999999999999991473e+02 7.777989088256045441e-12 3.814103609323501587e+01
-2.998507561413975964e+02 -2.999999999999828901e+02 3.552714447914127605e-01 3.813860119581222818e+01
-1.999999999996008455e+02 -1.999999999999842544e+02 1.444044009868127129e-09 3.814493194818496846e+01
-9.995317401148699332e+01 -9.999999999992706989e+01 1.488971532242206186e-01 3.805875535011291788e+01
1.094204193728570971e+02 1.003121732580152639e+02 1.833183012336432327e+01 3.804965299367904663e+01
2.000001190203229839e+02 2.000000801663713332e+02 9.549283204940264347e-05 3.834418540000915243e+01
3.011166361830026403e+02 3.020196068559109221e+02 1.009108485549481404e+00 3.806942454576492452e+01
4.016138028848699264e+02 4.020098187702916448e+02 7.916740444322794001e-01 3.808818719387054585e+01
5.000009864672061894e+02 5.000000000000000000e+02 4.299910862611752531e-03 3.811522434949874594e+01
6.000116590918634074e+02 6.000194318197550274e+02 9.519608622137090692e-03 3.803677014112472676e+01
7.250000229731859918e+02 7.000000235295868833e+02 4.330125817410913669e+01 3.818593939542770244e+01
8.000000013800914758e+02 8.000000010281340792e+02 1.085956017652308406e-06 3.818568819761276245e+01
9.523735306978220478e+02 9.000000017090651454e+02 1.059581010248512172e+02 3.819662640094757222e+01
1.000000000443927661e+03 1.000000000159349156e+03 5.602209286844437566e-07 3.893565864562988565e+01
1.105000002795274213e+03 1.100000002604551810e+03 2.179449424435847149e+01 3.893079615831375406e+01
1.200655456395991223e+03 1.200080948985953000e+03 1.248581455236183135e+00 3.901058315038680746e+01
1.355814521235894063e+03 1.400000000038180588e+03 4.887310554480273339e+01 3.900023580789566324e+01
1.400000021418118877e+03 1.400000010698903679e+03 2.314759106481608985e-05 3.838637748956680440e+01
