-1.399999999999977717e+03 -1.399999999999996362e+03 5.396389785022951018e-11 2.292610704898834229e+01
3.407512054135939252e+03 1.828568330836185623e+03 3.846912901845651959e+03 2.302407490015029978e+01
-1.199999999901763204e+03 -1.199999999979258291e+03 2.237539232063255180e-07 2.297131154537201070e+01
-1.099999999435996415e+03 -1.099999999927204499e+03 1.004026112359760836e-06 2.297514984607696675e+01
-9.999999990108104839e+02 -9.999999992693883542e+02 9.608256212826096366e-07 2.299970090389251709e+01
-8.999977260965258665e+02 -8.999999995612291741e+02 9.374255702780375302e-03 2.293834275007247925e+01
-7.999999397486511725e+02 -7.999999710838797000e+02 6.588809472091350275e-05 2.304273585081100606e+01
-6.899994687936343780e+02 -6.899997861937586094e+02 1.000043436838202560e+01 2.301999875307082988e+01
-5.998136916477635623e+02 -5.999993530210384733e+02 3.412299797537906576e-01 2.360624924898147725e+01
-4.999441412894795462e+02 -4.999728744911727745e+02 6.894460927798531924e-02 2.298813844919204641e+01
-3.999999999999566853e+02 -3.999999999999977263e+02 7.996519545174607487e-11 2.305449295043945312e+01
-2.993532764888506676e+02 -2.990050409427085469e+02 5.693914205081269664e-01 2.304668794870376658e+01
-1.994652945451788923e+02 -1.999999999997442615e+02 1.081233585664847174e+00 2.306068090200424336e+01
-9.999999999857286070e+01 -9.999999999978092546e+01 3.689475729390387912e-09 2.300255544185638357e+01
1.395432176580912369e+02 1.252919169105908281e+02 4.285391034564096913e+01 2.300283720493316508e+01
2.000020422924990555e+02 2.000013073377576802e+02 2.149704172593391079e-03 2.318052430152892995e+01
3.016163687487618290e+02 3.020197639805177801e+02 8.081852462232961276e-01 2.299574785232544016e+01
4.015300068839028427e+02 4.020511102079435659e+02 8.932265077890119143e-01 2.301286294460296489e+01
5.000158198848547499e+02 5.000099208410766778e+02 1.478906703858321944e-02 2.296432700157165385e+01
6.000239618618171562e+02 6.000194318197550274e+02 1.735045133289504771e-02 2.299660559892654277e+01
7.450000639815618797e+02 7.000003580120841207e+02 4.974932558402589677e+01 2.309672470092773366e+01
8.190656135746436348e+02 8.000000049826071518e+02 4.966976686736384039e+01 2.310240108966827322e+01
1.081078412195487545e+03 1.099659230277867437e+03 1.096168216175602055e+02 2.309688194990157939e+01
1.007715812662861936e+03 1.000000003557363129e+03 9.154251740126635895e+00 2.369861639738082815e+01
1.135208037310932013e+03 1.100000039526349610e+03 4.798817058124941326e+01 2.370664830207824636e+01
1.200615404160388152e+03 1.200080949252820346e+03 1.243152942933392291e+00 2.375752924680709910e+01
1.356183925220420178e+03 1.358744705671126439e+03 5.421283604807268119e+01 2.374011055231094502e+01
1.445000037607574995e+03 1.400000167143402450e+03 4.974934714396825086e+01 2.315720499753951955e+01
