-1.399999999999973852e+03 -1.399999999999989541e+03 4.344414245095337019e-11 5.104940445423126505e+01
1.083233158252332657e+02 -1.996035499084472349e+02 1.338978894017523317e+03 5.120916680097580098e+01
-1.199999999998740122e+03 -1.199999999999694410e+03 2.744220860884113765e-09 5.107805100679397725e+01
-1.099999999988782065e+03 -1.099999999998836074e+03 3.711045282768715605e-08 5.107962499856948568e+01
-9.999999973455724103e+02 -9.999999982896531492e+02 2.989170869555112572e-06 5.114744294881820963e+01
-8.999999999999960210e+02 -8.999999999999984084e+02 6.047829898110199699e-12 5.105448135137557841e+01
-7.999999724969413819e+02 -7.999999737138007276e+02 3.661403758816605150e-05 5.114442465305328511e+01
-6.949998317585921086e+02 -6.999999646760127234e+02 8.660479337667894129e+00 5.114830000400543497e+01
-5.999247593384898209e+02 -5.999997967747019629e+02 2.249396502514168783e-01 5.168956339359283447e+01
-4.999881633233732714e+02 -4.999926039581196733e+02 1.704275600758743334e-02 5.112647314071655558e+01
-3.999999999999461124e+02 -3.999999999999843112e+02 8.194979294690528186e-11 5.117745234966277934e+01
-2.998507561397569248e+02 -2.999999999987372235e+02 3.552714445907279583e-01 5.119083589315414429e+01
-1.999999999990339461e+02 -1.999999999998413500e+02 2.030745086017223464e-09 5.119740289449691772e+01
-9.995317400899226357e+01 -9.999999999733768163e+01 1.114681483352299440e-01 5.112064815759659098e+01
1.166945211616771729e+02 1.003121733261000372e+02 3.641149758211484055e+01 5.114155924320220947e+01
2.000247142017803412e+02 2.000003834040129220e+02 1.054926930864953094e-01 5.131885110139846518e+01
3.010126485156844751e+02 3.010098035837105499e+02 1.012689922751955018e+00 5.115091154575348042e+01
4.014578535602127545e+02 4.020021061660016812e+02 9.226011056823187895e-01 5.115400815010070801e+01
5.000000000000000000e+02 5.000000000000000000e+02 0.000000000000000000e+00 5.114888489246368408e+01
6.000087443189214582e+02 6.000000000002478373e+02 9.667208239532801631e-03 5.110573359727859355e+01
7.200001768327213085e+02 7.000001518430035503e+02 3.999991412887419528e+01 5.121969625949859761e+01
8.000000072957971042e+02 8.000000048544866331e+02 7.564339990605339878e-06 5.124342155456542969e+01
9.532490333555206234e+02 9.000000182871690413e+02 8.743347575264066052e+01 5.123687205314636373e+01
1.000000004349162964e+03 1.000000001098953589e+03 1.151868156052503883e-05 5.177074184417724467e+01
1.100000018710099766e+03 1.100000018152427401e+03 1.526371843573934555e-05 5.178108243942260458e+01
1.200524329738011375e+03 1.200080948985245413e+03 1.269265038714286531e+00 5.181230310201645040e+01
1.341565014093848504e+03 1.303046837494281590e+03 4.887209859897203046e+01 5.179541460275650167e+01
1.400000134614834451e+03 1.400000095811283472e+03 1.180100048993646360e-04 5.128981380462646200e+01
