-1.400000000000000000e+03 -1.400000000000000000e+03 0.000000000000000000e+00 2.795842489004135132e+02
1.134417824444991129e+05 1.083760410595880530e+05 6.421361391244785773e+04 3.009138324022293318e+02
7.608220548585162032e+05 9.321010005728635588e+04 2.635316004189576488e+06 2.978146894454956168e+02
1.144598726661201908e+04 1.087211478994696881e+04 7.132918802705721646e+03 3.005004891514778365e+02
-9.999999997119563204e+02 -9.999999996938034883e+02 1.271702987140122352e-07 2.980253620028495902e+02
-8.888574853277563079e+02 -8.901875765409565702e+02 1.069257470314343550e+01 2.989224072456360091e+02
-7.853793173345121659e+02 -7.923286370922121478e+02 1.716282429385392305e+01 2.952044849038123857e+02
-6.795927818345160176e+02 -6.795737768133541294e+02 1.178782672204965326e-01 2.900439989566802979e+02
-5.956335605869783194e+02 -5.957562568097831672e+02 1.687608334145168199e+00 3.143025737404823303e+02
-4.997482553391374722e+02 -4.997375398100980419e+02 1.344446774903366448e-01 2.833895935416221619e+02
-3.954231893449346558e+02 -3.955226842430801639e+02 1.974936119910634558e+00 2.823726410508155595e+02
-2.865132450434147131e+02 -2.870655423334253555e+02 5.835009782598237216e+00 2.837303228020667802e+02
-1.760213780613877930e+02 -1.781669421138140024e+02 1.184435468616681142e+01 2.831616992473602181e+02
1.605475183076088967e+02 1.476810425497235428e+02 1.459330910792495786e+02 2.820634559512138253e+02
1.126227935264537791e+03 1.104826825308709886e+03 2.754710824616944933e+02 2.855758264422416914e+02
2.005278182027639673e+02 2.004413507497945943e+02 3.043521004661756679e-01 2.959474261522292977e+02
3.150407760223995979e+02 3.153800987150771107e+02 3.652977657890321694e+00 2.826818570494651794e+02
4.172807911654010127e+02 4.174133775543825777e+02 5.200982189043016568e+00 2.906920753479004134e+02
5.007316564784690058e+02 5.007482840021029915e+02 1.989454233378190329e-01 3.000434087514877319e+02
6.036306252306472970e+02 6.036313178655665297e+02 3.326468963468764417e-01 3.006300990462303275e+02
1.000000000000000227e+03 1.000000000000000227e+03 1.108082226984261449e-13 2.855478824496269112e+02
1.183305495603267673e+03 1.205830322387079832e+03 1.625181509914426670e+02 2.854254462957381975e+02
2.180464062649354673e+03 2.173462275894381492e+03 3.587086228941845434e+02 2.899572260975837708e+02
1.215717766240752781e+03 1.215442912456689328e+03 4.756006736835003856e+00 3.162641824007034188e+02
1.315507447328538319e+03 1.315691414230393093e+03 4.238210428024575371e+00 3.161448815464973450e+02
1.403819640239390310e+03 1.400022805203139797e+03 4.539477362359892965e+01 3.184323390007019157e+02
1.836083856563592008e+03 1.836809795313525456e+03 2.110273697174594432e+01 3.147935263514518738e+02
1.700000000000000000e+03 1.700000000000000227e+03 3.050537967510249106e-13 2.892461031913757097e+02
