-1.399998408247162160e+03 -1.399999555284555299e+03 2.575641534659638653e-03 5.237686539888382242e+01
-7.850159229441077002e+01 -1.002259698231724769e+03 3.064592156122784672e+03 5.249889326095581055e+01
-1.193956949466169362e+03 -1.199322499401067034e+03 1.193483845731510762e+01 5.244653609991073751e+01
-1.091497600126391717e+03 -1.094147155308329275e+03 1.145064652163827645e+01 5.246907014846802042e+01
-9.999882358439492691e+02 -9.999901852532818793e+02 8.750438683999078870e-03 5.246125425100326822e+01
-8.999976605418729605e+02 -8.999985758343568705e+02 2.915082208219229015e-03 5.239994175434112833e+01
-7.994051162241769362e+02 -7.997823125472677930e+02 6.673453426835805891e-01 5.254281334877013876e+01
-6.938879103939447077e+02 -6.980069620966278308e+02 8.127029662545965039e+00 5.250666844844818115e+01
-5.997647750981184345e+02 -5.999258984465243429e+02 2.897371940968155868e-01 5.323805189132690430e+01
-4.997803824414851306e+02 -4.998246522450664315e+02 1.595425036798641116e-01 5.250452734231949137e+01
-3.999984107713333970e+02 -3.999990166079862206e+02 2.300127939430920108e-03 5.254998015165328695e+01
-2.994861247638260693e+02 -2.999752783481062011e+02 6.623446371423206136e-01 5.255781425237655924e+01
-1.993446335346434068e+02 -1.999957223073940042e+02 1.009705863040204044e+00 5.256488870382308676e+01
-9.998575674919200651e+01 -9.999545009971467380e+01 2.070331826588716478e-02 5.248742889165878012e+01
1.014609494906528795e+02 1.006182044970063316e+02 3.563967158263108281e+00 5.251373134851455404e+01
2.003890040539308757e+02 2.004098349325632284e+02 2.206812308821727020e-01 5.273844820261001587e+01
3.013145605674095577e+02 3.020221425010366829e+02 9.079915289452035188e-01 5.249404959678649618e+01
4.009672252737677809e+02 4.005558716330124298e+02 8.648807167519687589e-01 5.250529885292053223e+01
5.000088594585959072e+02 5.000043216216013775e+02 1.064054543322076780e-02 5.244097775220870972e+01
6.000194451171416858e+02 6.000194330731646915e+02 2.640174519830782262e-05 5.247369250059127666e+01
7.007278889048485553e+02 7.005035208364787422e+02 5.451791394299315696e-01 5.261167075634002543e+01
8.001340795690448431e+02 8.000852602450329414e+02 1.224816570849705938e-01 5.261647094488144205e+01
9.154048819982647274e+02 9.161617572945916663e+02 2.077704629195518393e+01 5.263093175888061381e+01
1.001437335988705627e+03 1.000456036016355483e+03 1.506434271474352160e+00 5.338457465171813965e+01
1.105192469082236585e+03 1.100202576406985372e+03 7.660159804154834440e+00 5.337185035943984701e+01
1.200355525004582660e+03 1.200211077693557854e+03 3.482375065211867904e-01 5.343097515106201456e+01
1.330585050089976903e+03 1.317392869180794833e+03 3.417199590301652279e+01 5.341214125156402304e+01
1.400388853342363973e+03 1.400356145807571011e+03 2.472878861483480961e-01 5.279356070756912089e+01
