-1.400000000000000000e+03 -1.400000000000000000e+03 0.000000000000000000e+00 2.587245436549186479e+02
8.842878239358394057e+04 6.618520496539806481e+04 6.750627758872823324e+04 2.735235462546348799e+02
7.457305534754363180e+03 -1.199409464983064026e+03 2.290392071401774228e+04 2.714684348464012373e+02
1.092187239830188082e+04 9.923530864580989146e+03 5.251008961695330072e+03 2.739104591012001038e+02
-9.999999999957365162e+02 -9.999999999966804580e+02 3.349803453419997698e-09 2.708989944934845084e+02
-8.890854898277541452e+02 -8.901875771527444385e+02 1.076251114896279582e+01 2.719002525448798906e+02
-7.950871324834022289e+02 -7.994032691696656912e+02 9.273701807172468392e+00 2.654626003026962167e+02
-6.795793895582492041e+02 -6.795572577181457063e+02 1.557990772095517173e-01 2.658552613019943465e+02
-5.964280340572514660e+02 -5.959993907357431908e+02 1.525536365895539648e+00 2.879043691992759477e+02
-4.998612724507416942e+02 -4.998461335630567532e+02 5.618374189177668954e-02 2.619018707513808977e+02
-3.930850373240020872e+02 -3.930352916381660293e+02 2.364465534172910388e+00 2.618526710987090951e+02
-2.848341095653674415e+02 -2.860705857952416409e+02 6.548832463193432929e+00 2.620689600467682112e+02
-1.723243732518648983e+02 -1.707541453157739966e+02 1.184445926845203267e+01 2.611887848496436959e+02
1.515698834355604561e+02 1.338188427665158997e+02 1.584037540884165196e+02 2.609182374000549203e+02
1.127257701542609084e+03 1.192933195145430773e+03 3.323801214269515185e+02 2.612134740591048967e+02
2.003599288965605751e+02 2.003809090303246876e+02 1.801627050514144346e-01 2.728821391940116996e+02
3.138145337923261877e+02 3.138105742674630392e+02 3.297020469889386796e+00 2.614067571520805586e+02
4.202143439351020788e+02 4.202835479177861089e+02 4.341573582518519103e+00 2.656411224961281050e+02
5.006970371463044103e+02 5.006811183365706484e+02 3.257874038823392326e-01 2.709191007018089294e+02
6.034965533646263793e+02 6.035290447249774388e+02 5.613741324727549165e-01 2.723483082532882804e+02
9.900000000000000000e+02 1.000000000000000000e+03 4.358898943540673798e+01 2.657432230949401628e+02
1.130344610615296460e+03 1.128092842237238074e+03 1.641367851835957197e+02 2.645604701995849837e+02
1.847460790386548979e+03 1.800361025904507642e+03 2.753895889405264370e+02 2.660748867034911882e+02
1.214950259000815549e+03 1.216076161837290329e+03 4.556869815793297640e+00 2.886888419032096635e+02
1.314402197367183817e+03 1.314702158222202343e+03 5.348992414414899699e+00 2.883278289556503182e+02
1.408941124404932907e+03 1.400023765111795456e+03 4.945669653989998693e+01 2.900656849503517378e+02
1.823291272537758459e+03 1.826900407713915683e+03 2.561193769000603737e+01 2.870199337005615234e+02
1.700000000000000000e+03 1.700000000000000000e+03 5.084229945850414966e-14 2.684437875986099016e+02
