-1.400000000000000000e+03 -1.400000000000000000e+03 0.000000000000000000e+00 5.109020705223083780e+01
4.019080399059241699e+03 7.862460067267214754e+02 5.188371917057466817e+03 5.109410854578018046e+01
-1.200000000000000000e+03 -1.200000000000000000e+03 0.000000000000000000e+00 5.103086445331573628e+01
-1.100000000000000000e+03 -1.100000000000000000e+03 0.000000000000000000e+00 5.108962990045547770e+01
-9.999999999999781721e+02 -9.999999999999904503e+02 2.901163583949479429e-11 5.113902425765991211e+01
-8.999999991563952335e+02 -8.999999999994540758e+02 2.234835111023756911e-06 5.096568380594253256e+01
-7.996102785890401492e+02 -8.000000000000000000e+02 1.698478144918371235e+00 5.109568700790405416e+01
-6.879994566421959235e+02 -6.799999453196024888e+02 9.798402667013844436e+00 5.107827179431914999e+01
-5.995866767781418503e+02 -5.994954430853937311e+02 3.880296209117762296e-01 5.183205139636993408e+01
-4.998929776717153004e+02 -4.999408218229448835e+02 1.130794214861511049e-01 5.112146290540695048e+01
-4.000000000000000000e+02 -4.000000000000000000e+02 0.000000000000000000e+00 5.123052248954773091e+01
-2.986568060285969750e+02 -2.990050409429067031e+02 1.345034314192422142e+00 5.124352220296859883e+01
-1.988163841685744160e+02 -2.000000000000000000e+02 1.390071490971125368e+00 5.127924209833145142e+01
-9.982830470921022936e+01 -9.984391337200929684e+01 1.840234204065785140e-01 5.108661785125732280e+01
1.518223407711224695e+02 1.170693934401635943e+02 6.661277970421316752e+01 5.105268410444259786e+01
2.002609545596616556e+02 2.001567422832741272e+02 3.137085152277227507e-01 5.131712355613708354e+01
3.018502134387100568e+02 3.020229838640617004e+02 5.978485536240195630e-01 5.114350210428237631e+01
4.016077266066241123e+02 4.020894782941213066e+02 9.064599685247473060e-01 5.114814194440841533e+01
5.000143296459148701e+02 5.000197293441220268e+02 1.014249222490022292e-02 5.112401720285415507e+01
6.000308091890400419e+02 6.000194318197550274e+02 3.361298430358087425e-02 5.114529030323028280e+01
7.750000000000002274e+02 8.000000000000000000e+02 4.330127018922201643e+01 5.115770789384841777e+01
8.181321407224016866e+02 8.000000000000000000e+02 3.697879910058690456e+01 5.118617459535598613e+01
1.047064576271106034e+03 1.000000000000000000e+03 1.212907157175162070e+02 5.116448785066604898e+01
1.010023190465447101e+03 1.000000000000000000e+03 2.273789760146258487e+01 5.194942845106125162e+01
1.120139935583140414e+03 1.100000000000000000e+03 4.028351710915529793e+01 5.196962394714355327e+01
1.204051544311344742e+03 1.200435134724740237e+03 9.168253253907199252e+00 5.205289390087127543e+01
1.390093009908427348e+03 1.410657301717181554e+03 4.905317722249805712e+01 5.201648014783859253e+01
1.460000000000000000e+03 1.500000000000000000e+03 4.898979485566354697e+01 5.245025184154510356e+01
