-1.399999999992678113e+03 -1.399999999996962742e+03 9.056979169550844350e-09 6.577404744625091837e+01
-7.850768516228499720e+02 -1.125492095563422254e+03 8.762629544781181039e+02 6.590261825323105427e+01
-1.199999989965970144e+03 -1.199999998224027877e+03 2.481820653366198390e-05 6.582160319089889811e+01
-1.099999987927225220e+03 -1.099999993481784031e+03 1.219800156607881546e-05 6.585772504806519123e+01
-9.999999501383739471e+02 -9.999999660780288195e+02 4.231666685807879347e-05 6.581742883920669840e+01
-8.999999999928310217e+02 -8.999999999969792270e+02 9.842558407816013770e-09 6.579597785472870441e+01
-7.999992273541631675e+02 -7.999995341667070079e+02 8.195382378783856898e-04 6.588748700618744181e+01
-6.959993829866616579e+02 -6.999992307777788483e+02 7.999757047738866866e+00 6.587924085855483725e+01
-5.998126197973151648e+02 -5.999981944986309372e+02 3.328919816962109812e-01 6.665459054708480835e+01
-4.999916926808097060e+02 -4.999925739106490710e+02 7.080467095805234416e-03 6.584136655330658527e+01
-3.999999999658820684e+02 -3.999999999935762389e+02 5.941013138885820088e-08 6.591659995317459675e+01
-2.997512599521732568e+02 -2.999999998876486416e+02 4.308301217944346395e-01 6.594538290500641153e+01
-1.999999998271721608e+02 -1.999999999188364654e+02 2.046644380331268625e-07 6.592355765104294107e+01
-9.998439110770134164e+01 -9.999999991537305277e+01 6.803653150006665207e-02 6.587069934606552124e+01
1.060679698667708237e+02 1.006243485835599358e+02 7.879530209810979180e+00 6.585581220388412760e+01
2.000187676143889917e+02 2.000162433151535026e+02 1.392770227241679759e-02 6.610832229852675823e+01
3.012125879783289975e+02 3.020196069818726983e+02 9.890534337543215315e-01 6.587604844570159912e+01
4.013792303114158244e+02 4.020098367122860168e+02 9.251615010647988857e-01 6.588027650117874146e+01
5.000014824931303110e+02 5.000000000000000000e+02 4.710139540472387670e-03 6.576476380825042156e+01
6.000106876291082472e+02 6.000194318197550274e+02 9.667066564376762539e-03 6.583176859617233845e+01
7.200020263146352590e+02 7.000023155998999300e+02 3.999908671092197210e+01 6.598173719644546509e+01
8.000001642740146508e+02 8.000001376248374072e+02 9.410352080334970909e-05 6.599738080501556681e+01
9.938240303418302801e+02 9.000004875160959728e+02 1.182897847880094986e+02 6.596874185800552937e+01
1.000000072225638519e+03 1.000000056501481708e+03 6.150020315780911531e-05 6.680496815443038372e+01
1.100000296881350096e+03 1.100000193528303726e+03 2.639934394353536293e-04 6.683190395832062336e+01
1.200166969860215659e+03 1.200080949784954555e+03 1.785302114226868797e-01 6.688872920274734213e+01
1.330696310380162231e+03 1.301210666769953150e+03 4.537347346578793150e+01 6.684363745450973227e+01
1.400001085206636162e+03 1.400000800369405624e+03 9.677834883963378583e-04 6.607889914512634277e+01
