-1.400000000000000000e+03 -1.400000000000000000e+03 0.000000000000000000e+00 5.724175659418106221e+01
4.794429831659380397e+03 3.727285753924026722e+03 5.008837903308476598e+03 5.735019799470901347e+01
-1.200000000000000000e+03 -1.200000000000000000e+03 0.000000000000000000e+00 5.725287545919418619e+01
-1.100000000000000000e+03 -1.100000000000000000e+03 0.000000000000000000e+00 5.725983695983886435e+01
-9.999999999999796501e+02 -9.999999999999971578e+02 3.465387597054162277e-11 5.732747989892959595e+01
-8.999959181885657244e+02 -8.999999561661506959e+02 1.059427714406077289e-02 5.723782514333724691e+01
-7.994168930503826687e+02 -7.999993938614443323e+02 2.534228334925455517e+00 5.733736065626144551e+01
-6.859970152934863563e+02 -6.799990053088365585e+02 9.167106412986548492e+00 5.724947099685668661e+01
-5.997207207424020226e+02 -5.999927398575455300e+02 3.772066095401443997e-01 5.787180919647217081e+01
-4.996662146428845404e+02 -4.997990183970695739e+02 3.414322498024998653e-01 5.730761820077896118e+01
-3.999502520471453408e+02 -4.000000000000000000e+02 2.168462991415098240e-01 5.737425655126571655e+01
-2.983583183114689632e+02 -2.990050409429067031e+02 1.416723671464988454e+00 5.739135890007018759e+01
-1.982140977000649684e+02 -1.979440450976274519e+02 1.773356795207662095e+00 5.739058630466460897e+01
-8.843636059878552658e+01 -9.968782674401859367e+01 3.127607291012678203e+01 5.729111890792846395e+01
1.444392315810036962e+02 1.006243465119628127e+02 6.783929454341269150e+01 5.726772414445876791e+01
2.002418642825835775e+02 2.001020250185404166e+02 2.951979878935876433e-01 5.746358965635299398e+01
3.016014132473482050e+02 3.020225124902920015e+02 8.102492484843102361e-01 5.732581740617752075e+01
4.019745070802214855e+02 4.021516872379293090e+02 8.575740173068091554e-01 5.734552334547042562e+01
5.000192391219735555e+02 5.000049392797232031e+02 3.684204794659705351e-02 5.730014270544052124e+01
6.000267126783365939e+02 6.000194318197550274e+02 2.049117790320770932e-02 5.730387779474258281e+01
7.750000000000000000e+02 8.000000000000000000e+02 4.330127018922193116e+01 5.735224690437316752e+01
8.290656074332066510e+02 8.000000000000000000e+02 4.456202127998263762e+01 5.736692919731139995e+01
1.081692727508458574e+03 1.182490187297928514e+03 1.402667482913061860e+02 5.735443849563598917e+01
1.011484365265407860e+03 1.000000000000000000e+03 2.512809332135486784e+01 5.796259534358978271e+01
1.132658170825178559e+03 1.100000000000000000e+03 4.655424378732742241e+01 5.796843619346618937e+01
1.216714656944817534e+03 1.200916606553978454e+03 3.029306998190660849e+01 5.803916599750518657e+01
1.369971279543498440e+03 1.400000000000000000e+03 5.062785755525310805e+01 5.802408300638198568e+01
1.435000000000000000e+03 1.400000000000000000e+03 4.769696007084728251e+01 5.856181485652923868e+01
