-1.400000000000000000e+03 -1.399999999999999773e+03 2.157056083093525031e-13 6.726203262567520369e+02
3.929027518208237598e+05 3.858927831352377543e+05 1.038296133723387320e+05 7.988903827548026584e+02
2.355882310197874531e+07 1.411984451938813552e+07 2.235878690640829876e+07 7.720430868506431352e+02
9.000780705544343800e+04 8.977215615239695762e+04 4.738349233831762103e+04 7.290553128004073642e+02
-9.999996605714593443e+02 -9.999996636000761328e+02 2.885182521706140728e-05 7.986711625456809998e+02
-8.881909666468297928e+02 -8.906983420367566850e+02 6.142380685878936042e+00 7.957917347431182407e+02
-7.547904145938986176e+02 -7.602082017504840223e+02 1.981596985280724610e+01 7.815746190905571211e+02
-6.790533720551225088e+02 -6.790444640058270807e+02 6.227352932820426346e-02 7.543181201457977068e+02
-5.591885941432478830e+02 -5.591313675029990691e+02 2.077434690379878823e+00 8.566761527895927202e+02
-4.998196678840296840e+02 -4.998298762565451057e+02 8.777001062327775827e-02 6.875747235536575772e+02
-3.655247008681990337e+02 -3.666689043559177890e+02 8.900693256922886931e+00 6.790827777981758118e+02
-2.172197323953921000e+02 -2.492045856128179935e+02 6.556470352481635189e+01 7.092768187999724887e+02
-4.781708524278146655e+01 -3.003823371680007881e+01 4.636552846846137044e+01 7.313620506525039673e+02
1.875861387759457330e+03 1.979703641225364663e+03 4.244975237567051067e+02 6.924232108950615157e+02
7.896292141336982240e+03 7.860006344817859826e+03 3.139525715645574451e+02 7.026324277997016452e+02
2.027057702409395290e+02 2.026935567938035661e+02 3.820146297865886220e-01 7.485404340982437361e+02
3.614503219133375183e+02 3.639879980396509609e+02 1.256810402511159275e+01 6.961882357478141330e+02
6.052599836068999366e+02 6.129775008545923356e+02 3.181723805453579246e+01 7.008412255048751831e+02
5.028936902559582336e+02 5.028512378042737510e+02 6.739277802388673466e-01 7.990209856510161899e+02
6.144468106668889504e+02 6.150000000000000000e+02 9.768756214794751536e-01 6.868248098969459079e+02
9.814730649764302370e+02 1.000000000000001137e+03 8.204086060318967100e+01 6.942942772030830838e+02
2.658536477677839230e+03 2.629042305999856126e+03 5.182820258604052697e+02 7.056620273470878146e+02
8.277671808545919703e+03 8.636150882428621117e+03 1.114990977317464058e+03 7.160505569458007358e+02
1.264116283530941018e+03 1.263752468198810675e+03 1.565814082667882268e+01 9.486224169492721785e+02
1.372793479936396125e+03 1.368616606445778871e+03 1.602360553988523861e+01 9.415299247026443936e+02
1.570784845160821988e+03 1.566017911426825776e+03 2.205018559112842524e+01 9.431162600040436246e+02
2.439510775562589970e+03 2.533375511889244081e+03 2.179959437807369227e+02 9.369581037998199236e+02
1.700000000000002956e+03 1.700000000000002501e+03 6.821210263296961784e-13 7.122691859483718417e+02
