-1.399999820242237092e+03 -1.399999884160608417e+03 1.856725087197096482e-04 6.142907100915908813e+01
-8.941681834097933006e+02 -1.238457823351275692e+03 8.723985285509872938e+02 6.153532559871673868e+01
-1.197647156891828445e+03 -1.199505013214525889e+03 3.892546865461642636e+00 6.146216340065002726e+01
-1.094956164806151037e+03 -1.099286623968599542e+03 1.272165956867092262e+01 6.149951500892639444e+01
-9.999944897420409688e+02 -9.999943088623326730e+02 4.588762706515623485e-03 6.146887490749359273e+01
-8.999997224576378585e+02 -8.999998006790824547e+02 2.480039128529136516e-04 6.143117575645446493e+01
-7.998449570351154989e+02 -7.999532360621742555e+02 1.827682820851471435e-01 6.152408114671707295e+01
-6.934520675187778807e+02 -6.985613929651512990e+02 8.831572353909090012e+00 6.155008594989776327e+01
-5.996743859981746709e+02 -5.999283332384445657e+02 3.771696874973402558e-01 6.231448140144348002e+01
-4.998889490780778715e+02 -4.998977970472301990e+02 6.920430626617221637e-02 6.150521994829178141e+01
-3.999995622246206608e+02 -3.999997613087583090e+02 4.648499519016338318e-04 6.160396429300308085e+01
-2.999456669173549699e+02 -2.999982298997372254e+02 2.247394071095109580e-01 6.159347460269928121e+01
-1.999985594781524583e+02 -1.999991428431870304e+02 1.807897379302134122e-03 6.160012135505676412e+01
-9.999614012795117901e+01 -9.999772422554508466e+01 5.138706507259525012e-03 6.153950140476226949e+01
1.020512499535295774e+02 1.003952318311721683e+02 4.977118643368350526e+00 6.151715475320816040e+01
2.003178752877400370e+02 2.002979262411110426e+02 2.033362861398383958e-01 6.178579510450363443e+01
3.008147356056632589e+02 3.000181648856797665e+02 9.864977228742366488e-01 6.152575639486313008e+01
4.012810170781864372e+02 4.016212384188323767e+02 9.156555152899372718e-01 6.153551530838012695e+01
5.000044576625626291e+02 5.000000165131427252e+02 8.756784656432193420e-03 6.145581339597701742e+01
6.000123505747393438e+02 6.000194318845576618e+02 8.218364778106572802e-03 6.147087345123291158e+01
7.002161421390831038e+02 7.001750507772524088e+02 1.475743084812436712e-01 6.167185225486755229e+01
8.000170360182878539e+02 8.000160448231197279e+02 1.090272362325113951e-02 6.167532714605331279e+01
9.002947765542667184e+02 9.000861126571962814e+02 3.536355251300892788e-01 6.165822910070419027e+01
1.000339014373601799e+03 1.000016838402917188e+03 9.408357740783680478e-01 6.246632565259933756e+01
1.100042577899905154e+03 1.100031392776867051e+03 4.091491662888838143e-02 6.247904080152511597e+01
1.200204320726893457e+03 1.200109683819794554e+03 1.887359755074682066e-01 6.251659849882125997e+01
1.318398266594195320e+03 1.312937731696943274e+03 2.024293757640239022e+01 6.248847370147704794e+01
1.400199521550841837e+03 1.400186489358705785e+03 1.195553821822594870e-01 6.172967236042022421e+01
