-1.399999991762429772e+03 -1.399999996534221282e+03 1.090744552017797254e-05 4.931011904478073404e+01
7.336406545177409271e+02 -1.107327485425262239e+02 2.791313924826035418e+03 4.943583325147628926e+01
-1.199851625876141497e+03 -1.199965971252299596e+03 2.681128211938546557e-01 4.935208125114441202e+01
-1.099886946886654414e+03 -1.099960609529577596e+03 1.267672375291317710e-01 4.934607179164886759e+01
-9.999988801247924357e+02 -9.999991452316312461e+02 9.139635493799888252e-04 4.932750860452652120e+01
-8.999999807193595416e+02 -8.999999905471347574e+02 2.754127367935893951e-05 4.926145139932632588e+01
-7.999209434253059499e+02 -7.999813157794710605e+02 1.155613829908381657e-01 4.945504025220871114e+01
-6.958812978778304341e+02 -6.999007872903039242e+02 7.943612707638709303e+00 4.944519505500793599e+01
-5.998110449883390629e+02 -5.999740809284616034e+02 3.290964598961206855e-01 5.033389790058136271e+01
-4.999515121265337143e+02 -4.999563316389860006e+02 2.736793813256942903e-02 4.940004374980926372e+01
-3.999999732840612410e+02 -3.999999946266708548e+02 8.054395483543354338e-05 4.947764010429382608e+01
-2.997511037973079056e+02 -2.999997627644997920e+02 4.308249450320730811e-01 4.946412769556045674e+01
-1.999997490470078105e+02 -1.999998417009789478e+02 2.813540822542334708e-04 4.949855254888534262e+01
-9.999956225225596995e+01 -9.999989547395915679e+01 8.232426273073350544e-04 4.940434710979461386e+01
1.316269914663754150e+02 1.086954475987852788e+02 3.940364090997032775e+01 4.940858159065246724e+01
2.003562477404180413e+02 2.002701227935389170e+02 2.407377560132257788e-01 4.974027215242385580e+01
3.017173637017248780e+02 3.020198887021808787e+02 7.213264215356109954e-01 4.942539404630660727e+01
4.012274826175053022e+02 4.020104882736244463e+02 9.688189026651101710e-01 4.945073119401931905e+01
5.000061558651535165e+02 5.000000035124589317e+02 9.372557860666019466e-03 4.933623445034027100e+01
6.000117764639655888e+02 6.000194318452684001e+02 9.380614908406225902e-03 4.936463069915771484e+01
7.300705560025216982e+02 7.001158150543380998e+02 4.578793866000425083e+01 4.957536920309066630e+01
8.000068340513900012e+02 8.000042551439919407e+02 5.825827750720967597e-03 4.956101274490356445e+01
9.485322757430282081e+02 9.000219081668512899e+02 8.763530691664196581e+01 4.955151659250259399e+01
1.000003951398883487e+03 1.000002002713698175e+03 3.673606224911754418e-03 5.045876940488815166e+01
1.110011480591056625e+03 1.100010859211774914e+03 2.999631572791065537e+01 5.047148754596710063e+01
1.200473097089300154e+03 1.200435265626221735e+03 9.149671881086319791e-01 5.051770775318145468e+01
1.338651796973014598e+03 1.305813642126748164e+03 4.733526576589299140e+01 5.051129145622253702e+01
1.415040648550095057e+03 1.400039235714473989e+03 3.569218840922622604e+01 4.969981324672698975e+01
