-1.400000000000000000e+03 -1.400000000000000000e+03 0.000000000000000000e+00 2.904037652015686035e+02
1.016169321013996669e+05 8.869868706060186378e+04 6.214202521452388464e+04 2.973598668098449593e+02
2.094596381836327200e+05 -1.199679395642607687e+03 6.570535235654159915e+05 2.958922695398330802e+02
9.772609420714312364e+03 8.874250409578547988e+03 4.703954301266563562e+03 2.980328350067138672e+02
-9.999999999904779315e+02 -9.999999999931069397e+02 7.949090139848427944e-09 2.941455794095992928e+02
-8.904311684510278155e+02 -8.901875771811393179e+02 1.061789761356588091e+00 2.949998366475105058e+02
-7.972762300950707868e+02 -7.999277900737802156e+02 6.573543299598140877e+00 2.949104265570640564e+02
-6.796001389559476138e+02 -6.795862408230914298e+02 8.468670929324619012e-02 2.877953569054603804e+02
-5.962625880556166749e+02 -5.963224456467175969e+02 1.614842660312552081e+00 3.138392210006713867e+02
-4.998782282162336514e+02 -4.998929893771909292e+02 6.390348637164124102e-02 2.928049803018569719e+02
-3.942789876887321157e+02 -3.945277277048963924e+02 2.107691135067199628e+00 2.927500543951988448e+02
-2.861023597610470688e+02 -2.860705857952416409e+02 4.837222007940009227e+00 2.934196829080581779e+02
-1.715260754589585304e+02 -1.738419370791758354e+02 1.148678514958487895e+01 2.900541870951652754e+02
9.691028495076480453e+01 4.131266670237255312e+01 1.413608224861105782e+02 2.918403325915336382e+02
9.237164597611244972e+02 9.837187014244348120e+02 2.873639321827977824e+02 2.926525022506713754e+02
2.002246849893451213e+02 2.001568691781494920e+02 1.383460509301861208e-01 3.002261702537536507e+02
3.141699370353285872e+02 3.133644309461501507e+02 3.122396078623715709e+00 2.922329182505607719e+02
4.201688399897441855e+02 4.210388338058413638e+02 3.816356268186147371e+00 2.938257676482200509e+02
5.007124169869455841e+02 5.006869700119364097e+02 2.668320830205274108e-01 2.953524716019630318e+02
6.033759002709987271e+02 6.034754702162317699e+02 2.525712624974142395e-01 2.967117426395416260e+02
1.000000000000000568e+03 1.000000000000000000e+03 1.287977045246131268e-12 2.968984392523765337e+02
1.129381754145389550e+03 1.092215991883171455e+03 1.727597995965485893e+02 2.940575515031814575e+02
1.720027035264917458e+03 1.742824453237260059e+03 3.356219565003981415e+02 2.953372297048568953e+02
1.213105324807216221e+03 1.212248617158914158e+03 4.153957546336237705e+00 3.148217745065688860e+02
1.313836387098375781e+03 1.313772035126797164e+03 3.213705487062471722e+00 3.147610671401023978e+02
1.408790031865970832e+03 1.400024566750988470e+03 5.002799839272343974e+01 3.161345418572425956e+02
1.820623332268702598e+03 1.824864788391626462e+03 1.951211552768063129e+01 3.149358994007110368e+02
1.705000000000008640e+03 1.700000000000000000e+03 2.179449471770138658e+01 2.994990661025047416e+02
