-1.399999999999999545e+03 -1.400000000000000000e+03 1.192357613229150436e-12 5.854384810924530314e+01
2.246900259754987474e+03 6.950964346014947068e+02 3.596743600002942003e+03 5.870090830326080322e+01
-1.199999999999844476e+03 -1.200000000000000000e+03 6.768685145535735833e-10 5.851756694316863872e+01
-1.100000000000000000e+03 -1.100000000000000000e+03 3.701375270816175922e-13 5.852815979719161987e+01
-9.999999997552662307e+02 -9.999999999959368324e+02 5.475662244541028728e-07 5.849194045066833780e+01
-8.999999999999994316e+02 -9.000000000000000000e+02 2.320158686411394903e-12 5.856514689922332906e+01
-7.999999979514137749e+02 -7.999999994364363829e+02 6.157352219842329491e-06 5.863085440397262715e+01
-6.929998815324789803e+02 -6.999999959968016583e+02 9.539549986931474379e+00 5.852930169105529501e+01
-5.997997536528354203e+02 -5.999999618301701503e+02 3.505188035583218231e-01 5.930885584354400919e+01
-4.999868071096669837e+02 -4.999926039595902694e+02 2.069636870581053820e-02 5.862508164644241049e+01
-3.999999999981878318e+02 -4.000000000000000000e+02 7.851520278007359334e-09 5.867529269456863261e+01
-2.999502520471379512e+02 -3.000000000000000000e+02 2.168462991398066864e-01 5.868449599742889689e+01
-1.999999999999965326e+02 -1.999999999999998863e+02 9.192560245612704211e-12 5.869555034637451030e+01
-9.902166102539268877e+01 -9.999999999919066340e+01 3.624454847815188341e+00 5.857845214605331563e+01
1.131210727535258656e+02 1.006243465119632674e+02 2.029918283010538360e+01 5.862104415893554688e+01
2.000566376737800738e+02 2.000000034291114162e+02 1.940423312718332072e-01 5.882641944885254048e+01
3.009173445858174318e+02 3.000399979736849900e+02 1.003215585133119037e+00 5.857817544937133647e+01
4.014888685176735521e+02 4.020182268884164500e+02 8.827632786952224198e-01 5.867312829494476034e+01
5.000014824889136662e+02 5.000000000000000000e+02 4.710130389399376331e-03 5.860810705423354960e+01
6.000097159098794464e+02 6.000097159098927477e+02 9.715909875654914901e-03 5.858560009002685831e+01
7.050000286608294573e+02 7.000000053824672932e+02 2.179448826166134978e+01 5.874476249217987345e+01
8.000000011392714896e+02 8.000000002529401399e+02 2.267472515165340651e-06 5.873704420328139975e+01
9.856225475695213163e+02 9.000000023935854188e+02 1.188232125107204524e+02 5.868005529642105245e+01
1.000000000515067086e+03 1.000000000088539082e+03 1.151758772764080976e-06 5.944178969860077189e+01
1.105000001322668368e+03 1.100000000615957106e+03 2.179449444604179575e+01 5.946270929574966146e+01
1.200252263812224101e+03 1.200080948985299301e+03 2.381792077497544013e-01 5.952578359842300415e+01
1.348528530010531995e+03 1.327464980131746188e+03 4.896680108796477526e+01 5.950550924539565756e+01
1.400000004735974017e+03 1.400000002988290134e+03 5.556875448992590462e-06 5.882139974832534790e+01
