-1.400000000000000000e+03 -1.400000000000000000e+03 0.000000000000000000e+00 2.817293488025665056e+02
9.837610879614748410e+04 7.288233408483577659e+04 6.221200376359447546e+04 3.053389492988586653e+02
7.046320872861970565e+04 -1.175647854650641875e+03 2.947322490635049180e+05 3.007879293441772575e+02
1.621424874516242198e+04 1.496574770407729375e+04 1.204287869015437718e+04 3.047039471983909493e+02
-9.999999051101318628e+02 -9.999999111287406777e+02 2.949714947305744178e-05 3.045394388914108390e+02
-8.906336893261735668e+02 -8.901875770328031194e+02 1.944558438641261100e+00 3.033508427977561723e+02
-7.998975324586605211e+02 -7.999830044782102050e+02 1.814817457456972816e-01 2.970382365465164298e+02
-6.796331742105068088e+02 -6.796344570721350919e+02 6.677234095265509317e-02 2.966873080492019881e+02
-5.949852752967932474e+02 -5.956648543833395024e+02 2.897434620239472292e+00 3.261309115409850961e+02
-4.999093024975782100e+02 -4.999101617087899285e+02 4.538331882906448955e-02 2.863407684564590454e+02
-3.953734416439709776e+02 -3.960201637716268124e+02 2.888379068994401777e+00 2.852006756544113273e+02
-2.902991585201214093e+02 -2.900504144668861386e+02 2.915663083342134421e+00 2.864752347469329834e+02
-1.862199401977133562e+02 -1.879134779258766912e+02 8.036407285691952396e+00 2.873644857525825387e+02
8.314424760903882827e+01 6.269283722261366165e+01 1.222476452800950142e+02 2.859478024959564095e+02
1.034335396752637507e+03 1.049337634620618019e+03 3.285139696145218409e+02 2.940922838449478149e+02
2.009798210741830928e+02 2.009766622401623408e+02 3.205965807216658581e-01 3.020129200577736128e+02
3.144525985399590127e+02 3.143483866853571271e+02 1.576927717780660432e+00 2.851687435984611625e+02
4.182062977697720498e+02 4.179922065234101183e+02 2.625547861963356322e+00 2.935161455988883858e+02
5.007373219638178057e+02 5.006952095485702330e+02 2.242341378224746440e-01 3.009600567936897164e+02
6.034947569138802237e+02 6.035276017119360858e+02 5.323246358772383280e-01 3.034130883455276262e+02
1.000000000000000000e+03 1.000000000000000000e+03 5.684341886080801487e-14 2.902500880956649780e+02
1.109609136315051501e+03 1.101954675760575583e+03 1.040179961013576673e+02 2.887106396079063302e+02
1.979499159412463541e+03 2.024095524670481154e+03 2.946940966790752441e+02 2.937429972052574385e+02
1.212316137657162017e+03 1.211739840628787533e+03 4.194957003093979786e+00 3.262267109513283003e+02
1.310902201378611153e+03 1.309657482392953625e+03 4.892576999020353590e+00 3.269394047498702776e+02
1.413625029800737821e+03 1.400020694635094060e+03 5.534723604057084145e+01 3.277603919029235726e+02
1.817293204528996284e+03 1.821244965574657499e+03 1.470800269287961370e+01 3.251585005044937020e+02
1.700000000000000000e+03 1.700000000000000000e+03 7.190186943645083856e-14 2.956258390545845032e+02
