-1.400000000000000000e+03 -1.400000000000000000e+03 2.964590023658569730e-13 5.891631335020065308e+01
3.168089133455086085e+03 2.243621944509504829e+03 3.575061032552494908e+03 5.912935439348220967e+01
-1.200000000000000000e+03 -1.200000000000000000e+03 5.084229945850414966e-14 5.889439289569854452e+01
-1.099999999999999773e+03 -1.100000000000000000e+03 5.522887386855981543e-13 5.892224245071410849e+01
-9.999999994214525714e+02 -9.999999999870217380e+02 1.697886339780824167e-06 5.897620511054992676e+01
-9.000000000000000000e+02 -9.000000000000000000e+02 0.000000000000000000e+00 5.897990484237671183e+01
-7.999999989051758575e+02 -7.999999994238798990e+02 2.219843915602931252e-06 5.902764664888381674e+01
-6.949999530243278514e+02 -6.999999981957187174e+02 8.660325759908259258e+00 5.895276345014572428e+01
-5.999624884560831788e+02 -5.999999830986662346e+02 1.634356258825646335e-01 5.974244710206985332e+01
-4.999871769078137049e+02 -4.999901353279384466e+02 1.554980238029383781e-02 5.901429414749145508e+01
-3.999999999999966462e+02 -3.999999999999998295e+02 6.710629825336549774e-12 5.906029175519942953e+01
-2.999502520471070284e+02 -3.000000000000000000e+02 2.168462991334108858e-01 5.907175660133361816e+01
-1.999999999999992610e+02 -1.999999999999999716e+02 2.281955315137521346e-12 5.905035485029220865e+01
-9.981269604638536919e+01 -9.984391337184638360e+01 2.070723119222331599e-01 5.897540190219879008e+01
1.117935244314565608e+02 1.003121732559843622e+02 1.989725979309512738e+01 5.898571900129318379e+01
2.000002546271064716e+02 2.000000038501067081e+02 6.884666796435008661e-04 5.920310006141662740e+01
3.008376842143674708e+02 3.001999898684094887e+02 9.325239284805616480e-01 5.894772229194641255e+01
4.014033657990713664e+02 4.020381339379517271e+02 9.612922596429311906e-01 5.904152225255965902e+01
5.000004960217073631e+02 5.000000000000000000e+02 2.162108496359181446e-03 5.906014294624328897e+01
6.000155454558044994e+02 6.000194318197550274e+02 7.772727901590313800e-03 5.899965600967406942e+01
7.000000120727702324e+02 7.000000048273691391e+02 1.789342372708299552e-05 5.911991308927535727e+01
8.000000030377972280e+02 8.000000002432948349e+02 8.479596421925632234e-06 5.911118535995483114e+01
9.835406687300746853e+02 1.000000000006039727e+03 9.618593700639266331e+01 5.910788599252700948e+01
1.000000001755099220e+03 1.000000000111435384e+03 6.613912556381427112e-06 5.983932839632034018e+01
1.100000002236454293e+03 1.100000000943579380e+03 3.483548844222145743e-06 5.984589254856109619e+01
1.200115359089905041e+03 1.200080948985149917e+03 1.638724640907465446e-01 5.990959895849228189e+01
1.345385751105529835e+03 1.302151712985536506e+03 4.940473784658626499e+01 5.988473980426788046e+01
1.400000032925558116e+03 1.400000006499928986e+03 6.397535926164409851e-05 5.918824543952941752e+01
