-1.399999999999996817e+03 -1.400000000000000000e+03 1.320716194845453778e-11 4.239673404693603231e+01
6.133119105350132259e+02 -4.058217762049284829e+02 2.179126559808561979e+03 4.269439865350723551e+01
-1.199999999999996817e+03 -1.199999999999999773e+03 7.558935163903734925e-12 4.242500690221786641e+01
-1.099999999999994998e+03 -1.099999999999999318e+03 8.130476962642354804e-12 4.249286019802093506e+01
-9.999999993943893060e+02 -9.999999996929528834e+02 9.022209200702766201e-07 4.254845950603485250e+01
-9.000000000000000000e+02 -9.000000000000000000e+02 4.184849403669877808e-13 4.245958920717239238e+01
-7.999999915824494110e+02 -7.999999984334128840e+02 1.102827476089929643e-05 4.259376335144042969e+01
-6.929998521099283835e+02 -6.999999883528672626e+02 9.539581674557799928e+00 4.251668355464935445e+01
-5.997997051284741019e+02 -5.999998978599048769e+02 3.505006787989372041e-01 4.346141545772552206e+01
-4.999849580981156691e+02 -4.999926039464843939e+02 1.565329879613840819e-02 4.251068969964980937e+01
-3.999999999999893703e+02 -3.999999999999993179e+02 3.288579452371720802e-11 4.260666124820708944e+01
-2.999005040942473670e+02 -2.999999999999909051e+02 2.984877171151414932e-01 4.266817430257797383e+01
-1.999999999999787974e+02 -1.999999999999933777e+02 4.551350398200943537e-11 4.265213880538940572e+01
-9.985952203453264531e+01 -9.999999999976165554e+01 1.553042342016548172e-01 4.254063094854355143e+01
1.123144290705086377e+02 1.003121732563147361e+02 2.114539671542774713e+01 4.255735610723495199e+01
2.000242475014049433e+02 2.000000137921961993e+02 1.055942300933765260e-01 4.287624119520187094e+01
3.010140751553093992e+02 3.010148031755278453e+02 1.013121639381300731e+00 4.258137255907058716e+01
4.018040819708856475e+02 4.020455998358025909e+02 7.080770788264078019e-01 4.259121299982071207e+01
5.000044391024250103e+02 5.000000000000000000e+02 1.186839352894871087e-02 4.259982634782791422e+01
6.000145738648195675e+02 6.000194318197550274e+02 8.414224769559327383e-03 4.252829355001449585e+01
7.100000390312593481e+02 7.000000191569263279e+02 2.999999176600934803e+01 4.273232334852218628e+01
8.000000017913929469e+02 8.000000009148715208e+02 2.311817764864058415e-06 4.273446249961853027e+01
9.737810249079353753e+02 1.000000000116243655e+03 8.453202016928671014e+01 4.270994009971618510e+01
1.000000002969259867e+03 1.000000001074749093e+03 7.048068261244901232e-06 4.358855240345000936e+01
1.100000005381712981e+03 1.100000001634479759e+03 6.628934806293560038e-06 4.359427089691162394e+01
1.200348432059257448e+03 1.200080948985163786e+03 9.249469017141682681e-01 4.365345379114150859e+01
1.340706093119526258e+03 1.303049602100085849e+03 4.842180212009567697e+01 4.366084820032119751e+01
1.400000012392127246e+03 1.400000008142545084e+03 1.300444021074595938e-05 4.282701610326766684e+01
