-1.399995376546141870e+03 -1.399997058043999687e+03 5.002900962154002533e-03 3.386664835214615010e+01
-7.548140154667753450e+02 -8.796764845535501536e+02 4.157842288651221452e+02 3.398517835140228271e+01
-1.189017538214299520e+03 -1.197183640282691613e+03 1.913922938512160599e+01 3.389967719316482686e+01
-1.070552805224655458e+03 -1.095392657508001776e+03 5.144933331227401396e+01 3.391019364595413066e+01
-9.999657445046717612e+02 -9.999752460846689246e+02 4.159933310044395399e-02 3.392971169948577881e+01
-8.999983004807352245e+02 -8.999989215573423280e+02 1.976628438450060352e-03 3.386768110990524150e+01
-7.996516867477312189e+02 -7.997790989355619331e+02 3.404609966248324238e-01 3.401473804712295390e+01
-6.987689548749865480e+02 -6.993006665346933914e+02 1.099495548415458268e+00 3.399204275608062886e+01
-5.998944303336604662e+02 -5.999114123439303512e+02 7.307646252406316267e-02 3.469619034528732016e+01
-4.997710013171401329e+02 -4.998053253989511404e+02 1.280942403566278920e-01 3.394952324628830098e+01
-3.999969078964327878e+02 -3.999988517912134967e+02 5.130024191572106658e-03 3.402590409517288350e+01
-2.995970119486216277e+02 -2.999294223396758525e+02 4.764706444736807600e-01 3.400950424671172811e+01
-1.995517951782996420e+02 -1.999582908732235182e+02 7.919012038035591061e-01 3.403863705396652506e+01
-9.977877848019990381e+01 -9.985751245099106654e+01 2.454134789321721910e-01 3.396125434637069418e+01
1.020369554079276924e+02 1.006722420346778790e+02 3.812599009632113845e+00 3.398231334686279581e+01
2.003314063865296362e+02 2.002746412730932093e+02 2.196701246510095740e-01 3.421253609657287598e+01
3.006699555119521392e+02 3.001010483438215033e+02 8.598318628925911700e-01 3.396670299768447876e+01
4.011476186555415779e+02 4.010388184121134145e+02 6.928636833245361837e-01 3.398565509319305278e+01
5.000186163981235836e+02 5.000082019736770462e+02 2.180279227463243624e-02 3.386835609674453451e+01
6.000166060038275191e+02 6.000194330699832790e+02 6.816866671244727754e-03 3.393604480028152182e+01
7.018105220126107042e+02 7.014548382996504188e+02 1.065751355078299101e+00 3.409542410373687460e+01
8.002857964173856544e+02 8.001585205139472237e+02 3.342225618728389969e-01 3.409943094253539897e+01
9.074285328203271774e+02 9.024557270752682143e+02 8.255554856756006643e+00 3.410489655733108805e+01
1.002163897420264902e+03 1.000851395364562904e+03 3.479422876264310460e+00 3.486251904964446879e+01
1.101370622893339259e+03 1.100472085560026471e+03 3.548332425471202534e+00 3.483716285228729248e+01
1.200836915595582013e+03 1.200471265651693329e+03 8.002037160093764534e-01 3.487926675081253336e+01
1.323942706389303794e+03 1.319716992152970306e+03 1.859439261057558213e+01 3.485376449823379374e+01
1.400863538169342746e+03 1.400682382774308280e+03 5.114454460027063609e-01 3.425122290849685669e+01
