-1.400000000000000000e+03 -1.399999999999999773e+03 2.096281709166962064e-13 5.500366011023521651e+02
4.145558777283285162e+05 4.483310711441510357e+05 1.381719354055316071e+05 7.995055627942085721e+02
7.063203751831461489e+07 3.547657524404965341e+07 9.877683164948084950e+07 7.880479575514793851e+02
8.774536530982570184e+03 7.898461318780900001e+03 2.622703851024947653e+03 8.044266801476478577e+02
-9.999999995019900325e+02 -9.999999995042771843e+02 1.147097220843402454e-07 7.837190757989883423e+02
-8.817949145164590163e+02 -8.892764488089748056e+02 1.360821788080318129e+01 7.850152073502540588e+02
-7.496057016117729290e+02 -7.525313450402206854e+02 1.778490115960191886e+01 7.517643164992332458e+02
-6.790134877466621219e+02 -6.790018714198542966e+02 8.930146358218367386e-02 6.629323087930679321e+02
-5.796866016019621384e+02 -5.799608895195285641e+02 3.779241519434634267e+00 1.005356617999076889e+03
-4.999424426775368602e+02 -4.999482203232448683e+02 2.540875382538225480e-02 6.224999445915221941e+02
-3.580160020450020397e+02 -3.572168084269887913e+02 8.330151108306417029e+00 5.797400212049484480e+02
-2.361222579810820719e+02 -2.366758786744804297e+02 1.289766313598864755e+01 6.380680131435394742e+02
-5.280504145341659239e+01 -5.505212845336174610e+01 3.667679504651918165e+01 6.602231985926628113e+02
1.680248809564470548e+03 1.733953252669419271e+03 3.655744350624664207e+02 6.134895974993705750e+02
4.363545584399445943e+03 4.252246985425437742e+03 6.373973452874298573e+02 6.411303431510925748e+02
2.007695228999642723e+02 2.006542131469965398e+02 5.791919986302310752e-01 7.600155259490013577e+02
3.734338898432582141e+02 3.728313134904104800e+02 1.900291371328609458e+01 5.785617802023887180e+02
4.678194573993146150e+02 4.674818398212447050e+02 1.501675401339522686e+01 6.755198321938514709e+02
5.035749983603543001e+02 5.032855779252219008e+02 1.042737427476698508e+00 7.937770736932754971e+02
6.140896334609808491e+02 6.150000000000000000e+02 1.292980449096155615e+00 6.639432620048522722e+02
1.003630753301905656e+03 1.000000000000000455e+03 8.115058720449016505e+01 6.562317400932312239e+02
2.694947200797016649e+03 2.656346325646549758e+03 4.638309171267986812e+02 6.611609112977981795e+02
5.037326624235700365e+03 5.138455682335506935e+03 7.251593832896038521e+02 6.721372221589087985e+02
1.259553358800040542e+03 1.260258669945718793e+03 8.296458032976740782e+00 1.027516310799121811e+03
1.368747565323363460e+03 1.369088413620429037e+03 6.625473251011596787e+00 1.026244473350048111e+03
1.508542638375285833e+03 1.541776963405393190e+03 6.288277883979136362e+01 1.029195477449894042e+03
2.118140927082422422e+03 2.116057998865757327e+03 8.645939157533121033e+01 1.034364027452468918e+03
1.700000000000000455e+03 1.700000000000000909e+03 4.161621568010361278e-13 7.136012172579764865e+02
