-1.399999999999999773e+03 -1.399999999999999773e+03 0.000000000000000000e+00 1.665659618496894836e+03
7.540845505176044535e+05 7.123467796830377774e+05 2.034462129134150164e+05 1.978237153601646469e+03
1.543482643622614816e+07 8.578508853151999414e+06 2.067350292377931625e+07 1.874209089708328293e+03
9.302829461227240245e+03 9.271746621452817635e+03 2.129692903854950600e+03 1.971913499045371964e+03
-9.999996359912444177e+02 -9.999996303962176398e+02 2.374561139711629494e-05 1.965705060505867095e+03
-8.562685767474874865e+02 -8.565526684650292282e+02 1.238327087462237408e+00 1.772056915199756531e+03
-7.852391062239161101e+02 -7.874742159586241996e+02 6.799741131601770405e+00 1.748427221548557327e+03
-6.788728994924015296e+02 -6.788553485704844661e+02 5.655644247999803281e-02 1.864729359197616532e+03
-5.332142461953188786e+02 -5.335881033171979198e+02 4.770250433622681641e+00 2.318046437799930573e+03
-4.999571188186700965e+02 -4.999606260956102233e+02 1.659188632076029693e-02 1.699226714551448822e+03
-3.364388132509993170e+02 -3.372945717290101015e+02 9.981918202939574769e+00 1.732108920753002167e+03
-2.419442015421460326e+02 -2.442823305864187944e+02 9.142099941251524697e+00 1.719830166757106781e+03
-8.737094674756558987e+00 -2.384706293473406902e+01 7.088073510761867624e+01 1.867459172105789094e+03
2.200495929078312656e+03 2.197954482654666208e+03 5.146217493280641975e+02 1.672044931852817626e+03
1.348294505812118041e+04 1.371890688278352172e+04 1.536688677669945491e+03 1.698194399702548935e+03
2.030133543470828954e+02 2.030916677572483025e+02 3.442336801045667305e-01 1.925979861593246369e+03
4.080201520038429521e+02 4.072641617379428567e+02 9.614003233835099138e+00 1.666209122955799103e+03
7.141925818329769982e+02 7.859153632808213388e+02 1.309132637458110366e+02 1.734312635540962219e+03
5.047882316396041347e+02 5.046319103383816582e+02 7.523855059103811138e-01 1.968608643305301712e+03
6.202787752024115662e+02 6.202722474975339537e+02 8.747420616778684987e-01 1.898728664350509689e+03
1.642610347181194811e+03 1.828262933976492604e+03 3.713051735905969508e+02 1.711719035398960159e+03
3.441538351853939275e+03 3.462825277475667008e+03 5.781103706928504380e+02 1.800482826495170684e+03
1.277908474723905056e+04 1.433010163583209578e+04 2.853741627295552917e+03 1.724015768504142670e+03
1.278871136494149596e+03 1.273492497789323807e+03 2.395878194752567936e+01 2.394993330609798249e+03
1.400817659896529449e+03 1.400359458648608097e+03 1.129715830646225427e+01 2.397555622148513976e+03
1.647482880390171431e+03 1.655109289449465678e+03 2.476565819450010153e+01 2.415573787605762391e+03
2.628904111786870089e+03 2.585238250912938383e+03 3.967490694647315195e+02 2.403888730609417053e+03
2.845653302355726282e+03 1.800000000000000909e+03 1.425194213378546237e+03 1.939424633896350770e+03
