-1.400000000000000000e+03 -1.400000000000000000e+03 0.000000000000000000e+00 1.679976305007934627e+02
5.569828087980074633e+04 4.746652115833407152e+04 4.089673033374534134e+04 1.873432084560394344e+02
1.915092383780021919e+04 -1.170962433146795320e+03 4.607735457250225591e+04 1.841804343461990356e+02
1.354930571023310767e+04 1.277483796309881291e+04 5.425789332085608294e+03 1.869559316039085388e+02
-9.999999951178431274e+02 -9.999999956869576181e+02 2.877268498771192833e-06 1.854730300068855229e+02
-8.901875770638896483e+02 -8.901875770720755554e+02 8.369881006687323753e-08 1.859588354468345699e+02
-7.986465885865619612e+02 -7.998841570200286242e+02 3.219547981990807717e+00 1.769932884931564274e+02
-6.796315546464148838e+02 -6.796183304077451339e+02 1.173201696201831845e-01 1.796288310408592110e+02
-5.948852345292484642e+02 -5.950134016535214414e+02 2.063337722795533846e+00 2.000562348484992867e+02
-4.998793657032344413e+02 -4.998941475294473094e+02 5.051716541640099978e-02 1.722065737009048405e+02
-3.952739459901525834e+02 -3.960201637716268124e+02 2.572981742057221410e+00 1.718002614021301326e+02
-2.903177244160204395e+02 -2.910453735239794355e+02 3.430251497220063062e+00 1.728946720480918771e+02
-1.814882034405769957e+02 -1.806600250366597891e+02 8.516523637793756762e+00 1.724528056502342110e+02
1.449540844329734739e+02 1.773578736020422184e+02 1.443432001250231735e+02 1.731630081534385681e+02
1.165629799475355185e+03 1.213603334289951817e+03 4.056289885495465342e+02 1.741825830578804073e+02
2.005998292735135635e+02 2.004667071847343323e+02 3.829912458032673217e-01 1.851611714601516780e+02
3.152545122863880351e+02 3.153289039888346679e+02 2.640696772860125385e+00 1.720035053014755135e+02
4.204058684218222197e+02 4.186598360549110112e+02 5.971046580495339207e+00 1.774518049955368042e+02
5.007121872510139156e+02 5.006132215914662993e+02 2.555186245856142513e-01 1.829155908465385494e+02
6.035822088736148316e+02 6.035214547426392073e+02 2.291066748189931890e-01 1.867734852075576839e+02
1.000000000000000227e+03 1.000000000000000227e+03 8.431241539137389743e-14 1.757042961955070552e+02
1.106789681160084456e+03 1.096944279477969076e+03 1.167002882878569778e+02 1.745976536989211922e+02
1.902749232490294844e+03 1.939931070339478538e+03 3.078263596587769939e+02 1.795972036004066581e+02
1.211608342848383927e+03 1.211819066500308736e+03 4.161376827265729439e+00 2.013425838470458871e+02
1.311794040558751931e+03 1.310125432021700817e+03 4.214163247382551880e+00 2.014942503571510315e+02
1.402036874536372579e+03 1.400022569207354991e+03 4.629744940670717313e+01 2.035225322484970150e+02
1.824274833808850872e+03 1.818716893237532076e+03 2.315727635015812069e+01 1.995312442064285392e+02
1.700000000000000000e+03 1.700000000000000455e+03 3.770565843246231236e-13 1.793150495529174862e+02
