-1.400000000000000000e+03 -1.400000000000000000e+03 0.000000000000000000e+00 3.188964621067046892e+02
2.278759885742412007e+05 2.122313230078285851e+05 1.479209401922039106e+05 3.239513148546218986e+02
8.313167058713902533e+07 4.053548132025340199e+07 1.126188133033115864e+08 3.235043670058250314e+02
3.001166143568693587e+04 3.112829781797980104e+04 1.446175841274196137e+04 3.234892055988311768e+02
-9.999999999999023430e+02 -9.999999999999047304e+02 4.835791620098436495e-11 3.216379191040992964e+02
-8.924855317481369639e+02 -8.901874958255639285e+02 3.986057792348134843e+00 3.226130558490752946e+02
-7.235926376432187226e+02 -7.286355014147318343e+02 4.531397476767902077e+01 3.254747072935104484e+02
-6.795829859531205557e+02 -6.796052619873225922e+02 1.033781789144857521e-01 3.212056464552879333e+02
-5.928305238268952735e+02 -5.925497268164275511e+02 1.348015837705015096e+00 3.437627551436424369e+02
-4.982667264118177854e+02 -4.985024145304770968e+02 9.626431654891788314e-01 3.233023405075073242e+02
-3.995522684243080676e+02 -4.000000000000000000e+02 6.655822470350019060e-01 3.222126066446304549e+02
-2.567173274828683134e+02 -2.602017918025570111e+02 1.536842701680716239e+01 3.227526713013648987e+02
-1.336843023235512646e+02 -1.353817482642808727e+02 1.704096072814405360e+01 3.168138996005058061e+02
-2.140252895713943104e+01 -7.301967060659944764e+01 1.083682477970398281e+02 3.205986270546912920e+02
1.424775178971493688e+03 1.490082336608745891e+03 3.017943327945945953e+02 3.207601462006568909e+02
2.007678871979813664e+02 2.006591271989732093e+02 4.201106222046975813e-01 3.295909447908401262e+02
3.090638379408355263e+02 3.105011837208843417e+02 3.578469214249022201e+00 3.213690406441688765e+02
4.462446487576821710e+02 4.414404674675259912e+02 1.965624738392006776e+01 3.242308034420013314e+02
5.005875206692775237e+02 5.006267116736238449e+02 1.965322714162582585e-01 3.228667680978775252e+02
6.039760140750337314e+02 6.038760609337921323e+02 4.596530651400166922e-01 3.238317175030708199e+02
9.900000000000000000e+02 1.000000000000000000e+03 4.358898943540673798e+01 3.231010919570923079e+02
9.587693816138989860e+02 9.411289815288984073e+02 9.793314199135100750e+01 3.237798524975776786e+02
2.424828009390609623e+03 2.398485602993191151e+03 3.345424568701141652e+02 3.240339516043662798e+02
1.223527587536349529e+03 1.223518613203942095e+03 4.603001501350193259e+00 3.450586673498153800e+02
1.322165256461484887e+03 1.321689518665981268e+03 4.915065996487124167e+00 3.448560863494873274e+02
1.430241147663378115e+03 1.400035775789273657e+03 7.724744289582993417e+01 3.459646301507949602e+02
1.891690025228573404e+03 1.880995680294392059e+03 4.538735218699111584e+01 3.451571525931358337e+02
1.827463710416975573e+03 1.700000000000000000e+03 2.276964991603146871e+02 3.264386521935463179e+02
