-1.400000000000000000e+03 -1.399999999999999773e+03 2.096281709166962064e-13 5.330601275444030307e+02
3.557391728172907024e+05 3.468308162388809724e+05 1.235251174002249027e+05 7.092653940558433305e+02
8.811951328170442954e+06 3.833312112810064573e+06 1.228310184781778976e+07 6.587597446918487094e+02
1.305607076808291640e+04 1.209146389836162052e+04 4.393506100070437242e+03 7.056933477520942688e+02
-9.999997002224235985e+02 -9.999996938201072680e+02 2.964491073136278737e-05 7.080901593923568953e+02
-8.860343232649192942e+02 -8.911928590071836425e+02 8.149038068942425994e+00 7.029005266427993774e+02
-7.847820581470041361e+02 -7.882254824315169799e+02 9.954155303173102709e+00 6.937867721557616960e+02
-6.790460809493090437e+02 -6.790503076515382190e+02 5.064857375223122404e-02 6.608954457521438144e+02
-5.607719221748812970e+02 -5.606656812152887142e+02 3.029999723305987214e+00 8.333446483016014099e+02
-4.999594545548833366e+02 -4.999691889049755105e+02 1.924173039288479617e-02 5.583165966987610318e+02
-3.711959564628050998e+02 -3.726386410433917149e+02 7.415434996238660759e+00 5.491899026393890608e+02
-2.579385628020466470e+02 -2.641815193304513514e+02 3.470699841514976214e+01 5.710284596920013200e+02
-9.412743183951094750e+01 -1.057885906240270231e+02 4.228012316229739298e+01 6.430728859543800127e+02
1.671935401306182712e+03 1.655795551524844086e+03 3.614011951851730373e+02 5.566862309455871127e+02
7.853597202927720900e+03 7.933233904494232775e+03 3.632894853410923588e+02 6.675228566527366638e+02
2.029105798770117985e+02 2.028870582629446062e+02 3.354298370433684839e-01 7.128246637463569186e+02
3.580683315786694720e+02 3.570112063772753572e+02 1.224099842612964295e+01 5.488302453994750749e+02
5.749509894894921445e+02 5.960270449368251775e+02 5.842250183853789025e+01 6.593479393005370639e+02
5.026260022875015920e+02 5.025869452550934966e+02 5.365738501513789283e-01 7.046932491421699751e+02
6.137918744898238401e+02 6.150000000000000000e+02 1.733477058630614964e+00 5.776852408051490784e+02
9.600000000000003411e+02 1.000000000000000455e+03 4.898979485566358960e+01 5.873534018993377686e+02
2.378517951792752683e+03 2.315600603789996057e+03 4.609328969280036858e+02 5.747063871026039124e+02
7.470341618825978003e+03 8.500816885127864225e+03 1.850245799285679823e+03 6.658911221504210971e+02
1.250461357912629865e+03 1.244844098253766106e+03 1.322189538926797958e+01 8.657976951956749190e+02
1.357360528248400442e+03 1.358011994330842754e+03 9.574813529239937893e+00 8.588774332523346402e+02
1.506977706801131944e+03 1.541751320606480022e+03 8.095439201300372645e+01 8.683411538004875183e+02
2.410867626168351308e+03 2.514837602883498676e+03 2.072853343238369348e+02 8.673111021995543979e+02
1.700000000000000682e+03 1.700000000000001364e+03 5.283686750145648632e-13 6.114687884569168546e+02
