-1.400000000000000000e+03 -1.399999999999999773e+03 1.833145176601317471e-13 7.308065230011940230e+02
3.492787742481557070e+05 2.996017316804834409e+05 1.657934587633260526e+05 8.813826583504676364e+02
5.902982884286342189e+06 3.596485269135402516e+06 7.074525165638708510e+06 8.253742134094238736e+02
1.831569510170983995e+04 1.544959543814208519e+04 1.067420727364787854e+04 8.799829676985740434e+02
-9.999997275998299529e+02 -9.999997261701460047e+02 3.227510351257935231e-05 8.795513749003409885e+02
-8.856094107379065008e+02 -8.910713291207780458e+02 1.370321204566768003e+01 8.765077924013137363e+02
-7.918813784503297484e+02 -7.941046682583984193e+02 7.374500167890318814e+00 7.908415047049522855e+02
-6.790701850196946907e+02 -6.790630652179183926e+02 4.604572706944988492e-02 8.392937501072883606e+02
-5.624621914632449489e+02 -5.624185299690282136e+02 2.261156346509255233e+00 9.783882194519043196e+02
-4.999598194339284305e+02 -4.999593439064838094e+02 1.963177621391720695e-02 7.522042829036712419e+02
-3.717929341708953643e+02 -3.731361281513860604e+02 8.554748862294493605e+00 7.430057193517684482e+02
-2.568055262608841645e+02 -2.646790114762648045e+02 3.701328612991581934e+01 7.636587751030922391e+02
-9.908548149673958960e+01 -1.023563170016837347e+02 3.012023288967407098e+01 8.277032819509506680e+02
1.547644285382894850e+03 1.493246113412166778e+03 3.100795711749032080e+02 7.536795171499252319e+02
6.864338977849305593e+03 7.472661842276042080e+03 1.337039364518690491e+03 7.394410220980644226e+02
2.024675366534919192e+02 2.023998527345099774e+02 2.868764218973037794e-01 8.218253826975821994e+02
3.584741825505902852e+02 3.601772405249699887e+02 8.873237808194875953e+00 7.400729728460312344e+02
5.489746303255146813e+02 5.927136627170476686e+02 6.719452349692618043e+01 7.818212159037590254e+02
5.028996399490594627e+02 5.027259108066220392e+02 7.706382979543002776e-01 8.799104964017867587e+02
6.128917153410707215e+02 6.121650454354976318e+02 1.986096793329189314e+00 7.996146573424339294e+02
9.993153766509528850e+02 1.000000000000000455e+03 5.957206876931807926e+01 7.842764971494674455e+02
2.251017920570372553e+03 2.359625454653139968e+03 3.954788226724155606e+02 8.189655730009078525e+02
6.778545641536851690e+03 7.992307787060981354e+03 1.851279030179813162e+03 7.809677507996559598e+02
1.248092833715337065e+03 1.244592348428177502e+03 1.193571175923194438e+01 1.023363239896297500e+03
1.356070097793573950e+03 1.354644077596317857e+03 1.177993007794783153e+01 1.022624263298511551e+03
1.525527902665444344e+03 1.550598751641444323e+03 7.662020966558085888e+01 1.023614347147941544e+03
2.240602391611987059e+03 2.256857111953330786e+03 1.928862302708110121e+02 1.029318105852603821e+03
1.700000000000000455e+03 1.700000000000000455e+03 2.592458770548405599e-13 8.057983566045761563e+02
