-1.400000000000000000e+03 -1.400000000000000000e+03 0.000000000000000000e+00 5.427646105289458944e+01
9.396290087284153287e+02 -5.940562657294084374e+02 3.061651436090328843e+03 5.470336110591888712e+01
-1.200000000000000000e+03 -1.200000000000000000e+03 0.000000000000000000e+00 5.423619434833526753e+01
-1.100000000000000000e+03 -1.100000000000000000e+03 0.000000000000000000e+00 5.432825045585632040e+01
-9.999999999999924967e+02 -9.999999999999970441e+02 1.005257822601399070e-11 5.437690910100936748e+01
-8.999999999999996589e+02 -8.999999999999998863e+02 5.320252492673530354e-13 5.442576315402984477e+01
-8.000000000000000000e+02 -8.000000000000000000e+02 0.000000000000000000e+00 5.450375349521637247e+01
-6.930104438627553236e+02 -7.000000000000000000e+02 9.525267933446240676e+00 5.438723230361938477e+01
-5.997622801919549147e+02 -6.000000000000000000e+02 3.668327318788975888e-01 5.543083465099334717e+01
-4.999747231329859574e+02 -4.999901353279390150e+02 2.724782966797159589e-02 5.439028120040893555e+01
-3.999005040942906817e+02 -4.000000000000000000e+02 2.984877171279891050e-01 5.447626523971557333e+01
-2.996517643300173859e+02 -3.000000000000000000e+02 4.745652241830684570e-01 5.450266469717026041e+01
-1.996169839936863752e+02 -2.000000000000000000e+02 9.516063185281151693e-01 5.449847375154494955e+01
-9.734593900718104464e+01 -9.968782674401859367e+01 7.949900677711330133e+00 5.437982859611511088e+01
1.267666482511338444e+02 1.006243465119628127e+02 4.218964416619062519e+01 5.435452739000320577e+01
2.001111815583548719e+02 2.000000000000002274e+02 2.967408589437435795e-01 5.481128174066543579e+01
3.010630490427602126e+02 3.012547910167320424e+02 9.931165386318971944e-01 5.444979000091552734e+01
4.020230323458655448e+02 4.021195838307680788e+02 6.014038240850868577e-01 5.446422469615936279e+01
5.000074026564237215e+02 5.000000000000000000e+02 8.755206720877335008e-03 5.431975314617157125e+01
6.000184602287674807e+02 6.000194318197550274e+02 4.235066930063083844e-03 5.432519074678420878e+01
7.500000000000000000e+02 7.500000000000000000e+02 5.000000000000002132e+01 5.462648110389709188e+01
8.369052077154113931e+02 8.000000000000000000e+02 7.763472979611361779e+01 5.456837120056152202e+01
9.784778298698772687e+02 9.161321100093624636e+02 9.476636856675477816e+01 5.458943049907684042e+01
1.001261609120384151e+03 1.000000000000000000e+03 4.165760726625252985e+00 5.563718724250793457e+01
1.105000000000000000e+03 1.100000000000000000e+03 2.179449471770336899e+01 5.563382140398025655e+01
1.200324273481956880e+03 1.200080948985142413e+03 3.786981940188278162e-01 5.569402090311050557e+01
1.361593643192543823e+03 1.400000000000000000e+03 5.489300363583544851e+01 5.570382649898529337e+01
1.415000000000000000e+03 1.400000000000000000e+03 3.570714214271424680e+01 5.472904270887374878e+01
