-1.400000000000000000e+03 -1.400000000000000000e+03 0.000000000000000000e+00 2.618178009986877441e+01
4.978688737472521098e+03 4.068862035498475507e+03 5.265328400299197710e+03 2.623631690740585398e+01
-1.200000000000000000e+03 -1.200000000000000000e+03 0.000000000000000000e+00 2.613608270883560181e+01
-1.100000000000000000e+03 -1.100000000000000000e+03 0.000000000000000000e+00 2.618106579780578613e+01
-9.999999999999879492e+02 -9.999999999999986358e+02 2.019789935496996873e-11 2.623187489509582448e+01
-8.999999997956907691e+02 -8.999999999997934310e+02 7.132348247980387788e-07 2.611534734964370585e+01
-7.999989563751032620e+02 -8.000000000000000000e+02 3.576328917943330001e-03 2.620867074728012014e+01
-6.879994297533536383e+02 -6.799999504252020870e+02 9.798424645389374632e+00 2.613197596073150564e+01
-5.997726037458226074e+02 -6.000000000000000000e+02 3.639060679141744026e-01 2.696785885095596313e+01
-4.998683100784965063e+02 -4.998828631795763613e+02 9.506305382318375186e-02 2.622581574916839742e+01
-3.999502520471453408e+02 -4.000000000000000000e+02 2.168462991415098517e-01 2.628961105346679616e+01
-2.985573098709966757e+02 -2.990050409429067031e+02 1.277078070871144222e+00 2.632459434270858623e+01
-1.990228375920655139e+02 -2.000000000000000000e+02 1.228266483544308008e+00 2.630966459512710642e+01
-9.603399934792564352e+01 -9.968782674401859367e+01 1.297033993386019013e+01 2.617456179857254028e+01
1.527221513170293861e+02 1.335144403683643759e+02 4.846500746463972575e+01 2.614016034603118754e+01
2.002048087166217840e+02 2.000033859723204444e+02 3.193415736783440928e-01 2.639319249391555644e+01
3.014367878351771992e+02 3.020225124902920015e+02 9.234753144812549719e-01 2.624450625181198049e+01
4.016790490485832947e+02 4.021089064586085442e+02 1.037342121727354627e+00 2.625556014776229929e+01
5.000305406521729310e+02 5.000148248891819094e+02 4.112423863537607166e-02 2.620207445621490550e+01
6.000194318197552548e+02 6.000194318197550274e+02 2.273736754432320595e-13 2.621921215057373189e+01
7.550000000000000000e+02 8.000000000000000000e+02 4.974937185533099182e+01 2.623225475549697805e+01
8.050000000000000000e+02 8.000000000000000000e+02 2.179449471770336544e+01 2.623615394830703806e+01
1.064393949557308815e+03 1.032693566029391832e+03 1.077971992001402128e+02 2.626389739513397359e+01
1.005757338776958363e+03 1.000000000000000000e+03 1.191918152478139525e+01 2.711501024961471629e+01
1.117013916852901730e+03 1.100000000000000000e+03 3.618191251103087325e+01 2.713896490335464406e+01
1.201756972413010317e+03 1.200080948985142413e+03 6.453175861915055656e+00 2.727306320667266704e+01
1.366844580857243727e+03 1.400000000000000000e+03 5.570740946961701923e+01 2.719785369634628225e+01
1.460000000000000000e+03 1.500000000000000000e+03 4.898979485566356118e+01 2.905992809534073018e+01
