-1.399999999999999773e+03 -1.399999999999999773e+03 5.084229945850414966e-14 8.236386804938316573e+02
7.501506073103013914e+05 8.554310991768107051e+05 3.141016580537078553e+05 1.017626238453388169e+03
1.986900432504035830e+08 9.207032615960404277e+07 2.552740685358263254e+08 1.006701381242275261e+03
1.585466954058191623e+05 1.491827787778032653e+05 5.295523626251000678e+04 9.466832852005958330e+02
-9.999993426872788405e+02 -9.999993346918890893e+02 4.767743652725186387e-05 1.017672541952133201e+03
-8.789434491895648307e+02 -8.855490199997664149e+02 1.320877790008556829e+01 1.012635679304599762e+03
-6.562633664363869457e+02 -6.663413549251183667e+02 3.340515940610143986e+01 9.881569978475570224e+02
-6.790222437898910357e+02 -6.790248863624276510e+02 4.132389721735905963e-02 9.195088607549666904e+02
-5.587769853105285165e+02 -5.575042990750262106e+02 5.561270774326664501e+00 1.091611456000804992e+03
-4.995102838273704151e+02 -4.995365240420487680e+02 2.058253508749888216e-01 8.455095438003539812e+02
-3.119008134287220173e+02 -3.144339032976352541e+02 2.040658932385729329e+01 8.377828848481178738e+02
-1.490492903018392497e+02 -1.985144816705462745e+02 8.059769928119943927e+01 8.879656464457511902e+02
3.095070275855290376e+01 3.380409915038029567e+01 3.322596451768812642e+01 9.237006805896759261e+02
2.041862155779764635e+03 2.008962973227618932e+03 3.385127232213313846e+02 8.860045521974564053e+02
8.036771405492208942e+03 8.161002127071409632e+03 3.891209293963451046e+02 9.274953514456749417e+02
2.032353345270728937e+02 2.032569921479763195e+02 5.415607440397346428e-01 9.781245140433311462e+02
3.836732249041345426e+02 3.769674315722994038e+02 1.777974774870916974e+01 9.028482890486717451e+02
6.311362059701643830e+02 6.411085073338132361e+02 5.009253973250514491e+01 9.319511136412620544e+02
5.035480664121522523e+02 5.033262152437293935e+02 9.901294117457997146e-01 1.017973653900623276e+03
6.147696131337607994e+02 6.150000000000000000e+02 5.771140504984645370e-01 8.402142558574676059e+02
9.621576883254796257e+02 1.000000000000003070e+03 6.397350616013945057e+01 8.928597720503806840e+02
3.372147168566593791e+03 3.494197294600145142e+03 5.256291346505385036e+02 8.738047475457191240e+02
8.631186794372468285e+03 9.026731485052603603e+03 1.497069864735844021e+03 9.493018069982529141e+02
1.275548233082258321e+03 1.274148476408889564e+03 1.399672064807111660e+01 1.160462542247772262e+03
1.382720935919266140e+03 1.379941282350991742e+03 1.148462022770307378e+01 1.153518689846992402e+03
1.562678357440574700e+03 1.583522950202157972e+03 7.009955709615546482e+01 1.135342458951473191e+03
2.552034889458190264e+03 2.610618648576773012e+03 1.893508426102443138e+02 1.139503086149692535e+03
1.700000000000007276e+03 1.700000000000007276e+03 9.924020943251523408e-13 9.623552451491356123e+02
