-1.400000000000000000e+03 -1.400000000000000000e+03 5.084229945850415345e-13 6.585703544616698935e+01
2.205435847102537991e+03 4.303386242561816744e+02 3.769063610220935061e+03 6.600395159721374228e+01
-1.200000000000000000e+03 -1.200000000000000000e+03 4.067383956680331973e-13 6.585544029474257854e+01
-1.099999999999999773e+03 -1.100000000000000000e+03 4.603966029052704514e-13 6.589529579877853394e+01
-9.999999984312796641e+02 -9.999999999990128572e+02 3.973924975735412473e-06 6.578761540651321127e+01
-9.000000000000000000e+02 -9.000000000000000000e+02 0.000000000000000000e+00 6.588443864583969400e+01
-7.999999991518081970e+02 -7.999999996532658315e+02 2.257303922321261395e-06 6.595514605045318035e+01
-6.919998777266457637e+02 -6.999999982422298217e+02 9.798107618303221855e+00 6.577851095199585529e+01
-5.998874985959895412e+02 -5.999999879543456700e+02 2.677676706131189022e-01 6.664022750854492472e+01
-4.999848346679208362e+02 -4.999913696437888575e+02 1.970232060874307564e-02 6.589828954935073568e+01
-3.999999999999996589e+02 -4.000000000000000000e+02 8.311588647499884319e-13 6.595796120166778564e+01
-2.999005040942903406e+02 -3.000000000000000000e+02 2.984877171278858543e-01 6.597244945764541058e+01
-1.999999999999987779e+02 -2.000000000000000000e+02 3.572140802268639585e-12 6.596563270092011066e+01
-9.981269604560415587e+01 -9.999999999207830115e+01 2.293995559098245540e-01 6.585498195886611938e+01
1.093423760557758726e+02 1.003121732559817474e+02 1.755284921812274845e+01 6.590255415439605713e+01
2.000720395809167371e+02 2.000000006032282727e+02 1.500316842351379354e-01 6.609228504896164225e+01
3.016775176984397717e+02 3.020196068564500820e+02 7.340551049083920976e-01 6.584769854545592693e+01
4.013578333293449418e+02 4.020119052827499786e+02 9.329734798272354412e-01 6.593653548955917643e+01
5.000034526352189346e+02 5.000000000000000000e+02 1.136579756852258705e-02 6.589273829460144327e+01
6.000087443188914449e+02 6.000000000000150067e+02 9.667208266818556883e-03 6.589429100751877399e+01
7.050000159022913522e+02 7.000000015494059653e+02 2.179449123245014164e+01 6.601985344886779217e+01
8.000000011748614952e+02 8.000000000364361767e+02 3.303491250813005124e-06 6.599957765340805338e+01
9.863482252186211099e+02 9.000000005226828534e+02 1.115555875134528776e+02 6.594794535636901855e+01
1.000000000254811084e+03 1.000000000062632807e+03 4.962397298041091539e-07 6.680210205316544148e+01
1.105000000801780288e+03 1.100000000356515102e+03 2.179449453515861990e+01 6.679389040470123007e+01
1.200115359089824324e+03 1.200080948985144460e+03 1.638724641274201255e-01 6.685106730461120605e+01
1.355823055668673078e+03 1.400000000002516117e+03 4.996325503232712606e+01 6.682417675256729694e+01
1.400000004420678124e+03 1.400000000957123575e+03 1.039745549593791958e-05 6.609042605161667439e+01
