-1.399999436879407540e+03 -1.399999692761058668e+03 7.085169926473169552e-04 5.343304704427718832e+01
-9.726495247683440084e+02 -1.277813754441488754e+03 6.173151253708185777e+02 5.360916420221328593e+01
-1.199720558157027426e+03 -1.199964827502282787e+03 6.394327697278792133e-01 5.324123780727386190e+01
-1.099767506411977138e+03 -1.099899108838852953e+03 3.273374467999421444e-01 5.340660334825516031e+01
-9.999956759964350113e+02 -9.999967471683553413e+02 3.230853428154374478e-03 5.354522249698639058e+01
-8.999999979202123086e+02 -8.999999982497058681e+02 2.122426442128521783e-06 5.351901119947433472e+01
-7.999597420670381780e+02 -7.999656868050890353e+02 2.709466415826806279e-02 5.366802909374236918e+01
-6.968953864353986773e+02 -6.999137847315582803e+02 7.098918859833024619e+00 5.358316599130630209e+01
-5.998236649581373285e+02 -5.999703530406567324e+02 2.968007325003189645e-01 5.468332399129867838e+01
-4.999805849791032415e+02 -4.999842375736882332e+02 1.146750720396948718e-02 5.355334324836731241e+01
-3.999988908168587614e+02 -3.999994038356160218e+02 1.019138064632593276e-03 5.368613475561141968e+01
-2.999988764230565153e+02 -2.999989071325386476e+02 1.079486050649651517e-03 5.367341774702072144e+01
-1.999989801374362628e+02 -1.999992970418772131e+02 1.193192573999289326e-03 5.366340769529342936e+01
-9.992936797510064650e+01 -9.998501962900786566e+01 1.113057406546176242e-01 5.358602979183196879e+01
1.002456212108505866e+02 1.003310077704763899e+02 2.027257248805684753e-01 5.358231980800628946e+01
2.002507361740938165e+02 2.002070046088340973e+02 1.846543229058670577e-01 5.374996454715729044e+01
3.005907684822515762e+02 3.000256330167903798e+02 8.812514937524209557e-01 5.360997254848480509e+01
4.009550495164402264e+02 4.001071316654824273e+02 9.837306652239240501e-01 5.362971971035003804e+01
5.000000007396682804e+02 5.000000000179651352e+02 2.838844100835855631e-06 5.352230495214462280e+01
6.000050709102982864e+02 6.000020820233786480e+02 6.053323387514606552e-03 5.358246624469757080e+01
7.007706515762034769e+02 7.006764357606089106e+02 5.050192439938113731e-01 5.379970450401306437e+01
8.000669173889697277e+02 8.000560809909595719e+02 7.531701819737664227e-02 5.376093599796295308e+01
9.200660496282182521e+02 9.000493572616728670e+02 3.999043028002135713e+01 5.378252860307693339e+01
1.000020357355767032e+03 1.000015532056552729e+03 1.523535992282068312e-02 5.499436640739440918e+01
1.100087171936192362e+03 1.100057184152792161e+03 7.329412746328650696e-02 5.499167025089263916e+01
1.200069439933757167e+03 1.200013739860196893e+03 1.212748117652842766e-01 5.509919279813766479e+01
1.336478015165881061e+03 1.303461668458421173e+03 4.665385795084891640e+01 5.507667870521545694e+01
1.400357514589286211e+03 1.400260305924850172e+03 1.754267202198741271e-01 5.401907205581665039e+01
