-1.400000000000000000e+03 -1.400000000000000000e+03 0.000000000000000000e+00 6.511016504764556601e+01
5.032914283090684876e+03 3.574543312166052601e+03 4.983213993055753235e+03 6.519981709718703655e+01
-1.200000000000000000e+03 -1.200000000000000000e+03 0.000000000000000000e+00 6.513316709995270060e+01
-1.100000000000000000e+03 -1.100000000000000000e+03 0.000000000000000000e+00 6.512279704809188274e+01
-9.999999999999238298e+02 -9.999999999999758984e+02 1.027411263248287368e-10 6.515191500186919882e+01
-8.999862107063433996e+02 -8.999903222275065673e+02 2.144521266452312919e-02 6.513214944601058676e+01
-7.943074658404086676e+02 -7.998725429154060294e+02 1.121089248319347398e+01 6.518684620857239054e+01
-6.859417022830951964e+02 -6.799974784692351477e+02 9.054720975089830759e+00 6.516475939750671387e+01
-5.993018371734641505e+02 -5.991288766291830825e+02 4.964614711175384665e-01 6.584016100168227581e+01
-4.975470614450772473e+02 -4.980394089251441301e+02 2.527759284063189504e+00 6.521963990926742838e+01
-3.998010081885813634e+02 -4.000000000000000000e+02 3.979836228373188067e-01 6.527432450056076618e+01
-2.962191621390260252e+02 -2.970151253476296915e+02 4.012028688694056378e+00 6.527255070209503174e+01
-1.961229743373295946e+02 -1.971206152715606379e+02 3.970510969062452933e+00 6.524141200780869099e+01
-8.215968953547175602e+01 -9.937565348803713050e+01 2.920544573674894551e+01 6.515828680992126465e+01
2.161507500065657155e+02 2.203873852026852092e+02 8.333387134669970919e+01 6.509075975418090820e+01
2.013583986559809489e+02 2.010959551136638197e+02 9.164432173836283280e-01 6.533558670282363323e+01
3.020287371098811491e+02 3.020824150846437988e+02 4.772955867571506139e-01 6.519348170757294270e+01
4.033148475217329292e+02 4.024756199988947856e+02 2.929690819391030931e+00 6.522275439500808147e+01
5.000753752322683567e+02 5.000319551872795500e+02 8.503903705229261256e-02 6.516850290298461346e+01
6.001371866029791136e+02 6.000744481502149483e+02 1.428257981285217249e-01 6.519060704708098797e+01
7.950000000000000000e+02 8.000000000000000000e+02 5.894913061275798327e+01 6.522276954650878622e+01
8.899360273829659036e+02 8.372746315493869815e+02 1.107111094665335571e+02 6.521595504283905598e+01
1.120228238694380934e+03 1.182490187298198634e+03 1.294423118201716534e+02 6.518796790838241861e+01
1.053081564617763888e+03 1.051160095071993055e+03 4.164454658822285893e+01 6.597487304210662273e+01
1.151389044579451365e+03 1.144061871115275153e+03 4.768037850032013836e+01 6.596339110136031536e+01
1.233662477761632772e+03 1.200916606553979364e+03 4.213210032725967835e+01 6.603440210819243816e+01
1.443407986132520364e+03 1.443091603126035807e+03 6.527756533062718347e+01 6.599288445711135864e+01
1.465000000000000000e+03 1.500000000000000000e+03 4.769696007084728251e+01 6.953927495479584309e+01
