-1.400000000000000000e+03 -1.400000000000000000e+03 0.000000000000000000e+00 5.841836534738540365e+01
2.104672881502488508e+03 5.750022345589994757e+02 3.449004017847901196e+03 5.859151535034179403e+01
-1.200000000000000000e+03 -1.200000000000000000e+03 0.000000000000000000e+00 5.845714434385299541e+01
-1.100000000000000000e+03 -1.100000000000000000e+03 0.000000000000000000e+00 5.848535940647125386e+01
-9.999999999962410584e+02 -9.999999999996468887e+02 4.976702559461051938e-09 5.847113429307937338e+01
-9.000000000000000000e+02 -9.000000000000000000e+02 0.000000000000000000e+00 5.845777329206466533e+01
-7.999999998855757894e+02 -7.999999999521687641e+02 1.573235365039089769e-07 5.846967414617538594e+01
-6.919999104442382531e+02 -6.999999999330158289e+02 9.798068617815467007e+00 5.845193374156951904e+01
-5.999999983630204952e+02 -5.999999998292612418e+02 4.148628317754434977e-06 5.913130730390548706e+01
-4.999853279017530667e+02 -4.999901353279390150e+02 1.540953284425207633e-02 5.845546274185180380e+01
-4.000000000000000000e+02 -4.000000000000000000e+02 1.271057486462603742e-14 5.854997060298919820e+01
-2.998507561414360225e+02 -3.000000000000000000e+02 3.552714447781128992e-01 5.855571625232696675e+01
-1.998972022548812788e+02 -2.000000000000000000e+02 4.480849825959298816e-01 5.854710539579391337e+01
-9.984391337200923999e+01 -9.999999999999977263e+01 1.846841888536075449e-01 5.846793819665909098e+01
1.227624406261708856e+02 1.003121732559815769e+02 3.640093558525710193e+01 5.844483015537262105e+01
2.000823170532628126e+02 2.000000001721169838e+02 2.106797120927448308e-01 5.867127100229263448e+01
3.014202931725995995e+02 3.020196068559067726e+02 9.277153925885732733e-01 5.846685434579849527e+01
4.013783414664414977e+02 4.020209128859915495e+02 9.641101946045207427e-01 5.849313440322875834e+01
5.000128240736744374e+02 5.000098646720609850e+02 1.531408922805844661e-02 5.849608139991759970e+01
6.000136022738286101e+02 6.000194318197550274e+02 8.904778491815127164e-03 5.849499055147170878e+01
7.300000002238737125e+02 7.000000001905011686e+02 4.582575681130039413e+01 5.856089864969253256e+01
8.081321407457739951e+02 8.000000000027399665e+02 2.510128277634074223e+01 5.856373350620269491e+01
1.000020017556676066e+03 9.500000000766108315e+02 1.169121996545801068e+02 5.855689799785614014e+01
1.000000000004006893e+03 1.000000000001323883e+03 5.253303154817002562e-09 5.923352670669555664e+01
1.105000000035432549e+03 1.100000000005758920e+03 2.179449470957869295e+01 5.922574290037155009e+01
1.200232823930641871e+03 1.200080948985144005e+03 2.824295084568470560e-01 5.929845024347305582e+01
1.336974392354844895e+03 1.303018053901772873e+03 4.857960966175841122e+01 5.928551599979400777e+01
1.400000000182671556e+03 1.400000000038336566e+03 5.926383897988348378e-07 5.863931145668029643e+01
