-1.400000000000000000e+03 -1.400000000000000000e+03 0.000000000000000000e+00 6.305281665325164653e+01
1.927564524460486837e+03 1.421542456333432938e+03 3.478803006576767984e+03 6.317292784452438070e+01
-1.200000000000000000e+03 -1.200000000000000000e+03 0.000000000000000000e+00 6.305909035205841207e+01
-1.100000000000000000e+03 -1.100000000000000000e+03 0.000000000000000000e+00 6.311348999738693522e+01
-9.999999999999878355e+02 -9.999999999999918145e+02 1.671532900887104986e-11 6.316210809946060323e+01
-8.999999999999996589e+02 -9.000000000000000000e+02 6.042538309847401467e-13 6.312514445781707906e+01
-7.999999741735576890e+02 -8.000000000000000000e+02 6.842680347551605841e-05 6.313695565462112569e+01
-6.939997068747171625e+02 -7.000000000000000000e+02 9.165599160461578521e+00 6.310112295150756978e+01
-5.997247846597646230e+02 -6.000000000000000000e+02 3.787502811860537499e-01 6.408664915561675457e+01
-4.999461200191631178e+02 -4.999704158387879147e+02 6.321602785523851298e-02 6.314827724695205546e+01
-4.000000000000000000e+02 -4.000000000000000000e+02 0.000000000000000000e+00 6.329226649999618814e+01
-2.991045371005070024e+02 -2.990050409429067031e+02 1.085371245245113192e+00 6.326789655685424663e+01
-1.995064660369188232e+02 -2.000000000000000000e+02 1.004094081638425617e+00 6.326068570613860942e+01
-9.978147872081301273e+01 -9.968782674401859367e+01 2.229362964896399735e-01 6.314284764528274252e+01
1.321739234686545785e+02 1.003121732559814063e+02 4.989600623567189075e+01 6.313124269247055054e+01
2.000351008692649373e+02 2.000000000000002274e+02 1.530011419337018730e-01 6.343129459619522237e+01
3.016325145651179014e+02 3.020196854182017319e+02 8.141925779896082016e-01 6.319002184867859029e+01
4.017690189010271524e+02 4.020970528438928113e+02 8.331770173600647755e-01 6.322981209754944132e+01
5.000174314495252474e+02 5.000000000000000000e+02 3.683463987685244717e-02 6.313578239679336690e+01
6.000210470888503096e+02 6.000194318197550274e+02 1.938013651336537718e-02 6.315025804042816304e+01
7.700000000000007958e+02 8.000000000000000000e+02 4.582575694955780676e+01 6.327828990221023275e+01
8.150000000000000000e+02 8.000000000000000000e+02 3.570714214271428233e+01 6.328674874305725240e+01
1.070369603013691176e+03 1.182490187297472858e+03 1.279241440254802598e+02 6.328250340223312520e+01
1.011621262629317812e+03 1.000000000000000000e+03 3.147498947054846141e+01 6.420393465757369711e+01
1.115416046315530593e+03 1.100000000000000000e+03 3.670539094561068794e+01 6.423342925310134888e+01
1.202950680496222958e+03 1.200435134724740237e+03 7.213280336876486842e+00 6.433750694990158081e+01
1.363815299449103350e+03 1.400000000000000000e+03 5.504067761806462045e+01 6.427770814895629314e+01
1.425000000000000000e+03 1.400000000000000000e+03 4.330127018922200932e+01 6.344304620027541830e+01
