-1.400000000000000000e+03 -1.400000000000000000e+03 0.000000000000000000e+00 2.768243429660797261e+01
4.302025360065190398e+03 4.240220545406871679e+03 5.234886060527125665e+03 2.767203074693679810e+01
-1.200000000000000000e+03 -1.200000000000000000e+03 0.000000000000000000e+00 2.765025619268417501e+01
-1.100000000000000000e+03 -1.100000000000000000e+03 0.000000000000000000e+00 2.770248119831085276e+01
-9.999999999999545253e+02 -9.999999999999760121e+02 5.098806509938932185e-11 2.775184079408645488e+01
-8.999749985835911730e+02 -8.999994096583709506e+02 7.559222987920430348e-02 2.750540720224380564e+01
-7.979522974401941156e+02 -7.999993938614443323e+02 5.839696211363524903e+00 2.775381389856338643e+01
-6.878207571848645330e+02 -6.799998843129767465e+02 9.608625779726768457e+00 2.763117420673370361e+01
-5.996247032637062375e+02 -5.998187256205324047e+02 4.016600457788092604e-01 2.838366450071334768e+01
-4.996976601319522047e+02 -4.998841024231376196e+02 3.703069286369452540e-01 2.767623078823089600e+01
-4.000000000000000000e+02 -4.000000000000000000e+02 0.000000000000000000e+00 2.784221799373626638e+01
-2.982090742010140616e+02 -2.980100818858134062e+02 1.202212268685267871e+00 2.783347915410995554e+01
-1.980933446093233954e+02 -1.980100818858134062e+02 2.140266562323963395e+00 2.780819514989853047e+01
-9.216823130887384252e+01 -9.968782674401859367e+01 2.943956694626723092e+01 2.767854980230331563e+01
1.614024629054057982e+02 1.581923672735651394e+02 5.726617289931894561e+01 2.764030760526657104e+01
2.006662337462103096e+02 2.003356640397980186e+02 7.249134907851197962e-01 2.789130874872207499e+01
3.019364852957068024e+02 3.020261251853318072e+02 4.423665069111413217e-01 2.773539639711379934e+01
4.020327128944507535e+02 4.022070858794976971e+02 9.399130501523071946e-01 2.773103874921798706e+01
5.000438013979162974e+02 5.000197293441220268e+02 4.828115486743381202e-02 2.767482814788818501e+01
6.000174886377797066e+02 6.000194318197550274e+02 5.829545926508217582e-03 2.776076669692993093e+01
7.800000000000000000e+02 8.000000000000000000e+02 4.000000000000004263e+01 2.776181420087814189e+01
8.443227855874760053e+02 8.000000000000020464e+02 6.516036479189213537e+01 2.774755239486694336e+01
1.038753592576074425e+03 1.011671382546683617e+03 1.176342927847297659e+02 2.776921800374984883e+01
1.019048896597267571e+03 1.010972470594257629e+03 2.608914681429571658e+01 2.851018375158309937e+01
1.154064709890802533e+03 1.171464041693412582e+03 4.822094489933556360e+01 2.852428669929504323e+01
1.218140709628104787e+03 1.200675870639359346e+03 3.110765227143478384e+01 2.862562260627746724e+01
1.400379259234374103e+03 1.410466463650343485e+03 4.362628506167330045e+01 2.857692319154739380e+01
1.470000000000000227e+03 1.500000000000000000e+03 4.582575694955811940e+01 2.793817030191421580e+01
