-1.399999999999999773e+03 -1.399999999999999773e+03 1.136868377216160297e-13 6.669275234937667847e+02
3.627719074030548800e+05 3.637976701441566693e+05 1.277828542641921958e+05 8.047931017518043291e+02
5.203065487338442355e+06 1.125270030999440642e+05 9.881724910226862878e+06 7.814953837513924100e+02
1.693229231141184937e+04 1.387078696472131924e+04 1.244691715560573721e+04 8.028878430008887790e+02
-9.999997160709051514e+02 -9.999997056654235621e+02 3.390643358950219661e-05 8.040353229403496016e+02
-8.913926821175889472e+02 -8.913186409842599005e+02 3.172593528409175523e-01 8.020339381456375349e+02
-7.928796829774248636e+02 -7.942913771652040396e+02 6.387377868559795502e+00 7.561851001977920532e+02
-6.790812792308900043e+02 -6.790722492084303212e+02 7.850093564443089145e-02 7.621491933941840671e+02
-5.617435276975317038e+02 -5.607698830143019677e+02 3.277295603452860195e+00 9.267642806529999007e+02
-4.999688165146455390e+02 -4.999716489209954489e+02 1.634284340618981021e-02 6.835999932527541887e+02
-3.716966610837735061e+02 -3.731361205719383634e+02 6.354963822311599841e+00 6.812481040477753140e+02
-2.518786840910062779e+02 -2.631865552128198829e+02 4.305675184031258595e+01 7.038651144504547119e+02
-1.112146524676885093e+02 -1.083179527187076019e+02 3.382343008447632826e+01 7.512719459533691406e+02
1.495560195912222980e+03 1.543411380657738846e+03 3.451437692600141531e+02 7.375338037490844272e+02
7.391208410389508572e+03 7.553830619850679795e+03 8.158625660638548425e+02 7.415482474923134077e+02
2.026680868806001286e+02 2.027024396552773169e+02 3.053180286392682130e-01 7.818432355523109436e+02
3.607433513456307423e+02 3.582150487821002116e+02 8.708066378645922256e+00 6.742427164435387112e+02
5.902257174668760626e+02 6.065852430393914574e+02 4.304357697055844767e+01 7.347660171508789517e+02
5.028518840516406385e+02 5.026914680638726622e+02 5.632990749189404900e-01 8.039843064069748380e+02
6.126660823505046665e+02 6.121546295191187710e+02 1.611178094740197464e+00 7.509073569059371493e+02
9.821576883254765562e+02 1.000000000000000455e+03 5.662421705774276859e+01 7.124032397389412381e+02
2.658490090465667436e+03 2.510328750691759524e+03 5.940030147392895969e+02 7.752137430429459073e+02
7.178608718321096603e+03 8.303722347157126933e+03 1.963269117214213793e+03 7.623045466542243958e+02
1.246495907679620814e+03 1.241137530832369521e+03 1.711045696951247308e+01 9.731667973995208740e+02
1.357641738685231985e+03 1.356609706852226509e+03 1.189112330727086331e+01 9.714140774011611938e+02
1.540216582363632142e+03 1.576064372417141840e+03 7.286246025464816967e+01 9.791422338962554477e+02
2.306512746397746923e+03 2.397158402191868845e+03 2.345825529775030986e+02 9.716047900915145874e+02
1.700000000000000455e+03 1.700000000000000909e+03 3.666290353202634943e-13 7.330799940466880571e+02
