-1.399999999999975671e+03 -1.399999999999996362e+03 4.774110869919772364e-11 2.322745205163955617e+01
1.117424172934679518e+03 -3.657620659522503956e+02 2.668913620455359705e+03 2.349971970319747783e+01
-1.199999999999555712e+03 -1.199999999999999773e+03 1.894936704592413554e-09 2.318374829292297434e+01
-1.099999999999972033e+03 -1.099999999999999545e+03 7.787853755726529299e-11 2.327855684757232524e+01
-9.999999990939002146e+02 -9.999999995217767719e+02 1.188253841484601816e-06 2.329625515937805247e+01
-8.999999999999996589e+02 -9.000000000000000000e+02 1.580410614048769760e-12 2.328905440568923879e+01
-7.999999889609432557e+02 -7.999999964103640195e+02 1.211568878937716152e-05 2.336835114955902171e+01
-6.939999100978330944e+02 -6.999999921953603916e+02 9.165278727796907887e+00 2.326826905012130808e+01
-5.998372172178806068e+02 -5.999999403006924013e+02 3.291606717485494049e-01 2.415770754814148091e+01
-4.999901368006038069e+02 -4.999926039526698105e+02 7.875845239300356682e-03 2.334253189563751363e+01
-3.999999999999701572e+02 -3.999999999999928946e+02 9.451611587765924491e-11 2.338840190172195577e+01
-2.998507561413428562e+02 -2.999999999999901661e+02 3.552714447926266228e-01 2.344045654535293721e+01
-1.999999999999609201e+02 -1.999999999999970157e+02 6.909382069339009275e-11 2.343101189136505269e+01
-9.903726968618346405e+01 -9.999999998513271748e+01 3.626617241304388450e+00 2.333687820434570170e+01
1.019722866266850332e+02 1.003121732561398289e+02 4.983518744620893060e+00 2.337429114580154277e+01
2.001348547829852578e+02 2.000000340392626299e+02 2.909001573676006647e-01 2.360302654504776143e+01
3.012645747976075654e+02 3.020196068560089770e+02 9.507751546678627763e-01 2.333202610015869283e+01
4.011765635496562936e+02 4.020028016568960538e+02 9.941292175047206081e-01 2.339388140439987041e+01
5.000049323360424864e+02 5.000000000000000000e+02 1.479700812732289913e-02 2.337366030216217183e+01
6.000126306828443603e+02 6.000194318197550274e+02 9.268387304962051598e-03 2.333338874578475952e+01
7.000001958703147693e+02 7.000000535585902526e+02 5.086239556308556290e-04 2.349396405220031880e+01
8.000000078984255651e+02 8.000000032494087918e+02 1.152720796235878306e-05 2.350158269405364919e+01
9.542300254858885182e+02 9.000000255698487308e+02 7.155436403864413819e+01 2.348752853870391988e+01
1.000000002447495035e+03 1.000000000652484005e+03 3.820889134438656227e-06 2.425242170095443583e+01
1.105000012599793308e+03 1.100000006516149824e+03 2.179449184198664113e+01 2.425828075408935547e+01
1.200103216743963912e+03 1.200000000005190032e+03 1.688943384481667309e-01 2.432156754732131887e+01
1.335663544866173197e+03 1.301025660462109499e+03 4.721619538474303823e+01 2.429006109237671041e+01
1.405000059020850358e+03 1.400000019600228825e+03 2.179448122024995271e+01 2.355297360420227193e+01
