-1.371651520702955622e+03 -1.380981700694370147e+03 2.745100626015431189e+01 4.739018878936767543e+00 -1.400000000000000000e+03 -1.400000000000000000e+03 0.000000000000000000e+00 7.776572923660278747e+00 -1.399999999178486405e+03 -1.399999999834607934e+03 1.920240418549172252e-06 4.285008401870727290e+00 -1.399999999998738303e+03 -1.399999999998731937e+03 5.224145840148835306e-10 3.087995529174804646e-02
1.128940169725986925e+05 2.149620503106000615e+04 1.886741471796522674e+05 4.726429843902588246e+00 7.504574726255813403e+03 -1.300000000000000000e+03 3.005035808572735186e+04 7.122592802047729599e+00 -1.256934874237244003e+03 -1.267375919988747910e+03 4.282842613786296226e+01 4.312179956436157369e+00 -1.299999999995560984e+03 -1.299999999997565737e+03 6.883906785588992416e-09 5.325975418090820451e-02
2.843825968414252857e+05 2.827055049485385825e+04 7.003290424108692678e+05 1.044392013549804710e-01 2.680235835911797360e+07 2.416033927713266574e+06 5.992288113374408334e+07 1.028175640106201216e+00 1.077224896607630653e+06 -1.199975789703610872e+03 2.343754115242978092e+06 3.612782001495361328e+00 7.075194412976984167e+05 -1.199999999999927013e+03 2.576383456597147509e+06 6.634143829345702514e-02
5.312464829886501320e+03 -9.676286813290691953e+02 1.195734881784721620e+04 4.802167682647705327e+00 7.208032612530337647e+05 -1.100000000000000000e+03 3.363195255558540113e+06 6.734886112213135156e+00 -1.099986073388726254e+03 -1.099994911585919454e+03 2.123616062659982109e-02 4.156684074401855611e+00 -1.099999999975573473e+03 -1.099999999999999773e+03 9.003843561832427588e-08 3.362188339233398299e-02
-9.889651130229721048e+02 -9.910740476195437623e+02 1.159150716654069058e+01 4.776058874130248988e+00 -9.999999999999990905e+02 -9.999999999999998863e+02 3.501849879863303798e-12 3.318170080184936310e+00 -9.999996694211496333e+02 -9.999997263824828906e+02 2.909720321895752429e-04 4.254295043945312216e+00 -9.999999999999251941e+02 -9.999999999999913598e+02 2.285724523403565031e-10 6.453144073486327681e-02
-8.996185873550705310e+02 -8.998581320357594677e+02 7.677598565231978922e-01 4.803237285614013530e+00 -8.999950925247928808e+02 -9.000000000000000000e+02 2.404162036551337964e-02 7.070002479553222585e+00 -8.999768720569956031e+02 -8.999827406387056499e+02 1.533163480975010574e-02 4.267878923416137837e+00 -8.999999999999998863e+02 -8.999999999999998863e+02 2.169006623755525786e-13 3.978316307067870927e-02
-7.774613906332307351e+02 -7.808592644401264806e+02 1.772604333264331800e+01 1.253629589080810514e-01 3.898997327912001492e+04 -7.673417078472502908e+02 7.408701676267292351e+04 3.284380607604980629e+00 -7.956053743307790000e+02 -7.960032971841512790e+02 3.442799250527162069e+00 3.985869960784912180e+00 1.901130486458243686e+05 1.741826596285348933e+05 5.829781377281665482e+04 1.413708686828613233e-02
-6.827730375337965825e+02 -6.817507908549733884e+02 3.615093031198654216e+00 1.032639598846435552e-01 -6.821181548476590706e+02 -6.800000000000000000e+02 5.447371892290277628e+00 2.291106519699096733e+00 -6.799970219513181746e+02 -6.799976630931008685e+02 2.558850173560909668e-03 3.865274486541748100e+00 -6.799761559866515199e+02 -6.799963649593707942e+02 4.317715622715488644e-02 2.834387779235839760e-02
-5.994228319010380801e+02 -5.994012879612546385e+02 2.666090567826652213e-01 1.542685222625732322e-01 -5.986251753283926291e+02 -5.985000000000000000e+02 7.162862060359490579e-01 6.441112194061279439e+00 -5.983704949751482900e+02 -5.983848645137669564e+02 2.314898693141203001e-01 4.829471483230590501e+00 -5.974159810223501381e+02 -5.974300013726066254e+02 1.567414808499757173e-01 3.346336364746093500e-02
-4.946274089870977377e+02 -4.971445427811873401e+02 7.557051303334713310e+00 4.452850122451781800e+00 -4.985536585835438927e+02 -4.999478378771352141e+02 6.181079903416131671e+00 7.075424079895019425e+00 -4.995571325833465153e+02 -4.996571729971708464e+02 4.205519742230605651e-01 4.197238235473633061e+00 -4.962987421962653229e+02 -4.983353983305321435e+02 3.569878444519769101e+00 3.654067993164062528e-02
-3.954961193640844499e+02 -3.961222232421042122e+02 2.769598414239838657e+00 3.292355918884277144e-01 -3.952639995230294971e+02 -3.950252097523526231e+02 8.097755106626461918e-01 8.059877834320069212e+00 -3.955823842609812573e+02 -3.950252095680825164e+02 1.759244917840565137e+00 4.362123117446899734e+00 -3.951446046363908522e+02 -3.950252097512874343e+02 5.849130941702660458e-01 2.717459678649902441e-02
-2.940989982795865672e+02 -2.944998658153215843e+02 3.578473331020394443e+00 3.696872043609619185e-01 -2.873839532553346885e+02 -2.870655675679589081e+02 1.559764950951735507e+00 8.121575317382813353e+00 -2.907266282011520389e+02 -2.870655634761802730e+02 4.283485483862849996e+00 4.474339523315429723e+00 -2.868665767646755853e+02 -2.870655675668144227e+02 9.748518571728375104e-01 1.968440055847167983e-02
-1.958598470909428499e+02 -1.963807380293735889e+02 2.500116158193609106e+00 3.755156803131103338e-01 -1.959357085613292213e+02 -1.971206152715606379e+02 3.851773947841307333e+00 7.703547115325927841e+00 -1.943039115563279609e+02 -1.931100512817871504e+02 2.621111939196901552e+00 4.363969078063965057e+00 -1.816929698684713230e+02 -1.931100512817871504e+02 1.384341134315884680e+01 2.068819999694824358e-02
4.624260739927682096e+01 3.556016899289684829e+01 7.920263054045652495e+01 5.783410997390746822e+00 1.246227283368258156e+02 1.752028260963977004e+02 1.295686601371081963e+02 7.990278720855712891e+00 1.545779353094717408e+02 1.174518850956378628e+02 8.099467342032345130e+01 4.309469766616821573e+00 2.612821184333104156e+02 2.556600786034641146e+02 4.059532193133865263e+01 3.584504127502441406e-02
2.326092105454085299e+02 2.116294015241272177e+02 7.929297759024211700e+01 5.765262327194213832e+00 1.987029237700430997e+02 1.167572201841822874e+02 1.067742502532495052e+02 7.954807844161987163e+00 1.820067076501853478e+02 1.167578820940152582e+02 1.207115326388457675e+02 4.244016437530517827e+00 2.374313364852840493e+02 3.488228284125701180e+02 1.159399407107928255e+02 3.062299728393554771e-02
2.000000000000000000e+02 2.000000000000000000e+02 0.000000000000000000e+00 6.079225997924805114e+00 2.020925563778541516e+02 2.016168717672651667e+02 1.996276907648025789e+00 7.508269481658935263e+00 2.009902941406740524e+02 2.006590849829364629e+02 9.556755417810314235e-01 4.483283596038818430e+00 2.150950752442988971e+02 2.057454084868866175e+02 1.935890944166143157e+01 3.403903961181640320e-02
3.065154417139630709e+02 3.062657235039026773e+02 3.140560637667175303e+00 5.874419479370117436e+00 3.098759905215541721e+02 3.101789607794193557e+02 1.547557119830828665e+00 7.865395116806030096e+00 3.056688547301053518e+02 3.056813457850710734e+02 1.384111132698637947e+00 4.157387714385986754e+00 3.108298381381181343e+02 3.101523218288927524e+02 3.446755445806575668e+00 3.865523338317870816e-02
4.055258214743208214e+02 4.051255144857395294e+02 2.370015506563299734e+00 5.572156076431274307e+00 4.091121684738055251e+02 4.099472609873973283e+02 2.529324568039139187e+00 7.768659839630126740e+00 4.091407802765332349e+02 4.091603817331823620e+02 1.730082476454889440e+00 4.339997520446777557e+00 4.099695421099482928e+02 4.099472610101097416e+02 6.189224392583418943e-01 3.052160263061523549e-02
5.006908215164263538e+02 5.005520126015001665e+02 6.015396828592567413e-01 5.610680561065674254e+00 5.001022981046901350e+02 5.001117487582556009e+02 8.486098530262881079e-02 8.021671075820922425e+00 5.002798465973277189e+02 5.002466672010642696e+02 2.644116522887877130e-01 4.273007278442382706e+00 5.283088012481866826e+02 5.001676994311955013e+02 5.756026049678854406e+01 2.569071769714355302e-02
6.003693466875215563e+02 6.002810217212075941e+02 2.234390037043649524e-01 1.709263515472412009e-01 6.005891260139187580e+02 6.005470977695334795e+02 3.830101176857660938e-01 3.231963443756103338e+00 6.000573750136931039e+02 6.000194327704340367e+02 5.683123682654498549e-02 4.254765243530273189e+00 6.009999999999997726e+02 6.010000000000000000e+02 3.637978807091713154e-13 7.786359786987304826e-03
8.167726782080681005e+02 8.142393256561589396e+02 4.793715141682945813e+01 1.346731567382812578e-01 8.057476635612812288e+02 8.000000000000000000e+02 4.065127388385735685e+01 5.631026363372802379e+00 7.000188522798521262e+02 7.000192483884183048e+02 1.240598323568127721e-02 4.274177207946777024e+00 7.040000017395459508e+02 7.000000010796705965e+02 1.959591781368272834e+01 4.732796669006347767e-02
9.940347117179677525e+02 9.805644265785889502e+02 9.190664397330462521e+01 3.684042358398437411e+00 1.018253917806801041e+03 9.000000000000001137e+02 1.750228096239643492e+02 7.547402801513672266e+00 1.071285530268343791e+03 1.053707704058450872e+03 1.273630274269278715e+02 3.917711200714111275e+00 1.218691053750364517e+03 1.209994167470819093e+03 2.418202987582133900e+01 2.035192489624023521e-02
1.116267726737086150e+03 1.131131688709557011e+03 9.506608710548718477e+01 4.554501485824585139e+00 1.025553239431436623e+03 9.838570783478821795e+02 1.036454398090904618e+02 8.188363838195801492e+00 1.060012416185358916e+03 9.838575677977979694e+02 1.245140793881011945e+02 3.369963636398315643e+00 1.083709112308780050e+03 9.838570783998137586e+02 1.330369526051592288e+02 2.084192276000976576e-02
1.065573526410692921e+03 1.068666541294986246e+03 3.072727913247910436e+01 3.583538818359375266e-01 1.039350291905979475e+03 1.018805020320303925e+03 3.023222837836052079e+01 8.595844602584838512e+00 1.037921350409315210e+03 1.018805673497405905e+03 3.280024871224635064e+01 3.252473802566528516e+00 1.037795961171200815e+03 1.018805069643627803e+03 2.768397380890805692e+01 3.046623229980468736e-02
1.191635479563496119e+03 1.205013305716702234e+03 3.054737542427703190e+01 2.619361591339111062e-01 1.222961275728488545e+03 1.205486516739177205e+03 4.975301141064910126e+01 7.473038911819458008e+00 1.212106316645676316e+03 1.205489383890392673e+03 1.536435407266461262e+01 2.459305238723755060e+00 1.230038701940666897e+03 1.205494644472336404e+03 3.273224382223517637e+01 2.142660140991210771e-02
1.242963320761131399e+03 1.241221112309692899e+03 3.049501289208130927e+01 3.498290443420410400e-01 1.224834789698038549e+03 1.204307273630159898e+03 2.646279265554551685e+01 6.772849197387695419e+00 1.236005611701301177e+03 1.204307606572902387e+03 3.759388490049880716e+01 1.951979522705078018e+00 1.220679503163915570e+03 1.204307273686899180e+03 2.625397432228046668e+01 1.322788238525390674e-02
1.510464431074055938e+03 1.512038599947579769e+03 1.001673912329040803e+02 2.912232780456542880e-01 1.574754491805846556e+03 1.612767732179108634e+03 9.178450068079141033e+01 2.099479007720947088e+00 1.552590473206956858e+03 1.653897339749541288e+03 1.679742095411378386e+02 3.761095476150512873e+00 1.726401102996756663e+03 1.704931055272240656e+03 1.503595723972401004e+02 2.433008193969726438e-02
1.503906078441307272e+03 1.508265123955334957e+03 3.100836373922967226e+01 1.408652019500732377e-01 1.690104313043164439e+03 1.504531304942194538e+03 3.560930758321416647e+02 3.393905401229858398e+00 1.582945523293506767e+03 1.400009082097073133e+03 3.067612811851622610e+02 1.600916595458984348e+00 2.143575413017854771e+03 2.126742013725878223e+03 3.360481523894825386e+02 1.220704078674316427e-02
