-1.399999999999999773e+03 -1.399999999999999773e+03 8.806144583576081053e-14 8.412890312910079729e+02
1.127976086464598076e+06 1.074302883710034657e+06 3.463513839908558293e+05 1.117624720299244018e+03
3.556268055893045068e+08 2.297059404385265112e+08 5.529701436887623072e+08 1.120692559146881194e+03
2.482346301337832301e+03 2.561562114186760482e+03 9.042353741045785682e+02 1.127431799304485367e+03
-9.999999999236185886e+02 -9.999999999276421931e+02 1.587064019735080992e-08 1.098924005401134536e+03
-8.538879224533935712e+02 -8.565526684650268407e+02 9.168022983244060953e+00 1.066640059590339661e+03
-6.712498706342548758e+02 -6.848471567530712036e+02 3.847657402313362951e+01 1.117288714146613984e+03
-6.788419337692081399e+02 -6.788516989187951367e+02 6.908054792651213694e-02 9.269643939495086897e+02
-5.604515967934846685e+02 -5.606417795624334985e+02 3.899596144660190333e+00 1.312653984141349838e+03
-4.999175831654332569e+02 -4.999161970643010022e+02 3.343909689344413960e-02 9.198718740463257291e+02
-3.065078374247161719e+02 -3.091430576960090093e+02 2.406453780483942140e+01 8.653584415435791470e+02
-9.740699645297318909e+01 -9.807248047061159468e+01 4.481367028381641404e+01 8.869048405528068315e+02
1.443054311880964065e+02 1.462038327665310078e+02 5.256315830455847760e+01 8.299532638072967075e+02
2.642319792837862678e+03 2.779527999142452245e+03 6.713711152288522044e+02 8.546792347550392606e+02
7.340950875438999901e+03 7.378735947553072037e+03 8.842751703070243821e+02 9.011375598430634000e+02
2.005762274853915983e+02 2.004993241951750065e+02 4.360851586865325258e-01 1.064806680154800461e+03
4.454798437041120565e+02 4.492319219628327573e+02 3.290616695750187404e+01 8.609734910964965593e+02
5.902231763754468830e+02 5.896492053638689868e+02 2.891297178520392563e+01 1.001034995305538132e+03
5.074518642059385343e+02 5.075266784017048849e+02 1.925361346612024072e+00 1.107141521549224763e+03
6.239348493517844645e+02 6.245097159098814927e+02 1.241671510430898850e+00 9.793483757972717285e+02
1.516553412725949556e+03 1.828262933976497607e+03 4.151885737723767420e+02 9.289155005455016862e+02
4.531565468589688862e+03 4.470059814748186000e+03 5.719166357315008327e+02 9.162256640553474654e+02
8.781332563486093932e+03 8.419985578969139169e+03 1.150532488489293883e+03 9.872787431001663663e+02
1.321284560321299068e+03 1.323848638138442311e+03 1.021276363521126029e+01 1.333556015503406570e+03
1.445747012354927847e+03 1.448347053378387955e+03 1.285941460734875896e+01 1.336544262850284667e+03
1.604529163746823542e+03 1.601996324123514569e+03 1.048359155941607312e+01 1.350597789704799652e+03
2.692074273851502767e+03 2.690642262753734030e+03 1.184484660190205574e+02 1.342954667508602142e+03
3.037775160879203668e+03 1.800000000000001364e+03 1.516348601993920738e+03 1.112478500401973633e+03
