-1.400000000000000000e+03 -1.400000000000000000e+03 0.000000000000000000e+00 3.237142347574234122e+02
8.000564402332590544e+04 7.969271224597103719e+04 4.675254813434693642e+04 3.309550413489341736e+02
-1.194132037632398806e+03 -1.199999999999998181e+03 1.984657761859788749e+01 3.301016466498375053e+02
1.257167479056503907e+04 1.190266526143408191e+04 6.237330687827411566e+03 3.300452208399772758e+02
-9.999999031304325854e+02 -9.999999078757678035e+02 3.377998857942248850e-05 3.294302769422531014e+02
-8.901875770708059008e+02 -8.901875771102459112e+02 2.042125524282141909e-07 3.278381960511207467e+02
-7.999421594941479725e+02 -7.999999526331969264e+02 1.140811530154924175e-01 3.313257238507270586e+02
-6.796458452826675511e+02 -6.796535557690687028e+02 8.584573249481868007e-02 3.240707063913345110e+02
-5.968820963194110618e+02 -5.970655780748061261e+02 2.062360444693151162e+00 3.534304517030715829e+02
-4.999170034163408900e+02 -4.999151187025098011e+02 3.295581732422897536e-02 3.258193408012390364e+02
-3.959206681178083613e+02 -3.960201637716268124e+02 1.538168739314305755e+00 3.256159324049949646e+02
-2.905007342273615905e+02 -2.905478939954327871e+02 3.891605552885731178e+00 3.254878052473068237e+02
-1.871349519044488829e+02 -1.896387228903560072e+02 8.367095084478766154e+00 3.265840852499007951e+02
-5.201817969435296174e-01 1.801194727609299662e+00 7.308034851930878517e+01 3.243934942483901978e+02
9.749400904536523740e+02 9.595967108995298531e+02 2.904917943362337382e+02 3.274851695060730208e+02
2.009867536103845680e+02 2.009707957866931451e+02 2.872455789974864837e-01 3.374740061402320634e+02
3.136835955283466433e+02 3.131713752496680172e+02 1.437983133628488508e+00 3.259611372590064775e+02
4.173603596849881114e+02 4.159426311415267605e+02 4.639539583091893959e+00 3.288385692954063302e+02
5.006746007693296860e+02 5.006994870534169308e+02 2.882969552462652518e-01 3.288535573482513428e+02
6.029966238067520408e+02 6.029781012097164421e+02 4.183430470275334989e-01 3.296879343509673959e+02
1.000000000000013301e+03 1.000000000000001251e+03 2.763665995410952080e-11 3.321175655007362479e+02
1.076446685532904667e+03 1.081617444088101365e+03 6.987361362172291024e+01 3.275102081060409773e+02
1.754690227375919221e+03 1.684494155278634480e+03 3.438494630972297159e+02 3.306937991499900704e+02
1.210149327637471742e+03 1.209473930558259781e+03 4.185507448147594900e+00 3.558276018500328064e+02
1.308413385050302622e+03 1.307412039299258140e+03 3.442462843108935910e+00 3.555640925049781913e+02
1.405489258939023330e+03 1.400022439346593274e+03 2.382933101451119740e+01 3.567338464498519670e+02
1.806452973349393460e+03 1.805980017929156929e+03 1.877869584336155029e+01 3.556006972432136308e+02
1.700000000000035925e+03 1.700000000000012960e+03 6.464979732128970349e-11 3.354815379023551714e+02
