-1.399998742121104442e+03 -1.399999570835073882e+03 2.440829615581256804e-03 2.183652410507202291e+01
-9.911858158752900181e+02 -1.200227684334700598e+03 6.029336308937174636e+02 2.197412585020065379e+01
-1.198379300794571918e+03 -1.199827792866047730e+03 2.413309160398036113e+00 2.190733405351638652e+01
-1.090463937738779805e+03 -1.096179545530177165e+03 1.142147565293298506e+01 2.189976969957351827e+01
-9.999926590307093193e+02 -9.999938304214811069e+02 5.664645451362931676e-03 2.190854805707931519e+01
-8.999992606725663791e+02 -8.999997114347477236e+02 1.138558772185207721e-03 2.185927524566650249e+01
-7.998367011408112148e+02 -7.998828311534534805e+02 1.073076365339939720e-01 2.197813431024551534e+01
-6.963500253741618735e+02 -6.996236890691627650e+02 6.926784762848625654e+00 2.197970165014266897e+01
-5.998333744096993314e+02 -5.999218546682427586e+02 2.134580631850008792e-01 2.253626425266265798e+01
-4.998367123596332817e+02 -4.999004123532879476e+02 1.231204178239334729e-01 2.193301010131835938e+01
-3.999986645900505096e+02 -3.999993143854485425e+02 2.210731799877583507e-03 2.200344594717025615e+01
-2.999642785227254080e+02 -2.999926438078251749e+02 7.028817930514723311e-02 2.200700379610061574e+01
-1.999926764311782961e+02 -1.999959187079772960e+02 7.532823403856605399e-03 2.201295020580291606e+01
-9.994996905162739154e+01 -9.998736226240873748e+01 8.055375240098720802e-02 2.195603749752044820e+01
1.006155610884024014e+02 1.005483944845436213e+02 4.318196351838685110e-01 2.196003113985061717e+01
2.003163106704966197e+02 2.002814871190880694e+02 2.055898237529929784e-01 2.213753074407577515e+01
3.005270509099266860e+02 3.000334995967154441e+02 8.673757112448522433e-01 2.198013695478439189e+01
4.011253071954031384e+02 4.008576350873067895e+02 8.353045479638147031e-01 2.196443915367126465e+01
5.000080791824606194e+02 5.000000743565888683e+02 1.322954102422248431e-02 2.189483255147933960e+01
6.000175106348390273e+02 6.000194324795975263e+02 5.777777989406008077e-03 2.193533555269241475e+01
7.006590802227262884e+02 7.005655806624258730e+02 5.120678433459385781e-01 2.205308560132980489e+01
8.000481679371807786e+02 8.000369708820051073e+02 4.525851526619327492e-02 2.206000825166702128e+01
9.019365133584940395e+02 9.006085277246232863e+02 3.755805999790344796e+00 2.205826950073242188e+01
1.000566480772708360e+03 1.000070002510517952e+03 1.106813208826202155e+00 2.265014079809188985e+01
1.100098348976315719e+03 1.100081726468257330e+03 7.139689313760406997e-02 2.265643395185470510e+01
1.200347445163966995e+03 1.200191039728023952e+03 3.258843290637936096e-01 2.270332490205764842e+01
1.322155287166736571e+03 1.312626428513993687e+03 2.673999232011579252e+01 2.268342905044555735e+01
1.400442710298848169e+03 1.400346350203032216e+03 3.190267555784452869e-01 2.211108130216598511e+01
