-1.399999999999999773e+03 -1.399999999999999773e+03 0.000000000000000000e+00 1.802545063304901078e+03
6.811082945113067981e+05 6.563715640331350733e+05 2.259241624866218190e+05 2.081293447399139495e+03
4.269893903516821563e+07 2.436152101916861534e+07 4.840937753070622683e+07 1.989452769196033387e+03
9.719336812108769664e+03 9.697313402548928934e+03 2.097417730253330774e+03 2.077742309999465760e+03
-9.999996501704774801e+02 -9.999996519198617762e+02 2.447039415657376141e-05 2.078217299354076204e+03
-8.565526684650294555e+02 -8.565526684650286597e+02 2.248873932424291464e-12 1.895318119752407028e+03
-7.646242509795598608e+02 -7.696671742722137424e+02 2.015137084320928551e+01 2.005599620056152389e+03
-6.788739281601442599e+02 -6.788624270370477234e+02 4.504254896115802292e-02 1.992801700401306107e+03
-5.272809750946582881e+02 -5.259016492832618042e+02 3.849728013794881942e+00 2.198402768003940764e+03
-4.999354206122417850e+02 -4.999346662507755354e+02 2.566826262871648237e-02 1.838609708857536361e+03
-3.351523091467967674e+02 -3.399866950385189170e+02 1.427375523561233095e+01 1.849791828954219909e+03
-1.319279051193324790e+02 -2.233882307127313709e+02 1.412867210654271730e+02 1.867891482353210449e+03
6.941265582688409097e+01 1.284650146028714914e+02 1.014809175821867342e+02 1.904296158444881485e+03
2.712040386396365648e+03 2.853018276280699865e+03 5.415815417420712947e+02 1.890131948304176376e+03
1.429220785180173698e+04 1.435498278129593382e+04 5.238072455890944639e+02 1.874192021250724792e+03
2.033959682355597067e+02 2.033564738455994529e+02 3.057014926142237465e-01 1.990632643699645996e+03
4.095650859168609941e+02 4.094486792871675220e+02 1.374056597217779618e+01 1.816284375703334717e+03
7.853670894395239657e+02 7.886233155148599963e+02 2.535906383428454802e+01 1.835122220849990754e+03
5.047693840767818187e+02 5.048093725761846144e+02 7.126719638932510481e-01 2.080135834300518127e+03
6.216483931042595259e+02 6.217981719836419643e+02 1.119187263841442181e+00 1.905628455150127365e+03
1.642610347181194811e+03 1.828262933976493059e+03 3.713051735905970645e+02 1.850647940397262573e+03
3.888458483774726574e+03 4.023987520441184643e+03 5.236825332398309456e+02 1.917357245850563004e+03
1.456713574967038039e+04 1.485562851916398540e+04 1.842290853208644648e+03 1.903104733753204300e+03
1.285662702720049538e+03 1.269948096564489788e+03 3.269022579575354115e+01 2.335528674995899109e+03
1.416427710011425688e+03 1.412821773074073008e+03 2.754609544403552945e+01 2.335208978152274994e+03
1.664018890774437750e+03 1.667337150804355133e+03 2.901314713079839080e+01 2.279617276358604613e+03
3.049583730467169516e+03 3.184390158082452672e+03 3.236994223033270828e+02 2.345730871057510285e+03
3.289041688902980241e+03 3.266589614660578718e+03 1.489146832221197201e+03 2.023863703596591904e+03
