-1.400000000000000000e+03 -1.400000000000000000e+03 0.000000000000000000e+00 3.240448879003524780e+02
7.917332042064933921e+04 5.998988947084292158e+04 4.925785344055328460e+04 3.333284444928169137e+02
1.526790784778092348e+04 -1.199604719770270094e+03 6.832738688543436001e+04 3.321835921049117815e+02
1.455685686567540324e+04 1.190937173560908923e+04 6.947539063026513759e+03 3.333836375951767081e+02
-9.999999996030501279e+02 -9.999999995918346940e+02 1.837183966472396182e-07 3.296459599971771013e+02
-8.906712178653604042e+02 -8.901875771974758891e+02 2.108140916730723458e+00 3.303585872054100037e+02
-7.976026193660917443e+02 -7.999964312042613983e+02 9.520364597667620998e+00 3.309013791561126823e+02
-6.796390164880033353e+02 -6.795844651824563698e+02 1.513532202960373163e-01 3.268144132018089181e+02
-5.968631562952020886e+02 -5.970087466752179353e+02 1.355581320200545337e+00 3.555597098469734192e+02
-4.999131670733825672e+02 -4.999249857938905848e+02 5.329774467363877083e-02 3.266191963076591378e+02
-3.950252057220974393e+02 -3.950252047145335155e+02 2.179844352877624569e+00 3.267868123054504395e+02
-2.905976434619050792e+02 -2.910453735239794355e+02 4.238507380870477625e+00 3.265860962986945992e+02
-1.805429878999720472e+02 -1.821107968873574237e+02 8.662432454480635258e+00 3.272284769415855408e+02
6.574053545623057460e+01 4.966617956785466959e+01 9.828545807124532985e+01 3.253470497012138480e+02
1.030498738089958124e+03 1.099426258827611264e+03 3.246748304812755919e+02 3.255076184034347762e+02
2.003426377659230013e+02 2.002470398488126193e+02 2.532740241019352245e-01 3.375650460481643904e+02
3.142049149263363574e+02 3.137631500919715677e+02 1.570248060382955613e+00 3.264924242496490479e+02
4.179706011354240900e+02 4.160847867128575217e+02 4.582043928907336472e+00 3.272386773467063676e+02
5.006198755619349186e+02 5.005694992778866208e+02 2.405615790969607981e-01 3.308049236536026001e+02
6.033193728082194411e+02 6.034441219538348378e+02 3.497569872902990262e-01 3.320853955030441398e+02
1.000000000000000227e+03 1.000000000000000114e+03 6.340016395187688794e-13 3.325434698939323539e+02
1.085078953115963714e+03 1.087062741821460577e+03 1.116781935751591135e+02 3.283400753498077620e+02
1.785360938887532029e+03 1.780774634094586872e+03 2.996172437129367268e+02 3.296776216983795393e+02
1.212091785739634815e+03 1.212199058444516595e+03 4.413475706965110490e+00 3.579790750503540266e+02
1.312187553299019328e+03 1.312408367558824239e+03 3.507186472764473706e+00 3.571043267965316659e+02
1.392070017395543346e+03 1.400022995432865173e+03 4.214635993382903933e+01 3.582130917906761169e+02
1.813059120859120640e+03 1.811950115781914519e+03 1.710927259935544953e+01 3.567198405981063729e+02
1.700000000000000000e+03 1.700000000000000000e+03 8.276526715781662977e-13 3.363086338996887434e+02
