-1.400000000000000000e+03 -1.400000000000000000e+03 1.245376910231166390e-13 8.735499162077903748e+02
3.589308475844396162e+05 3.359609538269536570e+05 1.383135969604935963e+05 8.695451244592666171e+02
4.365088633359035477e+06 6.953690163132977614e+04 8.198377728066234849e+06 8.718681163430213701e+02
6.985374943119684758e+03 6.924811575847070344e+03 3.441943521432947364e+03 8.747351865053176425e+02
-9.999998509835855884e+02 -9.999998444367629418e+02 2.550360284247479839e-05 8.600643651485443115e+02
-8.881270655834529180e+02 -8.900357470239981694e+02 6.416473102114547800e+00 8.598914857029915311e+02
-7.977819024356665523e+02 -7.983591236367756210e+02 1.809091960239860741e+00 8.798628039956092834e+02
-6.790585132457620148e+02 -6.790488228149993120e+02 5.203210788948850474e-02 8.589431425571441423e+02
-5.856698286363442776e+02 -5.853333101843306849e+02 3.234902039883914338e+00 1.018185812950134277e+03
-4.999875528685626591e+02 -4.999901390216655273e+02 9.904704178654796104e-03 8.783012885093688737e+02
-3.693552854863087873e+02 -3.706487380653813943e+02 9.165497043415221867e+00 8.796484998583794095e+02
-2.644405725317500355e+02 -2.671663737861072150e+02 9.705106031004799405e+00 8.823884306550025940e+02
-1.151041810352796375e+02 -1.146360143927718127e+02 2.392461953902695626e+01 8.731023332595825650e+02
1.342188553050060818e+03 1.322291986398634435e+03 2.895313452204113105e+02 8.594012125015258334e+02
3.936069088013783585e+03 3.969740178793485029e+03 4.358906027997396677e+02 8.615686515927314986e+02
2.016156358441318446e+02 2.017081279580700368e+02 6.155844034712238955e-01 9.274918877601623990e+02
3.581880352602353810e+02 3.587647899117570773e+02 1.119328606770546486e+01 8.612831929087639082e+02
4.523394402317616141e+02 4.557435779268450915e+02 1.347151021813611216e+01 8.740422884464263689e+02
5.026844332774777513e+02 5.026858024370286557e+02 4.747140871963854147e-01 8.642574491977691196e+02
6.110291426770187400e+02 6.107715098423320796e+02 1.173319459108286056e+00 8.701538453936576616e+02
9.621576883300467671e+02 1.000000000001808530e+03 6.397350615894838199e+01 8.744914957523345720e+02
2.206964440386896058e+03 2.147714486635039520e+03 4.933496961599093424e+02 8.737973742961883090e+02
4.765557537585646969e+03 4.761213072871738405e+03 7.685647192683239837e+02 8.817301367998122714e+02
1.238069383090643441e+03 1.238189092021001670e+03 7.408593187638316202e+00 1.029511357903480530e+03
1.349661075810881812e+03 1.349898647542270282e+03 7.201798730308449414e+00 1.029398980700969787e+03
1.496464607077797837e+03 1.524078987492745455e+03 5.615837052466305579e+01 1.037237490594387054e+03
1.937488227116845792e+03 1.922342727496048838e+03 7.678948600254861390e+01 1.034423709750175476e+03
1.700000000008770712e+03 1.700000000006450364e+03 8.123844051635803830e-09 8.948396047472954251e+02
