-1.400000000000000000e+03 -1.400000000000000000e+03 0.000000000000000000e+00 2.828360313415527116e+02
1.637555070778289519e+05 1.505736167040334258e+05 1.048186744434303982e+05 2.952909091472625960e+02
1.420455330298616923e+07 1.164272476116130594e+06 3.139648979127102345e+07 2.942205520987510567e+02
4.528270999998474508e+03 2.988663663516385895e+03 4.379705868010695667e+03 2.951788709998130571e+02
-9.999999999999479314e+02 -9.999999999999581632e+02 3.987782788344007550e-11 2.894219766020775069e+02
-8.863697461736326204e+02 -8.901875747890730963e+02 1.677689762094587067e+01 2.935276236534118652e+02
-7.427639259166373904e+02 -7.405198527596994609e+02 3.171195977188517645e+01 2.945676480889320601e+02
-6.794861527504004926e+02 -6.794882933644207696e+02 1.242759516679717985e-01 2.820704076051712264e+02
-5.945360923050150177e+02 -5.942427782182742249e+02 1.763138909610748151e+00 3.111879320025444144e+02
-4.995766119671178558e+02 -4.996515769229173998e+02 2.807500368987665418e-01 2.857659608960151445e+02
-3.951744498325522841e+02 -3.950252072334430977e+02 2.637578003247944114e+00 2.855483008503913993e+02
-2.705384440353193440e+02 -2.771159744553973496e+02 1.688822497459383598e+01 2.861068768024444466e+02
-1.473400905714566989e+02 -1.485167927584935512e+02 1.169826413483702510e+01 2.823022684931755180e+02
1.657625086426845371e+02 1.653293267258648029e+02 1.516543497185780325e+02 2.849030056953430403e+02
1.231797751769664728e+03 1.167894452155401495e+03 3.702547752774646028e+02 2.852365950465202218e+02
2.006155091755995841e+02 2.005512232189425390e+02 3.553758131431540290e-01 2.962198627948761214e+02
3.118339019630096800e+02 3.135986759317947872e+02 5.038374062104962192e+00 2.857843932986259574e+02
4.289822944696029481e+02 4.282296752680986174e+02 1.057871698851738529e+01 2.923012113571166992e+02
5.007651270381871882e+02 5.008081711459442431e+02 3.140788789063761466e-01 2.936627190470695723e+02
6.038031571611493291e+02 6.038986511718594556e+02 2.292050235912085898e-01 2.944837460517883301e+02
9.850000000000000000e+02 1.000000000000000114e+03 6.538348415311011763e+01 2.892899525523185957e+02
1.083688731718516692e+03 1.089958521728844516e+03 1.427997560428047450e+02 2.884965433478355408e+02
2.209066716080941660e+03 2.199659536318183200e+03 3.148095406002613004e+02 2.899494139552116394e+02
1.216747101441940686e+03 1.216444338905348332e+03 3.803500257912943994e+00 3.126432257533073198e+02
1.316300425158281996e+03 1.315762088222610146e+03 4.831929747848536572e+00 3.120035972476005668e+02
1.384319249823698556e+03 1.400023001904984085e+03 4.431630825674088214e+01 3.130974870443344003e+02
1.861476942816471592e+03 1.849569040068679442e+03 3.028469485930493832e+01 3.115823974490165824e+02
1.747025737948395090e+03 1.700000000000000000e+03 1.128266264592017620e+02 2.930152194499969482e+02
