-1.400000000000000000e+03 -1.400000000000000000e+03 0.000000000000000000e+00 2.698767398953438033e+02
9.815565393944227253e+04 7.985084714572479425e+04 6.843054182989387482e+04 2.914051421523093950e+02
1.077501382431191159e+05 -1.190811876893252020e+03 3.767030917974151089e+05 2.878622609019279253e+02
1.493031269393584807e+04 1.384792925093936356e+04 7.415109389940987967e+03 2.909180629491805803e+02
-9.999999276623382229e+02 -9.999999251187127811e+02 2.147884026705018727e-05 2.907048510909080505e+02
-8.901875769297778334e+02 -8.901875769404203993e+02 1.837444803487854847e-07 2.900559579491615523e+02
-7.993398359707309737e+02 -7.999750359507456778e+02 1.441787934171295138e+00 2.820947492480278243e+02
-6.796460582994634478e+02 -6.796319580178799242e+02 8.807126210811917766e-02 2.821463294982910384e+02
-5.949986848797034327e+02 -5.962970656567822516e+02 3.034495309800390839e+00 3.054167230010032767e+02
-4.998935338698930764e+02 -4.999039693028086049e+02 5.233242202726242492e-02 2.737939001560210954e+02
-3.950749541787339467e+02 -3.955226842430801639e+02 2.545906822321434948e+00 2.725331974506378288e+02
-2.907551358647148163e+02 -2.920403300621632070e+02 4.566738642014208871e+00 2.741983021497726440e+02
-1.769795941549788836e+02 -1.779637106664469570e+02 9.415508545721202438e+00 2.757886111497879256e+02
7.897059277627363372e+01 -2.166793824112392031e+01 2.153160987927399788e+02 2.718503645420074690e+02
1.218988983080530716e+03 1.260042885876132459e+03 2.140935776559474846e+02 2.763443270564079057e+02
2.008588114323796958e+02 2.008142069812557793e+02 3.959495974953597397e-01 2.877756828427314986e+02
3.141239608260781324e+02 3.133784756863284997e+02 1.915396817435267351e+00 2.725397627472877389e+02
4.175748989033879184e+02 4.172831658959806873e+02 2.875092679563163944e+00 2.800531995058059920e+02
5.007152082057556868e+02 5.006530587036364182e+02 2.533446291898788783e-01 2.870691681504249573e+02
6.032988103921670699e+02 6.033743849827214945e+02 5.673747226416722134e-01 2.906546352028846627e+02
1.000000000000000000e+03 1.000000000000000114e+03 1.048140854583481032e-13 2.771160368084907759e+02
1.141797221719069512e+03 1.090176291493891767e+03 1.317002595339409652e+02 2.757628551483154524e+02
1.865944223253213522e+03 1.878364032129346924e+03 3.454127042227310085e+02 2.800120252490043526e+02
1.211908234399465528e+03 1.212189260526466569e+03 3.115594565721984122e+00 3.073836377978324776e+02
1.310292663866191560e+03 1.310691432200439067e+03 3.772396607873380159e+00 3.058127860546111947e+02
1.410980860747812585e+03 1.400022700576224224e+03 3.289003054208680510e+01 3.087931322574615365e+02
1.820958660408473861e+03 1.817556818903188741e+03 1.931446900418377055e+01 3.044901545047760010e+02
1.705000000000000000e+03 1.700000000000000000e+03 2.179449471770339031e+01 2.803299745559692155e+02
