-1.400000000000000000e+03 -1.400000000000000000e+03 0.000000000000000000e+00 5.743342850208282613e+01
3.977327952834676580e+03 1.604209876445257578e+03 5.237749833665781807e+03 5.746758050918579386e+01
-1.200000000000000000e+03 -1.200000000000000000e+03 0.000000000000000000e+00 5.743928800821304037e+01
-1.100000000000000000e+03 -1.100000000000000000e+03 0.000000000000000000e+00 5.747288584709167480e+01
-9.999999999999747615e+02 -9.999999999999913598e+02 5.314262014046283259e-11 5.746757664680480815e+01
-8.999998011294388789e+02 -8.999999967851653082e+02 5.365231343418243532e-04 5.731793215274810649e+01
-7.995220736031328670e+02 -7.999999999998456133e+02 2.083173609656432834e+00 5.742916264533996440e+01
-6.939999685060936372e+02 -6.999999999996903171e+02 9.165199496987440853e+00 5.742288640737533711e+01
-5.996842897033496911e+02 -5.999999997323385514e+02 3.919898880432352573e-01 5.831785324811935567e+01
-4.999083883889010167e+02 -4.999617904100999795e+02 1.652908049042251803e-01 5.741167449951171875e+01
-4.000000000000000000e+02 -4.000000000000000000e+02 0.000000000000000000e+00 5.758080605268478536e+01
-2.989552932419430817e+02 -2.990050409429067031e+02 9.159561447040760473e-01 5.756574249267578125e+01
-1.992046764803815506e+02 -2.000000000000000000e+02 1.107504462647398435e+00 5.756788134574890137e+01
-9.987513069760743178e+01 -1.000000000000000000e+02 1.820267238484808425e-01 5.743265014886856079e+01
1.645961993760907092e+02 1.458534038209647292e+02 7.029867190713608238e+01 5.742415069341659262e+01
2.002590368350650181e+02 2.001153063468583468e+02 3.901282161178954433e-01 5.768392934799194194e+01
3.015181631546815879e+02 3.020197639804966911e+02 8.742302473121796869e-01 5.751825630664825439e+01
4.019919208543034301e+02 4.021255080041179326e+02 6.394463678669137785e-01 5.747848595380783365e+01
5.000197547273197642e+02 5.000197293441220268e+02 1.326040880724431090e-02 5.744313014745712564e+01
6.000229902708257441e+02 6.000194318197550274e+02 1.810460299497459319e-02 5.747139680385589600e+01
7.650000000001634817e+02 8.000000000000039790e+02 4.769696007064010956e+01 5.755537259578704834e+01
8.162642814448475974e+02 8.000000000000146656e+02 4.612900789394824841e+01 5.754121525287628458e+01
1.065753100018614077e+03 1.112267277131818446e+03 1.237129911352354554e+02 5.754095014333724833e+01
1.004636607139040962e+03 1.000000000000185310e+03 7.852865964576658087e+00 5.848055205345153951e+01
1.136249025032560439e+03 1.100000000000268756e+03 4.779985581783557791e+01 5.851286195516586019e+01
1.204615470685053424e+03 1.200435134724740237e+03 9.916575458902057605e+00 5.858908480405807495e+01
1.383346248078371673e+03 1.405137812343245059e+03 5.233349540390328514e+01 5.854240875244140341e+01
1.425000000000336058e+03 1.400000000000396994e+03 4.330127018906495096e+01 5.765016230344772197e+01
