-1.400000000000000000e+03 -1.400000000000000000e+03 0.000000000000000000e+00 4.705680998086929208e+02
2.564695791112529696e+05 2.536854250222940464e+05 1.658338843409450783e+05 4.742880174517631531e+02
1.442075405163410008e+08 3.314716946081426740e+07 3.113596470491331816e+08 4.738073642492294084e+02
2.207447902104042441e+04 2.108982915423993836e+04 1.187744957295447966e+04 4.739225759029388314e+02
-9.999999999998892690e+02 -9.999999999999042757e+02 7.888145075660433494e-11 4.716422453522682190e+02
-8.833790639266971993e+02 -8.901875384285968948e+02 2.085953794788187210e+01 4.733940750002860796e+02
-7.158320119403296076e+02 -7.171748476776592724e+02 3.552415931785203895e+01 4.748113438606262093e+02
-6.794964772989742414e+02 -6.794871482762183632e+02 1.172085136695862895e-01 4.703829343914985657e+02
-5.918238891190467257e+02 -5.923580480141788485e+02 1.805716198633148029e+00 4.883438751578331107e+02
-4.970620844153608004e+02 -4.978705792509554158e+02 2.278731332569538637e+00 4.720667252540588379e+02
-3.991045368486160214e+02 -3.995025204714533515e+02 1.173039428218785485e+00 4.714806467056274641e+02
-2.459853885124041994e+02 -2.437044880737827270e+02 1.752233354392282649e+01 4.712921508431434745e+02
-1.328162926149846612e+02 -1.381749136788134820e+02 2.607430518735044700e+01 4.691941871404648055e+02
9.570755921061774529e+01 1.332245946873676985e+02 1.149512566065542813e+02 4.708360603570937997e+02
1.339185469758620229e+03 1.258458463323831211e+03 3.775031392975348012e+02 4.709349197983741533e+02
2.009046807147984737e+02 2.009150948006802651e+02 4.849315910104678440e-01 4.751092833399772530e+02
3.100299645378599394e+02 3.106021889809371714e+02 2.908544245140958218e+00 4.713030389428138847e+02
4.507760598292232999e+02 4.462224667758605960e+02 2.158922297732958029e+01 4.743120298504829293e+02
5.007039269654137570e+02 5.006636561490299755e+02 2.774925703424039880e-01 4.737133798480033988e+02
6.039798150621570585e+02 6.040135942234066988e+02 3.441476771098644916e-01 4.739754850029945601e+02
1.000000000000000000e+03 1.000000000000000114e+03 9.845568954283846740e-14 4.719188714981079329e+02
1.052607895459785823e+03 1.079832887305333315e+03 1.221860264310534347e+02 4.720256518602371330e+02
2.411780122389624921e+03 2.329794578834774256e+03 3.842599055643414090e+02 4.722524740576744193e+02
1.219605778523484332e+03 1.223054957315058346e+03 2.175272043430420865e+01 4.897144536495208627e+02
1.322764927820007870e+03 1.323395408711968003e+03 3.678338556766714174e+00 4.896518291473388445e+02
1.414904958881627408e+03 1.400035247897456884e+03 5.450842077600511004e+01 4.913001204490661848e+02
1.891667432665990418e+03 1.893481084445254965e+03 3.297892763043972764e+01 4.903369197607040633e+02
1.720153576325803897e+03 1.700000000000000227e+03 1.757680417528366661e+02 4.740985921502113456e+02
