-1.400000000000000000e+03 -1.400000000000000000e+03 1.136868377216160297e-13 6.775847040057182085e+02
3.872183450348533806e+05 3.877370736416215659e+05 1.472408734992323443e+05 6.821380390524864197e+02
3.340782048883686308e+06 3.072774751902390271e+05 5.320019811301670037e+06 6.826011875987053372e+02
8.514244456697568239e+03 8.412146397228272690e+03 3.198131475160094851e+03 6.845141180515289534e+02
-9.999997886459925667e+02 -9.999997921979229432e+02 2.502475276551949056e-05 6.717166823029517673e+02
-8.869915217687452014e+02 -8.901940103232582260e+02 6.703881456688837837e+00 6.699603274464607239e+02
-7.979954112112902749e+02 -7.986938087997411913e+02 1.969482492282538244e+00 6.858827146053314436e+02
-6.790634071991069050e+02 -6.790552609992518001e+02 4.674799820570941372e-02 6.582207138538360596e+02
-5.829958689774814502e+02 -5.840705084770050917e+02 5.401776813647620301e+00 8.285031453967094421e+02
-4.999875543432752920e+02 -4.999889096277098588e+02 7.372803442625107395e-03 6.848279381036758195e+02
-3.715939441272572026e+02 -3.716437072208319705e+02 7.314623383996173622e+00 6.825852848529815446e+02
-2.685672791570466984e+02 -2.691562893813842265e+02 6.383137400868804434e+00 6.863189572572707675e+02
-1.157659527610830139e+02 -1.202812424434499974e+02 2.547474657788855978e+01 6.792419399499892734e+02
1.290105967512806046e+03 1.276924609395624429e+03 3.598529868004861214e+02 6.650836193442344211e+02
4.226453676454510060e+03 4.262568953081628024e+03 4.283693222545671233e+02 6.731409085512161710e+02
2.019939085474923957e+02 2.021580397210307751e+02 5.437577144757635983e-01 7.259361456990242232e+02
3.537597540024956970e+02 3.531986600173752322e+02 1.014146024279556535e+01 6.625337116479873885e+02
4.577342984961990737e+02 4.584775492441671076e+02 4.025724543908042463e+00 6.854026811957359087e+02
5.025913079157793391e+02 5.024141387686819371e+02 5.587949954720620171e-01 6.759696627497672807e+02
6.113512107328064076e+02 6.114484492301135106e+02 1.454649528463908714e+00 6.786066911458968889e+02
9.743153766520050567e+02 1.000000000000275122e+03 7.341389657224658549e+01 6.864652383565902483e+02
2.147239304753667057e+03 2.133920546209576969e+03 3.161537166068140436e+02 6.855708762526512601e+02
5.000393887173958319e+03 4.952795400897701256e+03 4.042247097890438567e+02 6.896535564541816257e+02
1.239640993693036989e+03 1.241201450656681573e+03 8.359748074560647169e+00 8.398014983057976224e+02
1.347705670336368712e+03 1.346777298003876467e+03 5.358574740644713508e+00 8.401831640958786238e+02
1.490338466923259602e+03 1.526033649456063813e+03 5.929766366157056723e+01 8.485658802986145020e+02
1.934451189969272946e+03 1.937492271496701278e+03 6.180235648430478790e+01 8.452547898054123152e+02
1.700000000001854687e+03 1.700000000001674607e+03 1.243603466836891816e-09 7.042551949501037143e+02
