-1.399999999405837571e+03 -1.399999999614922217e+03 6.342394499248691936e-07 6.047762980461120463e+01
-1.076061877578875738e+03 -1.299403466175978338e+03 6.062132649906969846e+02 6.067234269380569600e+01
-1.199999672238124958e+03 -1.199999934147795557e+03 4.219064988189283783e-04 6.053745135068893291e+01
-1.099997734012710225e+03 -1.099999276863780551e+03 3.428515608852200896e-03 6.058943095207214213e+01
-9.999997550023988424e+02 -9.999998470955803214e+02 2.306836037595040622e-04 6.057432019710540771e+01
-8.999999999110659701e+02 -8.999999999489789388e+02 1.135524776247263376e-07 6.052950199842452861e+01
-7.999965785701248251e+02 -7.999969762665143662e+02 2.448017124306738328e-03 6.067750620841979980e+01
-6.949965686016150812e+02 -6.999945992130569721e+02 8.658507626868672702e+00 6.067089009284973145e+01
-5.998437335397120478e+02 -5.999910194628798763e+02 2.983857812165697232e-01 6.160332189798354818e+01
-4.999901665469461705e+02 -4.999922932932367985e+02 8.656832796653279524e-03 6.061096659898758077e+01
-3.999999983211257018e+02 -3.999999996392010644e+02 4.611659814476175192e-06 6.069391319751739644e+01
-2.999502454069626083e+02 -2.999999962846958397e+02 2.168466964270060748e-01 6.074327470064163492e+01
-1.999999932458842977e+02 -1.999999976735829819e+02 1.313717146751831145e-05 6.071735759973525859e+01
-9.998431975051350662e+01 -9.999998503684332718e+01 6.802176104688473224e-02 6.061649745702743530e+01
1.060682579849306819e+02 1.003133426475395140e+02 7.878158474959761293e+00 6.065608680248260498e+01
2.000647351220063683e+02 2.000713529832685253e+02 3.480617117206370736e-02 6.094058430194854736e+01
3.012120297818344739e+02 3.020196112067847025e+02 9.895269915669163696e-01 6.066058970689773844e+01
4.010389396894769334e+02 4.011018881632150510e+02 1.009578090553954421e+00 6.069689040184020712e+01
5.000009866034973811e+02 5.000000000000029559e+02 4.300504762051976342e-03 6.057686580419540689e+01
6.000097171320007874e+02 6.000097199363319760e+02 9.714689512104419944e-03 6.062407790422439291e+01
7.050159706155884578e+02 7.000124520143667723e+02 2.179123407449676364e+01 6.078430880308151529e+01
8.000011592109556204e+02 8.000009737917513348e+02 1.391624610763934162e-03 6.077319275140762045e+01
9.764991936495820255e+02 9.000027495764925334e+02 1.100366388474797645e+02 6.080341969728469564e+01
1.000000709009475258e+03 1.000000496181114386e+03 8.808005147071924995e-04 6.176264505386352255e+01
1.100001781329806818e+03 1.100001600901265192e+03 1.189339544306299012e-03 6.175961790084839009e+01
1.200076006839079582e+03 1.200040792569179757e+03 1.256520990217769584e-01 6.182563450336456157e+01
1.341183715456625578e+03 1.301150459402356546e+03 4.916923780119434184e+01 6.180050170421600342e+01
1.400009139810867509e+03 1.400006183086277815e+03 1.128990101686615927e-02 6.100244594812393473e+01
