-1.400000000000000000e+03 -1.399999999999999773e+03 1.761228916715216211e-13 6.273629938006400835e+02
4.604382537828346831e+05 4.020333969858448836e+05 2.432927479838958534e+05 7.169804891943931580e+02
3.446672040904305130e+07 1.440301284672169574e+07 4.549328778394659609e+07 7.050651356458663486e+02
9.511511377655424440e+03 8.801151207879083813e+03 3.041027335730339928e+03 7.224944366455077898e+02
-9.999999995932727188e+02 -9.999999995871253304e+02 4.563810858439955197e-08 7.115329947471618652e+02
-8.842662813886269078e+02 -8.889979225903575752e+02 8.148680969643967487e+00 7.099061873555183411e+02
-7.641095551068807481e+02 -7.658404525520170409e+02 1.582646198067186738e+01 6.954260398387908708e+02
-6.790033701091841749e+02 -6.790034618194212044e+02 5.459140940158790228e-02 6.262713753461837314e+02
-5.828696302679459222e+02 -5.829891896556696338e+02 3.539895359280857967e+00 8.443795765995979536e+02
-4.999617991260439567e+02 -4.999716452271962339e+02 2.030972083836983869e-02 6.470099985480308078e+02
-3.569680772474550849e+02 -3.562218594682527169e+02 9.343458545703994034e+00 6.416981119513511658e+02
-2.438158346004668715e+02 -2.517445892340294051e+02 1.963664347882828309e+01 6.479198563456535567e+02
-7.353395049061983002e+01 -6.397850709805813096e+01 3.636104001678421582e+01 6.523518602490424882e+02
1.473635685724853829e+03 1.455753821072113169e+03 2.744423129051963315e+02 6.354090551018714450e+02
4.034968517910166156e+03 3.997658813682083746e+03 7.382213480060206621e+02 6.341257307529449463e+02
2.004681129722266064e+02 2.003857503829795235e+02 3.720415680202011077e-01 7.149543362021446455e+02
3.649152208370022663e+02 3.661168293643067955e+02 1.637731327553231608e+01 6.366956395387649081e+02
4.699197773446197175e+02 4.739673703531815931e+02 1.787763658966704838e+01 6.676696083426475070e+02
5.033733723173342582e+02 5.035698960165682365e+02 7.548719074249720107e-01 7.134334330439567111e+02
6.139237523975253907e+02 6.147548071415717459e+02 1.269657885747184300e+00 6.610596112966537703e+02
9.743153766509528850e+02 1.000000000000000227e+03 7.341389657281516179e+01 6.776860504984855424e+02
2.411019318523262427e+03 2.345032753909390976e+03 2.585239327047479492e+02 6.638065852046013333e+02
4.741119679607278158e+03 4.543962935301305151e+03 7.209054345427114185e+02 6.657560781478881609e+02
1.253396205760036764e+03 1.252258865940682426e+03 7.769878999381305995e+00 8.551986783504486311e+02
1.366636170109867862e+03 1.368918503856307325e+03 8.373888033789910423e+00 8.570179164052009355e+02
1.524751038253407842e+03 1.545665288205489105e+03 5.286752846267728501e+01 8.657434680461883545e+02
2.094361285827135362e+03 2.108398635632625883e+03 9.069795901890265100e+01 8.636258313894271623e+02
1.700000000000000455e+03 1.700000000000000455e+03 1.607774677692185771e-13 7.061206256985664140e+02
