-1.400000000000000000e+03 -1.400000000000000000e+03 5.084229945850414966e-14 4.259847370386123799e+01
5.875740307888590905e+02 -1.096869013816869028e+03 2.875402040617982493e+03 4.290978950262069702e+01
-1.200000000000000000e+03 -1.200000000000000000e+03 0.000000000000000000e+00 4.260023134946823120e+01
-1.100000000000000000e+03 -1.100000000000000000e+03 1.245376910231166390e-13 4.267265294790267660e+01
-9.999999999607491645e+02 -9.999999999839883458e+02 6.891983344773828149e-08 4.277618194818496988e+01
-9.000000000000000000e+02 -9.000000000000000000e+02 1.525268983755124553e-13 4.261444319486618326e+01
-7.999999995541896851e+02 -7.999999997823197191e+02 8.743202053971685203e-07 4.278911803960799887e+01
-6.949998458107570514e+02 -6.999999997561985765e+02 8.660519748938973805e+00 4.275652259588241577e+01
-5.998875053502445098e+02 -5.999999918293822248e+02 2.677690417491985775e-01 4.397537285089492798e+01
-4.999763262653081028e+02 -4.999901353279331033e+02 2.624344852263445216e-02 4.274785670042037822e+01
-4.000000000000000000e+02 -4.000000000000000000e+02 1.271057486462603742e-14 4.285812544822692871e+01
-2.997015122828712492e+02 -2.999999999999998863e+02 4.559475192507332353e-01 4.286434139013290689e+01
-1.999999999999989484e+02 -2.000000000000000000e+02 3.349700730357029017e-12 4.286060060262680338e+01
-9.992195668600321312e+01 -9.999999999999977263e+01 1.673842607702679397e-01 4.272012430429458618e+01
1.134460745886768507e+02 1.006243465119631537e+02 2.806115232041761587e+01 4.277628990411758281e+01
2.000000055715323128e+02 2.000000032290293461e+02 6.816071219726172935e-06 4.313737415075301840e+01
3.012145284222956434e+02 3.020196068559071136e+02 9.886032761242272704e-01 4.275191229581832886e+01
4.010121918400593017e+02 4.002910870170495627e+02 9.996450203894849951e-01 4.278793640136719034e+01
5.000034554233255903e+02 5.000000000000000000e+02 7.167137032820278253e-03 4.285900700092315674e+01
6.000116590918532893e+02 6.000194318197550274e+02 9.519608634612758760e-03 4.277524499893188192e+01
7.350000003924826615e+02 7.000000008501651791e+02 4.769695989871328834e+01 4.292064294815063619e+01
8.000000001518211548e+02 8.000000000568149972e+02 2.528022170047880481e-07 4.293185275793075562e+01
9.738066691068867158e+02 9.000000006970658433e+02 9.918653662795819059e+01 4.295363260507583902e+01
1.000157000073417521e+03 1.000000000023280563e+03 6.843472444686296008e-01 4.412940335273742676e+01
1.105000000190652599e+03 1.100000000103094408e+03 2.179449467489057213e+01 4.413558020591735698e+01
1.200452023955987215e+03 1.200080948985143323e+03 9.424336209361895422e-01 4.421055104732513286e+01
1.326316558341557993e+03 1.301194747070966287e+03 4.378271776336988097e+01 4.418123070001602315e+01
1.405000000975003331e+03 1.400000000577779701e+03 2.179449451942178584e+01 4.308000680208206035e+01
