-1.400000000000000000e+03 -1.400000000000000000e+03 0.000000000000000000e+00 5.616434764862060547e+01
4.878595983321998574e+03 4.887775649076711488e+03 4.931718691345270599e+03 5.646731923818587973e+01
-1.200000000000000000e+03 -1.200000000000000000e+03 0.000000000000000000e+00 5.620509500503540323e+01
-1.100000000000000000e+03 -1.100000000000000000e+03 0.000000000000000000e+00 5.623900475502014018e+01
-9.999999999999811280e+02 -9.999999999999944293e+02 2.821071931915324468e-11 5.629667955636978149e+01
-8.999999261890732214e+02 -8.999999999906366384e+02 2.911228528821988883e-04 5.637385280132293985e+01
-7.991394918479203398e+02 -7.999993938614443323e+02 3.053273406405071277e+00 5.631069855690002157e+01
-6.888695444295921106e+02 -6.799999748259256194e+02 9.823651849938325853e+00 5.628189045190811157e+01
-5.996614420010627100e+02 -5.999957724595242325e+02 3.984451119734181423e-01 5.720664780139922811e+01
-4.998224462546431823e+02 -4.998483368280431023e+02 1.650892779260594023e-01 5.628177798986435221e+01
-3.998010081885813634e+02 -4.000000000000000000e+02 3.979836228373188622e-01 5.639351890087127828e+01
-2.984578142171782815e+02 -2.990050409429067031e+02 1.524430135417030208e+00 5.635837005376815512e+01
-1.978856661907338435e+02 -1.975323301845940591e+02 1.334215347412840202e+00 5.633602935075759888e+01
-9.350480765749925638e+01 -9.968782674401859367e+01 1.364756786250899623e+01 5.621042939424514628e+01
1.491453379730635902e+02 1.458534038209647292e+02 4.755677174675542318e+01 5.625431014299392984e+01
2.006717908868484699e+02 2.005061274727149225e+02 6.982943508663342902e-01 5.650600675344467305e+01
3.019334953697570540e+02 3.020380619720524464e+02 6.856723368327762858e-01 5.631297789812087728e+01
4.028628884697451440e+02 4.027730925619276832e+02 1.105185363820102573e+00 5.635713269710540629e+01
5.000334341771073809e+02 5.000197293441220268e+02 4.022499759343456383e-02 5.629586409330367758e+01
6.000509770675269010e+02 6.000194318197550274e+02 4.922814312312969592e-02 5.621656844615936421e+01
7.700000000000000000e+02 8.000000000000000000e+02 4.582575694955839651e+01 5.638956655263901041e+01
8.638552125245043953e+02 8.418824236395455500e+02 8.591158532310045359e+01 5.637750245332718180e+01
1.031941891463966385e+03 9.945885657131516382e+02 1.051653051105987657e+02 5.636686669588088705e+01
1.024168135981471323e+03 1.018878613756197865e+03 2.596457866637940626e+01 5.736553574800491617e+01
1.153650439216156201e+03 1.171464007242690968e+03 4.780442188332250453e+01 5.735538015365600728e+01
1.208740121161380330e+03 1.200916606553978454e+03 1.297819994569585056e+01 5.745404825210571431e+01
1.385438087250028275e+03 1.417814177026586549e+03 6.279004663030791278e+01 5.741712449789046957e+01
1.420000000000000000e+03 1.400000000000000000e+03 4.000000000000000000e+01 5.929474159479141093e+01
