-1.399999999871267619e+03 -1.399999999989625394e+03 3.009560609004927611e-07 6.676615610122681232e+01
9.121048143698857302e+02 -8.990539553446534455e+02 3.373583792351576903e+03 6.686084550619125366e+01
-1.199999999065528755e+03 -1.199999999935532742e+03 3.451968459899496244e-06 6.670516990423202230e+01
-1.099999994979158373e+03 -1.099999999831782361e+03 1.888007524940295325e-05 6.675551899671555134e+01
-9.999999830224508059e+02 -9.999999966785919696e+02 4.789277477071754078e-05 6.673352290391922281e+01
-8.999999999996983888e+02 -8.999999999998329940e+02 5.384888336141957297e-10 6.678896030187607380e+01
-7.999996071329477445e+02 -7.999997675761314895e+02 3.742422009616245648e-04 6.688765399456023886e+01
-6.960032837034293607e+02 -6.999995024172972080e+02 7.992242532103331243e+00 6.680273754596710489e+01
-5.998860986668435089e+02 -5.999986551503168357e+02 2.675578512263129261e-01 6.755009659528732868e+01
-4.999964116943609156e+02 -4.999999598081137719e+02 4.017336115332943540e-03 6.684953529834747599e+01
-3.999999999590225457e+02 -3.999999999835756626e+02 5.932256194075029736e-08 6.688001844882964519e+01
-2.999999999060748905e+02 -2.999999999678309450e+02 1.272155417685221202e-07 6.691297539472580524e+01
-1.999999998809248609e+02 -1.999999999650993914e+02 2.347380722472456256e-07 6.692800209522246746e+01
-9.908409458964061400e+01 -9.999999935828691378e+01 3.636715835185623025e+00 6.681991515159606365e+01
1.010407766269662062e+02 1.003121732650902800e+02 3.682792650667655376e+00 6.687604320049285889e+01
2.001058361925447571e+02 2.000028506438004001e+02 2.100769249503236513e-01 6.698145325183868692e+01
3.009733105722307300e+02 3.005774755051216971e+02 9.778783907685206778e-01 6.686505764722824097e+01
4.008252596300424102e+02 4.001259013988861852e+02 9.192112287888021260e-01 6.689398659467697428e+01
5.000000000000006253e+02 5.000000000000000000e+02 2.216492480351355908e-12 6.682112840414046673e+01
6.000058295750961861e+02 6.000000000452487257e+02 8.904759398816776417e-03 6.686131969690322308e+01
7.100051568201338341e+02 7.000027943641493948e+02 2.999878339502803115e+01 6.699142650365828899e+01
8.000003480859311367e+02 8.000001856427982148e+02 4.388020629139637702e-04 6.697364335060119345e+01
9.589750062777691255e+02 9.000009124259129294e+02 7.715263330539023912e+01 6.693487670421600910e+01
1.000000138631122923e+03 1.000000073830878478e+03 1.538274756614394791e-04 6.769374080896378132e+01
1.105000568546884779e+03 1.100000408236694057e+03 2.179437295500952843e+01 6.773322705030440716e+01
1.200089555405675810e+03 1.200000003043582183e+03 1.494892284593625220e-01 6.778314725160598186e+01
1.360143217926040506e+03 1.400000014419906165e+03 4.881649646875934678e+01 6.775430026054382893e+01
1.400002983775692883e+03 1.400001978635513979e+03 2.839312956614695096e-03 6.706075339317321493e+01
