-1.399999999999999773e+03 -1.399999999999999773e+03 1.686248307827477949e-13 9.937501236081122897e+02
1.105431110976818483e+06 1.102976755325763486e+06 3.496887439420731389e+05 1.225519576907157898e+03
2.663956291961356103e+08 1.536283681769779325e+08 2.803133990361757278e+08 1.220354152357578187e+03
2.663275380514462995e+03 2.563126810703743104e+03 1.024194955911504394e+03 1.223661975193023636e+03
-9.999999013416969547e+02 -9.999999029154782875e+02 8.324395820375000074e-06 1.217727983248233841e+03
-8.554159481767471789e+02 -8.565526684650258176e+02 2.273441843716963007e+00 1.141347645556926636e+03
-7.048106101428539887e+02 -7.095307437582314378e+02 2.403131255858002646e+01 1.226695680999755950e+03
-6.788764517084125600e+02 -6.788725111180592648e+02 2.971958890848743970e-02 1.196649751198291824e+03
-5.531536486237093868e+02 -5.534902538929341063e+02 8.303525701084781829e+00 1.491930488049983978e+03
-4.998590247790301078e+02 -4.998545883536014571e+02 4.562742532931805123e-02 1.046787746155262084e+03
-2.869830067396800359e+02 -2.882490639578804235e+02 2.801506424471760681e+01 1.027290311455726624e+03
-1.617675904187993297e+02 -1.602086791760325468e+02 2.898404383953748109e+01 1.066566409051418304e+03
7.784487349230487041e+01 7.539656813328102203e+01 5.058166451838433630e+01 1.165657978999614670e+03
3.553049025673023607e+03 3.512035252113990282e+03 6.001863820447581475e+02 1.026811949539184525e+03
8.870808259898713004e+03 8.437232010138282931e+03 1.980467922293437823e+03 1.068510101950168519e+03
2.022143949251706374e+02 2.024552140782280958e+02 1.097151267493318372e+00 1.191671955800056367e+03
4.517023492220556591e+02 4.538956667105226188e+02 2.369077734845636130e+01 1.042103787302970886e+03
5.660479032597025935e+02 5.625739820354754102e+02 2.990407784392045087e+01 1.111853319454193070e+03
5.068041314822259551e+02 5.067256395499359201e+02 1.772686872769521971e+00 1.224134854590892701e+03
6.239667313618699609e+02 6.247499999556894181e+02 1.344681943475289021e+00 1.133819043850898652e+03
1.499938092197148308e+03 1.828262933976494423e+03 4.089847836111345032e+02 1.061839320003986359e+03
5.077898530813403340e+03 4.993439793039071446e+03 7.044342052334603750e+02 1.071604511249065354e+03
9.820702191775144456e+03 9.590371151168757933e+03 1.952864378279840821e+03 1.111908262145519302e+03
1.312235177815756742e+03 1.314650931242793376e+03 1.579915820618361977e+01 1.524042350399494126e+03
1.439210225009366013e+03 1.437270274946548852e+03 1.354073642243134046e+01 1.522963564693927765e+03
1.585421488592539845e+03 1.600148173644933649e+03 6.416298139838883685e+01 1.538083644509315491e+03
2.667184696286187773e+03 2.638358726065630890e+03 1.563798755501073288e+02 1.535705514347553162e+03
3.185420712000878211e+03 1.800000000000002046e+03 1.531981240040461898e+03 1.204949761497974350e+03
