-1.400000000000000000e+03 -1.400000000000000000e+03 0.000000000000000000e+00 6.562127695083617596e+01
1.223951209331946529e+03 1.463822283101868607e+02 3.150884759341019162e+03 6.576291915178299519e+01
-1.200000000000000000e+03 -1.200000000000000000e+03 0.000000000000000000e+00 6.561489299535750774e+01
-1.100000000000000000e+03 -1.100000000000000000e+03 0.000000000000000000e+00 6.567063724994659424e+01
-9.999999999990062634e+02 -9.999999999999809006e+02 2.327281521872676936e-09 6.562844665050506876e+01
-9.000000000000000000e+02 -9.000000000000000000e+02 0.000000000000000000e+00 6.566512119770050049e+01
-7.999999999880578798e+02 -7.999999999968656539e+02 2.570360501784816167e-08 6.566168309450149820e+01
-6.949999282111275534e+02 -6.999999999935889718e+02 8.660378354459577821e+00 6.558804924488067911e+01
-5.998875116443672368e+02 -5.999999998147818587e+02 2.677709211583478299e-01 6.633687289953232380e+01
-4.999782991997776662e+02 -4.999913696438024431e+02 3.655903899538855140e-02 6.566153274774551107e+01
-4.000000000000000000e+02 -4.000000000000000000e+02 3.813172459387811383e-14 6.570920559167862507e+01
-2.997015122828720450e+02 -3.000000000000000000e+02 5.539697580559008738e-01 6.571477060317992880e+01
-1.999999999999999147e+02 -2.000000000000000000e+02 3.964802997977996922e-13 6.572096420526504801e+01
-9.905287835119733586e+01 -9.999999999999988631e+01 3.631395800682569508e+00 6.564550814628600506e+01
1.073018360261124116e+02 1.003121732559814063e+02 1.368653347168909029e+01 6.563495630025863647e+01
2.001137950387881972e+02 2.000000001097469067e+02 3.021712446090994986e-01 6.582047154903412434e+01
3.015220540303001826e+02 3.020197639804966911e+02 8.754144590311102592e-01 6.565006014108658405e+01
4.017000333085346711e+02 4.020484238898083049e+02 7.872288272190001157e-01 6.569727265834808350e+01
5.000019729344121515e+02 5.000000000000000000e+02 5.918803236608027700e-03 6.574861140251159952e+01
6.000126306828409497e+02 6.000194318197550274e+02 9.268387309594429413e-03 6.570095595121384235e+01
7.150000002521225042e+02 7.000000001360248234e+02 3.570714220985431808e+01 6.572512930631637573e+01
8.050000000506468041e+02 8.000000000049637947e+02 2.179449470990268622e+01 6.573122113943099976e+01
1.003951429738656770e+03 9.393837089138180545e+02 1.224709884450659274e+02 6.570685629844665243e+01
1.000000000026986868e+03 1.000000000001531816e+03 9.541029146421638241e-08 6.646462064981460571e+01
1.110000000041791282e+03 1.100000000021724645e+03 2.999999998611306395e+01 6.647697124481200603e+01
1.200402357282878029e+03 1.200080948985142641e+03 9.261230700143660011e-01 6.655084389448165894e+01
1.377502874155245081e+03 1.400000000000682121e+03 4.466209620135604297e+01 6.652612905502319052e+01
1.415000001271592282e+03 1.400000000230263140e+03 3.570714179860831905e+01 6.578950895071029947e+01
