-1.399999999999999773e+03 -1.399999999999999773e+03 7.190186943645083856e-14 6.431428336977958224e+02
4.751904678127299994e+05 4.444160835870758165e+05 2.179349857103386312e+05 7.677497603535651933e+02
9.992051998661839962e+07 3.241113718085712940e+07 1.281563166973800808e+08 7.533373976945877075e+02
5.524579500609987917e+03 4.759883461462861305e+03 2.531211603793709401e+03 7.690349997997284390e+02
-9.999999998137078592e+02 -9.999999998038426838e+02 6.865594686376882819e-08 7.577600922465323947e+02
-8.823466525871284603e+02 -8.892961273376009785e+02 1.487874971933900348e+01 7.610484224557876587e+02
-7.220540902155538561e+02 -7.349129090660192105e+02 3.863500868138854116e+01 7.732072696924209367e+02
-6.789677384650374279e+02 -6.789668741673316390e+02 6.474747541853564936e-02 6.733766375541687239e+02
-5.778397755906291877e+02 -5.779737401120466984e+02 3.605579808624071791e+00 8.974109186530113220e+02
-4.998819322216648970e+02 -4.998952751867487905e+02 4.894499316727949495e-02 6.662330163002013705e+02
-3.522917939426657767e+02 -3.492571941102056599e+02 1.350530597902518792e+01 6.573939574003219377e+02
-2.266654601600096726e+02 -2.283632312181571820e+02 1.667892407413619438e+01 6.636121627926826250e+02
-4.889984201956980314e+01 -4.904123187288399777e+01 3.146378547981828433e+01 6.782688469529151689e+02
1.915610238880428824e+03 1.897821935617736926e+03 3.557074444751348778e+02 6.590850772500037920e+02
4.641847632261602485e+03 4.613493716398308607e+03 6.174063831881768465e+02 6.693004878997802507e+02
2.010949225515397529e+02 2.010803388653423838e+02 5.678695830905284847e-01 7.389988925457000732e+02
3.721383467782019352e+02 3.722756121982251898e+02 1.325309557995624488e+01 6.572839989066123962e+02
4.840117443857072317e+02 4.846585575926521301e+02 1.653769954181641211e+01 6.988582378983497847e+02
5.035997336767813977e+02 5.034199997049066724e+02 7.605380282008008530e-01 7.655266752004623640e+02
6.144447692986076390e+02 6.150000000000000000e+02 1.097060202967898190e+00 6.642581043004989851e+02
9.914730649764294412e+02 1.000000000000000568e+03 7.746768041566399177e+01 6.773000445961952209e+02
2.709566218578815096e+03 2.678927003040930686e+03 4.578759334341944509e+02 6.822962807536125638e+02
5.267786259211237848e+03 5.428723726119573257e+03 6.223675710153651153e+02 6.988499595999717258e+02
1.262700771499649818e+03 1.260308173345309797e+03 1.050674827118341703e+01 9.117433036565780640e+02
1.375430868816837574e+03 1.372662511190763325e+03 1.148806715907895004e+01 9.071123219490051497e+02
1.511060241907710179e+03 1.545812727302591611e+03 6.471257790517174158e+01 9.122378800034523465e+02
2.196810040999486318e+03 2.200541386873465854e+03 7.899721234135884629e+01 9.140802372574805759e+02
1.756138307345008116e+03 1.700000000000001364e+03 2.447012085783130146e+02 7.129351152062415622e+02
