-1.400000000000000000e+03 -1.400000000000000000e+03 0.000000000000000000e+00 6.666134564876556112e+01
1.022225631890571321e+03 -7.254623368469744946e+02 3.617850238159503078e+03 6.711052669286728189e+01
-1.200000000000000000e+03 -1.200000000000000000e+03 0.000000000000000000e+00 6.671120024919510172e+01
-1.100000000000000000e+03 -1.100000000000000000e+03 0.000000000000000000e+00 6.669235650300979046e+01
-9.999999999999699867e+02 -9.999999999999918145e+02 4.322340079972913615e-11 6.672517729997635172e+01
-8.999999997095179651e+02 -8.999999999999392912e+02 8.650455334719797573e-07 6.700184470415115356e+01
-7.991224184901954004e+02 -7.999424018179740870e+02 2.000495699397497606e+00 6.687951894998550983e+01
-6.916445137279227993e+02 -6.960191443626515593e+02 8.913792844242530933e+00 6.684042454957962320e+01
-5.997416086158818871e+02 -5.999654104985927461e+02 3.526362303915318575e-01 6.789551119804382040e+01
-4.995216927685825681e+02 -4.995610319596041791e+02 3.888780177936254634e-01 6.690746059417725178e+01
-3.995522684243080107e+02 -4.000000000000000000e+02 4.949858811216393817e-01 6.689347469806671143e+01
-2.984080660124327551e+02 -2.985075614143600546e+02 1.193949651039341253e+00 6.695296710729598999e+01
-1.979429283132786281e+02 -1.979440450976274519e+02 1.818334392906498787e+00 6.691307200193405436e+01
-9.386962566795203600e+01 -9.968782674401859367e+01 7.962927726790179683e+00 6.680160914659499838e+01
1.342018221829191873e+02 1.169133068121729480e+02 3.694691790645167373e+01 6.679155734777449993e+01
2.008298210052339812e+02 2.007348928219945492e+02 9.289358627220227760e-01 6.716524715423584269e+01
3.014823480313856408e+02 3.020291093820119386e+02 1.101872198345875686e+00 6.684888305664063068e+01
4.027486504580928113e+02 4.026627116558296393e+02 1.336651967870885471e+00 6.697298480272293375e+01
5.001172049345483401e+02 5.001217415334418774e+02 8.844595264342842988e-02 6.685612320899963379e+01
6.001020148954062279e+02 6.000469399849849879e+02 1.364309117339496669e-01 6.673065520524978922e+01
7.550000000000000000e+02 8.000000000000000000e+02 4.974937185533102735e+01 6.695721164941787151e+01
8.343679087666223495e+02 8.059532243253695469e+02 5.530545931429909245e+01 6.694636549949646565e+01
1.066677127850347915e+03 1.042044366965416202e+03 1.034475489986033239e+02 6.695408300161361126e+01
1.012366308863059430e+03 1.001570000807354631e+03 1.905430784831391477e+01 6.806665655374527546e+01
1.141118462072173543e+03 1.116660727568855236e+03 4.230553392258214984e+01 6.807820535898208902e+01
1.210325077309143808e+03 1.200435134724740237e+03 1.784152387074857415e+01 6.815973505973815350e+01
1.391001052474749486e+03 1.415255872328134956e+03 6.284178267105466631e+01 6.812972614765166668e+01
1.435000000000000000e+03 1.400000000000000000e+03 4.769696007084729672e+01 6.950663094520568563e+01
