-1.400000000000000000e+03 -1.400000000000000000e+03 0.000000000000000000e+00 5.481105895042419718e+01
6.680462686955320351e+03 8.891392633530220337e+03 5.765773152369592026e+03 5.511608769893646098e+01
-1.200000000000000000e+03 -1.200000000000000000e+03 0.000000000000000000e+00 5.480097725391387797e+01
-1.100000000000000000e+03 -1.100000000000000000e+03 0.000000000000000000e+00 5.480911464691162394e+01
-9.999999999998919975e+02 -9.999999999999720330e+02 2.214451440378858381e-10 5.485936820507049561e+01
-8.999526275387840997e+02 -8.999985880048068339e+02 1.095056471129642606e-01 5.499723664522171163e+01
-7.974086981133533527e+02 -7.999223929475024306e+02 5.572458863671379881e+00 5.496181225776672363e+01
-6.869015154932512814e+02 -6.799988998141436696e+02 8.981693887017705435e+00 5.486719964742660238e+01
-5.995864327256175557e+02 -5.997669499731026690e+02 4.215696211637101065e-01 5.569279744625091411e+01
-4.979103438002038047e+02 -4.981960340099043378e+02 1.620350315752762560e+00 5.500227270126342916e+01
-3.989055455409792899e+02 -3.990050409429067031e+02 1.331163213819696489e+00 5.497876635789871358e+01
-2.965176475845916002e+02 -2.960201688094459200e+02 2.385822485094655221e+00 5.505775464773178385e+01
-1.973372233853606588e+02 -1.971206152715606379e+02 2.092759256541734558e+00 5.496031339168548868e+01
-8.336236855513365640e+01 -9.953174011602783366e+01 2.800197518244507933e+01 5.485124310255050517e+01
1.777532071476479700e+02 1.581923672735651394e+02 8.295411372283003004e+01 5.485156364440918253e+01
2.015959461731386000e+02 2.014146255525338347e+02 1.245434865498023624e+00 5.512627815008163168e+01
3.026126805048320421e+02 3.025641104899953007e+02 7.482574543677192880e-01 5.492357625961303569e+01
4.036500424055233225e+02 4.029625308201072471e+02 1.941506211673832638e+00 5.508097374439239502e+01
5.001133608970297360e+02 5.000947043373933525e+02 1.013360401107737813e-01 5.494131499528884888e+01
6.001489106471005925e+02 6.000744481502149483e+02 1.426740487630980547e-01 5.483572289943695210e+01
7.650000000000000000e+02 8.000000000000000000e+02 4.769696007084728251e+01 5.496905804872513102e+01
8.513405420600522575e+02 8.119064486507388665e+02 8.446380166430240877e+01 5.502288089990615561e+01
1.116724240578119179e+03 1.182490187298220917e+03 1.007550943132403063e+02 5.493091620206833170e+01
1.044474960540443362e+03 1.036315599654217749e+03 3.649333548385092030e+01 5.581662800312042094e+01
1.175921586705813525e+03 1.200000000000000000e+03 3.951343887348407691e+01 5.580250905752181723e+01
1.213580845360227841e+03 1.200435134724740237e+03 1.984193533463579584e+01 5.588852039575576924e+01
1.388119293287485107e+03 1.410275625153916508e+03 5.550692650876579393e+01 5.586359984874725626e+01
1.465000000000000000e+03 1.500000000000000000e+03 4.769696007084726830e+01 5.873137904405594156e+01
