-1.400000000000000000e+03 -1.400000000000000000e+03 1.525268983755124553e-13 6.441926521062850952e+02
3.697971829355403897e+05 2.982277025757146766e+05 1.788695725325687090e+05 7.353646103024482272e+02
1.732844879706720356e+06 4.363295414443155460e+04 4.153310635601685382e+06 7.192066372513770602e+02
1.201383484888381827e+04 9.067695834008474776e+03 1.207903333266470872e+04 7.326581394553184055e+02
-9.999996963623068496e+02 -9.999996963779992711e+02 3.339362503196354040e-05 7.340839570999145280e+02
-8.902256820506245276e+02 -8.910953954864515936e+02 3.824453174659022903e+00 7.308016834974289395e+02
-7.960669852682954115e+02 -7.970724037639436119e+02 3.815045659359606933e+00 7.080825168013573148e+02
-6.790656102289115097e+02 -6.790486414727511146e+02 5.158450697924835127e-02 6.941444554567336809e+02
-5.668106150558047602e+02 -5.658606861378577833e+02 6.389619495994268483e+00 8.890134793043137051e+02
-4.999847178805291037e+02 -4.999901353279389582e+02 9.565894098065897549e-03 6.647201557040214084e+02
-3.766682259871080873e+02 -3.761209927053991464e+02 5.588394157357263303e+00 6.591623280525207065e+02
-2.705939819420779600e+02 -2.701512434006584726e+02 6.718147264266545626e+00 6.744491749525070645e+02
-1.175817846022934248e+02 -1.267630762125905335e+02 3.425781031069329430e+01 7.041788613915443875e+02
1.379716012270159581e+03 1.397853062475201114e+03 4.052297641316399677e+02 6.568434507012367476e+02
7.108822985525353943e+03 7.488253001687353390e+03 1.138549026668451461e+03 7.001033783555030823e+02
2.025501789250126592e+02 2.025997341393120905e+02 3.220157299025768194e-01 7.547872454047203519e+02
3.513702872172651155e+02 3.562910377529880179e+02 1.213315561387043573e+01 6.519054342508316040e+02
5.523836979579554054e+02 5.876439365421352932e+02 6.243282133012181845e+01 7.115094375491141818e+02
5.025716122191782347e+02 5.024818264966859829e+02 3.957570613170101059e-01 7.342965343952179182e+02
6.116344697072985355e+02 6.111645934096389965e+02 1.869873610477649661e+00 7.074348970055580139e+02
9.800000000000002274e+02 1.000000000000000455e+03 4.000000000000002132e+01 7.246233861446380615e+02
2.233710208386630711e+03 2.361309050276156995e+03 3.998415312265418038e+02 6.952311393976211775e+02
6.866157885320722016e+03 8.147261622175781667e+03 2.019543027231050246e+03 7.202685393571853183e+02
1.242737563058691649e+03 1.238511839802087252e+03 1.756000638385516055e+01 9.075154580473899841e+02
1.351303525733077322e+03 1.348806150584187662e+03 9.393618350776206327e+00 9.102436430931090854e+02
1.551103215939236179e+03 1.563043309173991702e+03 5.425047493642353658e+01 9.176778187036513827e+02
2.235173408040122922e+03 2.280530037505254768e+03 2.278237670974406512e+02 9.150295709013938676e+02
1.700000000000000455e+03 1.700000000000000909e+03 4.099037227506402274e-13 7.435152672529220581e+02
