-1.400000000000000000e+03 -1.400000000000000000e+03 0.000000000000000000e+00 5.179974830150604248e+01
4.279771636017509081e+03 1.887029982833675831e+03 5.166837222966217269e+03 5.218281779289245748e+01
-1.200000000000000000e+03 -1.200000000000000000e+03 0.000000000000000000e+00 5.178745650053024008e+01
-1.100000000000000000e+03 -1.100000000000000000e+03 0.000000000000000000e+00 5.187606695890426778e+01
-9.999999999999830607e+02 -9.999999999999872671e+02 1.982510701243680633e-11 5.197891675233840658e+01
-8.999999999902938725e+02 -8.999999999999996589e+02 4.230485330766797936e-08 5.202030400037765645e+01
-7.999996900431887070e+02 -8.000000000000000000e+02 7.126343213772677555e-04 5.200773844718933248e+01
-6.869996082865553717e+02 -6.799999920857686675e+02 9.539679481610079392e+00 5.190514454841613912e+01
-5.995292053840147446e+02 -5.993954037851248131e+02 3.720899625825596635e-01 5.328235775232315063e+01
-4.998763267266152184e+02 -4.999124571954738485e+02 1.405878430424044034e-01 5.200707420110702373e+01
-4.000000000000000000e+02 -4.000000000000000000e+02 0.000000000000000000e+00 5.214864104986190796e+01
-2.987065534776697291e+02 -2.990050409429067031e+02 1.138781877067296611e+00 5.218341724872588827e+01
-1.989277600585958510e+02 -2.000000000000000000e+02 1.239740553202276496e+00 5.211871845722198771e+01
-9.985952203480836431e+01 -1.000000000000000000e+02 1.840234204065785417e-01 5.188760504722595357e+01
1.596946255123815206e+02 1.170693934401635943e+02 7.024772017572848881e+01 5.193659839630127095e+01
2.001775763128375161e+02 2.000000000011149837e+02 3.955535943611471206e-01 5.240874145030975484e+01
3.017416779386215921e+02 3.020229838640617004e+02 7.297625456815282075e-01 5.203395425081252768e+01
4.022812320371838837e+02 4.021491593946532248e+02 7.501846155702607266e-01 5.204849804639816568e+01
5.000271062852337991e+02 5.000197293441220268e+02 3.475617662030616034e-02 5.192583535909652426e+01
6.000229902708258578e+02 6.000194318197550274e+02 1.810460299497458972e-02 5.188309620618819906e+01
7.650000000000000000e+02 8.000000000000000000e+02 4.769696007084728251e+01 5.212940649986266806e+01
8.381312148664131882e+02 8.000000000000000000e+02 6.486275514383602570e+01 5.216362739801407145e+01
1.076752241720676693e+03 1.156981984064696007e+03 1.192314822553860125e+02 5.207391254901885702e+01
1.003620472118102953e+03 1.000000000000000000e+03 6.554169580318050414e+00 5.351246634721756124e+01
1.139406132263071640e+03 1.100000000000000000e+03 4.707846299893960662e+01 5.350322464704513692e+01
1.203558037973771661e+03 1.200435134724740237e+03 9.139782512937333792e+00 5.361809639930724813e+01
1.406690187309017574e+03 1.410657301717181554e+03 4.476685171537351238e+01 5.358436204195022867e+01
1.450000000000000000e+03 1.450000000000000000e+03 5.000000000000000000e+01 5.635434695482253886e+01
