-1.400000000000000000e+03 -1.399999999999999773e+03 2.096281709166962064e-13 6.557483770489692461e+02
3.918732392797518405e+05 3.411325143757290207e+05 1.649440043313459028e+05 8.014248099923133850e+02
2.284136903726090118e+07 1.474121379499744996e+07 2.934753576629037783e+07 7.922078379988670349e+02
3.041662229893625408e+04 1.413539971925248756e+04 3.645849116804434016e+04 7.752890124559402238e+02
-9.999997459043443087e+02 -9.999997459391308894e+02 1.634640061896992918e-05 7.997961161971091997e+02
-8.871947836991148506e+02 -8.905279371065897749e+02 6.808662047688732954e+00 7.981453239917755127e+02
-7.700130554686198820e+02 -7.729555044382398137e+02 1.734448633212779356e+01 7.945762952923774947e+02
-6.790506750711471113e+02 -6.790555214128218040e+02 4.254916608028585373e-02 7.711709011077880405e+02
-5.629181291503733746e+02 -5.606359848056926012e+02 6.270878301417899259e+00 8.552946788072586060e+02
-4.998501210089632991e+02 -4.998533442776096649e+02 5.453272986030907599e-02 6.772129994988441695e+02
-3.631865676423841478e+02 -3.666689144542750114e+02 1.239108635143252357e+01 6.669943938970566251e+02
-2.572800271877428031e+02 -2.582117700257106208e+02 1.017804761435976602e+01 6.793621217489242099e+02
-7.415406563492042835e+01 -7.761901187217782194e+01 4.212281547979867469e+01 7.180990192532539140e+02
1.788214883934129375e+03 1.896063528577397847e+03 3.832558672891286733e+02 6.738283789038657687e+02
7.228039455308244214e+03 7.657175082784093320e+03 1.210818740568007343e+03 6.616211386084556807e+02
2.025418951226704962e+02 2.026631108440176092e+02 4.666306194242086924e-01 7.343929049491882779e+02
3.653114029024982301e+02 3.636909457617945236e+02 1.179438270090905938e+01 6.869204144001007535e+02
5.672649357831346606e+02 5.901925985566369945e+02 5.683097021077099242e+01 6.881912491440773465e+02
5.028716455034897876e+02 5.027789747632118065e+02 6.970543304017026154e-01 8.015171692013740312e+02
6.143151895785591705e+02 6.150000000000000000e+02 1.210415931629414299e+00 6.758131960511207126e+02
9.721576883254767836e+02 1.000000000000000682e+03 6.123279941266687132e+01 6.892266034483909607e+02
2.749486580484890965e+03 2.698345590479069415e+03 4.989804578023739055e+02 6.927222847938537598e+02
7.192730720448683314e+03 7.685677371039706486e+03 1.521941734768478454e+03 6.992808485507964633e+02
1.253755709886707791e+03 1.253375798221863306e+03 1.073070012180062882e+01 9.048017550468445052e+02
1.365045791018945238e+03 1.367181692947371630e+03 8.335375327528929290e+00 9.029079908490181197e+02
1.532887855702292654e+03 1.557744975412714894e+03 6.904724148000389050e+01 9.070993642568588484e+02
2.391963192639938825e+03 2.413671027497616706e+03 1.834846251535741430e+02 9.027491484522819292e+02
1.700000000000000682e+03 1.700000000000001364e+03 8.245235387434488827e-13 7.113696563959122159e+02
