-1.399999853054694995e+03 -1.399999921520151020e+03 1.397012891627445535e-04 5.819855309724808023e+01
4.345513283754709846e+03 2.432745720453137892e+03 5.599116454922921548e+03 5.828882545232772827e+01
-1.199341826847591847e+03 -1.199788446236658729e+03 1.078525747540721946e+00 5.822129745483398722e+01
-1.096990960009790115e+03 -1.099465944868896258e+03 6.340332832617711745e+00 5.823778485059737875e+01
-9.999942542705721280e+02 -9.999971696924612843e+02 7.758568931334141293e-03 5.823260771036147787e+01
-8.998676310684893451e+02 -8.999640532236987838e+02 2.173777869083645398e-01 5.816879645586013936e+01
-7.925475571059382673e+02 -7.995555206508493029e+02 1.800262848124900827e+01 5.830317904949188090e+01
-6.841943960903952302e+02 -6.799986539343383356e+02 7.007207572368602477e+00 5.827566109895705893e+01
-5.993512839942444543e+02 -5.993397849698499158e+02 4.153441895203452972e-01 5.896872290372848369e+01
-4.975087986931002888e+02 -4.985726798718338841e+02 2.411809400720093866e+00 5.823114030361175253e+01
-3.999994472214565349e+02 -3.999996977584489741e+02 6.440738718679394964e-04 5.832341710329055928e+01
-2.981052165041190847e+02 -2.980095661020079660e+02 1.631963060151365497e+00 5.831082494258880899e+01
-1.981858596281591929e+02 -1.979673415870153121e+02 1.441119129151074763e+00 5.837538135051727295e+01
-9.990362336196292858e+01 -9.999615168889084771e+01 1.731125717646733175e-01 5.825707050561904765e+01
2.268913239177989851e+02 2.206828900326706275e+02 8.570283335746960063e+01 5.827773294448852681e+01
2.007620326664976744e+02 2.007317538266683528e+02 4.003672717595623265e-01 5.847535899877548360e+01
3.018280749654193755e+02 3.020212979190987426e+02 6.003897449147198584e-01 5.826100449562072470e+01
4.019239839993115879e+02 4.021378351392602326e+02 8.468391671788021435e-01 5.827630105018615581e+01
5.000503512722601158e+02 5.000465782461822073e+02 3.709836713564183819e-02 5.822353239059448526e+01
6.000420697857355208e+02 6.000194333536011300e+02 6.056688163436172584e-02 5.824854300022125386e+01
7.900869719510889126e+02 8.000329249416008679e+02 4.353738968955477162e+01 5.838498965501785420e+01
8.500368150242899219e+02 8.000531529787663203e+02 8.060856369881004468e+01 5.837090849876403809e+01
1.092341566877856621e+03 1.141254294952551845e+03 1.034270642235355666e+02 5.838705204725265219e+01
1.039903719651387746e+03 1.023616169394757435e+03 3.618396391444662896e+01 5.910442689657211446e+01
1.179289314342319130e+03 1.200003717735914961e+03 3.520722430059277741e+01 5.910100485086441324e+01
1.213020538750888136e+03 1.200497619740533082e+03 2.689666698559243585e+01 5.916204229593277120e+01
1.398883645116162370e+03 1.410659580171786729e+03 4.584840858639584837e+01 5.916226609945297099e+01
1.445105319798326036e+03 1.400299945290681080e+03 4.968102842246209860e+01 5.845548940896988199e+01
