-1.399999999999999773e+03 -1.399999999999999773e+03 7.190186943645083856e-14 6.791226388931274869e+02
4.811621776897207601e+05 4.315404278054336901e+05 1.930189897556003998e+05 8.175185370445251465e+02
2.130674351189889759e+07 2.033452090266012773e+07 2.097926196341923252e+07 7.986509168505668868e+02
6.423092562196201470e+04 5.354003771916787082e+04 5.504826166719454341e+04 7.553918685913085938e+02
-9.999997353540796894e+02 -9.999997286113689370e+02 2.648735424513461197e-05 8.172348671078682401e+02
-8.853334852456644057e+02 -8.901860501387931208e+02 7.699108602623784492e+00 8.150187661051750183e+02
-7.685196995084601213e+02 -7.725618196947096976e+02 1.240274974164739596e+01 7.840896901488304138e+02
-6.790963680687116266e+02 -6.790699613379551920e+02 6.929391356346535635e-02 7.911601338505745389e+02
-5.663475438963018860e+02 -5.623268831870041140e+02 7.843361158701726232e+00 8.816088487505912781e+02
-4.998298952251981291e+02 -4.998495822241478095e+02 7.446205083997337049e-02 7.026384710073471069e+02
-3.594057305094167418e+02 -3.587092545920763769e+02 9.489177884121758666e+00 6.913229874968528748e+02
-2.516087464361368689e+02 -2.611966471969905115e+02 3.553149958054926572e+01 7.033750900506972812e+02
-8.600327473280992763e+01 -1.014498124934149814e+02 4.504084480905810750e+01 7.459414224028587341e+02
1.965899188624859335e+03 1.928914771101048245e+03 4.421318233751548519e+02 7.011364905953407742e+02
7.131123423212289708e+03 7.426008559656775105e+03 1.043730903776626064e+03 6.896339414000510715e+02
2.024617931646435522e+02 2.024512053401139724e+02 4.581817649537168746e-01 7.664411074995994113e+02
3.611193464539189222e+02 3.615822105828009398e+02 1.167610570505561540e+01 7.115211657524108659e+02
5.519138143283762474e+02 5.914098010219222488e+02 7.150369709275464913e+01 7.200595180988311768e+02
5.028475869685423163e+02 5.027037616997847636e+02 6.582579044670150425e-01 8.180309565424919356e+02
6.142162102907107055e+02 6.150000000000000000e+02 1.541760986163030145e+00 7.074578888535500028e+02
1.010788441627382099e+03 1.000000000000000455e+03 8.664213607546066953e+01 7.118301016569137118e+02
3.080609120096006791e+03 2.984261290586749055e+03 5.549095455940129114e+02 7.204982494950294267e+02
8.094721029146778164e+03 8.396853624759758532e+03 1.067888562692926143e+03 7.135513446569442522e+02
1.261172905021276847e+03 1.255247063932240508e+03 1.735717026274983965e+01 9.259538053512573015e+02
1.363963272719859106e+03 1.361564255449281973e+03 1.295932651279970393e+01 9.259938779950141452e+02
1.539358571700063521e+03 1.564946096004669926e+03 7.317728312782730882e+01 9.216224673032760393e+02
2.317246695054177508e+03 2.281544779049464978e+03 2.261588813147309054e+02 9.183583966016769864e+02
1.700000000000001137e+03 1.700000000000001364e+03 4.314112166187050061e-13 7.356803681015968550e+02
