-1.399998929341270014e+03 -1.399999458401844095e+03 1.954699282601127241e-03 4.018869960308074951e+01
-2.523669674962629017e+02 -9.599778894622181724e+02 1.528182666009802688e+03 4.033922864198684977e+01
-1.194268407864649362e+03 -1.197927252634350907e+03 9.787359777090889779e+00 4.025210304260254190e+01
-1.090797877839971534e+03 -1.096313085495460427e+03 1.460534968868357097e+01 4.026251745223999023e+01
-9.999890035173377782e+02 -9.999935353112691701e+02 1.275849947069291647e-02 4.025348359346389771e+01
-8.999985434340836719e+02 -8.999992787840094479e+02 1.779481528663555065e-03 4.019756695032119609e+01
-7.995778372434040193e+02 -7.998716290647388405e+02 7.260097724986062095e-01 4.035812005996704244e+01
-6.940429626928474818e+02 -6.984398669246189684e+02 8.171529727658136011e+00 4.034808315038681314e+01
-5.998110793978960373e+02 -5.999269776590338097e+02 2.548695386915977856e-01 4.099579814672470235e+01
-4.997157582131262643e+02 -4.997515437110954508e+02 1.902536896402432232e-01 4.029382599592209147e+01
-3.999968295244993897e+02 -3.999989768013455773e+02 6.385164979235494372e-03 4.037212795019149780e+01
-2.994383126857879915e+02 -2.993274135986372357e+02 4.771645106919769619e-01 4.038547990322113179e+01
-1.997824278040741888e+02 -1.999954925141167621e+02 6.130761202685740541e-01 4.039375389814377115e+01
-9.996021241106582522e+01 -9.998600190461820603e+01 5.869356422257246408e-02 4.032769184112548544e+01
1.047669142195001797e+02 1.010593641149440032e+02 6.643070144890172557e+00 4.031174545288085653e+01
2.003326110754816796e+02 2.002274059666651738e+02 2.182431200302524521e-01 4.053643829822540567e+01
3.004657883780996031e+02 3.000442565352954034e+02 7.946045677038117150e-01 4.030575954914093018e+01
4.007396617320540599e+02 4.005582724049863828e+02 6.493762451822007176e-01 4.032616275548934937e+01
5.000128543444475326e+02 5.000090515191842542e+02 1.497783780226940621e-02 4.022108604907989360e+01
6.000180250597811664e+02 6.000194379742342790e+02 4.394947500847038065e-03 4.028363244533538534e+01
7.005079559378452814e+02 7.004650332484570754e+02 3.688741987117531429e-01 4.045035206079482748e+01
8.000857138818307703e+02 8.000338533202159397e+02 1.190044040574017442e-01 4.041957994699478007e+01
9.108741739321303612e+02 9.023721902575938429e+02 2.182658705263734689e+01 4.044521030187606669e+01
1.000857856902885374e+03 1.000214327248400423e+03 1.225178349407564760e+00 4.111868155002593994e+01
1.101147987343631485e+03 1.100136821449214494e+03 3.586771419282812179e+00 4.111787984371185445e+01
1.200845638034927788e+03 1.200448552843205562e+03 1.216721492994305098e+00 4.117691550254821919e+01
1.326470690879174526e+03 1.313333062644595884e+03 2.927998162239370217e+01 4.115965039730072306e+01
1.400457708323817997e+03 1.400339771205853594e+03 3.445733435981304660e-01 4.060057065486908101e+01
