-1.400000000000000000e+03 -1.400000000000000000e+03 0.000000000000000000e+00 2.392588120937347469e+02
8.431261095346827642e+04 8.573152982031382271e+04 5.635678350937752839e+04 2.534954957008361873e+02
1.021337712269623950e+07 3.237411127597557788e+04 2.345608380402410403e+07 2.523949012994766292e+02
1.070338993042096990e+04 9.761814097653492354e+03 7.919428689510303229e+03 2.545623372554778996e+02
-9.999999999998833573e+02 -9.999999999999215561e+02 9.928221809062606893e-11 2.496699802517890987e+02
-8.915765194632753037e+02 -8.901875770813569488e+02 3.313453578254109910e+00 2.513944049954414481e+02
-7.808612154656319717e+02 -7.963833178906750163e+02 3.067974314279798165e+01 2.476963516473770142e+02
-6.795884534536277215e+02 -6.796093970565689233e+02 1.500626179312797293e-01 2.374593632936477547e+02
-5.956951602237911629e+02 -5.957982236705381638e+02 1.777663478144486664e+00 2.758004271984100342e+02
-4.998327160648175891e+02 -4.998621231018285016e+02 1.331990740263703232e-01 2.430339936017990112e+02
-3.958709209206267019e+02 -3.965176433001734608e+02 2.462899050578498450e+00 2.435161988019943351e+02
-2.784201494935859387e+02 -2.815932851744980780e+02 8.590130991318696729e+00 2.430771315574646110e+02
-1.670226609358267922e+02 -1.642678614654868738e+02 1.210920746148071636e+01 2.373846568465232849e+02
1.279815034671800333e+02 1.042063089104099163e+02 1.301639535154534428e+02 2.416742583036422616e+02
1.067610400209226555e+03 1.015712353088144482e+03 2.949258880784623784e+02 2.403048120498657170e+02
2.003508929667087273e+02 2.003161895544126025e+02 2.060923510860369623e-01 2.552530006527900639e+02
3.147751769682289478e+02 3.152108175989127403e+02 2.639842424916864605e+00 2.428873172521591073e+02
4.195815897288589440e+02 4.188574575068463446e+02 6.222820040699910571e+00 2.469093773961067200e+02
5.007465043953669124e+02 5.007660264365252942e+02 2.232830537220227007e-01 2.501018770933151245e+02
6.035777727553587511e+02 6.035929010797201499e+02 3.670823448341201112e-01 2.525295977950096074e+02
1.000000000000000000e+03 1.000000000000000114e+03 9.511723266474241003e-14 2.490319974064827022e+02
1.106575285935885177e+03 1.116578643510780239e+03 1.261487879619116228e+02 2.456679024577140922e+02
1.883570103807714304e+03 1.776527156178939094e+03 3.285615154306151453e+02 2.472755195498466492e+02
1.214127208525223978e+03 1.214192032036705314e+03 3.696142401483810680e+00 2.770316689014434814e+02
1.315354578677711061e+03 1.315713120272230981e+03 4.475388633862817045e+00 2.766645292043685913e+02
1.391357524200730040e+03 1.400023474041409827e+03 5.224924111147778660e+01 2.787536691546440011e+02
1.808906905441200024e+03 1.813904234969423214e+03 5.353672561079832093e+01 2.771167151570319902e+02
1.705000000000000000e+03 1.700000000000000000e+03 2.179449471770336544e+01 2.531670198559760934e+02
