-1.399998464208874793e+03 -1.399999187699369941e+03 1.946971455010278618e-03 2.498594820499420166e+01
3.903653853403420271e+03 1.516431051060371601e+03 4.890632162176112615e+03 2.507359215021133281e+01
-1.166081156279092056e+03 -1.193832690254418367e+03 5.406026667080172388e+01 2.499551039934158325e+01
-1.004753217408684350e+03 -1.052331051170140654e+03 1.118406858975688749e+02 2.501903785467147756e+01
-9.999852042828957792e+02 -9.999923491555213104e+02 1.611620941901177606e-02 2.500516510009765625e+01
-8.999916941476407146e+02 -8.999962801823423888e+02 1.050654933917217863e-02 2.493270404338836599e+01
-7.994458878038941521e+02 -7.997582375809236055e+02 7.308710602489286723e-01 2.505126110315323018e+01
-6.939112751352638497e+02 -6.976222142209607000e+02 7.513026970670220628e+00 2.504474750757217549e+01
-5.996640353694151599e+02 -5.998693771749208281e+02 3.445964039989293792e-01 2.571546430587768484e+01
-4.996924154389498653e+02 -4.997855808520328083e+02 2.684391395000038094e-01 2.501172739267349243e+01
-3.999964571263400330e+02 -3.999990640345309885e+02 5.882540013814882736e-03 2.509151829481124807e+01
-2.991569912214905571e+02 -2.989751610572922118e+02 5.672266612930064733e-01 2.509753044843673564e+01
-1.992338032754084338e+02 -1.999348292951995063e+02 9.422301738609630828e-01 2.509317505359649658e+01
-9.995495841606302179e+01 -9.998159468939911676e+01 6.670514238806199425e-02 2.504283479452133321e+01
1.251170288233645778e+02 1.171694938727562771e+02 3.396095913122176313e+01 2.502541404962539673e+01
2.005350056499757443e+02 2.004508240291735035e+02 2.799379196319740637e-01 2.525184155702590871e+01
3.016500862665785689e+02 3.020369150418744653e+02 7.980324348907866794e-01 2.503967950344085835e+01
4.016290187443265722e+02 4.021245189429604920e+02 8.546998434441686054e-01 2.504451539516448833e+01
5.000499842131475816e+02 5.000251029504369740e+02 5.341553119759402668e-02 2.496231060028076243e+01
6.000195363820923831e+02 6.000194372908060814e+02 5.326478631502239332e-03 2.501170139312744212e+01
7.114428345065430221e+02 7.008870765052995466e+02 2.961955950449595321e+01 2.513479735851287700e+01
8.002522479083276039e+02 8.001228948390833011e+02 3.505286338363536869e-01 2.514594944715499736e+01
9.722393454187904354e+02 9.227609967915338984e+02 9.562273126990139360e+01 2.515266504287719584e+01
1.004269783693974432e+03 1.001549292462564381e+03 6.395910599331616098e+00 2.583252214193344187e+01
1.111968542146206119e+03 1.101005249446087873e+03 2.169112701024246448e+01 2.583510165214538645e+01
1.202069194725991792e+03 1.200501297920320212e+03 4.350533759605536233e+00 2.588517359495163106e+01
1.348084913836634541e+03 1.338552200016624965e+03 3.929008322478939164e+01 2.588486915826797485e+01
1.400685997548974910e+03 1.400608718431577245e+03 3.857633540686991047e-01 2.521772139072418284e+01
