-1.399999999999999773e+03 -1.399999999999999773e+03 0.000000000000000000e+00 1.760013655602931976e+03
8.492221063831748907e+05 8.347160859398688190e+05 1.814473386863233172e+05 1.956527683401107879e+03
5.622264170805427246e+06 1.030960634359448450e+06 1.005848212049407139e+07 1.919371036994457199e+03
6.328336300419270628e+03 6.597806329756633204e+03 1.582571067125674972e+03 1.952819464409351440e+03
-9.999996184798574177e+02 -9.999996136153527004e+02 2.917980685749230096e-05 1.948950165450572968e+03
-8.565526684650300240e+02 -8.565526684650299103e+02 1.087181469284612987e-12 1.848138748049736023e+03
-7.881182708626531621e+02 -7.900418099818459723e+02 6.584402740128567189e+00 1.839058594608306976e+03
-6.788749621067008775e+02 -6.788751371712025957e+02 4.142575594607855044e-02 1.867881656551361175e+03
-5.326740366719217263e+02 -5.318692593936743833e+02 4.685127826781415372e+00 2.259361092507839203e+03
-4.999693209451837106e+02 -4.999704195325871297e+02 1.397307123596793627e-02 1.790634720802307129e+03
-3.427733175570962203e+02 -3.459564393283158665e+02 1.294135120085667090e+01 1.787341594946384475e+03
-2.388100923670802729e+02 -2.378151194082173276e+02 1.100090710901298863e+01 1.838929753696918397e+03
-6.227747803909148061e+00 -5.311519333444465474e+01 8.836988372979625694e+01 1.888031452691554932e+03
2.319667643305144338e+03 2.415369245183708699e+03 4.937090452522731994e+02 1.768066611206531434e+03
1.315141359459612249e+04 1.397317416121559836e+04 2.217347699996212668e+03 1.761218292796611877e+03
2.031944240683186536e+02 2.032461124954032812e+02 3.289933924197981363e-01 1.969337771201133819e+03
3.972363184387553474e+02 3.987474604911551523e+02 1.485000958319712083e+01 1.755481307840347199e+03
7.223168907591800689e+02 7.758622864043219352e+02 1.110368821498122145e+02 1.827937850391864686e+03
5.045980996074755467e+02 5.046411849798071785e+02 5.753581925101043382e-01 1.951201242804527283e+03
6.199707323416319014e+02 6.196459671210591296e+02 9.064879717435402329e-01 1.940219606399536133e+03
1.503370907084720329e+03 1.828262933976492150e+03 4.427532009712427907e+02 1.827039302504062562e+03
3.124112973806924401e+03 3.170287477491244317e+03 4.905080513917686176e+02 1.888026956057548432e+03
1.265691404881331255e+04 1.422452873260685192e+04 3.215698792124226202e+03 1.838004353499412446e+03
1.271912981780753626e+03 1.261327427455068346e+03 2.479958708083197294e+01 2.357366230797767457e+03
1.396653424625321577e+03 1.392155800285976738e+03 1.593950182515397529e+01 2.357745431804657073e+03
1.628448289582098141e+03 1.652936555200471958e+03 4.041434435999620689e+01 2.373809229350089936e+03
2.902710756309731551e+03 2.945085979703737394e+03 3.264419692714962480e+02 2.371170482599735351e+03
3.127819861135262727e+03 1.800000000000000909e+03 1.468045474607348979e+03 1.975114102900028229e+03
