-1.399999999433626726e+03 -1.399999999824040970e+03 1.060246079499365308e-06 5.219472784996032999e+01
2.047950298889164742e+03 1.683036207686938610e+02 4.281972543513652454e+03 5.231483889818191813e+01
-1.199998835972596225e+03 -1.199999737784227136e+03 1.849792220061032824e-03 5.223176295757293985e+01
-1.099994281229161061e+03 -1.099995471108301899e+03 5.440678073138374704e-03 5.225680940151214315e+01
-9.999998552685298137e+02 -9.999999042769090920e+02 1.359052740867510377e-04 5.222953349351882935e+01
-8.999443752975860207e+02 -8.999828346339650125e+02 1.313236828305847648e-01 5.217668700218200684e+01
-7.991898660118553153e+02 -7.999908791566069794e+02 2.563410212081234096e+00 5.230763740539551065e+01
-6.859964950452305175e+02 -6.799996952580710285e+02 9.159611529647081696e+00 5.227110434770584391e+01
-5.995458145505671155e+02 -5.995238083980198098e+02 4.369514433132283826e-01 5.301108850240707682e+01
-4.995667950677536169e+02 -4.998499634309277440e+02 5.501720626282974314e-01 5.222918699979781820e+01
-3.999999992057173017e+02 -3.999999998564457542e+02 1.422378348788260241e-06 5.231766974925994873e+01
-2.978608126067443891e+02 -2.980100779854508346e+02 1.581788098640931839e+00 5.234646155834197856e+01
-1.982958267041192926e+02 -1.979770587374759998e+02 1.918448517215186833e+00 5.232770630121230937e+01
-9.989072895807638020e+01 -9.999998775834978915e+01 1.786494312016837782e-01 5.226659200191497945e+01
1.763388808789566724e+02 1.585047371251658888e+02 7.220992277135786708e+01 5.228723233938217163e+01
2.003612828123579561e+02 2.002631639335490377e+02 3.204242106786401867e-01 5.251455049514770224e+01
3.016171904723108241e+02 3.020197595302734612e+02 8.085940740559758311e-01 5.227376744747162007e+01
4.016347653808941800e+02 4.021061883767839618e+02 9.155581288084175817e-01 5.226496055126190043e+01
5.000175674842201374e+02 5.000151148038391398e+02 1.740486796214473636e-02 5.220564204454421997e+01
6.000447627551185406e+02 6.000194318205209356e+02 1.149507425556345469e-01 5.225681514739990519e+01
7.800051652656553642e+02 8.000017449646500154e+02 3.999539296190355486e+01 5.239113204479217245e+01
8.800006881521070454e+02 8.000012942247576575e+02 9.273618071723332434e+01 5.240585190057754517e+01
1.052892910626964522e+03 1.019499307785791871e+03 1.140470608286265417e+02 5.237501289844512797e+01
1.022762150684444123e+03 1.018805336140529562e+03 3.115131419853377892e+01 5.312652434110641764e+01
1.143056028244057416e+03 1.116659890097120524e+03 4.797038551623268177e+01 5.313381279706955240e+01
1.207287399816169454e+03 1.200916678965103074e+03 1.273163902265242520e+01 5.321556509733200357e+01
1.397200605906541114e+03 1.410466518388703207e+03 4.194020282535937838e+01 5.317819889783859111e+01
1.435006191201948241e+03 1.400012471046725750e+03 4.769411543697233213e+01 5.248029739856720255e+01
