-1.400000000000000000e+03 -1.400000000000000000e+03 5.084229945850414966e-14 5.494649330377578877e+01
1.493299747720191817e+03 -4.972901373845274975e+00 3.189463343085939869e+03 5.514242659807204916e+01
-1.199999999999999545e+03 -1.200000000000000000e+03 7.575332005652708491e-13 5.495968819856643961e+01
-1.099999999999999545e+03 -1.100000000000000000e+03 1.705302565824240446e-12 5.500242323875427530e+01
-9.999999999309478653e+02 -9.999999999876937409e+02 1.905829926691942283e-07 5.508320099115371704e+01
-9.000000000000000000e+02 -9.000000000000000000e+02 0.000000000000000000e+00 5.496486350297927714e+01
-7.999999981344030857e+02 -7.999999996593276137e+02 6.205285844805915863e-06 5.506538230180740356e+01
-6.919999237397156548e+02 -6.999999993060851011e+02 9.798051834016483497e+00 5.506139354705810263e+01
-5.999122461435159721e+02 -5.999999911455324764e+02 2.662763998538199006e-01 5.573375664949416830e+01
-4.999817513420183559e+02 -4.999913696428685057e+02 2.150525653306843352e-02 5.504072769880294658e+01
-3.999999999999993179e+02 -4.000000000000000000e+02 2.973296621035392727e-12 5.510447884798050211e+01
-2.998507561414349993e+02 -2.999999999999997726e+02 3.552714447777102214e-01 5.510388209819793559e+01
-1.999999999999985789e+02 -1.999999999999999432e+02 4.046536825254651294e-12 5.511640449762344218e+01
-9.995317401160232862e+01 -9.999999999999977263e+01 1.114681482447308081e-01 5.504648075103759908e+01
1.252604149912507125e+02 1.167572201841839501e+02 3.531212996669122361e+01 5.505406194925308228e+01
2.000000155880021850e+02 2.000000097169519790e+02 1.758586053782673205e-05 5.527315889596938803e+01
3.016199964930448232e+02 3.020197639804971459e+02 8.088159702954411667e-01 5.505849316120147563e+01
4.017694948210634607e+02 4.020370436345924077e+02 7.022711015626810216e-01 5.506294305324554728e+01
5.000064120368372755e+02 5.000000000000000000e+02 1.258470821454491656e-02 5.507954885959625102e+01
6.000155454558043857e+02 6.000194318197550274e+02 7.772727901647158953e-03 5.504480255842209147e+01
7.200000034351462546e+02 7.000000014961628949e+02 3.999999840990755473e+01 5.516300320625305176e+01
8.100000001133315664e+02 8.000000000974581553e+02 2.999999998007250213e+01 5.515697059631347798e+01
1.066511096416507371e+03 1.093905120188321462e+03 1.213631880610146254e+02 5.515089579820632792e+01
1.000000000096742269e+03 1.000000000021705205e+03 1.762059340508066593e-07 5.583099759817123697e+01
1.105000000339242888e+03 1.100000000203829586e+03 2.179449464443605322e+01 5.583929579257964804e+01
1.200168486950790339e+03 1.200080948985149917e+03 1.979708945555153365e-01 5.589105464220047281e+01
1.355514132251802494e+03 1.400000000007658400e+03 4.918803722726655536e+01 5.589854445457458354e+01
1.415000000905271918e+03 1.400000000826068572e+03 3.570714191231444801e+01 5.522332274913787842e+01
