-1.400000000000000000e+03 -1.400000000000000000e+03 0.000000000000000000e+00 5.833983939886093140e+01
2.410289665268393037e+03 8.328387461277964121e+02 4.480847081136742418e+03 5.857056820392608643e+01
-1.200000000000000000e+03 -1.200000000000000000e+03 0.000000000000000000e+00 5.838650809526443197e+01
-1.100000000000000000e+03 -1.100000000000000000e+03 0.000000000000000000e+00 5.839930739402770854e+01
-9.999999999999093916e+02 -9.999999999998974545e+02 7.408009166178777345e-11 5.843403445482253744e+01
-8.999871968943850788e+02 -8.999905588401084060e+02 1.427144891400321594e-02 5.847931079864501669e+01
-7.891233342274036886e+02 -7.929538424042124234e+02 1.167512746726262129e+01 5.847663205862045288e+01
-6.840999177281009906e+02 -6.799983220875376446e+02 7.300222906407340062e+00 5.845749689340591715e+01
-5.994008191613615963e+02 -5.992475436001236631e+02 3.281708472700267665e-01 5.906193330287933208e+01
-4.935246368898370974e+02 -4.979407523899409398e+02 8.712746177440598316e+00 5.852665610313415812e+01
-3.980598308462319324e+02 -3.980100818858134062e+02 1.154965276598189705e+00 5.851444704532623575e+01
-2.968658824989009872e+02 -2.980100818858134062e+02 2.442714687514505378e+00 5.855908280611038208e+01
-1.940740056382058469e+02 -1.947453946555803554e+02 4.382125720589223228e+00 5.850775020122527792e+01
-4.728319103376881571e+01 -8.293060655983640572e+01 5.877415085756843638e+01 5.838933994770049907e+01
2.058027905005841944e+02 1.583484539015560699e+02 1.223709970348977407e+02 5.846507370471954346e+01
2.020825850799723753e+02 2.020413202099731507e+02 1.315098491839865380e+00 5.859357600212096884e+01
3.032003086363174020e+02 3.028403876561099537e+02 1.525123191153326507e+00 5.844285399913788126e+01
4.043771525990811710e+02 4.039891762879466341e+02 1.913948063169744307e+00 5.855425840616226196e+01
5.002197400067234412e+02 5.001217415349719886e+02 2.465670388214261377e-01 5.843290104866027690e+01
6.003067635873846939e+02 6.001563783642867520e+02 2.867216292834250391e-01 5.840335630178451254e+01
7.650000000000001137e+02 8.000000000000000000e+02 4.769696007084721856e+01 5.848756099939346598e+01
9.554183713418842672e+02 9.395220930074790431e+02 1.432819391249506680e+02 5.851213865280151083e+01
1.141465311782385470e+03 1.162616527918019528e+03 8.621589241116964786e+01 5.848195230960845947e+01
1.049827207860859517e+03 1.044364804890883079e+03 4.314888825475708956e+01 5.916230959892273233e+01
1.161057648262757539e+03 1.180132286738801213e+03 4.953356136963684264e+01 5.916049205064773275e+01
1.229543218237654173e+03 1.217075547774136112e+03 3.580891869771335223e+01 5.922351369857788228e+01
1.432987423105753578e+03 1.426684379784314842e+03 8.713732085412537742e+01 5.918415880203247070e+01
1.450000000000000000e+03 1.450000000000000000e+03 5.000000000000005684e+01 5.860081950426101827e+01
