-1.400000000000000000e+03 -1.400000000000000000e+03 0.000000000000000000e+00 4.843573140978813285e+02
3.590631714652222581e+05 3.565183580403407104e+05 2.005491025694536511e+05 4.845166455507278442e+02
2.135697989132296741e+08 1.184645061979900487e+07 6.752191041927607059e+08 4.842834881067275887e+02
1.516820712643311344e+04 1.446792893146079223e+04 9.189113471463066162e+03 4.841330679059028625e+02
-9.999999999820629455e+02 -9.999999999876556558e+02 1.649255606634111756e-08 4.845528025031089783e+02
-8.894632572679211080e+02 -8.901871329630191667e+02 1.082675667201649361e+01 4.836992737412452925e+02
-7.304015806740000016e+02 -7.357705661601066822e+02 4.032574192030461546e+01 4.848743095040321123e+02
-6.796624773438416014e+02 -6.796626030254342368e+02 1.013804883665822970e-01 4.845039198994636536e+02
-5.922326801597802159e+02 -5.923734469543269370e+02 1.465950975193114791e+00 4.918618075489997636e+02
-4.975766676845628353e+02 -4.978611940308684893e+02 1.833078481763652734e+00 4.841212579011917114e+02
-4.000000000000000000e+02 -4.000000000000000000e+02 0.000000000000000000e+00 4.846121825575828552e+02
-2.634434375788223406e+02 -2.681614466042173035e+02 1.410843007702422369e+01 4.845603707432746887e+02
-1.437351686485766891e+02 -1.432760928678666801e+02 1.727740651565060759e+01 4.845003548502921831e+02
-9.020275590940175903e+01 -9.646013043023049249e+01 2.522867801027076951e+01 4.844522082567215193e+02
1.383619420886730495e+03 1.374278866239867284e+03 3.926382733842241919e+02 4.843888509035110701e+02
2.005656277039823863e+02 2.005672344987879967e+02 1.859795050738341504e-01 4.864993726015090942e+02
3.086392987609328316e+02 3.101437698944332624e+02 3.629880432719475802e+00 4.841995054602622872e+02
4.373187533878273712e+02 4.337506768962648493e+02 1.267863301254788766e+01 4.843864709496498335e+02
5.003656183973337761e+02 5.003774463343499974e+02 1.528945806834345333e-01 4.838891685485839957e+02
6.038759540015909124e+02 6.040048038207507943e+02 4.107108126211968524e-01 4.843115688920021285e+02
9.900000000959573754e+02 1.000000000095426230e+03 4.358898944716389678e+01 4.846429099917411918e+02
9.119139476496241059e+02 9.062220055693978793e+02 6.646638551340610945e+01 4.850225985050201416e+02
2.304070195473751937e+03 2.337969095059635947e+03 3.481623285376030594e+02 4.850142814397812003e+02
1.218712038491986277e+03 1.221518279657903804e+03 1.734229254943799958e+01 4.925589617967605705e+02
1.322514628048925715e+03 1.322255300020758114e+03 5.047275294077445018e+00 4.925636366486549491e+02
1.413300522501851447e+03 1.400038180562648449e+03 7.764101539852819656e+01 4.931108265995979423e+02
1.872819486004205828e+03 1.883708325506587698e+03 5.427658350472230353e+01 4.928432193994522095e+02
1.810812365041309022e+03 1.700000000386545935e+03 2.262308842812010141e+02 4.853839529991149675e+02
