-1.400000000000000000e+03 -1.400000000000000000e+03 0.000000000000000000e+00 2.325676404237747263e+01
3.449447731616149213e+03 7.325249554306683422e+02 5.390229100429727623e+03 2.323928840160369802e+01
-1.200000000000000000e+03 -1.200000000000000000e+03 0.000000000000000000e+00 2.321221939325332784e+01
-1.100000000000000000e+03 -1.100000000000000000e+03 0.000000000000000000e+00 2.325058519840240479e+01
-9.999999999999602096e+02 -9.999999999999899956e+02 8.301182539829725505e-11 2.328177230358123850e+01
-8.999481524556155136e+02 -8.999988743495721337e+02 1.467502817532091164e-01 2.311651269197464131e+01
-7.987020184346462202e+02 -7.999999855930162767e+02 5.166466281113131664e+00 2.326552594900131155e+01
-6.908201622757159157e+02 -6.982127740570640526e+02 9.819064437526256128e+00 2.323636944293975759e+01
-5.996499471261715826e+02 -5.999616206049964831e+02 4.741089227062316724e-01 2.383158470392227102e+01
-4.997406899574826866e+02 -4.998914984633685208e+02 3.181918733903035812e-01 2.321673514842986918e+01
-4.000000000000000000e+02 -4.000000000000000000e+02 0.000000000000000000e+00 2.335146645307541036e+01
-2.985075624219238648e+02 -2.990050409429067031e+02 1.977439607498747698e+00 2.331626435518264628e+01
-1.989579094988409622e+02 -2.000000000000000000e+02 1.182811638336480620e+00 2.334588230848312307e+01
-9.909970433959460934e+01 -1.000000000000000000e+02 3.639942247792315566e+00 2.323678694963455271e+01
1.536950062276363838e+02 1.170693934401635943e+02 6.807882211341443224e+01 2.319496330022811748e+01
2.005267306309485775e+02 2.000906393712847944e+02 8.298332286879650521e-01 2.341125029325485229e+01
3.014238169563646466e+02 3.020196068559067726e+02 9.203795091240792869e-01 2.327698365449905538e+01
4.019201856299131919e+02 4.021115258380649493e+02 8.409026636039874658e-01 2.323853034973144460e+01
5.000238687261149835e+02 5.000197293441220268e+02 3.068813092482860008e-02 2.326362550258636475e+01
6.000174886377797066e+02 6.000194318197550274e+02 5.829545926508217582e-03 2.331138789653778076e+01
7.650000000005144329e+02 8.000000000000097771e+02 4.769696007029680374e+01 2.331442284584045410e+01
8.250000000000427463e+02 8.000000000000336513e+02 5.361902647381806020e+01 2.331150219440460347e+01
1.038235384642218150e+03 1.009223409455041065e+03 1.347965823749861443e+02 2.332152740955352854e+01
1.022039132162845476e+03 1.018878576974944735e+03 2.667604647220944258e+01 2.395562784671783518e+01
1.146153164894901465e+03 1.116659497904808177e+03 4.838472271124549451e+01 2.396894294023513794e+01
1.214390164650654697e+03 1.200916606553978681e+03 3.094202521784306725e+01 2.406390205621719502e+01
1.403596081311543230e+03 1.410657301717181781e+03 6.329754683913994739e+01 2.403325475454330373e+01
1.465000000001037506e+03 1.500000000000025921e+03 4.769696006993792281e+01 2.339470359086990214e+01
