-1.400000000000000000e+03 -1.400000000000000000e+03 0.000000000000000000e+00 5.767594540119171143e+01
3.083518942515189792e+03 7.480982858926649897e+02 4.259537315783478334e+03 5.822255605459213257e+01
-1.200000000000000000e+03 -1.200000000000000000e+03 0.000000000000000000e+00 5.778049395084381246e+01
-1.100000000000000000e+03 -1.100000000000000000e+03 0.000000000000000000e+00 5.785862764120101787e+01
-9.999999990701378465e+02 -9.999999998988744210e+02 2.845856450261630618e-06 5.804385654926299765e+01
-8.999999999999996589e+02 -9.000000000000000000e+02 6.506026660565338232e-13 5.789243409633636617e+01
-8.000000000000000000e+02 -8.000000000000000000e+02 0.000000000000000000e+00 5.798700724840163900e+01
-6.889995080120438615e+02 -6.799999489768977128e+02 9.950319435704320981e+00 5.786079274415969564e+01
-5.997895582497513942e+02 -6.000000000000000000e+02 3.268833907076872380e-01 5.869897719621658183e+01
-4.999746021651434376e+02 -4.999815049717718125e+02 2.655946506821122224e-02 5.786023714542388774e+01
-3.997512602357267042e+02 -4.000000000000000000e+02 4.308299095841033877e-01 5.796935014724731161e+01
-2.998010081885813634e+02 -3.000000000000000000e+02 3.979836228373188067e-01 5.793697805404663370e+01
-1.999005040942906817e+02 -2.000000000000000000e+02 4.336925982830196480e-01 5.793617324829101278e+01
-9.982830470921022936e+01 -1.000000000000000000e+02 2.088296756525269415e-01 5.786558330059051514e+01
1.065420183308979603e+02 1.003121732559814063e+02 1.364418818682832679e+01 5.788648674488067769e+01
2.000824556335564921e+02 2.000000000000003979e+02 1.991114691134178161e-01 5.824320870637893677e+01
3.019139578760964469e+02 3.020512774252394479e+02 5.031498802264545711e-01 5.784987154006957866e+01
4.018458136576958850e+02 4.020970528438928113e+02 7.568499465408293769e-01 5.792482059001922323e+01
5.000074068683588848e+02 5.000000000000000000e+02 8.756406740991786591e-03 5.773483970165252543e+01
6.000165170467919324e+02 6.000194318197550274e+02 6.938547500843659718e-03 5.777621248960495137e+01
7.450000000000000000e+02 7.000000000000000000e+02 4.974937185533099893e+01 5.807089974880218364e+01
8.169422480302638405e+02 8.000000000000000000e+02 4.051116859264729442e+01 5.803281224966049479e+01
1.007899853093531192e+03 1.000000000000000000e+03 1.137345741092845799e+02 5.802332310676574423e+01
1.005234079292557340e+03 1.000000000000000000e+03 1.997237223904516057e+01 5.883609584569931172e+01
1.110000000000000000e+03 1.100000000000000000e+03 3.000000000000000000e+01 5.885927009582519531e+01
1.200235140785865497e+03 1.200080948985142413e+03 3.189927532430383295e-01 5.884772335290908529e+01
1.350462432594796383e+03 1.315824529570601044e+03 5.147218605407710612e+01 5.890005373954772949e+01
1.415000000000000000e+03 1.400000000000000000e+03 3.570714214271424680e+01 5.821058595180511475e+01
