-1.400000000000000000e+03 -1.400000000000000000e+03 0.000000000000000000e+00 4.254404015541076944e+01
3.083538098991848528e+03 -2.515855257708233239e+01 5.238412645676943612e+03 4.253441574573516704e+01
-1.200000000000000000e+03 -1.200000000000000000e+03 0.000000000000000000e+00 4.253448725938797281e+01
-1.100000000000000000e+03 -1.100000000000000000e+03 0.000000000000000000e+00 4.255231510400771811e+01
-9.999999999999827196e+02 -9.999999999999887450e+02 1.657788390829084649e-11 4.261684479713439799e+01
-8.999999953252661271e+02 -8.999999997801828613e+02 1.709638852888675393e-05 4.235798979997635172e+01
-7.999998460571366650e+02 -7.999999999997064606e+02 6.578682013240073076e-04 4.251108285188674785e+01
-6.949997657776646065e+02 -6.999999999999394049e+02 8.660659752782757792e+00 4.244596794843673848e+01
-5.997115814107761480e+02 -5.999999999798581030e+02 3.565212202166218591e-01 4.329141620397567891e+01
-4.999197317752729646e+02 -4.999334159275791762e+02 9.145265430798736606e-02 4.250249780416488932e+01
-4.000000000000000000e+02 -4.000000000000000000e+02 0.000000000000000000e+00 4.270234249830245687e+01
-2.988557975881246307e+02 -2.990050409429067031e+02 1.269302851604404481e+00 4.266028795242309712e+01
-1.987360156520519467e+02 -1.990050409429067031e+02 1.316607177061043465e+00 4.268403840065002441e+01
-9.905287835119739270e+01 -1.000000000000000000e+02 3.631395800682585051e+00 4.252930173873901509e+01
1.373794062062575847e+02 1.167572201841821879e+02 4.469029992528560769e+01 4.247299175262450888e+01
2.001328444030132232e+02 2.000000007046752444e+02 3.812225345668538434e-01 4.276669744253158711e+01
3.016329421311097576e+02 3.020211382353943463e+02 8.129724782242383485e-01 4.258457825183868550e+01
4.016635853483555252e+02 4.020964980316596211e+02 9.501955325989385193e-01 4.256834490299225138e+01
5.000151054323981157e+02 5.000049602205455699e+02 2.791047051492135528e-02 4.256550545692444132e+01
6.000165170467919324e+02 6.000194318197550274e+02 6.938547500843659718e-03 4.265514360666274740e+01
7.650000000001733724e+02 8.000000000000009095e+02 4.769696007063225807e+01 4.261532495021820210e+01
8.343964221672325721e+02 8.000000000000103455e+02 5.390273158560594879e+01 4.265159829854965068e+01
1.104608788437577914e+03 1.182490187298220917e+03 1.101529425371871298e+02 4.267190885543823242e+01
1.004397756106187217e+03 1.000000000000021828e+03 1.196423449181459020e+01 4.343637759685516642e+01
1.135347964063448444e+03 1.100000000000019099e+03 4.818061225156561989e+01 4.342097964286804057e+01
1.207708046731064314e+03 1.200080948985150826e+03 2.243568254438316956e+01 4.351127705574035787e+01
1.388272849178135630e+03 1.410275625583504961e+03 4.281803164022787200e+01 4.347812204360961630e+01
1.445000000000032287e+03 1.400000000000123691e+03 4.974937185533210027e+01 4.274138154983520366e+01
