-1.399999999999999773e+03 -1.399999999999999773e+03 0.000000000000000000e+00 2.287610677850246248e+03
9.348706087360525271e+05 8.811724565881961025e+05 2.309502687696295034e+05 2.295783569753170013e+03
5.677291284474472515e+06 1.505729243954163976e+06 7.319969190794388764e+06 2.299241448450088683e+03
3.185410514613148734e+03 3.221175304755508478e+03 1.535575925088238364e+03 2.294131497502326965e+03
-9.999995662231127653e+02 -9.999995672687816750e+02 1.979238187621818078e-05 2.278740661251545134e+03
-8.565526684650315019e+02 -8.565526684650300240e+02 3.674829211648037041e-12 2.296171865153312865e+03
-7.924663741988133552e+02 -7.935617028107558326e+02 3.702082383403767718e+00 2.303034831357002076e+03
-6.788749983786460689e+02 -6.788591791365652170e+02 4.338695234094770703e-02 2.253297705399990264e+03
-5.408423038326386632e+02 -5.370754483986215746e+02 9.145505835788988236e+00 2.732632353258132753e+03
-4.999794201724919844e+02 -4.999778143391426966e+02 1.127607379929536011e-02 2.305076005804538909e+03
-3.415949936879414395e+02 -3.442592775719378437e+02 1.302872388631619138e+01 2.296284845948219299e+03
-2.437060587630688531e+02 -2.452772997645884061e+02 8.858701596326893579e+00 2.307522542095184235e+03
-4.736529568083786046e+01 -4.750582442280516204e+01 3.293090025391738607e+01 2.310686514294147401e+03
2.099463465599000301e+03 2.133832552278081494e+03 4.253595504155602498e+02 2.256225365102291107e+03
1.089606770093835803e+04 1.296350289911480468e+04 2.966851657097011412e+03 2.275314772450924011e+03
2.033507419969270700e+02 2.033775817581808951e+02 2.635514491895546429e-01 2.436260574150085631e+03
4.043140008297445434e+02 4.055223131714433293e+02 8.205502875093213078e+00 2.264367300796508971e+03
6.114637816288184240e+02 5.294803052907643632e+02 1.227735026855961422e+02 2.292028204894065766e+03
5.048128757538643185e+02 5.049279444964309391e+02 8.031673960568891379e-01 2.284822660505771637e+03
6.195915119923344037e+02 6.196696327007795162e+02 9.802786131553469229e-01 2.300450122094154267e+03
1.456957760386282189e+03 1.828262933976491695e+03 4.547541070757733905e+02 2.309176860451698303e+03
3.414602126031252737e+03 3.593940418638792380e+03 5.434370018086613072e+02 2.308587614846229371e+03
1.111904066666117978e+04 1.322524291974514927e+04 3.466419153378962164e+03 2.323618476092815399e+03
1.255830527597746141e+03 1.254355254442762998e+03 9.499038459028804837e+00 2.765084902453422728e+03
1.390343257751204874e+03 1.388101354436798374e+03 1.063432904479276431e+01 2.764403091609477997e+03
1.571078600308725754e+03 1.571214531676333308e+03 6.573013567294913173e+01 2.783134036099910645e+03
2.342700331677199756e+03 2.293829459938991022e+03 2.130357639068050730e+02 2.779912567746639070e+03
3.127820876740172025e+03 1.800000000000487034e+03 1.468157498326031146e+03 2.394344965291023072e+03
