-1.400000000000000000e+03 -1.400000000000000000e+03 0.000000000000000000e+00 2.355882753491401616e+02
1.029680198635274573e+05 7.609552110926245223e+04 7.898591546969577030e+04 2.493856242537498531e+02
1.783814147129193321e+07 2.802356496811229736e+05 4.368660980771840364e+07 2.479108676552772579e+02
7.071890389404470625e+03 6.703163540424684470e+03 3.687671532567333998e+03 2.506243415594100838e+02
-9.999999999991172217e+02 -9.999999999999466809e+02 2.935999535342060577e-09 2.457621798515319824e+02
-8.865868220880493027e+02 -8.901875762418688964e+02 2.031434896937577506e+01 2.469407804012298584e+02
-7.748241395463093113e+02 -7.814328498971802901e+02 2.516690125344918627e+01 2.473825144052505607e+02
-6.795136281140173651e+02 -6.795158159638364168e+02 1.084215233825224084e-01 2.377411291956901493e+02
-5.963520618256291073e+02 -5.966686715770210867e+02 1.828412125289144541e+00 2.711731517910957336e+02
-4.997052574486589833e+02 -4.996810575375537837e+02 1.071070551943214960e-01 2.396374980449676571e+02
-3.942789871849501537e+02 -3.950252047145335155e+02 3.048455088729205453e+00 2.391417185544967765e+02
-2.756421319461234702e+02 -2.771159946521117945e+02 1.207872916632642557e+01 2.419180438518524170e+02
-1.626893028932224183e+02 -1.617644828572946381e+02 1.295206455388951561e+01 2.319037548542022762e+02
1.246254569129632443e+02 6.670616970560854497e+01 1.389172117329267735e+02 2.385962408542633000e+02
1.083272879174530090e+03 1.166772282388258873e+03 3.487034083387038663e+02 2.444982967019081173e+02
2.003951990433617709e+02 2.003682885194460823e+02 2.298841677330664135e-01 2.520428105592727661e+02
3.127353662235624370e+02 3.134624238185455738e+02 2.889033100783841235e+00 2.382440384984016362e+02
4.223446261667435238e+02 4.228528726909644320e+02 7.143449993553692146e+00 2.454749495506286507e+02
5.007531015185170986e+02 5.006634748004262292e+02 2.740777426357561275e-01 2.460709752082824764e+02
6.036189246151931229e+02 6.035772986526608292e+02 2.996717837288798147e-01 2.482615417599677983e+02
1.000000000000000000e+03 1.000000000000000000e+03 7.626344918775622765e-14 2.460710686922073478e+02
1.168264277822437862e+03 1.140859045931563742e+03 1.610106139417013367e+02 2.417010228514671439e+02
2.017188679209926022e+03 2.090096581124703334e+03 3.606299515715415964e+02 2.476614708542823848e+02
1.217713813128230868e+03 1.217270254055565147e+03 4.896567136047247359e+00 2.734971384525298959e+02
1.314113454876237938e+03 1.314069016919288060e+03 2.675129174610920479e+00 2.734510903000831377e+02
1.417194155893808329e+03 1.400025639125896532e+03 4.092135141338446402e+01 2.750868841052055132e+02
1.853988145554938001e+03 1.869643027442020411e+03 4.227928562144442992e+01 2.734925547957420235e+02
1.718215001195996592e+03 1.700000000000000000e+03 7.939734946982163422e+01 2.502373602032661495e+02
