-1.399999999999993861e+03 -1.399999999999999091e+03 1.081531753732828712e-11 4.997649329900741577e+01
1.977187187280188027e+03 -3.978068981299975917e+02 4.194036980846115512e+03 5.014210579395294332e+01
-1.199999999995838152e+03 -1.199999999998481826e+03 5.213590954332396382e-09 5.003954429626465128e+01
-1.099999999990500555e+03 -1.099999999996761062e+03 1.302554300244835225e-08 5.005773835182189657e+01
-9.999999977800340503e+02 -9.999999996316792021e+02 5.167903296384523516e-06 5.010842905044555806e+01
-8.999999999999961346e+02 -8.999999999999986358e+02 6.190454491871597341e-12 5.000165525674820088e+01
-7.999999766322216601e+02 -7.999999712146660613e+02 1.686515689104336164e-05 5.012988275289535522e+01
-6.919997668925207108e+02 -6.999999406614404052e+02 9.798211029867308852e+00 5.011608505249023438e+01
-5.997536969479226627e+02 -5.999997751354958382e+02 3.513756673696791788e-01 5.091092019081115438e+01
-4.999737366013974906e+02 -4.999901351846823445e+02 2.702932253867996668e-02 5.008968050479889200e+01
-3.999999999999912461e+02 -3.999999999999984084e+02 1.747569537717968685e-11 5.016304980516433432e+01
-2.995522684215999334e+02 -2.999999999973600779e+02 5.865197140814426557e-01 5.017194315195083476e+01
-1.999005040936442015e+02 -1.999999999998846647e+02 4.336925984443976700e-01 5.016957094669341899e+01
-9.999999999960350294e+01 -9.999999999996276756e+01 8.803218097303788394e-10 5.012270995378494121e+01
1.186507549196698221e+02 1.086907833492322197e+02 2.927341684907970532e+01 5.012226865291595601e+01
2.000006902386647312e+02 2.000006087321146140e+02 5.292292828491290853e-04 5.032322965860366537e+01
3.015154041136921137e+02 3.020196854199869563e+02 8.749198233303806527e-01 5.009523644447326518e+01
4.017786627795243248e+02 4.020261442478156368e+02 7.116415735180662283e-01 5.012151595354080058e+01
5.000118376065944403e+02 5.000000000000000000e+02 1.547213361572627975e-02 5.008273766040802144e+01
6.000106875008756333e+02 6.000194318197550274e+02 9.667208256826558335e-03 5.004908139705658243e+01
7.600000322481868125e+02 8.000000030665526083e+02 4.898976667745589708e+01 5.022612814903258993e+01
8.100000028294739423e+02 8.000000019811311631e+02 2.999999988036975651e+01 5.021244889497756958e+01
9.957280595317804455e+02 9.393837243362876279e+02 1.155733641512307770e+02 5.022993270158767842e+01
1.000947619630319650e+03 1.000000001481869731e+03 4.130566825706041278e+00 5.104882040023803569e+01
1.105139943130697702e+03 1.100000006107906756e+03 2.240445974856207556e+01 5.105306251049042032e+01
1.200680463222989374e+03 1.200435134724868476e+03 1.232922575407723764e+00 5.109574974775314615e+01
1.356272621934926974e+03 1.400000000295308837e+03 4.943704139273076237e+01 5.107879700660705424e+01
1.405000035412392890e+03 1.400000024809882461e+03 2.179448782161611220e+01 5.029847429990768148e+01
