-1.399999999999752617e+03 -1.399999999999974989e+03 5.688914350646183873e-10 5.007022495269775675e+01
-3.422985697135136434e+02 -8.647522833008500811e+02 1.392617276078479790e+03 5.036469370126724243e+01
-1.199999999999938154e+03 -1.199999999999994998e+03 1.644237527703158555e-10 5.005632859468460083e+01
-1.099999999997351097e+03 -1.099999999999957708e+03 8.215269686619031149e-09 5.010821665525436686e+01
-9.999999987786344491e+02 -9.999999992638965978e+02 1.299335100731843719e-06 5.013354009389877319e+01
-8.999999999999945430e+02 -8.999999999999995453e+02 1.986387558461063535e-11 5.014057894945144511e+01
-7.999999604288506134e+02 -7.999999783715022659e+02 6.488123055146950799e-05 5.026925870180129863e+01
-6.959998580644758022e+02 -6.999999782803148491e+02 8.000129753808389310e+00 5.015647679567337036e+01
-5.998498971500741845e+02 -5.999998776302418264e+02 2.999422334624533004e-01 5.128363125324248983e+01
-4.999896430162235674e+02 -4.999901353279238947e+02 9.213618991275714099e-03 5.022040065526962138e+01
-3.999999999996749125e+02 -3.999999999999815259e+02 6.831674736385438960e-10 5.028481075763702535e+01
-2.999999999988802983e+02 -2.999999999999463967e+02 3.239647210361235414e-09 5.030063265562057495e+01
-1.999999999988287982e+02 -1.999999999998863700e+02 2.649021478178208315e-09 5.033352459669113443e+01
-9.899044368917134307e+01 -9.968782674401586519e+01 3.687510237654286094e+00 5.021352069377898886e+01
1.031905744263637672e+02 1.003121732571595430e+02 1.261961797868704416e+01 5.023702114820480347e+01
2.000353218815418472e+02 2.000000999564766175e+02 1.529513648767412137e-01 5.053819864988327026e+01
3.012156186858019851e+02 3.020196068560917411e+02 9.874589567324780770e-01 5.020444679260253906e+01
4.009361495594541225e+02 4.001253184354198993e+02 9.904980061611392550e-01 5.025613474845886230e+01
5.000019729344136863e+02 5.000000000000000000e+02 5.918803241135606533e-03 5.020124130249023153e+01
6.000106875015362675e+02 6.000194318197550274e+02 9.667207526415677252e-03 5.019389204978942587e+01
7.300000965302007216e+02 7.000001341606331380e+02 4.582571834064587080e+01 5.040169764757156656e+01
8.000000156353924012e+02 8.000000091764617309e+02 1.955613095663035674e-05 5.038463034629821635e+01
9.582490534437235965e+02 9.000001004677416176e+02 8.710407271608585233e+01 5.038817005157470419e+01
1.000000015305020497e+03 1.000000002897612603e+03 4.493129861723027519e-05 5.148712290525436686e+01
1.100000047376637667e+03 1.100000018760653802e+03 5.564993736793321462e-05 5.150027250051498129e+01
1.200085507484983737e+03 1.200000000097788870e+03 1.507580533948989776e-01 5.155212819576263428e+01
1.365361347987464796e+03 1.400000000705591901e+03 4.720795225587482946e+01 5.154089350700378702e+01
1.400000153996201561e+03 1.400000070031728228e+03 1.999449451421002398e-04 5.051368443965911581e+01
