-1.400000000000000000e+03 -1.400000000000000000e+03 0.000000000000000000e+00 5.039587104320526123e+01
2.323285432659286016e+03 -1.925054668728635647e+02 3.984555706532686145e+03 5.042046679258346842e+01
-1.200000000000000000e+03 -1.200000000000000000e+03 0.000000000000000000e+00 5.037000219821929647e+01
-1.100000000000000000e+03 -1.100000000000000000e+03 0.000000000000000000e+00 5.042359955310821817e+01
-9.999999999999884039e+02 -9.999999999999955662e+02 1.525917085380878421e-11 5.040958884954452657e+01
-9.000000000000000000e+02 -9.000000000000000000e+02 5.684341886080801487e-14 5.038694185018539429e+01
-7.999999999999785132e+02 -7.999999999999970441e+02 5.513084337379477292e-11 5.036322220563888408e+01
-6.949998458658587879e+02 -6.999999999999838565e+02 8.660521017933147547e+00 5.034282349348067953e+01
-5.998747667885188548e+02 -6.000000000000000000e+02 3.017262119936464648e-01 5.100373879671096944e+01
-4.999600505420501690e+02 -4.999728746156046100e+02 4.841242948412347036e-02 5.039606316089630411e+01
-3.999502520471453408e+02 -4.000000000000000000e+02 2.168462991415098240e-01 5.051378555297851847e+01
-2.992537809590710367e+02 -2.995025204714533515e+02 1.128959768341874614e+00 5.049507009983062744e+01
-1.999005040942906817e+02 -2.000000000000000000e+02 4.336925982830196480e-01 5.049278600215912149e+01
-9.821501734198828615e+01 -1.000000000000000000e+02 4.993809488206498948e+00 5.037865915298461772e+01
1.313734362279182619e+02 1.167572201841821879e+02 4.005214637461254057e+01 5.036079485416412638e+01
2.000501756448523452e+02 2.000000000001574278e+02 2.187105631036918574e-01 5.058905115127563334e+01
3.013224021092020166e+02 3.020197639804966911e+02 9.641844292861276866e-01 5.043427965641021871e+01
4.017781582242119498e+02 4.022012338426358156e+02 9.298032275086206555e-01 5.042664694786071777e+01
5.000069052704427008e+02 5.000000000000000000e+02 9.410297388123158371e-03 5.045403450727462769e+01
6.000126306828409497e+02 6.000194318197550274e+02 9.268387309594429413e-03 5.044396934509277486e+01
7.500000000000933369e+02 7.500000000004307594e+02 4.999999999991178612e+01 5.046300719976424887e+01
8.000000000000077307e+02 8.000000000000015916e+02 1.330796581326453006e-11 5.046405855417251729e+01
1.041058955932386652e+03 1.000000000000001592e+03 1.316165036760564249e+02 5.043954659700393961e+01
1.000157000014178607e+03 1.000000000000001933e+03 6.843471959241762548e-01 5.110477505922317221e+01
1.110000000000005002e+03 1.100000000000001819e+03 2.999999999999825206e+01 5.112918430566787720e+01
1.200484192445670033e+03 1.200080948985142413e+03 9.440662061378030101e-01 5.118823004961014078e+01
1.366430378516512519e+03 1.400000000000000000e+03 5.438368113976938645e+01 5.116814720630645752e+01
1.410000000000028876e+03 1.400000000000006594e+03 2.999999999999126388e+01 5.053027600049972534e+01
