-1.400000000000000000e+03 -1.400000000000000000e+03 0.000000000000000000e+00 2.292820808887481832e+01
1.454127477863250760e+03 -3.610339861352543380e+02 3.249235957048776982e+03 2.302287679910659790e+01
-1.200000000000000000e+03 -1.200000000000000000e+03 0.000000000000000000e+00 2.291076654195785522e+01
-1.100000000000000000e+03 -1.100000000000000000e+03 0.000000000000000000e+00 2.293239510059356689e+01
-9.999999999926197916e+02 -9.999999999993319761e+02 1.229581659053949810e-08 2.297013820409774709e+01
-9.000000000000000000e+02 -9.000000000000000000e+02 0.000000000000000000e+00 2.292366985082626485e+01
-7.999999999080775979e+02 -7.999999999877416030e+02 1.429976636594875074e-07 2.296206629276275635e+01
-6.949998227246207989e+02 -6.999999999785791260e+02 8.660560972042336658e+00 2.293336340188979960e+01
-5.998125206252694852e+02 -5.999999997872446329e+02 3.247204954243725905e-01 2.355217044353485178e+01
-4.999773132252763617e+02 -4.999852079193437930e+02 1.896865122610334742e-02 2.293774755001068044e+01
-4.000000000000000000e+02 -4.000000000000000000e+02 0.000000000000000000e+00 2.302242995500564504e+01
-2.997015122828720450e+02 -3.000000000000000000e+02 4.559475192511903141e-01 2.300677314996719502e+01
-1.999999999999998863e+02 -2.000000000000000000e+02 4.646319304206319980e-13 2.300011390447616577e+01
-9.985952203480813694e+01 -9.999999999999977263e+01 1.840234204064189472e-01 2.293446779251098633e+01
1.131054640906694715e+02 1.003121732559817474e+02 2.250183498987163944e+01 2.294763075113296580e+01
2.000433059020773499e+02 2.000000002627854769e+02 1.882343154055207690e-01 2.314163924455642629e+01
3.014153988704304652e+02 3.020197639804966911e+02 9.255082184672009937e-01 2.295434705018997334e+01
4.017362585764921050e+02 4.020239936818750834e+02 7.963487572038935314e-01 2.296408854722976756e+01
5.000039486569263545e+02 5.000000000000000000e+02 1.142063498611276852e-02 2.303535799980163645e+01
6.000145738648164979e+02 6.000194318197550274e+02 8.414224774807013349e-03 2.300119024515151978e+01
7.400000000464074219e+02 7.000000001391301794e+02 4.898979482473803415e+01 2.303382159471511770e+01
8.100000000032252956e+02 8.000000000012795454e+02 2.999999999990368948e+01 2.303637349605560303e+01
1.052120584287878501e+03 1.000000000006099981e+03 1.235704070559151262e+02 2.303773865699768209e+01
1.000000000003808736e+03 1.000000000001045237e+03 6.438133544931113174e-09 2.367402009963989329e+01
1.115000000019955678e+03 1.100000000004813046e+03 3.570714213446263585e+01 2.367142620086669780e+01
1.200121723394232731e+03 1.200080948985142413e+03 2.207874819414248346e-01 2.372191820144653462e+01
1.349360219882632009e+03 1.305884433084385364e+03 5.224447951454705219e+01 2.370211304426193166e+01
1.400000000081979351e+03 1.400000000013548060e+03 1.204815157778648662e-07 2.310808850526809621e+01
