-1.399999999999999773e+03 -1.399999999999999773e+03 0.000000000000000000e+00 1.248380798697471619e+03
7.132508193883682834e+05 6.552342328943975735e+05 2.570730917801150063e+05 1.530418213641643433e+03
2.327124479223391414e+07 5.670681080882865936e+06 4.583814819023443758e+07 1.460843063700199082e+03
5.639264567614264706e+03 5.483557438153489784e+03 1.709352259381822478e+03 1.524725646495819092e+03
-9.999996420048659047e+02 -9.999996440710019669e+02 2.634628043297873367e-05 1.525985077202320099e+03
-8.565526684650307061e+02 -8.565526684650294555e+02 6.424915854753575627e-12 1.353059226250648408e+03
-7.810685412531871634e+02 -7.833941307112992263e+02 1.011799395877383390e+01 1.478203625857830048e+03
-6.788619079348321748e+02 -6.788518387471060578e+02 3.544305770044098303e-02 1.444863013303279786e+03
-5.314764583124667752e+02 -5.275467980851483389e+02 7.351073610830970217e+00 1.824827922844886871e+03
-4.999677190386967709e+02 -4.999704182988888306e+02 1.525452345745751184e-02 1.284878263354301453e+03
-3.442623343441113093e+02 -3.467697509447759785e+02 9.943078768280589230e+00 1.319397818052768798e+03
-1.908757973459471771e+02 -2.308504135652928824e+02 1.061776641575972491e+02 1.348373940801620392e+03
2.686979636925712001e+01 -3.374260383220089921e+00 8.254600708855541313e+01 1.458024509048461823e+03
2.581752011799503634e+03 2.613860511826491347e+03 4.461545532979507698e+02 1.265803949451446442e+03
1.397669195666939231e+04 1.421282615957467715e+04 1.530588066745003971e+03 1.450035310947895141e+03
2.036386516154373112e+02 2.036151658896088179e+02 2.268055371064074399e-01 1.571011028599739120e+03
4.018376554612590326e+02 4.016679599809819479e+02 8.939296424836038923e+00 1.262233380305767014e+03
7.962326987254250525e+02 7.968909582975931016e+02 1.286657897914628812e+01 1.440533782696723847e+03
5.047981179632485578e+02 5.047453932575446061e+02 9.146610792903098197e-01 1.527306020796298981e+03
6.205465390933808294e+02 6.203660525882612546e+02 1.349757455240773618e+00 1.497710988795757203e+03
1.718821320050044278e+03 1.828262933976492604e+03 2.823315747948386729e+02 1.314462314856052444e+03
3.860030314935121623e+03 3.692602476523447876e+03 5.230118389480943506e+02 1.319866040003299759e+03
1.383103969589863846e+04 1.474709228000012627e+04 2.632086054768946269e+03 1.483535632944106965e+03
1.277508019669482337e+03 1.266347088319857448e+03 2.784012750289463156e+01 1.904212103092670532e+03
1.401348039572406833e+03 1.397332403948830461e+03 1.858530723993290223e+01 1.902207362151145844e+03
1.654909504678926623e+03 1.663208010970411806e+03 3.221338896383627315e+01 1.904806875693798020e+03
2.950068391837616218e+03 3.128726788420086450e+03 3.372524185640829728e+02 1.914919546353816941e+03
2.836937767359272584e+03 1.800000000000000909e+03 1.413149453038768797e+03 1.499994419002533050e+03
