-1.400000000000000000e+03 -1.400000000000000000e+03 5.084229945850414966e-14 6.460533829927445026e+01
2.448924198415271348e+03 6.304675388176586921e+02 4.283766144705907209e+03 6.473081195354461670e+01
-1.200000000000000000e+03 -1.200000000000000000e+03 2.438311024607994265e-13 6.461640909910201458e+01
-1.099999999999998636e+03 -1.099999999999999545e+03 3.748563812414637337e-12 6.464074959754944416e+01
-9.999999999904666765e+02 -9.999999999957206001e+02 1.393982200532713472e-08 6.472598085403441814e+01
-8.999999715256174113e+02 -8.999999998039402271e+02 6.845298361209279107e-05 6.459407985210418701e+01
-7.999998369770272575e+02 -7.999999994277134192e+02 6.576194422323679333e-04 6.468129714727402302e+01
-6.899996521251288186e+02 -6.899999682980705984e+02 1.000034543090291628e+01 6.469159480333328816e+01
-5.995733218586522071e+02 -5.996548532969799226e+02 4.321184879218047392e-01 6.535390430688858032e+01
-4.999167694180481476e+02 -4.999605413118024444e+02 1.897920992975716814e-01 6.463679310083389851e+01
-4.000000000000000000e+02 -4.000000000000000000e+02 0.000000000000000000e+00 6.471398260593414875e+01
-2.991542848014512401e+02 -2.990050409429067031e+02 7.881557981460156626e-01 6.470485500097274212e+01
-1.996949086040528414e+02 -1.999999999999995737e+02 7.263628578309725414e-01 6.473674534559249594e+01
-9.908409567679535712e+01 -9.999999999999977263e+01 3.638055653148551283e+00 6.466571145057677938e+01
1.376387842955919325e+02 1.169133068121899441e+02 6.014557700725102052e+01 6.464094550609588907e+01
2.000953895354750784e+02 2.000000186965404509e+02 2.647317996042740651e-01 6.487921265363692669e+01
3.018184825661254536e+02 3.020197639804966911e+02 6.061622076662824821e-01 6.468925050497054485e+01
4.018668130054803669e+02 4.020894782941770700e+02 6.977920382557798451e-01 6.465983655452728840e+01
5.000133201769921243e+02 5.000148257052373424e+02 1.504903483382622267e-02 6.468271615505219074e+01
6.000174886377797066e+02 6.000194318197550274e+02 5.829545926508218449e-03 6.470453820228576092e+01
7.550000002904779421e+02 8.000000000036013716e+02 4.974937178541735960e+01 6.478101969957351969e+01
8.221977481857438761e+02 8.000000000281718258e+02 5.033934210979660406e+01 6.478652170896529583e+01
1.043007057064147830e+03 1.002660026571228059e+03 1.238834439334350463e+02 6.476801954507827475e+01
1.016596517242725213e+03 1.000000000039434099e+03 2.976166131042326057e+01 6.549462499618530842e+01
1.135000000144995056e+03 1.100000000302856733e+03 4.769695997371433549e+01 6.549163705110549927e+01
1.209116765182122208e+03 1.200435134724743421e+03 2.302838776669987553e+01 6.555840835571288494e+01
1.402483764399893971e+03 1.400000000057405487e+03 3.458117508136066220e+01 6.554284435510635376e+01
1.445000000268324357e+03 1.400000001373637588e+03 4.974937166014287726e+01 6.483625725507735638e+01
