-1.400000000000000000e+03 -1.400000000000000000e+03 0.000000000000000000e+00 4.943729170560836650e+01
2.943283793560672621e+03 1.568754343711484580e+03 3.938333079932516284e+03 4.938948365449905253e+01
-1.200000000000000000e+03 -1.200000000000000000e+03 0.000000000000000000e+00 4.942300829887390279e+01
-1.100000000000000000e+03 -1.100000000000000000e+03 0.000000000000000000e+00 4.942772065401076986e+01
-9.999999999999785132e+02 -9.999999999999899956e+02 2.672200595933923953e-11 4.945516090393066122e+01
-8.999942922029247256e+02 -8.999999805771575438e+02 1.854724932648039309e-02 4.925702129602431967e+01
-7.974286280023839026e+02 -7.999999999998765361e+02 1.120651397271930350e+01 4.937433549165725566e+01
-6.910004411246326299e+02 -6.999999999953487304e+02 9.949387260520776266e+00 4.934762134552001811e+01
-5.996357202671507594e+02 -5.999999598589167817e+02 4.199207613232431857e-01 5.022550410032272339e+01
-4.999098680894250037e+02 -4.999704158387879147e+02 1.316642461813398168e-01 4.935231095552444458e+01
-4.000000000000000000e+02 -4.000000000000000000e+02 0.000000000000000000e+00 4.953808284997940348e+01
-2.989055455409792899e+02 -2.990050409429067031e+02 1.438394263813646656e+00 4.952533614635467529e+01
-1.991344720816634322e+02 -2.000000000000000000e+02 1.246339368209353315e+00 4.957436894178390219e+01
-9.979708738361208020e+01 -9.968782674401859367e+01 2.041097513548505715e-01 4.939617149829864218e+01
1.608825871660081646e+02 1.374747937288736921e+02 7.179148525952187754e+01 4.934784290790558003e+01
2.001586109346561102e+02 2.000204444696300925e+02 3.308638188014301207e-01 4.962309449911117554e+01
3.017253689963613397e+02 3.020227481771768225e+02 7.235153368012759989e-01 4.945769554376602173e+01
4.018611965498770360e+02 4.021693012285721807e+02 9.386470392675059227e-01 4.942731914520263814e+01
5.000253351953587071e+02 5.000099205734980501e+02 4.697036245676095012e-02 4.941269965171814249e+01
6.000212110452905563e+02 6.000194318197550274e+02 1.292493591117914106e-02 4.950838805437088297e+01
7.650000000000444516e+02 8.000000000000009095e+02 4.769696007081671496e+01 4.945044270753860616e+01
8.200000000000088676e+02 8.000000000000038654e+02 3.999999999999733546e+01 4.949321089982986166e+01
1.039331885040968928e+03 1.015991825206838485e+03 1.240566782232616276e+02 4.948860189914703511e+01
1.016159554394890620e+03 1.003140008029860383e+03 2.608132925979451144e+01 5.036571140289306925e+01
1.155584064569234215e+03 1.200000000000000000e+03 5.029509598580182228e+01 5.038503024578094625e+01
1.208628977794919365e+03 1.200435134724740237e+03 2.295909616868403802e+01 5.050490984916687154e+01
1.363287351507924541e+03 1.400000000000000455e+03 5.403931887189339989e+01 5.044127814769744589e+01
1.425000000000338332e+03 1.400000000000051841e+03 4.330127018903411340e+01 4.956899565458297729e+01
