-1.399985734724511531e+03 -1.399990402109409615e+03 1.472694434369627506e-02 6.032845150232314779e+01
5.473712206528497518e+03 3.470410473916369483e+03 5.150363403657956951e+03 6.046975594758987427e+01
-1.128019828436823445e+03 -1.167640437227124266e+03 9.061649868038750810e+01 6.039285614490508891e+01
1.707048554430149920e+02 -8.630764382036063580e+02 2.181989847691685554e+03 6.040047819614410685e+01
-9.999572163018722222e+02 -9.999595951905075708e+02 3.137961787438861561e-02 6.037209324836730673e+01
-8.998713734216422608e+02 -8.999597603869872273e+02 1.886088702477041745e-01 6.031909875869750692e+01
-7.964192845836272454e+02 -7.996287774575691856e+02 6.799253710605623446e+00 6.048214859962463663e+01
-6.907943557005030470e+02 -6.953993884648510857e+02 8.250773383952676454e+00 6.045129709243774130e+01
-5.994018235226860725e+02 -5.992333318028527174e+02 3.790535093506193220e-01 6.130874320268630839e+01
-4.945307371894267021e+02 -4.970190500061578405e+02 7.357292214592163759e+00 6.038524274826049520e+01
-3.999608404562742408e+02 -3.999896616061243435e+02 6.730959365229514935e-02 6.051136884689331197e+01
-2.975760142745982080e+02 -2.984056354806727995e+02 2.011511169493851447e+00 6.051402660608291484e+01
-1.986114139682678967e+02 -1.979476765823346796e+02 1.219325159510157519e+00 6.050709054470062398e+01
-9.965789412483442788e+01 -9.976290528576402039e+01 3.248294310107580074e-01 6.043076934814452983e+01
1.773066343112804759e+02 1.600470343928631678e+02 5.781949285867289490e+01 6.041915839910507202e+01
2.012856539680826415e+02 2.013697708198295686e+02 5.865758972095080903e-01 6.073327919244766093e+01
3.018294403795251242e+02 3.020837728743560433e+02 6.803861764582885829e-01 6.044204790592193888e+01
4.020769042489473009e+02 4.021670162739299030e+02 5.014497170325923348e-01 6.045567414760589742e+01
5.000408728905125031e+02 5.000297119668318828e+02 3.284396501642931898e-02 6.033646395206451274e+01
6.001367108413141978e+02 6.000211184267426461e+02 2.286608448451831477e-01 6.039182915687560893e+01
7.810738804345363633e+02 8.002779907010806255e+02 3.863030550151721343e+01 6.055505909919738627e+01
8.105958348707961250e+02 8.004414370584065637e+02 4.360339593355270438e+01 6.056605190038681030e+01
1.080614419670032021e+03 1.100574638765459895e+03 1.130364522270530756e+02 6.056448880434036397e+01
1.013365614125527145e+03 1.004888098493735242e+03 1.768920903748825779e+01 6.145146684646606161e+01
1.165655459891455848e+03 1.200048627194804340e+03 4.390731562698654500e+01 6.145040514469146586e+01
1.211880284995630973e+03 1.203609305347977397e+03 1.408054599860506784e+01 6.152672170400619223e+01
1.391628423929456858e+03 1.411155630195361709e+03 4.497319089357225153e+01 6.151925964355469034e+01
1.446064159984112848e+03 1.403166306523531603e+03 4.912253604251240091e+01 6.077783019542694376e+01
