-1.399999999999625288e+03 -1.399999999999897227e+03 5.803376872503083675e-10 6.151115080118179179e+01
2.661745150161110814e+03 -9.362727267439754542e+01 4.239997183590384338e+03 6.168243795633316040e+01
-1.199999998810019406e+03 -1.199999999615432898e+03 2.265998374744488829e-06 6.156434344053268148e+01
-1.099999998447018243e+03 -1.099999999809139354e+03 3.456189944051513145e-06 6.157418699264526651e+01
-9.999999940129553124e+02 -9.999999958570697345e+02 4.906455364691022846e-06 6.162966344356537007e+01
-8.999999999993649453e+02 -8.999999999997019131e+02 9.107987383267491437e-10 6.151187953948974751e+01
-7.999997422784514356e+02 -7.999997697754256478e+02 2.368181988267157472e-04 6.162268406152725220e+01
-6.909994473926059300e+02 -6.999973485203045129e+02 9.949760279185607459e+00 6.165892950296402120e+01
-5.997918334914400020e+02 -5.999987165688899040e+02 2.940411923289933394e-01 6.244151844978332377e+01
-4.999881587040173372e+02 -4.999926012185353557e+02 1.123367687339197479e-02 6.163208429813384726e+01
-3.999999999988376089e+02 -3.999999999996048246e+02 2.205461758897158072e-09 6.169053330421447612e+01
-2.999502520326904573e+02 -2.999999999943000830e+02 2.168463003429884073e-01 6.167388935089111612e+01
-1.997977063311830648e+02 -1.999999999881864881e+02 6.069707696368368266e-01 6.168000050783157207e+01
-9.998439132386347694e+01 -9.999999999094052328e+01 6.803658075134294547e-02 6.161787334680557393e+01
1.094984633499587545e+02 1.006243465912430679e+02 1.760479676088833045e+01 6.165990104675292827e+01
2.000165481404070249e+02 2.000029080524909659e+02 5.751829954708772424e-02 6.188276984691619731e+01
3.011109683918970177e+02 3.020196068645219611e+02 1.004908822885032471e+00 6.162453339099884175e+01
4.016073654023742847e+02 4.020215153714516418e+02 8.337439657166116902e-01 6.162654894590377808e+01
5.000059188033230271e+02 5.000000000000000000e+02 1.509004673059520171e-02 6.155769764184951498e+01
6.000126306831338070e+02 6.000194318197550274e+02 9.268386917014377613e-03 6.157378925085068033e+01
7.500002855424212385e+02 7.500004750729441412e+02 4.999977209036582337e+01 6.174886075258255147e+01
8.000000463302518483e+02 8.000000202380251721e+02 5.341152358731199637e-05 6.173757114410400249e+01
1.009944201288871000e+03 9.080661575822809937e+02 1.300390251942326074e+02 6.175292534828186319e+01
1.000000010601349459e+03 1.000000008201247738e+03 7.981952642753001203e-06 6.255473494529724121e+01
1.105000070436441547e+03 1.100000060281638071e+03 2.179447898908134817e+01 6.257980639934540079e+01
1.200427950607782350e+03 1.200080949137562357e+03 9.363888512957641019e-01 6.261965579986572550e+01
1.341832384356671810e+03 1.304395875114723822e+03 4.756721570087103146e+01 6.260526374578476094e+01
1.405000236379167063e+03 1.400000123091556134e+03 2.179444839225320862e+01 6.185333479642868326e+01
