-1.400000000000000000e+03 -1.400000000000000000e+03 0.000000000000000000e+00 2.804992094039916850e+01
2.028146426512188100e+03 -4.690132088647129081e+02 4.085648032482902636e+03 2.837383129596710063e+01
-1.200000000000000000e+03 -1.200000000000000000e+03 0.000000000000000000e+00 2.803497489690780498e+01
-1.100000000000000000e+03 -1.100000000000000000e+03 0.000000000000000000e+00 2.807734310626983643e+01
-9.999999999999841975e+02 -9.999999999999964757e+02 2.300615454980294509e-11 2.811614495515823364e+01
-8.999999999999996589e+02 -9.000000000000000000e+02 8.074967289339731191e-13 2.813338105678558421e+01
-8.000000000000000000e+02 -8.000000000000000000e+02 1.016845989170082993e-13 2.822683430910110403e+01
-6.929996742066335855e+02 -7.000000000000000000e+02 9.539836010839735536e+00 2.810194600820541311e+01
-5.998500178712388333e+02 -6.000000000000000000e+02 2.999642575222395413e-01 2.906718859672546529e+01
-4.999863138762196400e+02 -4.999926039596658711e+02 1.917331024145022683e-02 2.817957309484481954e+01
-3.999005040942906817e+02 -4.000000000000000000e+02 2.984877171279891050e-01 2.820584836006164409e+01
-2.997015122828720450e+02 -3.000000000000000000e+02 5.539697580559018730e-01 2.822459765672683574e+01
-1.997120615271560666e+02 -2.000000000000000000e+02 8.638154185318002165e-01 2.821912494897842549e+01
-9.970343540681766115e+01 -9.968782674401859367e+01 2.511976548121939157e-01 2.815539929866790914e+01
1.195160324829464571e+02 1.006243465119628127e+02 3.071646903973766740e+01 2.812965085506439067e+01
2.000989156461731966e+02 2.000000000000001705e+02 4.311633056007809772e-01 2.850499060153961040e+01
3.017331016948550086e+02 3.020284808836523212e+02 7.673240092211850438e-01 2.819233324527740336e+01
4.018209014194453061e+02 4.020264749953354340e+02 6.570199354418598814e-01 2.819552479982376170e+01
5.000034533173580940e+02 5.000000000000000000e+02 7.165243004054506690e-03 2.799907859563827373e+01
6.000155454558041583e+02 6.000194318197550274e+02 7.772727902010956487e-03 2.805346800088882375e+01
7.350000000000056843e+02 7.000000000000022737e+02 4.769696007084316847e+01 2.835782854557037425e+01
8.065538801232376045e+02 8.000000000000000000e+02 2.337752886781732187e+01 2.832982048988342427e+01
1.007593304296398514e+03 1.002660026539210548e+03 1.140569527811519777e+02 2.822028825283050679e+01
1.000000000000000000e+03 1.000000000000000000e+03 0.000000000000000000e+00 2.919566005468368530e+01
1.105000000000000000e+03 1.100000000000000000e+03 2.179449471770334767e+01 2.921830934286117554e+01
1.200161189417446622e+03 1.200080948985142413e+03 2.370406179252346202e-01 2.923737884759902883e+01
1.362425330726150833e+03 1.400000000000000000e+03 4.944646251772255141e+01 2.925578315258026052e+01
1.410000000000000909e+03 1.400000000000000000e+03 2.999999999999966249e+01 2.871705014705657888e+01
