-1.400000000000000000e+03 -1.400000000000000000e+03 0.000000000000000000e+00 6.666504830121994019e+01
4.538464932426817541e+03 4.751776443223905517e+03 5.244298937786586066e+03 6.684560775756835938e+01
-1.200000000000000000e+03 -1.200000000000000000e+03 0.000000000000000000e+00 6.664304125308990479e+01
-1.100000000000000000e+03 -1.100000000000000000e+03 0.000000000000000000e+00 6.666949969530105591e+01
-9.999999999999809006e+02 -9.999999999999936335e+02 2.709589299370234410e-11 6.671751109361647991e+01
-8.999999984320396607e+02 -8.999999999917311015e+02 3.093876967181184712e-06 6.674898895025253864e+01
-7.999286686590851332e+02 -7.999997705132433339e+02 2.254280785740893078e-01 6.673239164352416708e+01
-6.889972420941074915e+02 -6.800000001994390004e+02 9.952370306596009186e+00 6.669941469430924030e+01
-5.995498285832543388e+02 -5.994343877341284497e+02 3.738183121944134157e-01 6.724738065004348186e+01
-4.993928472981227742e+02 -4.998088781404065912e+02 1.585685169495549385e+00 6.673550009727478027e+01
-3.996517643300173290e+02 -4.000000000000000000e+02 4.745652241830684570e-01 6.676577054262160971e+01
-2.979603351924135382e+02 -2.980100818858134062e+02 1.649200850383057526e+00 6.677343575954436972e+01
-1.984949957055107177e+02 -1.979770634917204291e+02 1.438073836081978696e+00 6.677149915695190430e+01
-9.224072963793102531e+01 -9.968782674401859367e+01 1.230979215092537515e+01 6.670944334268570231e+01
1.557286220315004925e+02 1.581923672735651394e+02 4.678965673352299603e+01 6.668098099231720255e+01
2.007942185233537771e+02 2.005300201926700367e+02 7.388222921500231521e-01 6.684756760597228720e+01
3.019160699737473692e+02 3.020640215046566937e+02 5.002441538657342868e-01 6.673735245466232868e+01
4.027998756191655048e+02 4.025234633925849721e+02 1.357325457750812481e+00 6.676040619611740112e+01
5.000405552464142716e+02 5.000197293441220268e+02 3.988237445114779789e-02 6.671308670043944744e+01
6.000729356792529643e+02 6.000194318197550274e+02 1.255790935299484490e-01 6.671226054430007935e+01
7.550000000000000000e+02 8.000000000000000000e+02 4.974937185533099893e+01 6.677189245223999592e+01
8.470075090727353881e+02 8.000000000000000000e+02 9.536294668994527512e+01 6.675790195465087606e+01
1.081134328042864354e+03 1.132559774293986720e+03 1.136176275391050581e+02 6.678943344354630085e+01
1.018375064096147753e+03 1.003140004792418495e+03 2.745326646845210306e+01 6.734354424476623535e+01
1.132307102520213220e+03 1.100000000000000000e+03 4.600926417791907141e+01 6.734563100337982178e+01
1.206557385516480736e+03 1.200435134724740237e+03 1.480908102357883749e+01 6.740617740154266357e+01
1.394507700013399472e+03 1.410275625134908296e+03 5.546710735415548754e+01 6.737679644823074909e+01
1.450000000000000000e+03 1.450000000000000000e+03 5.000000000000000000e+01 6.687100020647048382e+01
