-1.400000000000000000e+03 -1.400000000000000000e+03 0.000000000000000000e+00 4.747160498499870300e+02
8.526414431925264944e+04 6.960092375593591714e+04 5.674592540093731077e+04 4.747340041995048523e+02
9.271621414755585138e+05 1.508817598681039999e+04 1.931785124701034045e+06 4.742947559952735901e+02
9.941226572803683666e+03 7.236855753503256892e+03 7.875576211004051402e+03 4.753689103960990678e+02
-9.999999998917680841e+02 -9.999999999639499038e+02 2.270960107945457506e-07 4.727483752965927124e+02
-8.901875767183894368e+02 -8.901875768683094066e+02 3.716189585516094749e-07 4.729094129085540885e+02
-7.877779149701063943e+02 -7.917399756972990872e+02 1.430865545493947266e+01 4.740053297996520882e+02
-6.796412963971938552e+02 -6.796141331579964344e+02 1.028003830393571655e-01 4.704304688453674430e+02
-5.966625533723196213e+02 -5.963010334137097743e+02 1.739911057483712886e+00 4.831850460529327620e+02
-4.998641346644420764e+02 -4.998622165089675491e+02 5.635191197256056439e-02 4.748990860462188834e+02
-3.965673915049191578e+02 -3.970151228287201093e+02 1.237713951597911644e+00 4.750665096044540405e+02
-2.819382981149609009e+02 -2.825882442315913750e+02 8.183868038192267491e+00 4.751478734970093001e+02
-1.706830543178580797e+02 -1.751611175352752525e+02 1.326820894194375455e+01 4.718874059081077803e+02
1.175163174899489178e+02 8.561843512051723337e+01 1.644566961135572001e+02 4.739545619487762451e+02
9.074439540370883606e+02 8.496696226712297175e+02 2.837110320203138372e+02 4.730239048957824934e+02
2.002457041594620364e+02 2.002261641142568749e+02 1.606022451231298720e-01 4.765401719450950395e+02
3.141087265582534087e+02 3.134397592740173195e+02 2.198728236545456571e+00 4.746489024043083305e+02
4.189452814809110350e+02 4.188855586290745805e+02 3.076549665260901012e+00 4.748268864989280473e+02
5.006335196750421233e+02 5.006132295578962612e+02 1.959114586593634078e-01 4.737694130897522200e+02
6.033264418728228975e+02 6.033828566362063839e+02 4.484283705287392952e-01 4.740678847432136536e+02
1.000000000003632181e+03 1.000000000002635829e+03 3.310494277357813329e-09 4.741411021947860718e+02
1.077099956995058164e+03 1.094514674317542813e+03 1.215584708221639971e+02 4.744426518917083513e+02
1.833249115744592473e+03 1.778106400640826450e+03 3.273311803687743122e+02 4.742281043529510498e+02
1.214216882849726289e+03 1.214727891900324039e+03 4.452116626748084727e+00 4.839042341470718611e+02
1.314427533743684080e+03 1.314968627786642628e+03 4.997619125488284908e+00 4.839740781545639265e+02
1.436549266821572473e+03 1.400026580435891901e+03 6.153176857929341992e+01 4.849709305047989005e+02
1.805468197730686825e+03 1.821346060365361154e+03 7.108823078905261639e+01 4.844049313545227164e+02
1.700000000006647952e+03 1.700000000002612069e+03 1.017255378690396359e-08 4.753748073101043587e+02
