-1.400000000000000000e+03 -1.400000000000000000e+03 0.000000000000000000e+00 5.772106215953827046e+01
8.057479373512830534e+03 8.916603941470102654e+03 4.405998699371196381e+03 5.795766431093215942e+01
-1.200000000000000000e+03 -1.200000000000000000e+03 0.000000000000000000e+00 5.772657384872436381e+01
-1.100000000000000000e+03 -1.100000000000000000e+03 0.000000000000000000e+00 5.778798319101333902e+01
-9.999999999999790816e+02 -9.999999999999839702e+02 1.946861785974721873e-11 5.776708174943924234e+01
-8.999696862153854227e+02 -8.999999808312247751e+02 9.179546895488677194e-02 5.783223189115524576e+01
-7.959924582166219125e+02 -7.999352272956643901e+02 1.050153788692970380e+01 5.785147135257720663e+01
-6.858761195314319821e+02 -6.799999651240638059e+02 8.889675558032401170e+00 5.782152835130691670e+01
-5.993673922514310561e+02 -5.992127986969251197e+02 4.067790572156406714e-01 5.870537240505218790e+01
-4.993485722515259795e+02 -4.996892677624966836e+02 8.701887752766522821e-01 5.785613404512405111e+01
-3.998010081885813065e+02 -4.000000000000000000e+02 3.979836228373188622e-01 5.792071419954299927e+01
-2.984080665162145465e+02 -2.990050409429067031e+02 1.585701970684953999e+00 5.791907889842987345e+01
-1.973975031198854140e+02 -1.971206152715606663e+02 1.959675493397997625e+00 5.790569015741348124e+01
-8.119212292632423100e+01 -9.937565348803718734e+01 3.719568080139287503e+01 5.779677785634994791e+01
1.714330521829308509e+02 1.585045405295466026e+02 5.084753909830847363e+01 5.781178835630417012e+01
2.009793262574742130e+02 2.010603547680429415e+02 8.215134725203382393e-01 5.804822944402694418e+01
3.017028172375329405e+02 3.020394362269501016e+02 8.724914181730097917e-01 5.783032959699630737e+01
4.025784636057081229e+02 4.024005241811352107e+02 1.397327856059989548e+00 5.791264145374297811e+01
5.000633269192621810e+02 5.000297904392083410e+02 7.857896695252626629e-02 5.782335324287414835e+01
6.001241228955339011e+02 6.000194318197550274e+02 1.909925747418383113e-01 5.776454759836197184e+01
7.750000000000000000e+02 8.000000000000000000e+02 4.330127018922193116e+01 5.790772619247436381e+01
8.725707715384211269e+02 8.406560743320665097e+02 9.158503283860576971e+01 5.790573949813843058e+01
1.082326443435001693e+03 1.125969208169501599e+03 1.071035194569538618e+02 5.789009369611740397e+01
1.028331094971743823e+03 1.018881207107615865e+03 3.148423414444198443e+01 5.885458575487136557e+01
1.139053784844167694e+03 1.100000000000000000e+03 4.853122477920690159e+01 5.886136729717254923e+01
1.219619492361585571e+03 1.200916606553978909e+03 3.002877566521304331e+01 5.894356294870376445e+01
1.392872112674574282e+03 1.405137812343155701e+03 5.353219849872028391e+01 5.891254985332489014e+01
1.445000000000000000e+03 1.400000000000000000e+03 4.974937185533099893e+01 5.810055965185165405e+01
