-1.399997179919587779e+03 -1.399998845510183401e+03 4.295692723102260621e-03 4.504988484382629110e+01
-8.486424851874028263e+02 -9.955578217912416221e+02 4.204364374958766462e+02 4.520402765274047852e+01
-1.194760697261219093e+03 -1.198304793694138198e+03 7.419778921390534521e+00 4.509978990554809286e+01
-1.089246557447800114e+03 -1.098121608895548434e+03 1.628009823062522798e+01 4.512000784873962544e+01
-9.999772615199893835e+02 -9.999859293362590051e+02 2.275513530123815867e-02 4.512957805395126343e+01
-8.999993228508777747e+02 -8.999997201441044581e+02 8.200302975739484678e-04 4.505595915317535116e+01
-7.997136892072865066e+02 -7.997361616232191182e+02 2.527128757010229654e-01 4.520560399293899678e+01
-6.994082771509558825e+02 -6.997218697304733723e+02 9.456607254279894015e-01 4.522342799901961996e+01
-5.998557028418142636e+02 -5.999245486403597170e+02 2.176169387706153313e-01 4.598605244159698202e+01
-4.997894634389625139e+02 -4.998294251096907601e+02 1.510825534585271690e-01 4.513128579854965494e+01
-3.999958936202984319e+02 -3.999985251960887354e+02 5.867625766229750232e-03 4.525048180818557597e+01
-2.995984140014015793e+02 -2.999527208526160393e+02 4.639561009931002511e-01 4.524191029071808146e+01
-1.996845790741826363e+02 -1.999952730911502954e+02 7.191627281761602264e-01 4.523339580297469809e+01
-9.986541724988002500e+01 -9.994215307001076098e+01 1.372724936085551461e-01 4.515595405101775839e+01
1.019942912134517172e+02 1.010334925486382645e+02 3.478059718613776496e+00 4.518697555065155314e+01
2.003186234890642083e+02 2.003124340871249274e+02 1.295805247361228041e-01 4.543306185007095621e+01
3.002110731009918823e+02 3.000504980001387594e+02 4.832932794821414024e-01 4.518530095815658854e+01
4.010078508872837801e+02 4.006048707291982964e+02 7.851411517669438789e-01 4.518722404241562174e+01
5.000217605535592043e+02 5.000117741530817739e+02 2.741980710125053317e-02 4.507964175939559937e+01
6.000185335028978670e+02 6.000194362895858831e+02 3.994449789284493409e-03 4.512512844800949097e+01
7.010244566842914082e+02 7.008949319657187971e+02 5.688626036528879881e-01 4.532303545475006246e+01
8.002127824038389008e+02 8.001701065206206067e+02 1.927513239839109271e-01 4.531333190202713013e+01
9.075340434770098454e+02 9.013378274580556990e+02 7.932114209838224461e+00 4.532909879684448384e+01
1.000638729314440184e+03 1.000267060818521713e+03 8.999414452502970674e-01 4.610343410968780375e+01
1.102212491867744120e+03 1.100452566972450541e+03 4.875165182820750509e+00 4.611391714811325215e+01
1.200380878334613499e+03 1.200282054457961976e+03 3.043794990910054787e-01 4.615834349393844604e+01
1.314193057115408465e+03 1.311128468810567483e+03 8.728762002361424521e+00 4.613586114645003988e+01
1.400509282474278052e+03 1.400484493394082392e+03 4.002787021553469993e-01 4.548838689327239848e+01
