-1.399999999999999773e+03 -1.399999999999999773e+03 1.761228916715216211e-13 9.964644597411155473e+02
1.135847055562952068e+06 1.105694094984092284e+06 4.112569701112454641e+05 1.331502333092689469e+03
6.323703356413719654e+08 4.744118995730371475e+08 6.095174459467493296e+08 1.301614805495738892e+03
2.493124020284217258e+05 2.375756856252070284e+05 4.944329386656686984e+04 1.186231496906280427e+03
-9.999990815410872074e+02 -9.999990824067358517e+02 5.962688341871644307e-05 1.329500973749160721e+03
-8.529977558935825073e+02 -8.565526684650001243e+02 1.480442655948132824e+01 1.280700557160377457e+03
-6.294198259953692514e+02 -6.367526628112309481e+02 4.212288311020651577e+01 1.274106579697132020e+03
-6.788743846337164314e+02 -6.788569978222825512e+02 5.196700245805010998e-02 1.203789139401912735e+03
-5.263038667457910833e+02 -5.246309722630070382e+02 8.292271901316441429e+00 1.448002407193183899e+03
-4.992365185135421370e+02 -4.993457506640444308e+02 3.306004640089375002e-01 1.068207776200771377e+03
-1.837133714039496795e+02 -1.839951148503093350e+02 4.989983742939960365e+01 1.072443783092498734e+03
-1.358694991377340955e+00 -4.515712438794753325e+01 1.133691933559490366e+02 1.087554940843582244e+03
3.457118940296075493e+02 3.423083958507643274e+02 5.869790211237756949e+01 1.147529209005832627e+03
3.842611312224117682e+03 4.008596684964632004e+03 8.147352954681533674e+02 1.135461831200122788e+03
1.493184037033021377e+04 1.494063772577751479e+04 5.071016543957186968e+02 1.139254183948040009e+03
2.037327355105678066e+02 2.038387065109579339e+02 5.980644329173876450e-01 1.225568611502647400e+03
4.813485506075071498e+02 4.776036601668346293e+02 3.933657569647714780e+01 1.157990839350223496e+03
8.821928100105793646e+02 8.731059833567851456e+02 3.425344054753927736e+01 1.107425720453262329e+03
5.072293126162159069e+02 5.069539673308993315e+02 1.621351232549868016e+00 1.329777897107601120e+03
6.248321724188664348e+02 6.250000000000000000e+02 3.725351630931155733e-01 1.066569078397750900e+03
1.456957760385902247e+03 1.828262933976498516e+03 4.547541070762490563e+02 1.109686634755134492e+03
5.631790018300031988e+03 5.467741449766748701e+03 9.808056006968765814e+02 1.173955258750915618e+03
1.580416024674579421e+04 1.603447618499030796e+04 1.545451561854368947e+03 1.161682492411136536e+03
1.324223799134526189e+03 1.321800377240944727e+03 2.221869103505030907e+01 1.638692439496517181e+03
1.472264744134667126e+03 1.472369274093703098e+03 2.185293886191755064e+01 1.618320557951927185e+03
1.685233321641503153e+03 1.691642158917722554e+03 1.855189043638054969e+01 1.504816759610176177e+03
3.295836431884574267e+03 3.516402366735083888e+03 3.655235469243340276e+02 1.557370787751674698e+03
3.723840714214631589e+03 4.913543649680821545e+03 1.575295697823551336e+03 1.228608432245254562e+03
