-1.399999994020146687e+03 -1.399999995020966480e+03 4.655699295964069015e-06 1.527754928469657898e+02
1.054545074970522692e+05 7.364936569566669641e+04 7.238903990644695295e+04 1.542651463508605900e+02
-1.155749229841895840e+03 -1.197050818680205566e+03 7.286963576892671313e+01 1.535431470990180856e+02
1.712727414542300494e+03 8.937167625416719829e+02 2.522727672100616019e+03 1.545117046952247506e+02
-9.999998883994627477e+02 -9.999999002226466018e+02 4.967922728953831537e-05 1.527683947563171500e+02
-8.916338278257674119e+02 -8.901875424243073667e+02 3.443018793481104289e+00 1.522854666471481266e+02
-7.999969619031805905e+02 -7.999982599700896344e+02 4.511973229753412327e-03 1.552161868929862862e+02
-6.796137414817644640e+02 -6.795998311126927547e+02 8.205422345594497180e-02 1.534702564001083260e+02
-5.974421576503893903e+02 -5.978715765576855574e+02 1.524181474315421836e+00 1.656764448523521480e+02
-4.998956446184038214e+02 -4.999200396456985800e+02 6.362928742475239263e-02 1.539205711960792655e+02
-3.968161273594485579e+02 -3.970151204068198467e+02 2.170743266811828498e+00 1.537684055566787720e+02
-2.924383099546885205e+02 -2.935327652862202967e+02 3.466680560037736836e+00 1.545222685933113098e+02
-1.846327260091788958e+02 -1.851477531412454596e+02 6.468644036195808411e+00 1.546390490412712211e+02
1.101643719939665900e+01 -5.666848961910318394e+00 8.633745321196063571e+01 1.535653127074241695e+02
7.932451943752046191e+02 7.613514275089189596e+02 3.101164103620996570e+02 1.539168999433517513e+02
2.001840871229048275e+02 2.001588341000392575e+02 1.277226146006109064e-01 1.582491861581802368e+02
3.130010398184336964e+02 3.128053450710432344e+02 1.275360144551626718e+00 1.530034623503684941e+02
4.160677943059810104e+02 4.150438088191107795e+02 3.410055605588183436e+00 1.543941573977470512e+02
5.005417302886747848e+02 5.005679582400227901e+02 1.070052061954147316e-01 1.534137338399887085e+02
6.028322798843764758e+02 6.029728509627611857e+02 5.441392340925635951e-01 1.539028493046760673e+02
1.000022843466436484e+03 1.000021804774590123e+03 8.631529460286892566e-03 1.545618849515914803e+02
1.013842626198854532e+03 9.942905882826041761e+02 1.036902105346809009e+02 1.546630823969840947e+02
1.459064050239969674e+03 1.425092930825386247e+03 2.046879233842872168e+02 1.550679656505584774e+02
1.209736864930346655e+03 1.207758793599018190e+03 4.291723682566809472e+00 1.666607970952987614e+02
1.310831402114989942e+03 1.311325055992499983e+03 3.669236233751051568e+00 1.665793779492378235e+02
1.411210299557262715e+03 1.400025027570895645e+03 3.356138305884673656e+01 1.677701277017593497e+02
1.800702247222851611e+03 1.800166315604321426e+03 1.616840156049619281e+01 1.664603249549865609e+02
1.700058540707433394e+03 1.700053657797446704e+03 2.517600225966507357e-02 1.561213808536529655e+02
