-1.400000000000000000e+03 -1.400000000000000000e+03 0.000000000000000000e+00 4.662865733027458077e+02
1.030308965213759948e+05 1.101721478045028925e+05 6.106475802683742222e+04 4.677527065515517961e+02
1.190947152028863347e+05 -1.198353634937725246e+03 2.522494187521175481e+05 4.674631184458732491e+02
1.157057521628906761e+04 1.033736294709883623e+04 5.859502055473708424e+03 4.681030928492546082e+02
-9.999999999779654445e+02 -9.999999999817193839e+02 1.273797623535841960e-08 4.657114918470382463e+02
-8.906661579158628683e+02 -8.901875771310309347e+02 2.086085504363126120e+00 4.664004168510437012e+02
-7.987485892187323770e+02 -7.998633316381960867e+02 3.589720093396897571e+00 4.673212926983833313e+02
-6.796089607158106674e+02 -6.796161980308545481e+02 9.981355297080733713e-02 4.640124779582023393e+02
-5.969787177113443022e+02 -5.974479289214407345e+02 1.665745238139664908e+00 4.754989214539527893e+02
-4.998865861402995279e+02 -4.999003952758407081e+02 5.306775680306995147e-02 4.672448452472686995e+02
-3.956719286054261033e+02 -3.960201637716268124e+02 1.787467081534775071e+00 4.669156773924827348e+02
-2.878615109625749255e+02 -2.885579784001557755e+02 4.990676806042190883e+00 4.670580010414123535e+02
-1.738116563464944306e+02 -1.733253125015150999e+02 1.308973729508364237e+01 4.648411962985992432e+02
9.694099055361444073e+01 7.864423368042548645e+01 1.181899661070369945e+02 4.658674314498901481e+02
8.021702220968409165e+02 8.013650823922821473e+02 4.009157953459300643e+02 4.652008152484893913e+02
2.002348702945296566e+02 2.002161129097922583e+02 1.806326882522635846e-01 4.692966442942619096e+02
3.139735085630036906e+02 3.137953385562212247e+02 3.683433705320337648e+00 4.666130645036697615e+02
4.192013055318235502e+02 4.176136889998201696e+02 4.506872948979344429e+00 4.671853845477104414e+02
5.006574597271239213e+02 5.006009360793699443e+02 2.180887347629622552e-01 4.670762749910354614e+02
6.032770135253451826e+02 6.032264493412383217e+02 4.342626709821145181e-01 4.672524014949798357e+02
1.000000000000172463e+03 1.000000000000026148e+03 2.881214942679585217e-10 4.674432389497757185e+02
1.148756506770963142e+03 1.113059836477271801e+03 1.385772905921898257e+02 4.664814142942428816e+02
1.734175037619460909e+03 1.718171132555926988e+03 3.779993961120332528e+02 4.670205978512764204e+02
1.213071270228293542e+03 1.213845684021770012e+03 4.164958539348395661e+00 4.761959562063217390e+02
1.312234056661898876e+03 1.312094564466342035e+03 3.573748808969339663e+00 4.760859535932540894e+02
1.400995866727784914e+03 1.400023281301274437e+03 3.294674588041601737e+01 4.772006540060043562e+02
1.792867116957229427e+03 1.817671061283170957e+03 8.232566432290501268e+01 4.764023048520087968e+02
1.700000000001264198e+03 1.700000000000073669e+03 2.847440088482408571e-09 4.682294649004936105e+02
