-1.399999999999963165e+03 -1.399999999999994543e+03 6.070540748228984791e-11 6.623993779420852945e+01
7.000306997080135716e+02 -1.765724448466902459e+02 2.145204822728968793e+03 6.646660439968108847e+01
-1.199999999982987447e+03 -1.199999999997942723e+03 3.773726863166652389e-08 6.629731370210647867e+01
-1.099999999940479938e+03 -1.099999999991834557e+03 1.185667408307441484e-07 6.632940934896468832e+01
-9.999999959349499932e+02 -9.999999982620599894e+02 6.674561450803431224e-06 6.634985820055007366e+01
-8.999999999999956799e+02 -8.999999999999986358e+02 5.490438708689483701e-12 6.627756149768829630e+01
-7.999999638194182126e+02 -7.999999711725293992e+02 4.548121426452243223e-05 6.644656879901886271e+01
-6.920000018524699499e+02 -6.999998715701919991e+02 9.797896245222023737e+00 6.640907064676284222e+01
-5.999247323355914432e+02 -5.999997112639574652e+02 2.249782048842990101e-01 6.720731480121612833e+01
-4.999853270436394155e+02 -4.999901351580018627e+02 1.632990404965936962e-02 6.636635839939117432e+01
-3.999999999998805151e+02 -3.999999999999739657e+02 1.984178063408199304e-10 6.645812205076217083e+01
-2.999502520454802266e+02 -2.999999999996041424e+02 2.168463000076356895e-01 6.648468459844589518e+01
-1.998560307625514554e+02 -1.999999999998040892e+02 6.275473523065845383e-01 6.646808234453200726e+01
-9.995317400786314010e+01 -9.999999999940831685e+01 1.114681478674469511e-01 6.638808054924011515e+01
1.155580773215198462e+02 1.004682599040813784e+02 3.533051979884366744e+01 6.639460124969482990e+01
2.000007568670304750e+02 2.000006420003885523e+02 6.838267879266454871e-04 6.664962030649185465e+01
3.012118034156493422e+02 3.020196068560485401e+02 9.894333393807249744e-01 6.637079085111618326e+01
4.009558989280668584e+02 4.001258993933350894e+02 1.023763915603052910e+00 6.639876445531845661e+01
5.000029594016503438e+02 5.000000000000000000e+02 7.044785025787892244e-03 6.641037244796753214e+01
6.000165170467952294e+02 6.000194318197550274e+02 6.938547493121981387e-03 6.633419220447539999e+01
7.350001576013999056e+02 7.000003364773069734e+02 4.769685759290604921e+01 6.650978009700774862e+01
8.000000098182879356e+02 8.000000074491424584e+02 6.885304604148196181e-06 6.651207050085068317e+01
9.441245183304966986e+02 9.000000179224111889e+02 7.101452238220684876e+01 6.653042340278625488e+01
1.000000007888593586e+03 1.000000004460186915e+03 8.789301409733057244e-06 6.733828599452972696e+01
1.100000013082812075e+03 1.100000009098101600e+03 1.269632993234630057e-05 6.732633819580078693e+01
1.200124973484899783e+03 1.200000000028951263e+03 1.817353398379760177e-01 6.739160205125809000e+01
1.366537016615618541e+03 1.400000001199539156e+03 4.789788344781987206e+01 6.738104460239409832e+01
1.400000106300593416e+03 1.400000070580747433e+03 1.070310916693311689e-04 6.662144604921340374e+01
