-1.400000000000000000e+03 -1.400000000000000000e+03 0.000000000000000000e+00 5.486469885110854960e+01
3.145084088457128928e+03 1.579676814603548792e+03 3.948436657169645514e+03 5.505580345392227315e+01
-1.200000000000000000e+03 -1.200000000000000000e+03 0.000000000000000000e+00 5.481745399236679361e+01
-1.100000000000000000e+03 -1.100000000000000000e+03 0.000000000000000000e+00 5.484207414388656332e+01
-9.999999999999848797e+02 -9.999999999999943157e+02 2.258468507714361145e-11 5.489974769353866435e+01
-8.999999999999997726e+02 -9.000000000000000000e+02 5.404610566986190678e-13 5.491384950876236104e+01
-7.999999885256621610e+02 -8.000000000000000000e+02 5.001547905942622393e-05 5.492098505496979044e+01
-6.899993587810826057e+02 -6.899999747570755062e+02 1.000064129561452475e+01 5.484987199306488037e+01
-5.996872891275744450e+02 -6.000000000000000000e+02 3.866852310999603359e-01 5.558309025764465616e+01
-4.999578327154578687e+02 -4.999716452271962908e+02 3.885979236911068363e-02 5.489298419952392294e+01
-4.000000000000000000e+02 -4.000000000000000000e+02 0.000000000000000000e+00 5.498654375076294087e+01
-2.993532766128893741e+02 -2.990050409429067031e+02 5.693913456781058979e-01 5.498476344347000122e+01
-1.995207899273863461e+02 -2.000000000000000000e+02 1.003615182701015129e+00 5.500151299238204672e+01
-9.906848701399647439e+01 -1.000000000000000000e+02 3.633419961205962778e+00 5.486263134479522563e+01
1.413076468033471542e+02 1.167572201841821879e+02 5.188769264526077762e+01 5.485445590019226358e+01
2.000823268206383148e+02 2.000000000000005400e+02 2.107091865242926576e-01 5.511355450153350688e+01
3.015317745635553024e+02 3.020211382353943463e+02 8.778410011314077277e-01 5.493890569210052632e+01
4.019895139595929550e+02 4.021533498149720458e+02 8.432222884796789497e-01 5.492548090219497681e+01
5.000153098126302211e+02 5.000197293441220268e+02 1.344383660671259577e-02 5.486343389749526978e+01
6.000184602287674807e+02 6.000194318197550274e+02 4.235066930063083844e-03 5.486428505182266235e+01
7.350000000000000000e+02 7.000000000000000000e+02 4.769696007084728251e+01 5.502685600519180298e+01
8.259188128269028084e+02 8.000000000000000000e+02 7.997741667497973594e+01 5.501702464818954752e+01
1.009852565340673209e+03 9.393837089672051661e+02 1.242719310840228104e+02 5.504296294450760030e+01
1.000940235370581604e+03 1.000000000000000000e+03 4.098390963507481111e+00 5.570125300884247110e+01
1.110000000000000000e+03 1.100000000000000000e+03 3.000000000000000000e+01 5.570620019435882853e+01
1.200499584877424695e+03 1.200258041854941439e+03 9.285384186535240447e-01 5.575271630287170410e+01
1.357024182801675352e+03 1.353659738550594966e+03 5.430605009630180291e+01 5.575605484247207499e+01
1.410000000000000000e+03 1.400000000000000000e+03 3.000000000000000000e+01 5.512167655229568197e+01
