-1.400000000000000000e+03 -1.400000000000000000e+03 0.000000000000000000e+00 6.851882129907608032e+01
4.893598514431484546e+03 1.909006264519943215e+03 5.520832681296426927e+03 6.852310590744018270e+01
-1.200000000000000000e+03 -1.200000000000000000e+03 0.000000000000000000e+00 6.850700910091400431e+01
-1.100000000000000000e+03 -1.100000000000000000e+03 0.000000000000000000e+00 6.848865995407103924e+01
-9.999999999999560032e+02 -9.999999999999804459e+02 6.283563670918649132e-11 6.856064285039902018e+01
-8.999257256617183884e+02 -8.999924931849973291e+02 1.617574769033275350e-01 6.839446359872817993e+01
-7.914837932029309968e+02 -7.987927746504918787e+02 1.332422403493712437e+01 6.858285645246505169e+01
-6.861849899840360649e+02 -6.799999683294671513e+02 8.920848819734782609e+00 6.848800760507583618e+01
-5.995584357239425799e+02 -5.994949743718152604e+02 4.013291320262676320e-01 6.925502539873123453e+01
-4.974271923407007989e+02 -4.979789767203046722e+02 2.483644528858743428e+00 6.852396805286407755e+01
-4.000000000000000000e+02 -4.000000000000000000e+02 0.000000000000000000e+00 6.866407015323639484e+01
-2.976121002781037532e+02 -2.990050409429067031e+02 1.974934952422447099e+00 6.868480899333954426e+01
-1.975509580192955923e+02 -1.979440450976274519e+02 2.400517006130603370e+00 6.868108429908753010e+01
-7.624300027870290819e+01 -8.324277981581781205e+01 3.385194240936282029e+01 6.848311334848403931e+01
1.818793034719433592e+02 1.376308803568643953e+02 9.668859685110480484e+01 6.847300209999085041e+01
2.010291970690015546e+02 2.009359004478934594e+02 9.592461952068594977e-01 6.869582149982451824e+01
3.015878230930010204e+02 3.020401432876046783e+02 8.684193546853153922e-01 6.859965509176254272e+01
4.023216824821110436e+02 4.024126606972297395e+02 1.032358812972413276e+00 6.851741764545440105e+01
5.000411058988057675e+02 5.000197293735352559e+02 5.118279073572989946e-02 6.847504625320434002e+01
6.001082053058024712e+02 6.000194318197550274e+02 2.297986981103801452e-01 6.856402394771575359e+01
7.900000000000000000e+02 8.000000000000000000e+02 3.000000000000000000e+01 6.857064319849014566e+01
8.583284351859274466e+02 8.059532243253695469e+02 8.026177754137422937e+01 6.855968664884566977e+01
1.083382821261060144e+03 1.122479259648952166e+03 1.148700434860891022e+02 6.855126050710677532e+01
1.036399476282724891e+03 1.021281308046481740e+03 3.655499881382449701e+01 6.938561555147171589e+01
1.171609835192687115e+03 1.200000000000000000e+03 4.398697978286830335e+01 6.940774160623550415e+01
1.218363815102543185e+03 1.200258041854945759e+03 3.148819767882764253e+01 6.950382285118102743e+01
1.412454602943510054e+03 1.425167560934483845e+03 4.718283406392522750e+01 6.946428869962691977e+01
1.465000000000000000e+03 1.500000000000000000e+03 7.262919523166975466e+01 6.900445594787598225e+01
