-1.399999999999996362e+03 -1.399999999999998181e+03 3.721225663947367969e-12 2.091552986752986726e+03
9.267132448646785924e+05 8.585106212018403457e+05 2.967748975140081020e+05 2.123809710454940614e+03
1.837935212792797014e+07 6.160530343401370570e+06 4.070769791841667145e+07 2.131775871300697418e+03
-1.409218348555045282e+02 -2.015411820287490627e+02 5.506494772444169712e+02 2.134940505445003510e+03
-9.999995354104133867e+02 -9.999995443636719301e+02 5.086204926069033672e-05 2.104172332704067230e+03
-8.565526684618471336e+02 -8.565526684649656772e+02 8.795431277010240885e-09 2.099459776699542999e+03
-7.910322311266730821e+02 -7.923865172646803785e+02 5.003196869627414500e+00 2.169344526553154083e+03
-6.788755538498701299e+02 -6.788589177788480811e+02 4.416341695498838399e-02 2.138402736306190491e+03
-5.780663096684997981e+02 -5.786793124836576681e+02 4.226308913622647268e+00 2.578668783903121948e+03
-4.999859571089950805e+02 -4.999889096276950795e+02 7.943626423819093174e-03 2.112986126041412263e+03
-3.340957551725268218e+02 -3.362996227475507567e+02 9.606604265667545661e+00 2.111830138957500367e+03
-2.331676880130072789e+02 -2.353277318557224476e+02 9.489974508087135163e+00 2.137654582500457764e+03
-5.066364365050531404e+01 -4.507573482639116946e+01 3.235255697971405198e+01 2.142196408700942811e+03
2.246290095157471569e+03 2.142753288628075097e+03 5.305441814359155615e+02 2.098305110991001129e+03
7.227099898726693937e+03 7.074747318396048286e+03 9.412226267932967403e+02 2.138018952894210997e+03
2.030694329964789517e+02 2.033522810124897546e+02 5.573797097267079170e-01 2.309443713045120148e+03
4.084491966967876806e+02 4.080718114621701602e+02 1.488453791486848665e+01 2.101067653751373200e+03
5.363388650221696707e+02 5.008424543319048325e+02 9.510640031697536756e+01 2.145151260745525178e+03
5.049130332387605335e+02 5.052005873911386971e+02 9.730672712307966155e-01 2.107311199998855500e+03
6.197982579190713750e+02 6.198311835562763008e+02 1.023308904552207910e+00 2.128069006145000458e+03
1.486755597061361414e+03 1.828262933976495788e+03 4.364393691718687478e+02 2.149607170248031707e+03
3.541311045823536460e+03 3.506916543741798705e+03 5.752653096796846057e+02 2.146853356051445189e+03
7.700907000838818021e+03 7.978060609704990384e+03 1.537797776556960798e+03 2.183995633041858582e+03
1.263988861628752147e+03 1.264705673717534410e+03 1.137822010222167890e+01 2.611482712292671295e+03
1.394429255343722161e+03 1.394207898223974553e+03 7.907870088748619963e+00 2.608556324660778046e+03
1.556178599101626332e+03 1.555035107982232148e+03 1.237221267993038154e+01 2.630499279499053955e+03
2.199148480556194954e+03 2.197005340648469883e+03 7.701551523510171648e+01 2.626307911002636047e+03
2.832587647160477900e+03 1.800000012767247199e+03 1.407283691924867526e+03 2.221832581996917725e+03
