-1.399999964658813951e+03 -1.399999988112137544e+03 4.356749182494533792e-05 6.117998723983764364e+01
-1.041567343002726147e+03 -1.289785180789611331e+03 5.266315318153070848e+02 6.135225995779037333e+01
-1.199976419534218849e+03 -1.199994757996775661e+03 4.826027819688664955e-02 6.118595390319823935e+01
-1.099894735043970741e+03 -1.099991451816142217e+03 3.481446880219903339e-01 6.123225255012512491e+01
-9.999983168326323266e+02 -9.999985092241256552e+02 1.417165716699131644e-03 6.125909625291824057e+01
-8.999999970366470734e+02 -8.999999987933260854e+02 4.108013637540208512e-06 6.120759329795837544e+01
-7.999705839043637070e+02 -7.999813189309010113e+02 3.315429531258181489e-02 6.133924595117569112e+01
-6.939654258870175454e+02 -6.999302139038392170e+02 9.142692227280535988e+00 6.128260694742202475e+01
-5.998289459567749873e+02 -5.999762375353718653e+02 2.986975158124765550e-01 6.216211500167846538e+01
-4.999791288584931976e+02 -4.999839054646723753e+02 1.164825975454583662e-02 6.126793869733810283e+01
-3.999999283833174673e+02 -3.999999531571295392e+02 8.698648732709416212e-05 6.136601524353027060e+01
-2.999997557815784148e+02 -2.999999526942464172e+02 3.729714006560747139e-04 6.135983145236968994e+01
-1.999997681638801907e+02 -1.999999128778076738e+02 3.075971424775121046e-04 6.136142520904540731e+01
-9.999719800669799952e+01 -9.999894993694812229e+01 3.917952228471057764e-03 6.127896715402603434e+01
1.018908278835289849e+02 1.003174509691240814e+02 5.014370629948172287e+00 6.131242234706878946e+01
2.002568033982651059e+02 2.002756492547893572e+02 1.115165795509565072e-01 6.153602290153503418e+01
3.008116608809802415e+02 3.000101495023383222e+02 9.874970944627213809e-01 6.129334584474563741e+01
4.003373456401288877e+02 4.000378316752639876e+02 7.130943088350818471e-01 6.132408210039138652e+01
5.000000000201563921e+02 5.000000000009938503e+02 6.761491460991218092e-08 6.120105600357055664e+01
6.000060478560169486e+02 6.000002437804569126e+02 8.772148782873785341e-03 6.128484845161437988e+01
7.001710379143296450e+02 7.001135434471420922e+02 1.386498381095048194e-01 6.142495905160903646e+01
8.000141624383480803e+02 8.000128386808315781e+02 7.910558217373778525e-03 6.141133780479431437e+01
9.291629834403145196e+02 9.000396926090211309e+02 6.812107373868450111e+01 6.143369669914245890e+01
1.000006354366582855e+03 1.000006841103640909e+03 3.950632108287815275e-03 6.232256529331207417e+01
1.100035387396178976e+03 1.100028888158368773e+03 2.347622447262852005e-02 6.230196245908737041e+01
1.200066222845616949e+03 1.200003185321463206e+03 1.278792792506399933e-01 6.239454630613327168e+01
1.307739870593150954e+03 1.301970326338865789e+03 2.130074367947390002e+01 6.237095030546188212e+01
1.400058165235950582e+03 1.400046473196232910e+03 4.217637757966144485e-02 6.164423284530639791e+01
