-1.400000000000000000e+03 -1.400000000000000000e+03 0.000000000000000000e+00 6.518795629739761921e+01
2.325698698712395526e+03 1.338538521331328184e+03 3.097616760746006548e+03 6.527246785163879395e+01
-1.200000000000000000e+03 -1.200000000000000000e+03 0.000000000000000000e+00 6.516289985179901123e+01
-1.100000000000000000e+03 -1.100000000000000000e+03 0.000000000000000000e+00 6.520937720537185101e+01
-9.999999999999872671e+02 -9.999999999999891998e+02 1.236367228053159351e-11 6.519544759988784222e+01
-9.000000000000000000e+02 -9.000000000000000000e+02 0.000000000000000000e+00 6.519781479835509685e+01
-7.999999999990885726e+02 -7.999999999999590727e+02 1.910462118466029506e-09 6.521354284286499592e+01
-6.919998462838129853e+02 -6.999999999995627604e+02 9.798147234755104407e+00 6.515545004606246948e+01
-5.998615667578302464e+02 -5.999999999999699867e+02 2.804562384037971867e-01 6.591064599752425579e+01
-4.999771897937248468e+02 -4.999901353279390150e+02 3.026289411378782837e-02 6.523608049154282185e+01
-4.000000000000000000e+02 -4.000000000000000000e+02 0.000000000000000000e+00 6.529480545520782186e+01
-2.997015122828720450e+02 -3.000000000000000000e+02 4.559475192511921460e-01 6.534571120738982586e+01
-2.000000000000000000e+02 -2.000000000000000000e+02 0.000000000000000000e+00 6.535328029394149496e+01
-9.900605236280019028e+01 -9.968782674401859367e+01 3.619532508548316319e+00 6.523492285013199421e+01
1.199933002276737568e+02 1.006243465119628127e+02 3.576935761597993491e+01 6.521853590011596680e+01
2.000824323107286205e+02 2.000000000007570975e+02 2.106352752883295931e-01 6.540433429479598715e+01
3.012229514432805786e+02 3.020196854182017319e+02 9.925257640819332705e-01 6.525487719774245932e+01
4.015871802384907028e+02 4.020530958220015805e+02 8.923214278921349774e-01 6.526275889873504354e+01
5.000078979959916978e+02 5.000000000000000000e+02 1.232198494919933308e-02 6.523508244752883911e+01
6.000126306828409497e+02 6.000194318197550274e+02 9.268387309594429413e-03 6.522375094890594482e+01
7.400000000016701733e+02 7.000000000059671947e+02 4.898979485452633043e+01 6.529353115558623699e+01
8.100000000006460823e+02 8.000000000000516138e+02 2.999999999980892795e+01 6.528329330682754517e+01
1.020038703809051754e+03 1.000000000000013642e+03 1.256249519195203987e+02 6.528873490095138266e+01
1.000947609092146422e+03 1.000000000000054115e+03 4.130532270133663530e+00 6.608233865499497028e+01
1.105000000000121190e+03 1.100000000000071623e+03 2.179449471767556901e+01 6.606598694324493692e+01
1.200543684611091294e+03 1.200258041854941439e+03 9.385790249263898932e-01 6.613817239999771402e+01
1.339318725655464050e+03 1.301224191801689585e+03 5.300314045267488439e+01 6.612355719804763510e+01
1.410000000000600949e+03 1.400000000000131422e+03 2.999999999983309706e+01 6.537850435972214314e+01
