-1.400000000000000000e+03 -1.400000000000000000e+03 0.000000000000000000e+00 1.308382872581481990e+02
9.019862677542016900e+04 7.008301030002482003e+04 6.766446037198258273e+04 1.504133924484252987e+02
-1.185212987428809356e+03 -1.199999960358486533e+03 3.969304187752996427e+01 1.461575206518173218e+02
1.300717724634599290e+04 1.167293073384817399e+04 7.288377588435770122e+03 1.500029922008514518e+02
-9.999999309940245666e+02 -9.999999291483529760e+02 2.542242316819124488e-05 1.495354702949524039e+02
-8.901875771315224029e+02 -8.901875771322329456e+02 8.055854700364476767e-08 1.481639224052429142e+02
-7.993655984109716428e+02 -7.999854053112558177e+02 2.023394968910583902e+00 1.426055392503738517e+02
-6.796346199891643209e+02 -6.796233519817992601e+02 8.589590140350292224e-02 1.421627328038215694e+02
-5.958760810512449098e+02 -5.960760705292206012e+02 1.876131683620840596e+00 1.766815125465392953e+02
-4.999290044580499170e+02 -4.999384698873308253e+02 4.365143728034408255e-02 1.348530875563621407e+02
-3.948759628710972152e+02 -3.955226842430801639e+02 2.637577523399972090e+00 1.344674725055694466e+02
-2.918413405200349757e+02 -2.930352866003469785e+02 3.233228092479284221e+00 1.354048023939132577e+02
-1.801539494654260807e+02 -1.797957892023015916e+02 5.196819281023446813e+00 1.359713461399078369e+02
1.174573786228390020e+02 1.095646399278357421e+02 1.406796591667408052e+02 1.352871714949607735e+02
1.085188199722885884e+03 1.030387111704450490e+03 3.144537246925777936e+02 1.374307137489318791e+02
2.007514925665302030e+02 2.008794936597510343e+02 4.317057082570189830e-01 1.499857696056365910e+02
3.138669663440729209e+02 3.128789558923875802e+02 1.834028463998985892e+00 1.346325584053993225e+02
4.184163854263025542e+02 4.176319643681131879e+02 3.254016499948040320e+00 1.407362738013267460e+02
5.006851924649339480e+02 5.006179445768392497e+02 2.376738412809156209e-01 1.485495648980140686e+02
6.032592336512100246e+02 6.033837458427914271e+02 3.774931978197574312e-01 1.500287961959838867e+02
1.000000000000000000e+03 1.000000000000000000e+03 7.190186943645083856e-14 1.391474211096763725e+02
1.116927920832632481e+03 1.088443183534834588e+03 1.224680037687831060e+02 1.367442850589752084e+02
1.880277372678128813e+03 1.852745776355700627e+03 3.950279594811988773e+02 1.456301537990570125e+02
1.210064099782330231e+03 1.209813408748850406e+03 3.305030239922644775e+00 1.779620071411132756e+02
1.310737406012578958e+03 1.311161075909285501e+03 4.648035451639615623e+00 1.762976890444755611e+02
1.401900861225497465e+03 1.400021371152862002e+03 3.156202226333239480e+01 1.801735527515411377e+02
1.801291585638135530e+03 1.815133618485837587e+03 4.942611231480418610e+01 1.758779868006706124e+02
1.700000000000000000e+03 1.700000000000000000e+03 8.806144583576081053e-14 1.432978384494781494e+02
