-1.399999973348978983e+03 -1.399999974231332999e+03 1.278528967500678572e-05 9.829034978985786211e+02
6.705527839545077877e+05 6.635815966921614017e+05 1.997884684913410747e+05 9.924159460544585727e+02
2.036730377168402076e+06 1.952423943407059414e+05 3.047307535891081207e+06 9.910590655565262068e+02
-9.080553885069382432e+02 -9.372426470834606107e+02 1.186772673867855588e+02 9.950015186071395874e+02
-9.999993069137781276e+02 -9.999993148857581673e+02 1.675376267873378712e-04 9.810962510585784457e+02
-8.825302920623222462e+02 -8.870128017532115337e+02 6.565188947856866797e+00 9.824487582921981357e+02
-7.991847156273726114e+02 -7.995227312834626900e+02 9.467708746105972795e-01 1.003139895355701469e+03
-6.790684539549098417e+02 -6.790644648921849011e+02 4.847185468528926455e-02 9.926771708011626743e+02
-5.888562501046443458e+02 -5.888112424583616757e+02 2.084101932309179173e+00 1.117456387245655151e+03
-4.999938053259887170e+02 -4.999924169484878576e+02 6.977016478896752062e-03 9.890436053395271756e+02
-3.751757735753313341e+02 -3.771159356573879222e+02 8.590552417331810631e+00 9.892324321031570662e+02
-2.682315226049222474e+02 -2.696537683199489379e+02 8.876240376578019564e+00 9.965099274039268948e+02
-1.250140368438365783e+02 -1.234330110070757200e+02 2.200911293173340155e+01 9.978712102532387007e+02
1.147243553921026432e+03 1.178118408051649567e+03 2.903432716582488524e+02 9.769719813466072083e+02
4.654574381289970916e+03 4.134903670058004536e+03 1.543275974149203421e+03 9.920492249011992953e+02
2.024972120398189759e+02 2.024628627432646795e+02 3.319572752239900448e-01 1.035036026501655670e+03
3.473631242531213275e+02 3.487722342946224785e+02 1.120157707316427853e+01 9.853824380517005466e+02
4.753543038142486807e+02 4.579095789657223463e+02 4.786403615070738482e+01 9.968545404076576233e+02
5.025499458553913428e+02 5.024684543772791585e+02 7.132344322321091390e-01 9.864262902975082170e+02
6.099669989833957970e+02 6.099147920446517901e+02 5.578688706981851375e-01 9.928141515016556014e+02
9.693755125840492610e+02 1.000041988556870933e+03 7.486519938979252231e+01 9.965651453971862566e+02
1.712863587027751691e+03 1.631851316941001187e+03 3.001019830598388580e+02 9.964663299560546648e+02
4.363569311920614382e+03 4.510003657638461846e+03 5.724786332116849508e+02 1.004842879450321220e+03
1.234185340246204987e+03 1.238156271231320716e+03 1.076582930308332742e+01 1.125634358453750565e+03
1.344381564936073346e+03 1.344591813144307480e+03 4.763884698298959997e+00 1.124512991154193969e+03
1.462868991678858492e+03 1.458269146111195369e+03 6.295110336560968278e+01 1.135764536798000336e+03
1.882497611867763453e+03 1.872020943214063664e+03 5.334828378156979056e+01 1.131606431901454926e+03
1.700143467509104084e+03 1.700141853902531011e+03 2.992322262587804316e-02 1.012602023708820298e+03
