-1.399999999998853582e+03 -1.399999999999701231e+03 2.568396817554397342e-09 2.690469520092010569e+01
-2.567502712706692591e+02 -1.111851543419742029e+03 1.582015020861943640e+03 2.711588140726089335e+01
-1.199999998964192400e+03 -1.199999999894709617e+03 2.680856020113174773e-06 2.695276384353637766e+01
-1.099999996520069772e+03 -1.099999998890201368e+03 6.156072452363442185e-06 2.699320214986801147e+01
-9.999999888791613785e+02 -9.999999929147627427e+02 1.021641832148904972e-05 2.701147429943084788e+01
-8.999999999998155999e+02 -8.999999999999101874e+02 2.962358645990452786e-10 2.693018944263458181e+01
-7.999997922364325404e+02 -7.999997704928430267e+02 1.222393641090178181e-04 2.708515764474868703e+01
-6.949998384400880695e+02 -6.999998314391068561e+02 8.660276830917243984e+00 2.706440440416336202e+01
-5.997616187989962100e+02 -5.999991281150115583e+02 3.668487667973309718e-01 2.790780179500579905e+01
-4.999902565230217988e+02 -4.999926012804065749e+02 9.307760773911462684e-03 2.705946419239044332e+01
-3.999999999979244762e+02 -3.999999999993464144e+02 2.723216091430671513e-09 2.711776134967804097e+01
-2.997512602054538320e+02 -2.999999999743560011e+02 5.334873474914643143e-01 2.711523740291595530e+01
-1.999999999782305053e+02 -1.999999999921931249e+02 4.016036057321322105e-08 2.713736914396286082e+01
-9.995317398513516594e+01 -9.999999996747402520e+01 1.114681417246563833e-01 2.704485309123992920e+01
1.057353777068079808e+02 1.006243465249033306e+02 1.338777400264316242e+01 2.707878454923629619e+01
2.000324951729525651e+02 2.000046748602039770e+02 7.832223698331838846e-02 2.735259314775466777e+01
3.012118193375720239e+02 3.020196068809363510e+02 9.894462684466566182e-01 2.706130634546279978e+01
4.016598688397879755e+02 4.020381340757189719e+02 8.074681533397001232e-01 2.708691339492797923e+01
5.000029594020321611e+02 5.000000000000000000e+02 7.044785934511687241e-03 2.700879039764404155e+01
6.000116590939981052e+02 6.000194318197550274e+02 9.519606009435497423e-03 2.701781924962997294e+01
7.200006078395689428e+02 7.000010216234879863e+02 3.999975901823762570e+01 2.721090739965438843e+01
8.000000487082495511e+02 8.000000320369242672e+02 5.145858265591717409e-05 2.716768845319747783e+01
9.969055067756804647e+02 9.000004938546417179e+02 1.198613125367032239e+02 2.720808405876159597e+01
1.000000031423742598e+03 1.000000025229923949e+03 2.996554288835674170e-05 2.807777220010757446e+01
1.105000063913418671e+03 1.100000053103148275e+03 2.179448084912525729e+01 2.809847264289856028e+01
1.200246486268432363e+03 1.200080949131577199e+03 2.864085912535308531e-01 2.816001819372177195e+01
1.325955901242668006e+03 1.301195193882024796e+03 4.275885491849885511e+01 2.816821625232696391e+01
1.400000378853872917e+03 1.400000258013214761e+03 3.398949011857378319e-04 2.730720275640487671e+01
