-1.236949648855408896e+03 -1.232218753121072496e+03 1.998929378212235619e+01 7.304834335088729631e+02
1.060146213460252620e+07 8.882116056736052036e+06 3.784420602159659378e+06 7.284762211084365617e+02
1.856723174324203432e+08 1.806599894393343031e+08 2.737613913592245057e+07 7.309911405444145203e+02
-3.521227007140454361e+02 -3.725824045899601629e+02 1.738855181190814676e+02 7.286123445034027100e+02
-9.511513938718155714e+02 -9.488728690452716137e+02 8.390289547976221840e+00 7.298222844958305586e+02
-8.534092073025976788e+02 -8.483144907646208139e+02 7.911600579773099717e+00 7.189133494019508817e+02
-7.864818817894818039e+02 -7.867803082555385572e+02 1.720807317059161345e+00 7.436930158019065402e+02
-6.790501668158431130e+02 -6.790388728347210190e+02 4.997363582597248027e-02 7.162831176996230624e+02
-5.623369737120060563e+02 -5.608791108491495834e+02 5.730819691712599528e+00 8.828820824503898166e+02
-4.740948420280989808e+02 -4.748403885795038377e+02 5.159339494295040573e+00 7.350573225498199008e+02
-2.392198507337229785e+02 -2.398408360911215027e+02 1.450807717525308504e+01 7.366850666046142351e+02
-1.227671652517417158e+02 -1.233940834193780631e+02 1.290046606474407653e+01 7.403775837540626981e+02
-2.298209033050802574e+01 -2.348927962994127938e+01 1.039615139770620189e+01 7.402586786985397111e+02
4.106812480988262905e+03 4.195677983238330853e+03 3.265003555833804398e+02 7.062379068970680009e+02
7.188240882292857350e+03 7.159948885939922548e+03 2.501176403168711317e+02 7.192722863078117825e+02
2.024072040413597620e+02 2.024265282235344330e+02 2.778728706106939894e-01 7.764182334542274475e+02
5.171042356163161458e+02 5.217125886155479293e+02 1.686955780579592101e+01 7.393391757965088118e+02
6.235760455602728598e+02 6.272084936883494493e+02 1.352603345375703014e+01 7.416528761982917786e+02
5.176037445100271270e+02 5.177750605122370189e+02 1.292237294857781382e+00 7.308173899531363986e+02
6.115414154825746209e+02 6.112432579433086630e+02 5.741298665638191467e-01 7.192164425015449751e+02
1.174518144550954048e+03 1.200496523361396385e+03 4.924673111428450056e+01 7.474960871458054044e+02
4.876463873370678812e+03 4.945004689071733992e+03 4.179184908872660458e+02 7.336789639949798811e+02
8.015586084513970491e+03 8.116088230391922480e+03 3.964159094448099836e+02 7.362861733555794217e+02
1.251261544757955107e+03 1.249866454601762143e+03 7.033507607959286645e+00 8.973008280396461487e+02
1.363027889686229855e+03 1.363441055620394309e+03 4.887822328051210086e+00 8.920649284482002486e+02
1.439689991959059171e+03 1.400943829471928893e+03 6.793003645522745160e+01 9.114120526075363387e+02
2.261468156940229619e+03 2.147515358776637186e+03 2.363886851146145318e+02 9.020207266092299960e+02
2.071765511621741098e+03 2.073677147153539408e+03 2.540956992835072015e+01 7.640850635051726840e+02
