-1.392712294562755233e+03 -1.399999999999996362e+03 3.114250607044420605e+01 7.209965850114822672e+01
4.664717267018178973e+03 4.616031804586232283e+03 5.019258835099455609e+03 7.219710104465484335e+01
4.069779734428083152e+07 -1.199999999999999091e+03 1.647555046216817498e+08 7.206751794815063761e+01
3.281600205186402891e+06 -1.099999999999999091e+03 1.361136237071420625e+07 7.211888159513473795e+01
-9.999599354141475942e+02 -9.999999992670697111e+02 1.709676502153384403e-01 7.213952349424361898e+01
-8.998546246465405147e+02 -8.999692072799673497e+02 2.520259079485601683e-01 7.208404560089111612e+01
-7.630196869345570576e+02 -7.695626588388308846e+02 2.174749457776075445e+01 7.217437759637832073e+01
-6.828526127155737413e+02 -6.799957100145103368e+02 6.085334574128888896e+00 7.210865885019302368e+01
-5.989400206809503970e+02 -5.989368002761900698e+02 5.550255759415863022e-01 7.290849585533142374e+01
-4.614987517455666648e+02 -4.812280369689419786e+02 4.018448229641313674e+01 7.216265699863433269e+01
-3.971522662511141561e+02 -3.980100818858117009e+02 4.112577133850225053e+00 7.224559600353241251e+01
-2.945682397404577841e+02 -2.950252094606999549e+02 6.742298990221304855e+00 7.222269924879074665e+01
-1.907385531850589757e+02 -1.931100512817871504e+02 6.815950614561132603e+00 7.223995645046234415e+01
1.954157028406664764e+01 -3.327210060209529274e+01 1.071004968136916062e+02 7.213968809843063923e+01
2.652363441070046974e+02 2.279482356518523147e+02 1.402404717084650940e+02 7.218553245067596436e+01
2.025824639313676983e+02 2.023872755130514918e+02 1.383438258961687817e+00 7.234710119962691977e+01
3.040987321900001348e+02 3.035403551727168860e+02 2.505893790220138140e+00 7.216887015104293823e+01
4.087738749402804501e+02 4.090131205283736335e+02 4.076711692723076652e+00 7.220361720323562338e+01
5.012304366518072243e+02 5.002417663994309578e+02 2.079897249775227497e+00 7.211794095039367392e+01
6.005820761696093086e+02 6.006242062811446658e+02 2.559160629798764020e-01 7.211468484401703449e+01
7.700238490230540265e+02 8.000000000328946044e+02 4.578953886416749697e+01 7.231915290355682657e+01
9.648848066707881799e+02 9.074630934659044215e+02 1.384880533368930458e+02 7.228439494371414753e+01
1.098866620525367125e+03 1.111819002620942683e+03 1.043302816970452085e+02 7.228396924734116169e+01
1.057687925973923029e+03 1.069303724437934761e+03 4.310243612330662444e+01 7.307316560745239542e+01
1.166996163038551003e+03 1.196469888851309406e+03 4.711220625191092637e+01 7.309757215976715372e+01
1.250866196386635011e+03 1.259094659709202460e+03 4.063998690403389702e+01 7.315676870346069904e+01
1.473953822962502727e+03 1.450405147008155836e+03 5.477528877525941198e+01 7.310191785097121908e+01
1.468562795247412168e+03 1.490121513500808987e+03 7.380599261769161501e+01 7.238187224864960001e+01
