-1.400000000000000000e+03 -1.400000000000000000e+03 0.000000000000000000e+00 2.576284825921058541e+02
7.529260390267081675e+04 6.572433407913242991e+04 4.156879629829939222e+04 2.790905002593993913e+02
-8.956560716964244193e+02 -1.199919909219784586e+03 9.109155900384075721e+02 2.762386378049850464e+02
1.986172127856168663e+04 1.846390679591806111e+04 7.708411905355321323e+03 2.788960578560829049e+02
-9.999999946253819871e+02 -9.999999950397598241e+02 2.688054589740140840e-06 2.767890848040580636e+02
-8.901875771448815158e+02 -8.901875771675165652e+02 6.578244373187636164e-08 2.769888540506362915e+02
-7.991031389324230076e+02 -7.999560035508957299e+02 1.710612202277830063e+00 2.680868846058845634e+02
-6.796362981445765854e+02 -6.796120461287373473e+02 1.167410171952598941e-01 2.695674241542816389e+02
-5.965029145542085871e+02 -5.967044746757608209e+02 1.596599938295128807e+00 2.975831968545913924e+02
-4.999083187386315217e+02 -4.999151186214441509e+02 4.109461314136078625e-02 2.614051586508750802e+02
-3.947267190125332377e+02 -3.950252047145335155e+02 2.798292148710761040e+00 2.610973625421523820e+02
-2.908071178369776817e+02 -2.905478939954327871e+02 4.200833117557544405e+00 2.625635741472244149e+02
-1.806246753475265621e+02 -1.816242306112067411e+02 6.236784927484245067e+00 2.608274145007133598e+02
7.698422503512843207e+01 8.034964237841336399e+01 1.094399936568985652e+02 2.599489053010940438e+02
1.137589942267970855e+03 1.171346355974915014e+03 2.752828377998146721e+02 2.647042497992515564e+02
2.006101089184624584e+02 2.006436491686123134e+02 3.233427067494147322e-01 2.774967025041580087e+02
3.132199089648632935e+02 3.132537522467038116e+02 2.356364540616200376e+00 2.609061032533645630e+02
4.192066771675533232e+02 4.186634198394066857e+02 3.667754649351640861e+00 2.661708060503005981e+02
5.007491672649807697e+02 5.007344679152773779e+02 2.375616546309396171e-01 2.732075256466865767e+02
6.033545180842622813e+02 6.033018170041212898e+02 3.088577715851547056e-01 2.785739689469337463e+02
1.000000000000000000e+03 1.000000000000000000e+03 5.084229945850414966e-14 2.657096204519272078e+02
1.125204047144161223e+03 1.098391033289126426e+03 1.342998932260949232e+02 2.640758176922798270e+02
1.956158163532663366e+03 1.976332347822315569e+03 2.818328858453584758e+02 2.668364053010940324e+02
1.213441407128816991e+03 1.213262393503586736e+03 3.557242972341565501e+00 2.988619912505149614e+02
1.311216640062766373e+03 1.311737259401374104e+03 3.566159629058447411e+00 2.982472831964493025e+02
1.396603610027650348e+03 1.400023069268228937e+03 3.800535995712741055e+01 3.004673300027847063e+02
1.823867959478744524e+03 1.820534843448687752e+03 2.216599517994098179e+01 2.965299639463424910e+02
1.700000000000000000e+03 1.700000000000000000e+03 1.245376910231166390e-13 2.694208998560905570e+02
