-1.399999999999999773e+03 -1.399999999999999773e+03 0.000000000000000000e+00 1.120960883939266296e+03
8.402356078681552317e+05 7.370918693715552799e+05 2.954674563517619390e+05 1.442648940241336732e+03
2.817041188247632980e+07 7.118688135655675083e+06 5.276704633982481807e+07 1.366562903094291642e+03
7.941337633161283520e+03 7.525285262965630864e+03 2.352693630441418009e+03 1.437859081149101257e+03
-9.999996529640826566e+02 -9.999996446925879354e+02 2.948426267394751513e-05 1.437164664995670364e+03
-8.565526684650291145e+02 -8.565526684650290008e+02 5.650132898058098935e-13 1.248423582446575210e+03
-7.798660543384946777e+02 -7.789404541787923790e+02 7.942369075532633715e+00 1.292912028050422578e+03
-6.788644673151449069e+02 -6.788658008205538863e+02 2.910236813245102583e-02 1.351989811193943069e+03
-5.306844170606603939e+02 -5.281883577163416703e+02 4.816417061701864455e+00 1.657192821455001877e+03
-4.999587126111497355e+02 -4.999667264325765927e+02 2.266411724107537939e-02 1.185174420750141053e+03
-3.396795614113245279e+02 -3.407776469102482793e+02 1.235947979785781747e+01 1.167021191143989654e+03
-1.935077631677207535e+02 -2.328403695539988405e+02 9.378885100563802268e+01 1.254536616456508682e+03
-8.864694442964514920e+00 -3.113362934347766497e+01 7.642413369199542217e+01 1.354613746607303710e+03
2.465554034035252698e+03 2.474513843201553755e+03 5.898414625278381891e+02 1.245757648146152405e+03
1.377018647524150401e+04 1.374144684430764755e+04 4.987779267602221580e+02 1.198727319145202728e+03
2.030779325081680895e+02 2.031462803306860678e+02 3.344738676778237774e-01 1.407228653252124786e+03
4.055655538157354840e+02 4.060955108141694154e+02 9.958796815805312619e+00 1.140632084691524597e+03
7.526276792807852871e+02 7.862468891644776932e+02 1.014688398870024315e+02 1.221458829605579467e+03
5.050124465700934024e+02 5.047219209028416458e+02 8.936192008121928154e-01 1.438665491247177215e+03
6.208538585186382761e+02 6.205899060787257895e+02 1.270243074490705393e+00 1.354789695549011185e+03
1.642610347181194356e+03 1.828262933976492377e+03 3.713051735905967803e+02 1.208352246105670929e+03
3.503020703449128632e+03 3.443145945564770045e+03 4.633571132813188456e+02 1.319284703493118286e+03
1.329648092394688501e+04 1.454783454886859545e+04 2.764867973900045854e+03 1.307820622050762267e+03
1.269174235049340041e+03 1.258338669048423299e+03 3.025646907554765264e+01 1.790064027106761841e+03
1.400291736295061810e+03 1.397316015481951808e+03 2.163534070806929677e+01 1.790196033549308822e+03
1.643516354654597762e+03 1.658310977207273481e+03 5.912524680011298273e+01 1.795212144351005463e+03
2.907111514920929949e+03 3.043240243377606930e+03 3.342343724264383127e+02 1.804404280555248306e+03
2.984705797362368230e+03 1.800000000000000909e+03 1.451028578314412471e+03 1.414724898350238846e+03
