-1.400000000000000000e+03 -1.400000000000000000e+03 0.000000000000000000e+00 5.802547420263290689e+01
5.901830975940423741e+03 5.785232548305829368e+03 5.628567415109917420e+03 5.805866690874099589e+01
-1.200000000000000000e+03 -1.200000000000000000e+03 0.000000000000000000e+00 5.799854714870453165e+01
-1.100000000000000000e+03 -1.100000000000000000e+03 0.000000000000000000e+00 5.801795860528945781e+01
-9.999999999999442934e+02 -9.999999999999633928e+02 5.612738866806312450e-11 5.806045974493027018e+01
-8.999894333272490030e+02 -8.999956100236315706e+02 1.856857507256728240e-02 5.794856660366058065e+01
-7.949103029654349939e+02 -7.997398949369609227e+02 8.794301462488832044e+00 5.808777619600296305e+01
-6.853985663691045147e+02 -6.800000000000000000e+02 8.364303206802812696e+00 5.802834610939025595e+01
-5.997557613019442897e+02 -5.999478944194249834e+02 3.148025195536524601e-01 5.861471034288406656e+01
-4.982558228583650930e+02 -4.991812421079359865e+02 3.183367803840473353e+00 5.807675865888595723e+01
-3.998010081885813634e+02 -4.000000000000000000e+02 3.979836228373188067e-01 5.814038619995117330e+01
-2.984080660124326982e+02 -2.980100818858134062e+02 1.062324438611738087e+00 5.815152875185012959e+01
-1.969249254576907902e+02 -1.971206152715606663e+02 2.338007390469881486e+00 5.816066670417785645e+01
-9.356724230869552628e+01 -9.968782674401859367e+01 1.359022808105856406e+01 5.799170745611191080e+01
1.556822812512396013e+02 1.458534038209647861e+02 5.249377055470541364e+01 5.799501265287399576e+01
2.013147699186795307e+02 2.009561494107067006e+02 1.047873638120252693e+00 5.818781944513320781e+01
3.016958706438526860e+02 3.020257323738570108e+02 8.729359142168413577e-01 5.807935075759887411e+01
4.022687667944834402e+02 4.023820033947013712e+02 1.071023085753497917e+00 5.807951630353927897e+01
5.000815261137081507e+02 5.000197293742353395e+02 1.900563150642114729e-01 5.802038685083389424e+01
6.000822229529828746e+02 6.000194318197550274e+02 1.313030639268343847e-01 5.806822215318679525e+01
7.700000000000000000e+02 8.000000000000000000e+02 4.582575694955839651e+01 5.811052889823913858e+01
8.766989325177557930e+02 8.059532243253694332e+02 1.161088442158030034e+02 5.807951503992080688e+01
1.097971720284355342e+03 1.111804646638621307e+03 1.072609604153615663e+02 5.812032225131988383e+01
1.040294063323264481e+03 1.033984987868048165e+03 3.605021424474726643e+01 5.874421420097350932e+01
1.150433355488431062e+03 1.116659690460424827e+03 4.783878337226710897e+01 5.873104585409164713e+01
1.230899149576263653e+03 1.230825266878086495e+03 3.396640746723551274e+01 5.880932204723357870e+01
1.399289230661263673e+03 1.410466463718456453e+03 5.165899253424112914e+01 5.877321820259093954e+01
1.465000000000000000e+03 1.500000000000000000e+03 7.262919523166975466e+01 5.872052049636840820e+01
