-1.400000000000000000e+03 -1.400000000000000000e+03 0.000000000000000000e+00 4.618705510497093201e+02
1.226239560332897381e+05 1.245922515175719745e+05 6.737939523622913111e+04 4.684054505467414629e+02
1.265738210821440007e+05 -1.064542517990622628e+03 2.472479516217120981e+05 4.676613388061523438e+02
9.380473853994804813e+03 7.668301260068300508e+03 5.089933058999069544e+03 4.687437759518623466e+02
-9.999999999997065743e+02 -9.999999999997721716e+02 2.081092062660725569e-10 4.657134996533393974e+02
-8.915721442827604051e+02 -8.901875771046177306e+02 3.301967046332219269e+00 4.676367560029029846e+02
-7.904007222970432167e+02 -7.965284516417432314e+02 1.070216646566300334e+01 4.661193171977996599e+02
-6.795296408189152544e+02 -6.794840113795901289e+02 1.469313474668751396e-01 4.615581403970718384e+02
-5.955960882659801428e+02 -5.955400780895963635e+02 1.757396662377346708e+00 4.787010647416115035e+02
-4.998065824084052338e+02 -4.998263882243439298e+02 1.032693200759915580e-01 4.634313681483268965e+02
-3.941297433263862899e+02 -3.945277277048963924e+02 2.534703552873856403e+00 4.632217380523681527e+02
-2.816459158314184492e+02 -2.835831906714179240e+02 9.215160519214434132e+00 4.632506508946418649e+02
-1.734091516351168707e+02 -1.761600900234444111e+02 1.463600835107432729e+01 4.620015827059745561e+02
1.845224741231727990e+02 2.044210446406389110e+02 1.647384204108707308e+02 4.626467792987823486e+02
1.173233609928461192e+03 1.070384316257840283e+03 3.452848522957804676e+02 4.623252606987953186e+02
2.003144089649323405e+02 2.002781382572674715e+02 1.820259877152637096e-01 4.673422438502311707e+02
3.145503069719051155e+02 3.151062779082257066e+02 3.895391671493469765e+00 4.628631824970245248e+02
4.200470994983046467e+02 4.170758801824206330e+02 7.352351744448426984e+00 4.650033613443374634e+02
5.006436792642332989e+02 5.005760162343756292e+02 2.664315554535641173e-01 4.673446442484855652e+02
6.035722078951737330e+02 6.035641570218683682e+02 3.562238272907551351e-01 4.678389032959938163e+02
1.000000000000000000e+03 1.000000000000000000e+03 9.165725883006587357e-14 4.648235778450965654e+02
1.186056231134260088e+03 1.200771394359445821e+03 1.678286312219625245e+02 4.637502822995185738e+02
1.878845767242660486e+03 1.749417120446420085e+03 4.042239332088244623e+02 4.648252747058868408e+02
1.216274872813071170e+03 1.216322921211021139e+03 3.556892590455407621e+00 4.798116192936897164e+02
1.315019778209632477e+03 1.315040289397104061e+03 4.632660732076137933e+00 4.803591732025146257e+02
1.400992935396333451e+03 1.400023478657517444e+03 4.689984028467036126e+01 4.809359326481819039e+02
1.825179201716510306e+03 1.816112181851977311e+03 2.342702915387128471e+01 4.777323559045791512e+02
1.712311527835493735e+03 1.700000000000000000e+03 5.366470567550453552e+01 4.661255486011505127e+02
