-1.400000000000000000e+03 -1.400000000000000000e+03 0.000000000000000000e+00 5.583629684448241903e+01
3.152514913117979631e+03 2.999321584970252843e+03 3.316944454793048862e+03 5.605731300115585469e+01
-1.200000000000000000e+03 -1.200000000000000000e+03 0.000000000000000000e+00 5.578526619672775411e+01
-1.100000000000000000e+03 -1.100000000000000000e+03 0.000000000000000000e+00 5.585474519729613974e+01
-9.999999999994613518e+02 -9.999999999999888587e+02 1.946898580311006934e-09 5.582764004468917562e+01
-9.000000000000000000e+02 -9.000000000000000000e+02 7.626344918775622765e-14 5.585354870557785034e+01
-7.999999999987450110e+02 -7.999999999999954525e+02 4.169435079990939095e-09 5.602990409135818339e+01
-6.959999466414273002e+02 -6.999999999999878355e+02 8.000106716741420598e+00 5.586444375514984273e+01
-5.999250089346867298e+02 -5.999999999999988631e+02 2.249731928307956708e-01 5.678816814422607706e+01
-4.999824924244865656e+02 -4.999926039596658711e+02 1.968017362190726746e-02 5.598015065193176554e+01
-3.999502520471453408e+02 -4.000000000000000000e+02 2.168462991415098240e-01 5.601135619878768779e+01
-2.999502520471453408e+02 -3.000000000000000000e+02 2.168462991415098517e-01 5.604664269685745381e+01
-1.996235876725049820e+02 -2.000000000000000000e+02 9.401340118954679692e-01 5.600320149660110758e+01
-9.908409567679554186e+01 -1.000000000000000000e+02 3.636716062772986202e+00 5.595667225122451782e+01
1.065576269936970277e+02 1.003121732559814063e+02 1.675245956422541127e+01 5.595879379510879659e+01
2.000245725175011557e+02 2.000000000002092406e+02 1.055227481896811453e-01 5.621326704025268839e+01
3.011386977929976752e+02 3.013949387938738482e+02 9.090486231181038601e-01 5.596872650384902670e+01
4.015627722746744439e+02 4.020209128859915495e+02 8.094078314592646484e-01 5.599250469207763814e+01
5.000024689561195146e+02 5.000000000000000000e+02 6.144079126464126704e-03 5.581117705106735372e+01
6.000136022738287238e+02 6.000194318197550274e+02 8.904778491815125430e-03 5.586819969415664389e+01
7.250000000038178314e+02 7.000000000016763124e+02 4.330127018761145763e+01 5.613834739923477457e+01
8.000000000001812168e+02 8.000000000000225100e+02 3.625697119124930379e-10 5.612185668945312500e+01
1.016180197107439881e+03 1.000000000000058662e+03 1.172930566653150066e+02 5.603189544677734091e+01
1.000000000001480885e+03 1.000000000000001137e+03 6.236230537564175202e-09 5.696908406019210958e+01
1.115000000000152340e+03 1.100000000000005457e+03 3.570714214265024111e+01 5.692999919652938701e+01
1.200178898704426501e+03 1.200080948985142413e+03 2.435262017147752922e-01 5.700222049951553061e+01
1.375811118481742142e+03 1.400000000000000227e+03 4.319131613623903121e+01 5.698733205795288370e+01
1.415000000002819888e+03 1.400000000000947011e+03 3.570714214183738022e+01 5.622108401060104654e+01
