-1.400000000000000000e+03 -1.400000000000000000e+03 0.000000000000000000e+00 2.280741479396819926e+01
3.332391339532010079e+03 3.629230322674385661e+03 3.513990214823452334e+03 2.303694375753402568e+01
-1.200000000000000000e+03 -1.200000000000000000e+03 0.000000000000000000e+00 2.279257124662399292e+01
-1.100000000000000000e+03 -1.100000000000000000e+03 0.000000000000000000e+00 2.282455434799194194e+01
-9.999999999999879492e+02 -9.999999999999972715e+02 1.525124923770171578e-11 2.286460565328598094e+01
-8.999999999999996589e+02 -9.000000000000000000e+02 4.468630324261890947e-13 2.284664939641952586e+01
-8.000000000000000000e+02 -8.000000000000000000e+02 0.000000000000000000e+00 2.294980690479278707e+01
-6.930875215590515381e+02 -7.000000000000000000e+02 9.427138000646522187e+00 2.286877089738845825e+01
-5.997622801919549147e+02 -6.000000000000000000e+02 3.668327318788975888e-01 2.344221554994583201e+01
-4.999770688259062013e+02 -4.999901353279390150e+02 2.564908009768183603e-02 2.287056679725646902e+01
-3.999005040942906817e+02 -4.000000000000000000e+02 2.984877171279891050e-01 2.291207219362258840e+01
-2.998507561414360225e+02 -3.000000000000000000e+02 3.552714447781128992e-01 2.292022240161895752e+01
-1.998560307635780475e+02 -2.000000000000000000e+02 6.275473525420680598e-01 2.291704205274582051e+01
-9.979708738361208020e+01 -9.984391337200929684e+01 2.267289235477957243e-01 2.284477519989013672e+01
1.237095622749640853e+02 1.086907833480725003e+02 3.697942366057822738e+01 2.288947585821151876e+01
2.000000000000019327e+02 2.000000000000003979e+02 3.562726747330035313e-12 2.310352870225906230e+01
3.016352289989707742e+02 3.020227481771768225e+02 8.068003961779792732e-01 2.288523834943771362e+01
4.016391511499867306e+02 4.021558903042263182e+02 9.372271373569366348e-01 2.289497510194778584e+01
5.000054318279790095e+02 5.000000000000000000e+02 7.941360414474140511e-03 2.280200361013412547e+01
6.000165170467919324e+02 6.000194318197550274e+02 6.938547500843659718e-03 2.279202535152435161e+01
7.550000000000378577e+02 8.000000000000000000e+02 4.974937185528920480e+01 2.299853249788284160e+01
8.000000000000006821e+02 8.000000000000000000e+02 2.526560484816575170e-12 2.301499454975128245e+01
9.861059505892668540e+02 1.000000000000000000e+03 8.289039911618249334e+01 2.297544120550155711e+01
1.000628000056701467e+03 1.000000000000000000e+03 1.256000113402993223e+00 2.354104959964752197e+01
1.115000000000003865e+03 1.100000000000000000e+03 3.570714214271266940e+01 2.355872215032577444e+01
1.200200655440663922e+03 1.200080948985142413e+03 2.459964693504792244e-01 2.358753539323806692e+01
1.376459862300451960e+03 1.400000000000000000e+03 5.029298653577743039e+01 2.358771445751190043e+01
1.410000000000000000e+03 1.400000000000000000e+03 3.000000000000000000e+01 2.308053170442581248e+01
