-1.399999999999947022e+03 -1.399999999999982947e+03 8.972176469137668317e-11 5.529845895767211772e+01
2.331390382904681701e+03 1.377875261639132304e+03 3.660270598993741714e+03 5.545832585096358969e+01
-1.199999999431891183e+03 -1.199999999911742179e+03 1.909775577877339510e-06 5.536235775947570659e+01
-1.099999999350020289e+03 -1.099999999729675437e+03 8.164693913203356507e-07 5.539456115961074545e+01
-9.999999958204701898e+02 -9.999999971982884972e+02 3.805732919821070884e-06 5.538969465494155742e+01
-8.999999999990720880e+02 -8.999999999999704414e+02 3.711203906509644415e-09 5.529681555032730245e+01
-7.999998167998014651e+02 -7.999998392956151747e+02 2.035857639671410642e-04 5.543417340517044067e+01
-6.919995673013269197e+02 -6.999997219044903431e+02 9.798300154295846554e+00 5.540313469171523764e+01
-5.997054641162267217e+02 -5.999984888180588314e+02 3.374039776254617595e-01 5.622055095434188843e+01
-4.999598018598981071e+02 -4.999815011326923013e+02 5.569349800884880464e-02 5.537014844417571879e+01
-3.999999999999092779e+02 -3.999999999999683951e+02 1.215434796209187838e-10 5.547082815170288228e+01
-2.994527725102228715e+02 -2.995025204677488091e+02 5.865197198376466137e-01 5.550502918958663656e+01
-1.996982104257773187e+02 -1.999999999991056256e+02 7.185040401968950663e-01 5.548511815071105957e+01
-9.996878266678977809e+01 -9.999999999776071036e+01 9.365197445338008242e-02 5.540184949636459066e+01
1.234168184946048115e+02 1.167572201951935540e+02 3.630908719034501786e+01 5.541958650350570537e+01
2.000020288958102697e+02 2.000012853254146989e+02 1.669244646602071431e-03 5.569412750005722046e+01
3.015147444380053230e+02 3.020196068613181524e+02 8.745381102313150024e-01 5.538488935232162191e+01
4.013592582999800698e+02 4.020125052115341759e+02 8.879874741377168368e-01 5.541321024894714498e+01
5.000088810179947245e+02 5.000000000000000000e+02 1.282431507624727865e-02 5.535756219625473307e+01
6.000184602289242548e+02 6.000194318197550274e+02 4.235066250124918177e-03 5.537288125753402568e+01
7.550000798999855078e+02 8.000000078069595020e+02 4.974929744201515547e+01 5.552424634695053385e+01
8.150000140424092478e+02 8.000000137900889285e+02 4.769695894192355468e+01 5.553346154689788960e+01
9.862226244179649939e+02 9.000000567047541153e+02 1.074094937064277531e+02 5.554667750597000264e+01
1.006261616161603001e+03 1.000000004208719133e+03 2.190291045632448785e+01 5.638401480913162089e+01
1.110000025685610808e+03 1.100000016884612251e+03 2.999999156401545619e+01 5.635128400325775289e+01
1.201836821439067990e+03 1.200080949309211292e+03 6.881294802206666894e+00 5.642218059301376343e+01
1.390128066197489034e+03 1.400000005076372872e+03 3.445343235834411644e+01 5.639831845760345175e+01
1.430000090698250006e+03 1.400000112675625132e+03 4.582570820354330721e+01 5.564468585252761557e+01
