-1.399999999989678599e+03 -1.399999999994795871e+03 1.994714635250159539e-08 2.286433529853820801e+01
3.825175421272168023e+03 -2.645226308101410382e+02 5.680467490911493769e+03 2.297131450176238943e+01
-1.199999821118253294e+03 -1.199999972998673684e+03 4.055286632275123494e-04 2.290954740047454763e+01
-1.099999700917735481e+03 -1.099999917619536973e+03 5.731869741497496330e-04 2.293743029832840108e+01
-9.999999501305632066e+02 -9.999999688129867081e+02 7.112772108387442637e-05 2.292057814598083354e+01
-8.994163980835904795e+02 -8.999750858844129198e+02 1.469040636028428493e+00 2.288010829687118530e+01
-7.885405670994225602e+02 -7.997697360909514828e+02 2.117259741468439671e+01 2.296731615066528320e+01
-6.830354649311555022e+02 -6.799960277620446050e+02 6.437042302774432123e+00 2.296391814947128296e+01
-5.993696820994624659e+02 -5.992494106128976910e+02 4.226757864035926016e-01 2.351638205051422048e+01
-4.952762990193226642e+02 -4.960423330474809518e+02 3.962486264994447005e+00 2.293244755268096924e+01
-3.999999999782968985e+02 -3.999999999861076958e+02 2.860822348257289988e-08 2.299487825632095195e+01
-2.970648140758624436e+02 -2.980100815358260888e+02 2.804870104446432588e+00 2.299021450281143331e+01
-1.978529666407450236e+02 -1.979440450974901182e+02 2.219855594631158890e+00 2.305151515007019114e+01
-9.728350381681924830e+01 -9.968782651766036906e+01 5.989188601686321611e+00 2.295882364511489726e+01
1.945088927088511355e+02 1.585046264022129776e+02 7.906795416107659946e+01 2.295430339574813772e+01
2.008020437768204545e+02 2.007494541884623231e+02 5.655336901076110090e-01 2.316015715599059988e+01
3.018298832424495117e+02 3.020197672405605545e+02 6.035373353891636539e-01 2.295137114524841238e+01
4.021827276702692870e+02 4.022457298599265982e+02 8.543478249771896404e-01 2.297061040401458598e+01
5.000454151334093922e+02 5.000242334226705339e+02 4.263778510902115765e-02 2.288418470621109080e+01
6.001098991718210982e+02 6.000194318216822467e+02 2.172483175238902886e-01 2.292799410820007466e+01
7.800015770864595197e+02 8.000002254485281128e+02 5.098911898545919286e+01 2.304027290344238210e+01
8.991366804765842744e+02 8.906561275209712676e+02 1.131504757573575972e+02 2.305060639381408549e+01
1.078861288301446848e+03 1.150489056584390028e+03 1.147883805683944018e+02 2.305673815011978078e+01
1.040656139513457219e+03 1.018879008077443814e+03 4.363036598780358588e+01 2.361740950345993184e+01
1.192076308090999191e+03 1.200000029646076655e+03 2.907186318055319418e+01 2.362993869781494283e+01
1.225679552129064405e+03 1.200675876548251381e+03 3.833216652296158600e+01 2.367670044898986959e+01
1.444134937155738044e+03 1.415446736405130650e+03 7.291517854317174852e+01 2.365653114318847727e+01
1.455000771797436755e+03 1.500000187838438251e+03 4.974900320950063559e+01 2.311220250129699849e+01
