-1.399999999999999773e+03 -1.399999999999999773e+03 0.000000000000000000e+00 2.190423669850826172e+03
8.426780583109585568e+05 7.819063699385803193e+05 3.452834765818675514e+05 2.393263357305526824e+03
1.175040116711510867e+08 1.045720302528220266e+08 9.973340627518536150e+07 2.385405415260791870e+03
6.687920408684362883e+03 6.052513239355125734e+03 2.351658602225837967e+03 2.408431808650493622e+03
-9.999998063995290067e+02 -9.999998043932937435e+02 1.494211909493152837e-05 2.385829780602455230e+03
-8.565526684650285461e+02 -8.565526684650285461e+02 4.540362521701321752e-13 2.277321517097950164e+03
-7.488495554614407865e+02 -7.539735949391601935e+02 2.180954790822829992e+01 2.315922619497775941e+03
-6.788842518526993217e+02 -6.788900960851776745e+02 3.526375064456566122e-02 2.343571916854381470e+03
-5.681866935165703580e+02 -5.698774755404275538e+02 8.898216433591978003e+00 2.873168912947177887e+03
-4.999441890279796326e+02 -4.999568789816282788e+02 3.535942745312235791e-02 2.221388458454609008e+03
-3.032524685968875815e+02 -3.048912521248056464e+02 2.090657975038875449e+01 2.202322190058231172e+03
-1.976927943319142287e+02 -1.990100787926593853e+02 2.248086346656033996e+01 2.243593420147895813e+03
2.219333685921709076e+01 1.334529526093949414e+01 4.745277165086666571e+01 2.332319270849227905e+03
3.257348157221131260e+03 3.186321203451292604e+03 5.723040792309569724e+02 2.194818418109417053e+03
8.235157320784162948e+03 8.255194349063660411e+03 9.762650461707087288e+02 2.210753041994571504e+03
2.021373745220102478e+02 2.020276012297978241e+02 8.219619508458005930e-01 2.355341496253013702e+03
4.428994612335396823e+02 4.445959550246118397e+02 2.499379810371165789e+01 2.198326092696189789e+03
5.387880403058161392e+02 5.401307330172061256e+02 2.091044303064967735e+01 2.269279177904129028e+03
5.059596469976524418e+02 5.058882506542574902e+02 7.457884741635032455e-01 2.386852413105964843e+03
6.226237690652778838e+02 6.220676769791093648e+02 1.571404159079448970e+00 2.333455232000350861e+03
1.254689853061798203e+03 9.000000000000006821e+02 4.399301571071340504e+02 2.246241039896011443e+03
4.592221177105186143e+03 4.584086460312043528e+03 6.855717275136520357e+02 2.244476154649257751e+03
8.659009204547885020e+03 8.841014867845678964e+03 9.422613146690673602e+02 2.242528506195545106e+03
1.292526830795293563e+03 1.295965391230370187e+03 1.190453575692321664e+01 2.943794311249256225e+03
1.416079640686806215e+03 1.415727654496856758e+03 1.099291553239492991e+01 2.935399042153358550e+03
1.580346610647169655e+03 1.582145845669138225e+03 1.279200631873259297e+01 2.975735484790801820e+03
2.413093559934639416e+03 2.381650261441378007e+03 1.194375149524560982e+02 2.971596555948257446e+03
2.859411778504188078e+03 1.800000000000000909e+03 1.443901065727337027e+03 2.379825933408737001e+03
