-1.400000000000000000e+03 -1.400000000000000000e+03 0.000000000000000000e+00 5.343317284584045268e+01
2.200393600180944304e+03 1.080054414684369021e+03 3.446128765990818465e+03 5.357860904932022095e+01
-1.200000000000000000e+03 -1.200000000000000000e+03 0.000000000000000000e+00 5.340535360574722290e+01
-1.100000000000000000e+03 -1.100000000000000000e+03 0.000000000000000000e+00 5.343019944429397583e+01
-9.999999999999890861e+02 -9.999999999999977263e+02 1.501619804769794450e-11 5.346931039094924643e+01
-9.000000000000000000e+02 -9.000000000000000000e+02 5.084229945850415345e-13 5.346427450180053853e+01
-7.999999999999990905e+02 -8.000000000000000000e+02 2.956622881611087990e-12 5.353169200420379781e+01
-6.949997853325842243e+02 -6.999999999999997726e+02 8.660625854418984915e+00 5.347639460563659952e+01
-5.998875134034286702e+02 -6.000000000000000000e+02 2.677716595268059274e-01 5.423608394861221171e+01
-4.999664620861036610e+02 -4.999765775631782390e+02 3.796894232988884399e-02 5.349460154771804810e+01
-4.000000000000000000e+02 -4.000000000000000000e+02 0.000000000000000000e+00 5.357003620862960958e+01
-2.997512602357267042e+02 -3.000000000000000000e+02 4.308299095841034432e-01 5.359172004461288452e+01
-2.000000000000000000e+02 -2.000000000000000000e+02 0.000000000000000000e+00 5.359131215810775473e+01
-9.978147872081301273e+01 -9.968782674401859367e+01 2.229362964896399457e-01 5.350333620309829996e+01
1.312239302361558089e+02 1.167572201841821879e+02 3.666136577654479822e+01 5.348272809982299947e+01
2.000473314401964728e+02 2.000000000000001705e+02 1.558223968516960212e-01 5.370866005420684530e+01
3.015828798097280128e+02 3.020227481771768225e+02 8.219155735002339203e-01 5.352718055248260498e+01
4.017061079923882403e+02 4.020449463645542778e+02 7.787848676190457509e-01 5.354907934665679647e+01
5.000078952078850421e+02 5.000000000000000000e+02 1.515485357711629684e-02 5.345522899627685831e+01
6.000145738648164979e+02 6.000194318197550274e+02 8.414224774807013349e-03 5.346369435787200786e+01
7.400000000001961098e+02 7.000000000001286935e+02 4.898979485552796120e+01 5.361323649883270548e+01
8.230129340089104062e+02 8.000000000000004547e+02 7.159807102958170333e+01 5.360997959375381328e+01
1.000797036760827041e+03 9.919285391739413171e+02 1.041551568214760692e+02 5.356757504940033243e+01
1.000947613389418962e+03 1.000000000000000000e+03 4.130551002016449758e+00 5.433173289299011088e+01
1.100000000000002274e+03 1.100000000000000000e+03 5.911278288283927762e-12 5.433730229139327861e+01
1.200278654258338747e+03 1.200080948985142413e+03 3.135818760324574628e-01 5.439551639556884766e+01
1.347922666048429164e+03 1.305884432422041073e+03 5.045504759526068028e+01 5.437453935146331929e+01
1.405000000000016144e+03 1.400000000000000227e+03 2.179449471769975943e+01 5.368691529035568522e+01
