-1.400000000000000000e+03 -1.400000000000000000e+03 0.000000000000000000e+00 3.393179339051246757e+02
7.630339782785729039e+04 4.156744998594777280e+04 6.315387774177384563e+04 3.465352288484573364e+02
-1.194680914548048804e+03 -1.199999999839317752e+03 1.996386074582070691e+01 3.456532980918884164e+02
1.120784466890858312e+04 9.542255464382193168e+03 6.070593392263437636e+03 3.459842672944068909e+02
-9.999999377979211204e+02 -9.999999483986704263e+02 3.137314182219306743e-05 3.448545670986175651e+02
-8.901875771359270857e+02 -8.901875771480122239e+02 8.120702456110695863e-08 3.435655634999275208e+02
-7.999782946071086371e+02 -7.999999446335758648e+02 8.083948549850653031e-02 3.469497035980224382e+02
-6.796476955593565208e+02 -6.796237575773432127e+02 1.060886277917972714e-01 3.408014391064643860e+02
-5.973524425391880186e+02 -5.972735076429239598e+02 1.562021993061355918e+00 3.646161689996719133e+02
-4.999365475379718191e+02 -4.999434280229072556e+02 3.755397804362943515e-02 3.415832075953483695e+02
-3.962191558349364868e+02 -3.960201637716268124e+02 1.356943018535941015e+00 3.416538763523101920e+02
-2.929323916898007951e+02 -2.935327686478030955e+02 2.952062173365044284e+00 3.412140344977378845e+02
-1.827536433853562414e+02 -1.844058215511219601e+02 9.405549993889758653e+00 3.409802053451538200e+02
6.144881719382799190e+01 4.019735914016200695e+01 1.406473957520903468e+02 3.408527510523796309e+02
1.020792227312879163e+03 1.013302945055006376e+03 2.363337400227406704e+02 3.417095250964164848e+02
2.007072660628546714e+02 2.006889886585293539e+02 3.073169619007848907e-01 3.521366514444351310e+02
3.134406367940536597e+02 3.136622096157911983e+02 1.563978418601236431e+00 3.410221270918846130e+02
4.170354361356183972e+02 4.168579952984367765e+02 3.327291740943869147e+00 3.435284601449966431e+02
5.008209652094525950e+02 5.008759748229242064e+02 2.288866142479585863e-01 3.445125697970390206e+02
6.030611530571216008e+02 6.032128296673713521e+02 4.867015276497110854e-01 3.456224228501320113e+02
1.000000000000002501e+03 1.000000000000000000e+03 5.441966982071745534e-12 3.466522074460983163e+02
1.110859662403320954e+03 1.089606652894590525e+03 1.172202420086491799e+02 3.429430037498474348e+02
1.874392478272425706e+03 1.922367813598896419e+03 3.092896825485287309e+02 3.452902507424354326e+02
1.210246825176595394e+03 1.209472015153936127e+03 3.822976929596270779e+00 3.658387475490570182e+02
1.309604873018019134e+03 1.308039123714079324e+03 4.349470034515718453e+00 3.656194136500358809e+02
1.395319620879340164e+03 1.400021684511641297e+03 2.049825480659738730e+01 3.666943365454673653e+02
1.802486888823041227e+03 1.800185261535498285e+03 1.548787825516934369e+01 3.655247946977615356e+02
1.700000000000010232e+03 1.700000000000000909e+03 2.470961906991117049e-11 3.498769462943076860e+02
