-1.399999999999999773e+03 -1.399999999999999773e+03 0.000000000000000000e+00 1.400574176001548722e+03
7.601081929091330385e+05 7.338571049477902707e+05 2.902915886585537228e+05 1.592296711552143051e+03
1.309213578077256493e+07 6.551382768790066242e+06 1.343337175399924442e+07 1.564171085393428712e+03
7.198641639427563859e+03 7.440158632040309385e+03 2.046656550919292840e+03 1.592474005639553070e+03
-9.999996420667011989e+02 -9.999996346892712609e+02 3.005183629624598975e-05 1.582527368307113647e+03
-8.565526684650296829e+02 -8.565526684650294555e+02 1.397238523873378156e-12 1.477593817758560135e+03
-7.810872261942532759e+02 -7.849012881044197911e+02 1.196488357018216142e+01 1.447852543795108886e+03
-6.788667481893146487e+02 -6.788559576220013696e+02 4.206041058259910037e-02 1.538924689853191467e+03
-5.447531738981271019e+02 -5.373222925250922799e+02 1.591212843954427392e+01 1.876266843950748353e+03
-4.999703067883839935e+02 -4.999753629389397815e+02 2.588674708353426446e-02 1.429697369158267975e+03
-3.357834264314686266e+02 -3.432873841465922737e+02 1.684898890596854670e+01 1.439167546951770873e+03
-2.377590428142436281e+02 -2.388100885636678470e+02 1.122925162799143273e+01 1.437786451995372772e+03
-3.439318805717066851e+01 -3.337885706928194907e+01 2.852308567395371242e+01 1.556310742855072021e+03
2.512572761983618875e+03 2.452750878495497091e+03 4.639187020931441907e+02 1.415589621698856263e+03
9.906570669326760253e+03 8.360233437005214000e+03 3.278119711773023027e+03 1.463930098342895462e+03
2.031212791877709378e+02 2.030530543811098028e+02 2.694399006311036793e-01 1.631081614005565598e+03
4.138058297967510839e+02 4.135471923458100605e+02 1.312497978501290774e+01 1.399402707505226090e+03
5.993638341260818834e+02 5.107172312653004838e+02 1.292341067385202678e+02 1.522435262751579330e+03
5.051639233008490919e+02 5.051936356017412777e+02 7.511660925123085919e-01 1.585896517741680100e+03
6.200496348579008554e+02 6.203052112645096940e+02 1.002868229563517843e+00 1.590242692947387695e+03
1.549784053783545005e+03 1.828262933976492150e+03 4.253835159769069492e+02 1.463845997905731110e+03
3.710916610704898631e+03 3.568112579546598681e+03 5.577778492788662561e+02 1.525333445501327560e+03
9.820257157540965636e+03 8.444667381736666357e+03 2.532113281525668754e+03 1.530315926754474731e+03
1.268810721730433670e+03 1.270347371418088642e+03 1.044890433294555265e+01 1.904913320446014495e+03
1.396261882853151974e+03 1.395776596887249980e+03 7.961980967214005389e+00 1.904615160155296280e+03
1.598244315861571977e+03 1.598573277675496456e+03 5.764078321847148345e+01 1.920269382941722824e+03
2.318871217474878449e+03 2.309800877298657724e+03 1.744833690388892080e+02 1.918230925750732467e+03
3.574621493379571803e+03 4.738991167612970457e+03 1.449031718200105388e+03 1.620497146546840668e+03
