-1.399999999999999773e+03 -1.399999999999999773e+03 1.345160804498758786e-13 2.746841888546943551e+02
3.716463014067275217e+05 3.471299683641321026e+05 2.055466081408959872e+05 2.817608979582786333e+02
7.097791459418092668e+07 4.741111191331802309e+07 8.118614513182453811e+07 2.809921741485595703e+02
3.843884568610469432e+04 3.457790844602133438e+04 1.674329306321948752e+04 2.814181375026702767e+02
-9.999999999999001830e+02 -9.999999999999292868e+02 9.107269428773663041e-11 2.767415328025817871e+02
-8.850742928522058719e+02 -8.901875176887989483e+02 2.323941245392429167e+01 2.805602974414825326e+02
-6.818035661743519995e+02 -6.864452350311576083e+02 5.078128453884037441e+01 2.824838971972465629e+02
-6.794255896825029595e+02 -6.794151551596446552e+02 1.900501861633911438e-01 2.773429043054580916e+02
-5.915085595173884485e+02 -5.915613733524207873e+02 2.021776380381894889e+00 2.932195817947387582e+02
-4.961086946414474141e+02 -4.960330520989909928e+02 2.214853940355524742e+00 2.778420772910118330e+02
-3.949754585249155525e+02 -3.960201637716268124e+02 2.942705153333269319e+00 2.777161251068115462e+02
-2.343644501331926335e+02 -2.377921527804969344e+02 3.320619733145905883e+01 2.777948447585105782e+02
-1.071174463850110499e+02 -1.123058117362743644e+02 3.968887427464492390e+01 2.740099853515624773e+02
9.376462940706610993e+01 6.173986550454515054e+01 1.572707105876279741e+02 2.761655579447746049e+02
1.433643593548457829e+03 1.502610738295147030e+03 3.581343656170749910e+02 2.763344010591507072e+02
2.007909797928023181e+02 2.007660838436051165e+02 2.943622961961156470e-01 2.832386456608772392e+02
3.122860037615577085e+02 3.114238627775541772e+02 3.661316460326206723e+00 2.763135559558868408e+02
4.753185319202952996e+02 4.648871032892579933e+02 3.095236305278975308e+01 2.818505478978157157e+02
5.009648188062824374e+02 5.009338114586544179e+02 3.668404134128404048e-01 2.812150315523147697e+02
6.041626493045231427e+02 6.042932963076914348e+02 4.046011342267324395e-01 2.814286639451980818e+02
1.000000000000000341e+03 1.000000000000000455e+03 5.147390503530810577e-13 2.783243250489234697e+02
1.097128188408993083e+03 1.054602074110433250e+03 1.732316332955220446e+02 2.790649852991103899e+02
2.645330790529882961e+03 2.672568076050422405e+03 4.749425289641873746e+02 2.793843383073806876e+02
1.226412801758355954e+03 1.225749639199699232e+03 6.215054635474321465e+00 2.940275729060173262e+02
1.325587838109077438e+03 1.325570954385974346e+03 5.179971660133153577e+00 2.944162030935287362e+02
1.436030761269113100e+03 1.400035970374734461e+03 7.259818767798365968e+01 2.955244297504424935e+02
1.902281050189529878e+03 1.901832843572989532e+03 7.908859533102476291e+01 2.942909730911254655e+02
1.901647153733712230e+03 1.700000000000002501e+03 2.524776884649537010e+02 2.812643543004989510e+02
