-1.400000000000000000e+03 -1.400000000000000000e+03 5.084229945850414966e-14 6.013853944540024088e+01
5.388647739372734122e+02 -9.861162068338088602e+02 3.560835940056976142e+03 6.068339174985885620e+01
-1.200000000000000000e+03 -1.200000000000000000e+03 0.000000000000000000e+00 6.014766085147857666e+01
-1.100000000000000000e+03 -1.100000000000000000e+03 0.000000000000000000e+00 6.023908380270004415e+01
-9.999999999999894271e+02 -9.999999999999972715e+02 1.868506384277200307e-11 6.022989714145660400e+01
-8.999999931245878315e+02 -8.999999999999852207e+02 2.943637795611416734e-05 6.051732485294341757e+01
-7.974929123157392041e+02 -7.999758593069848303e+02 3.813803921605558589e+00 6.028808914422988607e+01
-6.928372189657351328e+02 -6.973090679062547679e+02 8.329390498297653878e+00 6.035405049324035787e+01
-5.997226440551019095e+02 -5.999794807540301917e+02 3.213509671645101151e-01 6.110494490861892558e+01
-4.996443820353445631e+02 -4.998581965718901756e+02 4.303947463261542095e-01 6.042876824140548564e+01
-3.996517643300173859e+02 -4.000000000000000000e+02 5.693913456781057869e-01 6.032288115024566366e+01
-2.984578137133963764e+02 -2.980100818858134062e+02 1.065813523083440906e+00 6.038841603994369223e+01
-1.974898510022463256e+02 -1.971206152715606663e+02 1.605790999809859843e+00 6.031187089681625224e+01
-9.181347697628197579e+01 -9.968782674401859367e+01 1.468890315464850360e+01 6.023356674909591391e+01
1.157314968525717660e+02 1.086907833480725003e+02 2.697501316107868874e+01 6.025473489761352397e+01
2.003253558083052326e+02 2.000492825261760572e+02 5.697775349669602640e-01 6.073951084613800333e+01
3.017322823949015174e+02 3.020998101950716546e+02 9.663065786730661300e-01 6.032244594097137735e+01
4.022602126866818253e+02 4.023568195440595332e+02 8.140500630460201226e-01 6.047058889865875386e+01
5.000515120742132922e+02 5.000197293441220836e+02 5.446232568342873614e-02 6.033235425949096964e+01
6.000779664287782680e+02 6.000469399849849879e+02 8.167898545444579606e-02 6.020820884704589560e+01
7.250000000000001137e+02 7.000000000000001137e+02 4.330127018922189563e+01 6.043924438953399658e+01
8.198105792992837451e+02 8.000000000000001137e+02 4.927964852288421582e+01 6.039066790342330648e+01
9.926353371908555800e+02 9.787674534644675077e+02 1.015431725816310831e+02 6.038548244237900064e+01
1.012732795636801143e+03 1.003140007561599418e+03 2.166110446286997160e+01 6.122790809869766093e+01
1.122590359627166208e+03 1.100000000000000227e+03 3.599388475296713352e+01 6.122587590217590048e+01
1.205440644123260654e+03 1.200435134724740237e+03 1.032318780286296622e+01 6.127669124603271200e+01
1.353125904769828367e+03 1.318696144465340467e+03 5.877790640850521697e+01 6.127383625507354736e+01
1.415000000000000000e+03 1.400000000000000227e+03 3.570714214271418285e+01 6.051724375486374186e+01
