-1.400000000000000000e+03 -1.400000000000000000e+03 0.000000000000000000e+00 5.809109275341033651e+01
3.241522070244617225e+03 2.418520096498918065e+03 4.185432610673289673e+03 5.816748045682906820e+01
-1.200000000000000000e+03 -1.200000000000000000e+03 0.000000000000000000e+00 5.812990409135818481e+01
-1.100000000000000000e+03 -1.100000000000000000e+03 0.000000000000000000e+00 5.812286819219589518e+01
-9.999999999999856755e+02 -9.999999999999945430e+02 1.912807650241841501e-11 5.812415124177933023e+01
-9.000000000000000000e+02 -9.000000000000000000e+02 1.048140854583481032e-13 5.809342169761657715e+01
-7.999999999995986855e+02 -7.999999999999902229e+02 1.608575277767228085e-09 5.806790879964828633e+01
-6.959999096060232660e+02 -6.999999999999140528e+02 8.000180788435876877e+00 5.802678575515746928e+01
-5.997247846596932277e+02 -5.999999999999101874e+02 3.787502811386429524e-01 5.896225469112395956e+01
-4.999655985577346655e+02 -4.999728746156046100e+02 3.884095873118129788e-02 5.812640399932861612e+01
-4.000000000000000000e+02 -4.000000000000000000e+02 0.000000000000000000e+00 5.826539939641952515e+01
-2.994030245657440332e+02 -2.990050409429067031e+02 5.801558399251651732e-01 5.822889699935912944e+01
-1.996537371127500649e+02 -2.000000000000000000e+02 8.390357958512327796e-01 5.826080080270767070e+01
-9.990634802320558094e+01 -1.000000000000000000e+02 1.430557575475620846e-01 5.813435285091399862e+01
1.302126496696513982e+02 1.003121732559814063e+02 4.286640954994121699e+01 5.807504569292068197e+01
2.000351008709423866e+02 2.000000000007812559e+02 1.530011415491216442e-01 5.837989699840545654e+01
3.014172051008974904e+02 3.020197639804966911e+02 9.267132425345318003e-01 5.819552694559097006e+01
4.016759025520596538e+02 4.020209128859915495e+02 8.488974393978170330e-01 5.816324490308761597e+01
5.000202003326500062e+02 5.000000000000000000e+02 3.647356468354839149e-02 5.814571335315704204e+01
6.000165170467920461e+02 6.000194318197550274e+02 6.938547500843658851e-03 5.819465085268020488e+01
7.250000000001875833e+02 7.000000000001341505e+02 4.330127018913980663e+01 5.820079469680786133e+01
8.150000000000156888e+02 8.000000000000090949e+02 4.769696007084252898e+01 5.822792385816573812e+01
9.792183792699837568e+02 9.000000000004565663e+02 1.030687400530787983e+02 5.820516480207443522e+01
1.001097241562752288e+03 1.000000000000004206e+03 4.119479839956049716e+00 5.913370383977890299e+01
1.110000000000078671e+03 1.100000000000044565e+03 2.999999999997378097e+01 5.913409224748611592e+01
1.201867013599767006e+03 1.200080948985142413e+03 6.486870792630333504e+00 5.926037869453430318e+01
1.360610845219403473e+03 1.400000000000001819e+03 5.121497448376663897e+01 5.920506449937820292e+01
1.415000000000335831e+03 1.400000000000083219e+03 3.570714214257773023e+01 5.832117215394973897e+01
