-1.400000000000000000e+03 -1.400000000000000000e+03 0.000000000000000000e+00 5.962723215818405009e+01
3.120357486499643528e+03 1.703972425028008274e+03 3.549007020546298463e+03 5.988160899877548360e+01
-1.200000000000000000e+03 -1.200000000000000000e+03 0.000000000000000000e+00 5.961253736019134664e+01
-1.100000000000000000e+03 -1.100000000000000000e+03 0.000000000000000000e+00 5.961766655445099161e+01
-9.999999999999811280e+02 -9.999999999999922693e+02 2.566987369889845560e-11 5.970331109762192057e+01
-8.999999999999997726e+02 -9.000000000000000000e+02 4.540362521701321752e-13 5.972595884799957133e+01
-7.999999885256621610e+02 -8.000000000000000000e+02 5.001547905942622393e-05 5.973341544866561748e+01
-6.909993234975656833e+02 -7.000000000000000000e+02 9.950622289095148787e+00 5.966413364410400533e+01
-5.998543351266841910e+02 -6.000000000000000000e+02 2.974782233454404956e-01 6.043957755565643453e+01
-4.999503097944352703e+02 -4.999605413118046044e+02 4.088171740202282273e-02 5.972110710144043111e+01
-4.000000000000000000e+02 -4.000000000000000000e+02 0.000000000000000000e+00 5.976462090015411377e+01
-2.992537807071800557e+02 -2.990050409429067031e+02 5.334873602265052250e-01 5.978550884723663472e+01
-1.991300537094237768e+02 -2.000000000000000000e+02 1.233090568296390854e+00 5.979822740554809712e+01
-9.805893071399758298e+01 -9.968782674401859367e+01 5.044948323713098759e+00 5.968843879699706889e+01
1.199626943600125344e+02 1.086907833480725003e+02 3.037392511639388104e+01 5.967431455850601196e+01
2.001033983182213092e+02 2.000000000000003126e+02 2.768126528177241030e-01 5.993518195152282857e+01
3.018635767723070558e+02 3.020284808836523212e+02 6.258976628940178255e-01 5.971058365106582499e+01
4.019256151900380019e+02 4.020979065032214521e+02 1.247294095382250223e+00 5.973415905237197876e+01
5.000143289216280209e+02 5.000049602170739718e+02 2.035372498604545721e-02 5.966194615364074849e+01
6.000165170467919324e+02 6.000194318197550274e+02 6.938547500843659718e-03 5.966315635442733623e+01
7.450000000000000000e+02 7.000000000000000000e+02 4.974937185533099893e+01 5.979093055725097372e+01
8.193733275384014405e+02 8.000000000000000000e+02 4.563251616256325605e+01 5.978621449470519877e+01
9.900130588432123204e+02 9.000000000000000000e+02 1.280331077985173067e+02 5.982101809978485107e+01
1.002194482468996512e+03 1.000000000000000000e+03 5.615367215692876002e+00 6.057005975246429585e+01
1.125000000000000000e+03 1.100000000000000000e+03 4.330127018922193116e+01 6.057627594470977783e+01
1.200689144371807743e+03 1.200258041854941439e+03 1.246869769998069089e+00 6.065200769901275635e+01
1.366608262745909315e+03 1.400000000000000000e+03 5.233321139996888860e+01 6.062343435287475302e+01
1.425000000000000000e+03 1.400000000000000000e+03 4.330127018922193116e+01 6.145919054746627808e+01
