-1.400000000000000000e+03 -1.400000000000000000e+03 0.000000000000000000e+00 3.184480967044830209e+02
5.781806863503241038e+04 4.710320107530434325e+04 4.114620380986620876e+04 3.201946014523506392e+02
-1.182026840809791338e+03 -1.199999999972111254e+03 5.416483782914594514e+01 3.191527848482131731e+02
6.699885365883014856e+03 6.056862250594112993e+03 3.703311053381420152e+03 3.193049983501434212e+02
-9.999999270906218953e+02 -9.999999317019019145e+02 3.422112222964126079e-05 3.174791976571083296e+02
-8.901875769153409692e+02 -8.901875769817888795e+02 2.021556275375629722e-07 3.159880661487579232e+02
-7.999950421871278650e+02 -7.999999997596928552e+02 1.167934876696641658e-02 3.220949383020400774e+02
-6.796396488338987183e+02 -6.796347310562224493e+02 8.164744177478262810e-02 3.162549086570739973e+02
-5.971146401792806273e+02 -5.971020899253485368e+02 1.356168764486985312e+00 3.444508987545967216e+02
-4.999254916648839639e+02 -4.999286801424809710e+02 2.591968773246906138e-02 3.200894857525825614e+02
-3.960699122282634335e+02 -3.965176433001734608e+02 2.026274095745076664e+00 3.208828116893768083e+02
-2.932342809306750837e+02 -2.935327661288936270e+02 3.248503566832295242e+00 3.212242105484008903e+02
-1.855640629525603913e+02 -1.858452033074491112e+02 8.398776402810035790e+00 3.210939766526222456e+02
-1.817430409372263966e+00 -2.995552218745160644e+01 8.129097405892257200e+01 3.194561912059783708e+02
8.463418112489637224e+02 9.050059315442608749e+02 3.411765641226176058e+02 3.193792814970016707e+02
2.008191116954788811e+02 2.008071467111242328e+02 3.016701572064662273e-01 3.295668424487113839e+02
3.147729438090946132e+02 3.138707096477348841e+02 2.546535647434160499e+00 3.196877231001853943e+02
4.166746058015115750e+02 4.157652010998325522e+02 2.968233672546925384e+00 3.203445443987846488e+02
5.006252822724124485e+02 5.005611250373609096e+02 1.803738974937368067e-01 3.186799335002899056e+02
6.030882444099776194e+02 6.031225174862343010e+02 3.587229035285206535e-01 3.190197089552879106e+02
1.000000000067928340e+03 1.000000000023280677e+03 1.714980691023206572e-07 3.214075726509094011e+02
1.079840441846132762e+03 1.092868587658957040e+03 1.110915993923349419e+02 3.214661128520965576e+02
1.647881866574609376e+03 1.550424483244292787e+03 2.819974912013488506e+02 3.226178084969520796e+02
1.209080885263657819e+03 1.208820482471683590e+03 2.886025240049292506e+00 3.460604343414306641e+02
1.309614909689868227e+03 1.309789533344034226e+03 3.409697694767528819e+00 3.461071514010429269e+02
1.406451764690604250e+03 1.400022471162293186e+03 4.050032981982256786e+01 3.471873182415962447e+02
1.806256067162164527e+03 1.804973755852652403e+03 1.279067028861157063e+01 3.462587276458740462e+02
1.700000000075896196e+03 1.700000000025820555e+03 1.553558485388475891e-07 3.250723824501037598e+02
