-1.400000000000000000e+03 -1.400000000000000000e+03 0.000000000000000000e+00 2.588466529846191477e+01
1.184044724496674917e+03 -5.726551868928005433e+02 3.433305015496741817e+03 2.647240450382232524e+01
-1.200000000000000000e+03 -1.200000000000000000e+03 0.000000000000000000e+00 2.592118010520935201e+01
-1.100000000000000000e+03 -1.100000000000000000e+03 0.000000000000000000e+00 2.600712875127792501e+01
-9.999999999982146619e+02 -9.999999999999949978e+02 7.367787416097791109e-09 2.606670379638671875e+01
-8.999999999999906777e+02 -8.999999999999978400e+02 2.523554601494985085e-11 2.629552015066146708e+01
-7.996023690263540402e+02 -8.000000000000000000e+02 1.696833186142812089e+00 2.614208065271377635e+01
-6.919993540865923478e+02 -7.000000000000000000e+02 9.798750103784350074e+00 2.607333679199218679e+01
-5.999196764822056593e+02 -6.000000000000000000e+02 2.236291210213976755e-01 2.691717950105667256e+01
-4.997625151724282659e+02 -4.999223169396608455e+02 2.772929484797694855e-01 2.608854520320892334e+01
-3.995522684243080676e+02 -4.000000000000000000e+02 5.865197141093928535e-01 2.606650760173797465e+01
-2.984080665162146033e+02 -2.990050409429067031e+02 1.554173860063586599e+00 2.613843084573745656e+01
-1.974980261641385937e+02 -1.979440450976274519e+02 1.377340873264303989e+00 2.607417770624160624e+01
-9.720546104198940895e+01 -9.968782674401859367e+01 5.956038114775141779e+00 2.600246869325637888e+01
1.235412586193583167e+02 1.167572201841821879e+02 3.318282377568088037e+01 2.605663005113601827e+01
2.005741165520147149e+02 2.003298772742062397e+02 7.137127878554235805e-01 2.646958310604095388e+01
3.020726386169941975e+02 3.020666697824100311e+02 8.456103571802635610e-01 2.606954275369644236e+01
4.022881117260952806e+02 4.023104304911314557e+02 7.662801393546274653e-01 2.617954709529876567e+01
5.000281536657118409e+02 5.000197293441220268e+02 3.325948499054534602e-02 2.618336219787597585e+01
6.000640502225937780e+02 6.000194318197550274e+02 6.937878478643280666e-02 2.590665220022201609e+01
7.450000000000000000e+02 7.000000000000001137e+02 4.974937185533099182e+01 2.620179600715637136e+01
8.188157844700683654e+02 8.059532243253695469e+02 4.660863781097213376e+01 2.617786409854888774e+01
9.826151647045899153e+02 9.919285391739409761e+02 8.183248405695874794e+01 2.621741584539413594e+01
1.006302875406105500e+03 1.003140000871099346e+03 8.564324203235273103e+00 2.703855745792388987e+01
1.128999208788220358e+03 1.116659487309638735e+03 3.982542768021064461e+01 2.701748725175857402e+01
1.206638117177967843e+03 1.200258041854941439e+03 1.423340107267525667e+01 2.707209739685058736e+01
1.395120534822218133e+03 1.417814177062512499e+03 6.239989417106831127e+01 2.706788954734802388e+01
1.410000000000000000e+03 1.400000000000000000e+03 3.000000000000000000e+01 2.630666534900665354e+01
