-1.399998925964111095e+03 -1.399999631879456956e+03 1.339357207091083002e-03 6.325101625919342041e+01
4.649297825606777224e+03 2.693270857472748958e+03 5.525443850387213388e+03 6.336736754179000997e+01
-1.161585749902965972e+03 -1.179955980617256046e+03 4.175975065578030154e+01 6.327559504508972310e+01
-1.021487750676250812e+03 -1.092570275695936743e+03 2.003752425209867454e+02 6.330257189273834229e+01
-9.999832164178939138e+02 -9.999864442162966043e+02 1.635176931955382648e-02 6.328446215391159058e+01
-8.998738629250623262e+02 -8.999517900951911997e+02 2.093909562167040050e-01 6.320193760395049765e+01
-7.971520546890481000e+02 -7.997022303246574211e+02 9.589680550356595390e+00 6.335863505601882650e+01
-6.862611514971255247e+02 -6.799981829146191785e+02 8.645406866884606245e+00 6.335753990411758707e+01
-5.995413394809738747e+02 -5.995639729420955746e+02 3.583581801802099287e-01 6.407414774894714071e+01
-4.992096280121425593e+02 -4.995408780985900421e+02 7.840715668981613762e-01 6.332540040016174032e+01
-3.999948369154142824e+02 -3.999980618615001617e+02 5.943517269339354363e-03 6.339304505586623861e+01
-2.980696830006610867e+02 -2.989095504470728315e+02 1.939698222229958136e+00 6.339179555177688741e+01
-1.985536548887625088e+02 -1.979892063891124963e+02 1.193679948541020996e+00 6.339769909381866597e+01
-9.991186736366519483e+01 -9.995904220396312212e+01 1.032336895194102683e-01 6.333124680519104288e+01
1.701782045864648296e+02 1.588822841789880158e+02 6.606804283312595771e+01 6.331622304916381694e+01
2.007001117023051506e+02 2.006654303056766366e+02 3.608223450542884514e-01 6.357433785200119303e+01
3.017417144176934016e+02 3.020382031068673427e+02 7.176294479646126989e-01 6.334784009456634379e+01
4.018913567224270764e+02 4.021528888968022102e+02 7.615034090564617442e-01 6.335415089130401611e+01
5.000322090134438326e+02 5.000216120691342212e+02 2.700415473261140106e-02 6.325431804656982138e+01
6.000223996369203405e+02 6.000194425521467565e+02 1.200594823533893823e-02 6.333044970035552979e+01
7.752583866858486772e+02 8.001234554255672720e+02 4.313300237293898931e+01 6.347257795333862163e+01
8.202635567818988420e+02 8.001550302007281061e+02 5.098118180985829895e+01 6.344174145460128500e+01
1.073548475549826435e+03 1.178633338648392964e+03 1.246782639088709175e+02 6.343393754959106445e+01
1.020060660185200504e+03 1.018840198288981810e+03 2.488742088095350979e+01 6.419890559911728189e+01
1.132009082333358037e+03 1.101424181147113131e+03 4.345358041010035777e+01 6.420034195184707926e+01
1.207527541278923763e+03 1.200633928428853324e+03 2.337078963919863028e+01 6.427133389711380573e+01
1.368391152389287072e+03 1.400117514626873344e+03 4.744730742079879349e+01 6.423703155517577557e+01
1.450521030795703155e+03 1.451111940354691797e+03 4.959749752040295334e+01 6.352569015026092814e+01
