-1.400000000000000000e+03 -1.399999999999999773e+03 1.833145176601317471e-13 5.224827110409736406e+02
3.452997283851465909e+05 3.238091202788650990e+05 1.501638650129587913e+05 6.568459887981414340e+02
2.369568979235513601e+06 2.189797774015540199e+05 4.341581032798605971e+06 6.224416221499443509e+02
1.670663182149666682e+04 1.618414847109809307e+04 4.384337136895044750e+03 6.551102004051208496e+02
-9.999997299477925026e+02 -9.999997175753061356e+02 3.480026238394497363e-05 6.541955357551574934e+02
-8.850784438746165961e+02 -8.910463623470169523e+02 8.432078227112951296e+00 6.507668920516968001e+02
-7.938883010982352744e+02 -7.954839531885147608e+02 4.776292555215784219e+00 5.804180917501449812e+02
-6.790632037469671332e+02 -6.790673015197281757e+02 3.693845748229823700e-02 6.241964762449264299e+02
-5.639659179365913815e+02 -5.638115440032925108e+02 3.125637302416370389e+00 7.692401154518126987e+02
-4.999691817651150814e+02 -4.999728746156045531e+02 1.749987400755230460e-02 5.419007678985595930e+02
-3.719919219475149248e+02 -3.716436819862983612e+02 6.624314019799877329e+00 5.343895502448082198e+02
-2.700475556191530018e+02 -2.706487380653813943e+02 5.370943071949498382e+00 5.562457444548606418e+02
-9.875488013732105230e+01 -1.091234871580346351e+02 4.374735980407491809e+01 6.103875985026359103e+02
1.371487116818648701e+03 1.343636014907665412e+03 3.620216569914214233e+02 5.565584278583526157e+02
6.758076322690352754e+03 7.319843056486306523e+03 1.358319766057340303e+03 5.379173234462738264e+02
2.023990694327614506e+02 2.025004148267700543e+02 2.415364064470643668e-01 6.238533035993575595e+02
3.583864895970031625e+02 3.591540167105072783e+02 6.597612413173613355e+00 5.319937048435210727e+02
5.482082863074867873e+02 5.854897316790425066e+02 6.388828754619468953e+01 5.700502202987670444e+02
5.025662399619042162e+02 5.025941727840580597e+02 4.544323719462806110e-01 6.558978910923003696e+02
6.128657825023180976e+02 6.127845592838145876e+02 1.946097001181054997e+00 5.763567902088165056e+02
9.800000000000002274e+02 1.000000000000000455e+03 4.000000000000007105e+01 5.852750258922576450e+02
2.172413666414515319e+03 2.120904436150764468e+03 3.632149046823624872e+02 6.364411418557167508e+02
6.777492994148735306e+03 7.871560693094329508e+03 1.612278836832736715e+03 5.814583191037178267e+02
1.242373422590281280e+03 1.242549697383351486e+03 1.065507352790286433e+01 7.929279849052429654e+02
1.355020163722011148e+03 1.355688840635637462e+03 8.701787025283669763e+00 7.943508991003036499e+02
1.505226205931649247e+03 1.544826433405725766e+03 7.903338355700060447e+01 7.968990779399871371e+02
2.174829877350065544e+03 2.128084377583463720e+03 2.267545603420279008e+02 7.960521520972251892e+02
1.700000000000000455e+03 1.700000000000000455e+03 2.876074777458033542e-13 6.070575604081153642e+02
