-1.400000000000000000e+03 -1.400000000000000000e+03 0.000000000000000000e+00 2.939790712475776786e+02
1.159359917102481413e+05 1.252708249146081216e+05 6.244623125404766324e+04 3.056485118985175973e+02
4.602344322119058052e+04 -1.199674913419841459e+03 1.116012461152916949e+05 3.041523381590843087e+02
1.172449979879100829e+04 1.111816066995232177e+04 6.630646885099860810e+03 3.061179531574249495e+02
-9.999999999592249651e+02 -9.999999999562659241e+02 2.314156216702687259e-08 3.025640837430954093e+02
-8.906781948313749808e+02 -8.901875772059463543e+02 2.138552826222812175e+00 3.029555262446403390e+02
-7.993197324671448314e+02 -7.999444320117091820e+02 1.775919177080898415e+00 3.000557136535644531e+02
-6.795863521537301040e+02 -6.795563669570162801e+02 1.276395151517726312e-01 2.957835801005363692e+02
-5.966860035687789150e+02 -5.969421201520294744e+02 1.333218305145792648e+00 3.243584841966629142e+02
-4.998948398364728973e+02 -4.999027768084387731e+02 4.605239642984156750e-02 2.965336964964866411e+02
-3.949257098163879505e+02 -3.950252047145335155e+02 2.455350738116443221e+00 2.961894767045974959e+02
-2.874062846200740751e+02 -2.880605013905186524e+02 4.798824892403241726e+00 2.969978595495223885e+02
-1.741553474150639147e+02 -1.728709341411585569e+02 8.804915686946186426e+00 2.954802700519561540e+02
1.065249205286354908e+02 6.966665196457756792e+01 1.490401015137127274e+02 2.950243841052055132e+02
9.011388446076895207e+02 8.063106077779457337e+02 3.309678175804593252e+02 2.954501906394958723e+02
2.003333000310344687e+02 2.002634985271218397e+02 2.223145260996269024e-01 3.070531379580497742e+02
3.134256461166467034e+02 3.137853507308803955e+02 4.066679641873522932e+00 2.961851865410804976e+02
4.188795509021663861e+02 4.195908037076649180e+02 4.711054479823035379e+00 2.975039766430854797e+02
5.006420481558776601e+02 5.006221313328350107e+02 2.220202689613712255e-01 3.030973839521408308e+02
6.034819376988690465e+02 6.035426468723480866e+02 4.559293485299005799e-01 3.042765353441238290e+02
1.000000000000000000e+03 1.000000000000000000e+03 9.165725883006587357e-14 3.014615102410316467e+02
1.053518371946002617e+03 1.079669314336773141e+03 1.461002066902452157e+02 2.988649211049079781e+02
1.971596967981324951e+03 1.895547721742893600e+03 4.196631597821786386e+02 2.986617427587509042e+02
1.213322705653286221e+03 1.213492742750620891e+03 3.351822046421033541e+00 3.251741145968437081e+02
1.311996128132709373e+03 1.312142421643903162e+03 2.823070260977667445e+00 3.251015468478202592e+02
1.399072558877708616e+03 1.400022076582907175e+03 4.849243029173567976e+01 3.264736612915992851e+02
1.827291525751081736e+03 1.825465375724960722e+03 2.564638764811555660e+01 3.248348421096801530e+02
1.700000000000000000e+03 1.700000000000000000e+03 1.016845989170082993e-13 3.045926825523376351e+02
