-1.400000000000000000e+03 -1.400000000000000000e+03 0.000000000000000000e+00 5.979722440242767334e+01
3.601519236797107624e+03 2.204901619950315762e+03 4.793046860783012562e+03 5.993740899562835978e+01
2.572001921130805276e+06 -1.200000000000000000e+03 8.778321650685360655e+06 5.980021159648894979e+01
-1.100000000000000000e+03 -1.100000000000000000e+03 0.000000000000000000e+00 5.982991975545883179e+01
-9.999999999998332214e+02 -9.999999999999357669e+02 2.111820439096750358e-10 5.987924546003341675e+01
-8.999059531613340823e+02 -8.999795212505027848e+02 1.752129019240292462e-01 5.978013299703597738e+01
-7.978441836664957236e+02 -7.998925517858776857e+02 4.338797772004655329e+00 5.991618980169296549e+01
-6.849196363444553981e+02 -6.799994837279415378e+02 8.565607311980304672e+00 5.984342734813689901e+01
-5.993615246063558288e+02 -5.992489951790164469e+02 4.426380926614720268e-01 6.071794899702072001e+01
-4.886360574745955319e+02 -4.882363943000168547e+02 9.102872657725745498e+00 5.988022766113281392e+01
-3.996517643300173859e+02 -4.000000000000000000e+02 4.745652241830685125e-01 6.000052180290222026e+01
-2.947764783278008736e+02 -2.960201688094459200e+02 5.329048440727773617e+00 5.997177444696426107e+01
-1.964236806450195729e+02 -1.971206152715606379e+02 3.787450494295321768e+00 6.000944119691848755e+01
-6.584500380547800091e+01 -8.308669318782710889e+01 3.780292318013335517e+01 5.984011185169219971e+01
2.616994157895726971e+02 2.228146740557689895e+02 1.151895308560678615e+02 5.984403909444809244e+01
2.016682726767684244e+02 2.014734334512879741e+02 1.067364343333323085e+00 6.009446175098419474e+01
3.020256426131812191e+02 3.022425207976077104e+02 9.116714257936439081e-01 5.989947735071181967e+01
4.042149035298006083e+02 4.032691191497613090e+02 3.382911966905209233e+00 5.992798999547958516e+01
5.002213033103381576e+02 5.000920007792585693e+02 4.670517893083757643e-01 5.985614204406738281e+01
6.002498671690252650e+02 6.001563783642867520e+02 2.582721152257594355e-01 5.986570885181426860e+01
7.950000000000000000e+02 8.000000000000000000e+02 5.894913061275798327e+01 5.994740480184555054e+01
9.522879345980405787e+02 9.303169595331205528e+02 1.283269603824713840e+02 5.991307295560837076e+01
1.143594411619614675e+03 1.182490187298207729e+03 8.608398977975505773e+01 5.990919169187545634e+01
1.066539783528592579e+03 1.068627019907064323e+03 4.643668699223047724e+01 6.094570819139480733e+01
1.178694656195643120e+03 1.204121904129928225e+03 4.250368384272960753e+01 6.091641349792480753e+01
1.255860833804892081e+03 1.255392455912111473e+03 4.165789180915521683e+01 6.104082925319671915e+01
1.444552001640209028e+03 1.446691288437504227e+03 8.450309639501369929e+01 6.099088109731674479e+01
1.485000000000000000e+03 1.500000000000000000e+03 1.013656746635664661e+02 6.036155669689178183e+01
