-1.400000000000000000e+03 -1.400000000000000000e+03 1.607774677692185771e-13 5.927685930490494002e+02
5.331047050608969294e+05 4.882327177299853647e+05 1.841618764068385353e+05 6.343243069529532931e+02
4.095490065913841128e+07 1.214440215449844114e+07 6.818227442358729243e+07 6.369979408502579190e+02
6.623546574549036450e+03 6.407125511338346769e+03 3.124677802404399245e+03 6.418505885004997253e+02
-9.999999999443596153e+02 -9.999999999446412176e+02 1.572305651672589081e-08 6.258092928528785706e+02
-8.838897806784950717e+02 -8.878672212186536399e+02 1.235343813900671783e+01 6.287436046004295349e+02
-7.494695107809217234e+02 -7.549186021862707321e+02 2.638737048435072552e+01 6.236751848578453519e+02
-6.790638311895887682e+02 -6.790562251449540554e+02 8.147526296664014955e-02 5.494953473448753130e+02
-5.826720325321101654e+02 -5.826211137344499775e+02 3.027405647187965787e+00 7.958562519431113742e+02
-4.999679636881589317e+02 -4.999691938325152023e+02 1.647528746333071226e-02 6.113031236052513577e+02
-3.667186520546096631e+02 -3.666689043559177890e+02 7.038748137444991393e+00 6.039653725981712569e+02
-2.307263130671052807e+02 -2.263731735119737039e+02 1.508914688469414855e+01 6.040390311956405185e+02
-6.653833894711030439e+01 -6.720713741105724637e+01 3.579164933699564699e+01 5.706841274976729892e+02
1.234135416290186868e+03 1.202760632989899023e+03 2.281779442591220288e+02 5.922573092937469710e+02
3.722210883436845961e+03 3.676901933374162581e+03 5.228813372678924907e+02 5.865565389990806580e+02
2.002511397655760561e+02 2.002150793936511661e+02 1.639938834916714605e-01 6.563413011908530734e+02
3.598309264307390549e+02 3.594562485452164537e+02 1.107382322527965890e+01 5.921767485022544406e+02
4.717394927383685967e+02 4.716108142018266562e+02 2.209810367829096833e+01 6.161876597046851884e+02
5.027783325467189570e+02 5.026762101786880521e+02 5.186544985973426947e-01 6.305090221524238814e+02
6.131353109090678117e+02 6.123386513813015881e+02 1.435790401343288059e+00 6.189296968936920393e+02
9.843153766509531124e+02 1.000000000000000227e+03 6.930579107827071539e+01 6.328652016997336887e+02
2.014473766517115337e+03 2.046221582325528743e+03 3.424376751199199020e+02 6.209505017995834351e+02
4.534492423760810198e+03 4.540927934830460799e+03 7.389009265093237673e+02 6.150768438577651978e+02
1.261126933629902624e+03 1.261380384310291447e+03 6.929660378279148603e+00 8.115968864083290555e+02
1.372211191673093708e+03 1.369572063710961856e+03 7.946005925457026997e+00 8.113778763532639005e+02
1.539970770356354024e+03 1.548286723939539570e+03 3.300727261354906972e+01 8.199048525452614058e+02
2.085721141372146576e+03 2.071716656190036701e+03 7.075695211891991221e+01 8.183213194012641907e+02
1.700000000000000455e+03 1.700000000000000455e+03 1.136868377216160297e-13 6.545530429601669766e+02
