-1.400000000000000000e+03 -1.400000000000000000e+03 2.592458770548405599e-13 4.651204962611198539e+02
1.112543199624998961e+05 1.066060948925601842e+05 8.037233167566395423e+04 4.662829345464706421e+02
7.098376341013015008e+03 -1.199999998440299805e+03 2.731088018401351655e+04 4.656117662549019087e+02
7.767409725793564576e+03 6.072886617600439422e+03 5.989326576092869800e+03 4.663700930476188660e+02
-9.999999962009815135e+02 -9.999999971424358591e+02 2.042787730826416074e-06 4.636121528983115923e+02
-8.918757864853199635e+02 -8.901875768832079530e+02 3.509033994777304599e+00 4.643137869000435103e+02
-7.999932300855496123e+02 -7.999999903473950553e+02 2.508291983211296747e-02 4.665498208522796517e+02
-6.797040626636126035e+02 -6.796952969612957531e+02 9.142891648117579262e-02 4.652656645536422957e+02
-5.977906996013008438e+02 -5.978689953553387113e+02 1.182619757082729706e+00 4.733394832015037537e+02
-4.999050661413062926e+02 -4.999003977465447406e+02 4.478224295824127094e-02 4.657251259446144331e+02
-3.965176435520645555e+02 -3.970151228287201093e+02 1.765876510144534617e+00 4.656467655897140503e+02
-2.915873929817144017e+02 -2.925378095907096849e+02 3.056563726037421880e+00 4.662102955460548515e+02
-1.870702582261812381e+02 -1.884566356023660774e+02 7.496539638516341419e+00 4.663117100477218742e+02
1.216136162175851076e+01 -2.163463929715408085e+01 9.116627915828215123e+01 4.653817377567291373e+02
9.528306684183904736e+02 9.797984621594127930e+02 3.001356109981476834e+02 4.653866487026214713e+02
2.003976208005700528e+02 2.003185075820481700e+02 3.176663562100591753e-01 4.682056413412094003e+02
3.134582232240558142e+02 3.133650843014640373e+02 1.617632104672483973e+00 4.649983323931693917e+02
4.167543364249404476e+02 4.170447907267787286e+02 2.771405757376518064e+00 4.661813255429267997e+02
5.006179310176074750e+02 5.005910244871571990e+02 2.239572893534535758e-01 4.653896441578864938e+02
6.031614631988005613e+02 6.033616695459033963e+02 4.045636881174449195e-01 4.660037715077399980e+02
1.000000001542712198e+03 1.000000001175521788e+03 1.251828914771763361e-06 4.660609823465347290e+02
1.083876919667220363e+03 1.084766539145928164e+03 1.156589385205070926e+02 4.661248876571655160e+02
1.461243697218411626e+03 1.411915790127419086e+03 2.548038339892309239e+02 4.663672269463539237e+02
1.211417027310052845e+03 1.212420670504107875e+03 2.800935600427261196e+00 4.738843500971794356e+02
1.309485365241596810e+03 1.308502499563136098e+03 3.669736161560945842e+00 4.739140678048133850e+02
1.402687446712620840e+03 1.400023068502502156e+03 5.599061865185232989e+01 4.746754594564437753e+02
1.794240831743024046e+03 1.798822203076845199e+03 4.821691596654265055e+01 4.739590234041214103e+02
1.700000006543717973e+03 1.700000003852206191e+03 6.627051436382506587e-06 4.668476021409034615e+02
