-1.399999999999999773e+03 -1.399999999999999773e+03 0.000000000000000000e+00 1.009249557900428726e+03
4.288068144203985110e+06 4.009096799860608764e+06 1.622903153185341973e+06 1.049721532607078643e+03
1.361219338150084734e+09 8.169151237664849758e+08 1.357937913664319754e+09 1.055141658449173065e+03
1.222270720954488752e+03 1.591451199252883498e+03 9.578943918871417509e+02 1.044625489461421921e+03
-9.999999999997883151e+02 -9.999999999997860414e+02 6.816989754847918599e-11 1.055506831848621459e+03
-8.437338705929132630e+02 -8.515739728807545816e+02 1.992388917271166449e+01 1.042043549144268127e+03
-6.297053565674017364e+02 -6.301432567513479626e+02 2.657023566333377929e+01 1.076953358602523849e+03
-6.788683057058660779e+02 -6.788583428172553340e+02 4.991025863612975899e-02 9.699002618908882596e+02
-5.393133998064346315e+02 -5.397194798494838324e+02 5.180047961768105225e+00 1.413757472157478333e+03
-4.998001375060142664e+02 -4.998299070137859985e+02 8.756502336516232277e-02 1.059831822252273469e+03
-3.899509135233577126e+02 -3.900504094290670309e+02 3.627168241359959300e+00 1.027610716652870224e+03
2.256947614210950235e+02 2.193049731556136805e+02 8.253278448008771306e+01 1.018233628451824188e+03
4.811413981151860071e+02 4.777628062489645799e+02 1.203622652110817199e+02 9.500221026062965848e+02
3.197949330424655159e+02 2.812666927074642444e+02 1.562531126787208677e+02 1.000391498351097084e+03
9.139308586145005393e+03 9.448250919560572584e+03 9.192718930670969257e+02 1.014193291044235252e+03
2.016364441349855099e+02 2.015252659097927790e+02 5.195375328679153748e-01 1.114619534599780991e+03
3.567733809060737826e+02 3.561582487112210629e+02 1.838082372430394296e+00 1.007944381356239319e+03
8.916524714002116525e+02 8.544374957440338676e+02 1.263562503400631272e+02 1.057311554801464126e+03
5.035491835650593089e+02 5.035402914070584757e+02 6.135452714964193532e-01 1.043412912058830216e+03
6.246783824853491751e+02 6.245097159098825159e+02 2.360354415410454987e-01 9.985512331008910678e+02
1.450092130610749791e+03 1.495956523400505375e+03 3.855084058915853689e+02 1.041137446796893983e+03
1.373604411802764616e+03 1.379074943759601410e+03 1.953761365125187979e+02 1.031322436511516571e+03
1.146756269195698042e+04 1.153507950313352740e+04 1.296856386313985922e+03 1.076051669740676971e+03
1.371401012577342499e+03 1.374196315222196517e+03 1.300296998906720347e+01 1.445871000051498413e+03
1.506236531924990231e+03 1.509381551880709139e+03 1.599900797633746485e+01 1.447452929008007004e+03
1.618233177925329528e+03 1.652712778185586103e+03 9.241244217449609266e+01 1.464797622299194245e+03
3.178752412451632154e+03 3.163695157032522275e+03 1.435727545744881581e+02 1.459085493755340622e+03
3.055038124773713662e+03 1.800000000000000909e+03 1.713008833411661499e+03 1.117316752350330262e+03
