-1.400000000000000000e+03 -1.400000000000000000e+03 0.000000000000000000e+00 5.093747020959854410e+01
3.878403100427750815e+03 1.252809438910075642e+03 5.640665175009867198e+03 5.110713924169540689e+01
-1.200000000000000000e+03 -1.200000000000000000e+03 0.000000000000000000e+00 5.099595800638198995e+01
-1.100000000000000000e+03 -1.100000000000000000e+03 0.000000000000000000e+00 5.098632769584655478e+01
-9.999999999999539568e+02 -9.999999999999805596e+02 5.485606686542922016e-11 5.104591925144195841e+01
-8.999414663665326088e+02 -8.999912378100364094e+02 1.440854626150231410e-01 5.089735679626464560e+01
-7.972516948001839410e+02 -7.996146538153764141e+02 4.797309268018240758e+00 5.107892374992370321e+01
-6.839894309388137117e+02 -6.799995357248365053e+02 7.411096123825556603e+00 5.104944036006927632e+01
-5.994197282822033230e+02 -5.992500893561943940e+02 3.793942483505498564e-01 5.184012115001678467e+01
-4.958058099515840809e+02 -4.963895355293913667e+02 3.907513444895454491e+00 5.105203460454940512e+01
-3.998010081885813634e+02 -4.000000000000000000e+02 3.979836228373188067e-01 5.114156795740127848e+01
-2.968161358077733780e+02 -2.980100818858134062e+02 3.293891576144762023e+00 5.116953915357589722e+01
-1.969731259420931906e+02 -1.975323301845940591e+02 3.690691708441968366e+00 5.118461225032806539e+01
-7.895671574546997817e+01 -9.130921665192749970e+01 3.115979350206593779e+01 5.098915224075317099e+01
2.084242011726530563e+02 2.179116854115758315e+02 9.568828950190030014e+01 5.098550055027008199e+01
2.010291820376782539e+02 2.007870218460142269e+02 7.548335805657779840e-01 5.125278735160827637e+01
3.019272098653173657e+02 3.020639429423617344e+02 7.441892735172095374e-01 5.105994509458541586e+01
4.025691114587322090e+02 4.022897440745715016e+02 1.228970775336941434e+00 5.106175885200500630e+01
5.000805351952714091e+02 5.000493233602564374e+02 8.335673597872236829e-02 5.101730860471725748e+01
6.000860959242561421e+02 6.000194318197550274e+02 1.381121512926039852e-01 5.102742185592651225e+01
7.850000000000000000e+02 8.000000000000000000e+02 4.769696007084728251e+01 5.110509859323501303e+01
9.011832793458409014e+02 8.757522349526193466e+02 1.166695818524914188e+02 5.114540235996246054e+01
1.105148771491536309e+03 1.180920295555942175e+03 1.086054253321324978e+02 5.110226180553436137e+01
1.061133736417108139e+03 1.053302646006558007e+03 4.046170655579484787e+01 5.197526990175246908e+01
1.180225083217679185e+03 1.200000000000000000e+03 3.771071211202864504e+01 5.198072705268860005e+01
1.222648845154270475e+03 1.200916606553978454e+03 3.487047442507466855e+01 5.204904644489288046e+01
1.462510881404532029e+03 1.450290858785797809e+03 8.856659332689426378e+01 5.201104805469513082e+01
1.465000000000000000e+03 1.500000000000000000e+03 4.769696007084728251e+01 5.417313505411148356e+01
