-1.399999999999999773e+03 -1.400000000000000000e+03 6.589915186027355678e-13 4.734587285518646382e+01
1.008867008621062837e+03 -7.213012281130036172e+02 3.679290508940204290e+03 4.753030285835266255e+01
-1.199999999999904503e+03 -1.199999999999953616e+03 1.204860701005487231e-10 4.737465285062789633e+01
-1.099999999999090733e+03 -1.099999999999789907e+03 1.966639071525471118e-09 4.739977419376373291e+01
-9.999999987550912692e+02 -9.999999995040326439e+02 2.131216038396730720e-06 4.744719790220260336e+01
-8.999999999999990905e+02 -8.999999999999998863e+02 2.630075640067162648e-12 4.732943934202194214e+01
-7.999999903154233607e+02 -7.999999977123485451e+02 1.121403377194195857e-05 4.747641714811324931e+01
-6.949999053747890230e+02 -6.999999929243672341e+02 8.660405816977233329e+00 4.745772905349731730e+01
-5.997519712833594667e+02 -5.999998810514712204e+02 3.431950745530160662e-01 4.826390265226363852e+01
-4.999750934218890279e+02 -4.999926039426056832e+02 3.347896820346213387e-02 4.739505274295807169e+01
-3.999999999999992042e+02 -3.999999999999997726e+02 1.437868858847148565e-12 4.749680409431457662e+01
-2.997015122828321410e+02 -2.999999999999804459e+02 5.539697580357455520e-01 4.752245835065841817e+01
-1.999005040942403753e+02 -1.999999999999909051e+02 4.336925984310814330e-01 4.751993279457092001e+01
-9.826184333036951557e+01 -9.999999999998487965e+01 5.059828084916781599e+00 4.742175029516219809e+01
1.367206705920484353e+02 1.167572201846084567e+02 4.485670864150669956e+01 4.743180609941482828e+01
2.000229397607115800e+02 2.000001044833307446e+02 9.885547115155779441e-02 4.772485849857330464e+01
3.014143923447096540e+02 3.020196068559267815e+02 9.259395468593658585e-01 4.743108594417572021e+01
4.013733152156292476e+02 4.020215123793893781e+02 9.466028084401141296e-01 4.745512670278549194e+01
5.000039458688252125e+02 5.000000000000000000e+02 7.891737650538745499e-03 4.747196780443191244e+01
6.000126306828422003e+02 6.000194318197550274e+02 9.268387307890207580e-03 4.739836689233779765e+01
7.150000133896020316e+02 7.000000130397104385e+02 3.570713713714388149e+01 4.759433599710464335e+01
8.050000012064231214e+02 8.000000008287878472e+02 2.179449446371863530e+01 4.758211144208907939e+01
1.021180198425455615e+03 1.000000000712106498e+03 1.186206511194317699e+02 4.757976244688033773e+01
1.000000000985267093e+03 1.000000000362798005e+03 1.320391031522258136e-06 4.839684565067291544e+01
1.120000001684141580e+03 1.100000001479057573e+03 3.999999919708484697e+01 4.839938094615936137e+01
1.200430267222341172e+03 1.200040474495687477e+03 9.475810258379570028e-01 4.845459189414977885e+01
1.342031080090844625e+03 1.302836791306559917e+03 4.961718333928043734e+01 4.844928665161133097e+01
1.405000014375773844e+03 1.400000012939854741e+03 2.179449199376046309e+01 4.765613379478454448e+01
