-1.400000000000000000e+03 -1.400000000000000000e+03 0.000000000000000000e+00 6.203781009912491129e+01
4.285145213803420120e+03 4.414621612713714057e+03 4.461762517045019194e+03 6.217770330905914022e+01
-1.200000000000000000e+03 -1.200000000000000000e+03 0.000000000000000000e+00 6.197594410181045532e+01
-1.100000000000000000e+03 -1.100000000000000000e+03 0.000000000000000000e+00 6.199010659456253336e+01
-9.999999999999839702e+02 -9.999999999999874944e+02 1.747272755530697251e-11 6.207931065559387207e+01
-9.000000000000000000e+02 -9.000000000000000000e+02 2.343714200843385575e-13 6.208118840456008769e+01
-8.000000000000000000e+02 -8.000000000000000000e+02 0.000000000000000000e+00 6.212901124954223775e+01
-6.890038606511132002e+02 -6.800426370672610119e+02 9.946399236648648667e+00 6.203873569965362833e+01
-5.996643250382771839e+02 -6.000000000000000000e+02 3.810286940657021115e-01 6.301722080707550333e+01
-4.999514196932162235e+02 -4.999654785752962880e+02 4.845260302205674913e-02 6.210950609445571757e+01
-4.000000000000000000e+02 -4.000000000000000000e+02 0.000000000000000000e+00 6.218509075641632222e+01
-2.994030248176350142e+02 -3.000000000000000000e+02 1.193949944911933958e+00 6.218467224836349772e+01
-1.993768206909643936e+02 -2.000000000000000000e+02 1.123866583785969375e+00 6.218551214933395244e+01
-9.813697402799293457e+01 -9.968782674401859367e+01 5.020050712450801811e+00 6.207727830410003378e+01
1.280161532591923219e+02 1.086907833480725571e+02 4.161528243819564210e+01 6.204453409910202311e+01
2.000878472512702047e+02 2.000000000000000000e+02 2.065934244255782370e-01 6.233257310390472128e+01
3.015436875098930614e+02 3.020227481771768225e+02 8.917887423835421101e-01 6.210169844627380087e+01
4.021270002140589668e+02 4.023006303997751729e+02 8.706298756440330466e-01 6.213692384958267212e+01
5.000154774983565176e+02 5.000049602170739718e+02 2.632168591009219349e-02 6.205913915634155131e+01
6.000145738648164979e+02 6.000194318197550274e+02 8.414224774807013349e-03 6.206028800010680868e+01
7.700000000000000000e+02 8.000000000000000000e+02 4.582575694955839651e+01 6.215550965070724487e+01
8.127930705881452695e+02 8.000000000000000000e+02 2.949940519769535641e+01 6.218277809619903707e+01
1.068672395070598441e+03 1.100000000000000000e+03 1.050217424383575207e+02 6.220439203977584697e+01
1.008446025213973940e+03 1.000000000000000000e+03 1.953177538205207142e+01 6.322043210268020630e+01
1.106665948730963919e+03 1.100000000000000000e+03 2.198451680747528059e+01 6.318318655490875102e+01
1.200853110784777527e+03 1.200080948985142413e+03 1.476235593357979381e+00 6.327717449665069438e+01
1.356492937477748683e+03 1.353569958462469913e+03 5.300557379181070417e+01 6.323977650403976725e+01
1.405000000000000000e+03 1.400000000000000000e+03 2.179449471770336899e+01 6.256651049852371216e+01
