-1.400000000000000000e+03 -1.400000000000000000e+03 0.000000000000000000e+00 6.710509805679321005e+01
2.897277199967031720e+03 1.546046145695696168e+03 4.313583375965370578e+03 6.723047554492950439e+01
-1.200000000000000000e+03 -1.200000000000000000e+03 0.000000000000000000e+00 6.708333954811095623e+01
-1.100000000000000000e+03 -1.100000000000000000e+03 0.000000000000000000e+00 6.713836045265198038e+01
-9.999999999999874944e+02 -9.999999999999965894e+02 1.879230016157513766e-11 6.717733855247497843e+01
-8.999999999999996589e+02 -9.000000000000000000e+02 9.776407051728570246e-13 6.712072824239730551e+01
-7.999999770513243220e+02 -8.000000000000000000e+02 6.884602699983590434e-05 6.716621379852294638e+01
-6.949996554273103584e+02 -7.000000000000000000e+02 8.660850877168916995e+00 6.709422770738601116e+01
-5.998875134034291250e+02 -6.000000000000000000e+02 2.677716595270112632e-01 6.807545199394226643e+01
-4.999453769656847726e+02 -4.999704158387879147e+02 5.995546599917346564e-02 6.716096634864807413e+01
-4.000000000000000000e+02 -4.000000000000000000e+02 0.000000000000000000e+00 6.730217595100403116e+01
-2.991542848014707374e+02 -2.990050409429067031e+02 7.226307560514712014e-01 6.732022260427474691e+01
-1.995240917667956637e+02 -2.000000000000000000e+02 9.985180315044865917e-01 6.730037900209427448e+01
-9.824623466758643531e+01 -1.000000000000000000e+02 5.002910455362769682e+00 6.714301894903182699e+01
1.227534125995904759e+02 1.006243465119628127e+02 3.402615419006811948e+01 6.712386779785155966e+01
2.002389174017215225e+02 2.000000000000012506e+02 5.417954781735917491e-01 6.745547819137573242e+01
3.016237537822031527e+02 3.020197639804966911e+02 8.057715561635264701e-01 6.721636785268783854e+01
4.017198831266080106e+02 4.020490773514884495e+02 8.813005463473034817e-01 6.721284115314483643e+01
5.000192444748078060e+02 5.000099204341480572e+02 3.015734155509781217e-02 6.713610465526581095e+01
6.000145738648163842e+02 6.000194318197550274e+02 8.414224774807013349e-03 6.714951139688491821e+01
7.450000000000000000e+02 7.000000000000001137e+02 4.974937185533099182e+01 6.727081160545348837e+01
8.088784498749541854e+02 8.000000000000000000e+02 2.788871842610627994e+01 6.726924535036087605e+01
1.032087115621638532e+03 1.000000000000000000e+03 1.245786444574463445e+02 6.729290109872817993e+01
1.000628000720316777e+03 1.000000000000000000e+03 1.256001440634264110e+00 6.824951305389404865e+01
1.126252781114902973e+03 1.100000000000000000e+03 4.370131208023325797e+01 6.823932845592499064e+01
1.203145365829766433e+03 1.200435134724740237e+03 6.980839309505736168e+00 6.833951604366302490e+01
1.361534836201529970e+03 1.355705380864862491e+03 5.878576072899259941e+01 6.831199295520782755e+01
1.435000000000000000e+03 1.400000000000000000e+03 4.769696007084728251e+01 6.744072215557098104e+01
