-1.400000000000000000e+03 -1.400000000000000000e+03 0.000000000000000000e+00 2.252839260101318430e+01
7.431421041468924159e+03 1.044653667565599972e+04 5.468174430160688644e+03 2.249222934246063232e+01
-1.200000000000000000e+03 -1.200000000000000000e+03 0.000000000000000000e+00 2.249252979755401682e+01
-1.100000000000000000e+03 -1.100000000000000000e+03 0.000000000000000000e+00 2.253185565471649099e+01
-9.999999999999579359e+02 -9.999999999999720330e+02 5.188395628693660686e-11 2.252919059991836548e+01
-8.997678073155299217e+02 -8.999845762618149365e+02 7.384171703803688036e-01 2.236873880624771260e+01
-7.958065478471712595e+02 -7.992243094779551029e+02 7.143619513985566272e+00 2.256525639295578145e+01
-6.858197776858925181e+02 -6.799997532871132080e+02 8.918646793552676755e+00 2.249859260320663523e+01
-5.994307814277949547e+02 -5.994336793968727761e+02 4.377612592799614011e-01 2.306723394393920756e+01
-4.976210331261831925e+02 -4.986004657671492168e+02 2.466484983826615185e+00 2.243982955217361308e+01
-3.999502520471453408e+02 -4.000000000000000000e+02 2.168462991415098240e-01 2.262606334686279297e+01
-2.976618479790674314e+02 -2.980100818858134062e+02 1.643187047223505060e+00 2.260931634902954102e+01
-1.972262769362138499e+02 -1.971206152715606379e+02 2.338155869702328360e+00 2.265604825019836355e+01
-9.044568330205841278e+01 -9.968782674401859367e+01 2.942618761456258980e+01 2.248421164751052714e+01
1.984221203309249120e+02 1.961673118332323043e+02 6.636486326516886436e+01 2.244658694267273091e+01
2.012716421077481357e+02 2.012330378772462325e+02 7.463172471403856090e-01 2.266174845695495677e+01
3.016764595303201304e+02 3.020370019663346284e+02 8.414635908767617023e-01 2.257060115337371897e+01
4.023952460078867261e+02 4.021866149243892323e+02 1.028895303762419999e+00 2.246075179576873637e+01
5.000608094361658686e+02 5.000197388280051314e+02 6.798720950988522416e-02 2.245645890235901021e+01
6.001026932266865970e+02 6.000194318197550274e+02 1.871783363549632817e-01 2.255882135629654073e+01
7.800000000000022737e+02 8.000000000000000000e+02 5.099019513592867980e+01 2.256133245229721140e+01
8.915114777321934980e+02 8.626428144480350966e+02 1.079996501015602917e+02 2.255812849998473979e+01
1.074193501335246083e+03 1.082013441655858514e+03 9.806961652538642227e+01 2.256430414915084981e+01
1.046563412774889230e+03 1.036314107919433809e+03 4.153299256428529418e+01 2.322445465326309133e+01
1.158751854037571547e+03 1.200000000000000000e+03 4.678537164895772094e+01 2.320789380073547292e+01
1.235334647786697360e+03 1.229843821929499427e+03 3.608892715654573635e+01 2.331583224534988474e+01
1.430258933212268175e+03 1.410657325234135442e+03 7.136324957542723268e+01 2.324355549812316823e+01
1.495000000000000227e+03 1.500000000000000000e+03 8.046738469715535302e+01 2.278515604734420918e+01
