-1.400000000000000000e+03 -1.400000000000000000e+03 0.000000000000000000e+00 6.267467190027237223e+01
3.563636340662013481e+03 9.669919529038922974e+02 5.406744554898887145e+03 6.276978305578231954e+01
-1.200000000000000000e+03 -1.200000000000000000e+03 0.000000000000000000e+00 6.264475804567337036e+01
-1.100000000000000000e+03 -1.100000000000000000e+03 0.000000000000000000e+00 6.268187224864959717e+01
-9.999999999999402007e+02 -9.999999999999698730e+02 6.417483026112726393e-11 6.271401430368423746e+01
-8.999917076053061464e+02 -8.999966122826799619e+02 2.167159374808929478e-02 6.267770329713821553e+01
-7.981211981203058485e+02 -7.999352272956643901e+02 3.882397847236120469e+00 6.276070349216460897e+01
-6.849929694539781622e+02 -6.800000000000000000e+02 8.643245130461707504e+00 6.270318099260330058e+01
-5.994101825974078110e+02 -5.992500751841805595e+02 4.972220726303979155e-01 6.341972210407256938e+01
-4.989271014748819653e+02 -4.993415356250914101e+02 1.145053340037258449e+00 6.275343919992447184e+01
-3.997015122828720450e+02 -4.000000000000000000e+02 4.559475192511922015e-01 6.280205324888229512e+01
-2.971643692061936690e+02 -2.970151253476296915e+02 1.894996402704092420e+00 6.280379909276962280e+01
-1.979158156309789263e+02 -1.975323301845940591e+02 1.305777323818921865e+00 6.281634769439697408e+01
-7.946092464347437101e+01 -9.968782674401859367e+01 4.616685285677986883e+01 6.264078844785690592e+01
2.119525427581821191e+02 2.203873852026852660e+02 7.579792171535389400e+01 6.275381704568862773e+01
2.009227136226002131e+02 2.007675526789209641e+02 7.359178634077968573e-01 6.289525154829025411e+01
3.017715381090914093e+02 3.020658055971655358e+02 7.437392420168134066e-01 6.273663394451141073e+01
4.024211857017202760e+02 4.025323175956188493e+02 1.508235662716260528e+00 6.279599055051803447e+01
5.000656568838782050e+02 5.000402254220536520e+02 6.795200220090819032e-02 6.270153234004974507e+01
6.000708072968243414e+02 6.000194318197550274e+02 1.056260248686679559e-01 6.273058824539184286e+01
7.850000000000000000e+02 8.000000000000000000e+02 3.570714214271424680e+01 6.278404265642166138e+01
8.567071415538417796e+02 8.313214072240175483e+02 6.234855808827318668e+01 6.275567450523376323e+01
1.091338720944819215e+03 1.178617102091361630e+03 1.040533660792711430e+02 6.275636365413665629e+01
1.034751331178946657e+03 1.018953112114608530e+03 3.550647399159574036e+01 6.352535929679870463e+01
1.160420612967184297e+03 1.200000000000000000e+03 4.799921490227058030e+01 6.353051199913024760e+01
1.210766103323448078e+03 1.200916606553978681e+03 2.318695746125212764e+01 6.360673010349273682e+01
1.429378911697966032e+03 1.410657302005070051e+03 8.832167158946722907e+01 6.357111690044403218e+01
1.460000000000000000e+03 1.500000000000000000e+03 4.898979485566356118e+01 6.322766145467758037e+01
