-1.399999999999993861e+03 -1.400000000000000000e+03 2.719112531607737843e-11 2.714172129631042552e+01
2.659225878667596135e+03 6.539074298048437868e+02 3.829737451257569774e+03 2.736067954301834249e+01
-1.200000000000000000e+03 -1.200000000000000000e+03 0.000000000000000000e+00 2.710986779928207469e+01
-1.100000000000000000e+03 -1.100000000000000000e+03 0.000000000000000000e+00 2.715691690444946360e+01
-9.999999997717411588e+02 -9.999999999994149675e+02 5.890516958379414298e-07 2.716847909688949514e+01
-9.000000000000000000e+02 -9.000000000000000000e+02 0.000000000000000000e+00 2.716752449274063252e+01
-7.999999998018103042e+02 -7.999999998939936177e+02 1.995173822838508870e-07 2.721755840778350688e+01
-6.919999230168506301e+02 -6.999999995913162820e+02 9.798053040241736511e+00 2.711586639881134175e+01
-5.998875034056261484e+02 -5.999999961427516837e+02 2.677689256724260503e-01 2.804516505002975535e+01
-4.999874242677090592e+02 -4.999913696438019883e+02 1.325370824134904091e-02 2.723274065256118703e+01
-3.999999999999994884e+02 -4.000000000000000000e+02 1.885240073797075215e-12 2.728501235246658396e+01
-2.998507561414356815e+02 -3.000000000000000000e+02 3.552714447780369045e-01 2.731292790174484253e+01
-1.999999999999938041e+02 -2.000000000000000000e+02 2.709779123170223343e-11 2.729997005462646342e+01
-9.982830470920885091e+01 -9.984391337200497674e+01 1.840234204065925028e-01 2.724305729866027903e+01
1.056261140076983622e+02 1.003121732559816337e+02 1.349843123693403157e+01 2.723238025903701853e+01
2.001440069055030619e+02 2.000000013693850178e+02 2.714424738035535190e-01 2.741945650577545024e+01
3.009719362223198118e+02 3.005624762357747954e+02 9.877856117152339355e-01 2.719503259658813477e+01
4.011338266662160663e+02 4.014130346191533363e+02 1.006866016011592757e+00 2.727301709651947093e+01
5.000019729344121515e+02 5.000000000000000000e+02 5.918803236608027700e-03 2.725627814531326365e+01
6.000106875008655152e+02 6.000194318197550274e+02 9.667208268047993575e-03 2.722116274833679128e+01
7.200000014992310753e+02 7.000000024698679226e+02 3.999999927950192102e+01 2.733615909814834666e+01
8.040656076267071057e+02 8.000000000642103259e+02 1.772157190106354818e+01 2.734943865537643504e+01
9.997470566395222704e+02 9.000000030400694868e+02 1.244617871994426110e+02 2.726461685895919729e+01
1.000157000070926529e+03 1.000000000013594217e+03 6.843471829547660423e-01 2.818120830059051585e+01
1.105000000492037543e+03 1.100000000067159817e+03 2.179449460509909287e+01 2.819959055185318064e+01
1.200146730214730724e+03 1.200040474494606769e+03 1.912680326834099720e-01 2.827818844318390035e+01
1.352414726258216888e+03 1.356780335396478677e+03 4.985455015205440077e+01 2.822368259429931570e+01
1.405000000891350510e+03 1.400000000731748514e+03 2.179449452063777670e+01 2.742028934955596853e+01
