-1.400000000000000000e+03 -1.400000000000000000e+03 0.000000000000000000e+00 6.192505644559859945e+01
3.839515722215200185e+03 2.826756337266190712e+03 4.440173891429954892e+03 6.216480150222778178e+01
-1.200000000000000000e+03 -1.200000000000000000e+03 0.000000000000000000e+00 6.188124849796295024e+01
-1.100000000000000000e+03 -1.100000000000000000e+03 0.000000000000000000e+00 6.194723069667816162e+01
-9.999999999999814690e+02 -9.999999999999962483e+02 2.439461000150189301e-11 6.196693359613418295e+01
-8.999999999999990905e+02 -8.999999999999995453e+02 1.317737853864645143e-12 6.201515594720840596e+01
-7.999999321917280213e+02 -8.000000000000000000e+02 2.157223432753944980e-04 6.200660965442657613e+01
-6.899993324713287848e+02 -6.900000414190994888e+02 1.000066759627164359e+01 6.191051784753799581e+01
-5.997843490192318541e+02 -6.000000000000000000e+02 3.799340851456545209e-01 6.268605170249939107e+01
-4.998937113626055861e+02 -4.999334159275791762e+02 1.120377551693570867e-01 6.197633730173110678e+01
-3.998507561414360225e+02 -4.000000000000000000e+02 3.552714447781128992e-01 6.207004419565200948e+01
-2.980100833971591783e+02 -2.990050409429067031e+02 2.416744041466091009e+00 6.204904484748840332e+01
-1.995758125023830303e+02 -2.000000000000000000e+02 1.037070926267598114e+00 6.206355844736098959e+01
-9.723667836758754390e+01 -9.968782674401859367e+01 5.969769371940556013e+00 6.198609880208969258e+01
1.728229449631740522e+02 1.376308803568643384e+02 8.283446753292594167e+01 6.191720545291900635e+01
2.002559438307727078e+02 2.000000000000024727e+02 6.451023285918051631e-01 6.224618594646453573e+01
3.018619069899442593e+02 3.020375120359877883e+02 6.203677292489396811e-01 6.200212965011596822e+01
4.026584350778398402e+02 4.025594966971571580e+02 8.083499056110444725e-01 6.199754993915557577e+01
5.000232951488266053e+02 5.000197293441220268e+02 2.195881122034625335e-02 6.194784525632858418e+01
6.000276842693242543e+02 6.000194318197550274e+02 1.964475931902936665e-02 6.193378164768218852e+01
7.600000000000000000e+02 8.000000000000000000e+02 4.898979485566356118e+01 6.208623014688491537e+01
8.310821411842713360e+02 8.000000000000000000e+02 7.944217335676621872e+01 6.210011289119720601e+01
1.022976134989335492e+03 1.003599921720624707e+03 1.199215151691115011e+02 6.210626529455184652e+01
1.001570000477261260e+03 1.001570000141753781e+03 1.570000477261970895e+00 6.284730179309845255e+01
1.111665953365910809e+03 1.100000000000000000e+03 2.986066875069116122e+01 6.282971575260162211e+01
1.202463472518315939e+03 1.200258041854941439e+03 6.888681454483903011e+00 6.289692450761795328e+01
1.347060472095356090e+03 1.309486203354333156e+03 5.176390557727904707e+01 6.286455230712890341e+01
1.430000000000000000e+03 1.400000000000000000e+03 4.582575694955839651e+01 6.555397421121597290e+01
