-1.400000000000000000e+03 -1.400000000000000000e+03 0.000000000000000000e+00 5.154910449981689169e+01
3.235278716878592149e+03 1.356651296673003799e+03 3.822115682320324595e+03 5.166799324750900269e+01
-1.200000000000000000e+03 -1.200000000000000000e+03 0.000000000000000000e+00 5.152648110389709757e+01
-1.100000000000000000e+03 -1.100000000000000000e+03 0.000000000000000000e+00 5.153491994142532207e+01
-9.999999999999915872e+02 -9.999999999999988631e+02 1.417985260381906410e-11 5.160837335586548136e+01
-9.000000000000000000e+02 -9.000000000000000000e+02 4.403072291788040526e-14 5.156329900026321411e+01
-7.999999999999998863e+02 -8.000000000000000000e+02 3.727472246908974034e-13 5.163265039920806743e+01
-6.919995550827668467e+02 -7.000000000000000000e+02 9.798503905152962545e+00 5.153877799510955526e+01
-5.998483343364907796e+02 -6.000000000000000000e+02 3.133132583035346808e-01 5.237910474538803385e+01
-4.999559812417536477e+02 -4.999901353279390150e+02 6.580234006920711309e-02 5.160509674549102499e+01
-4.000000000000000000e+02 -4.000000000000000000e+02 0.000000000000000000e+00 5.168910435438156270e+01
-2.994527725185986924e+02 -3.000000000000000000e+02 6.655822470350017950e-01 5.170962100028991415e+01
-1.998010081885813349e+02 -2.000000000000000000e+02 5.969754342559782101e-01 5.172236049175262451e+01
-9.815258269079200204e+01 -9.968782674401859367e+01 4.973010758875604509e+00 5.157841345071792460e+01
1.327203937653898720e+02 1.170693934401635943e+02 4.170244648335338411e+01 5.159652825593948222e+01
2.000000000000011653e+02 2.000000000000000000e+02 4.136603815767689913e-12 5.185045559406280802e+01
3.015213726226626818e+02 3.020211382353943463e+02 8.784634493733644023e-01 5.163912670612334921e+01
4.021907788948322491e+02 4.021874838984023199e+02 5.057722355712428453e-01 5.165066804885864116e+01
5.000103613759027894e+02 5.000049391573977573e+02 1.266166835042666083e-02 5.159912959337234639e+01
6.000165170467920461e+02 6.000194318197550274e+02 6.938547500843657984e-03 5.159333149194717549e+01
7.400000000000012506e+02 7.000000000000001137e+02 4.898979485566265168e+01 5.171994035243987753e+01
8.100000000000000000e+02 8.000000000000000000e+02 3.000000000000002487e+01 5.171706725358963297e+01
1.004761706553598742e+03 9.500000000000001137e+02 1.192187838739106098e+02 5.164972215890884399e+01
1.002835466281149479e+03 1.000000000000000000e+03 6.749813503251229641e+00 5.249884055852889730e+01
1.125000000000000000e+03 1.100000000000000000e+03 4.330127018922193116e+01 5.252024109363556192e+01
1.203611268506060242e+03 1.200080948985142413e+03 9.408982673728363721e+00 5.260049449205398275e+01
1.352045669030938143e+03 1.355836644840516328e+03 4.913480064817650117e+01 5.256746904850005819e+01
1.405000000000000000e+03 1.400000000000000000e+03 2.179449471770335478e+01 5.180585254430771158e+01
