-1.399999999999999773e+03 -1.399999999999999773e+03 1.016845989170082993e-13 6.950822648525238492e+02
3.435118732024303172e+05 3.088899696529146750e+05 1.459839766503814317e+05 8.223543468952178728e+02
4.737049417706650682e+06 1.879009716122306883e+06 8.077200623711521737e+06 7.895311432480812073e+02
1.388160231124039638e+04 1.253867433494690340e+04 4.024182903362467641e+03 8.206903570532798540e+02
-9.999997156072489588e+02 -9.999997152777663132e+02 2.630398272916006423e-05 8.205274605512619246e+02
-8.903166853418276787e+02 -8.912574316536604329e+02 3.844999551938798277e+00 8.188844654917717207e+02
-7.931490541084523329e+02 -7.952442484329667423e+02 5.534523240018550894e+00 7.547945586562157132e+02
-6.790451660666526550e+02 -6.790378638447618869e+02 4.747644176381385361e-02 7.856954931497573398e+02
-5.633527656268310011e+02 -5.623105792410465256e+02 3.243888971102092622e+00 9.078826534986495744e+02
-4.999701810231696868e+02 -4.999704379721887335e+02 1.647983163169997392e-02 7.155169211983680952e+02
-3.709504422924423466e+02 -3.711462074955708204e+02 7.372739318675571418e+00 7.110015755057335127e+02
-2.536454478236338730e+02 -2.686588199511944595e+02 4.186048721390935157e+01 7.396328739523887634e+02
-1.124573824729027365e+02 -1.244963201762907090e+02 2.829609800307836665e+01 7.674781746506690752e+02
1.422147028122484471e+03 1.360776759377796225e+03 4.612049312448244223e+02 7.156977967500686191e+02
7.147858702572842958e+03 7.490016689872625648e+03 9.827837930673109668e+02 7.135654605031013489e+02
2.024888434685736343e+02 2.025787019483356062e+02 4.200217664719593791e-01 7.871153188943862915e+02
3.560109505833700041e+02 3.564116203047341287e+02 8.920066012758978147e+00 7.001044302582740784e+02
5.581419584983567574e+02 5.843531206816614940e+02 5.965568872836362146e+01 7.450286509037017595e+02
5.028158903053384847e+02 5.027020940672531424e+02 5.151451162916034221e-01 8.207371227502823103e+02
6.124351806072829731e+02 6.116894534143979172e+02 1.956005931452560631e+00 7.789127342939376604e+02
9.921576883254765562e+02 1.000000000000000227e+03 4.963011375055316421e+01 7.458079083561897278e+02
2.306044697761702992e+03 2.265135953373605844e+03 4.119719262328595732e+02 7.397427784442901384e+02
6.173573501542984559e+03 5.554523589674095092e+03 1.789410292888615004e+03 7.497587678074836504e+02
1.245831850105703325e+03 1.241421409174078235e+03 1.610702873283740288e+01 9.406187589883804776e+02
1.357058711154009870e+03 1.353898385401512314e+03 1.283720711202323450e+01 9.390369250535965193e+02
1.554200574155426011e+03 1.583182640176632731e+03 5.677403044550564459e+01 9.356720611095428239e+02
2.399720325302995661e+03 2.429928046867486046e+03 1.456472515084062422e+02 9.380661813020706177e+02
1.700000000000000455e+03 1.700000000000000455e+03 3.050537967510249106e-13 7.630697229504585266e+02
