-1.400000000000000000e+03 -1.400000000000000000e+03 0.000000000000000000e+00 3.460817790031433105e+01
5.348178508652261371e+03 7.479951584437484598e+03 4.835904247878000206e+03 3.489271889925002768e+01
-1.200000000000000000e+03 -1.200000000000000000e+03 0.000000000000000000e+00 3.460090720653533936e+01
-1.100000000000000000e+03 -1.100000000000000000e+03 0.000000000000000000e+00 3.461394809484481527e+01
-9.999999999999838565e+02 -9.999999999999984084e+02 2.243839509426420341e-11 3.465819640159607218e+01
-8.999999999968719067e+02 -8.999999999999891998e+02 9.427867753732503767e-09 3.477379339933395386e+01
-7.998295017872932249e+02 -8.000000000000000000e+02 6.812824940186280598e-01 3.471451599597931192e+01
-6.899990149205139005e+02 -6.900000430572281402e+02 1.000098525514891534e+01 3.465037670135497905e+01
-5.997760824551669430e+02 -6.000000000000000000e+02 3.429134981209630006e-01 3.551519194841385030e+01
-4.997590605645663118e+02 -4.998581965718901756e+02 2.646798369306468390e-01 3.468726209402084493e+01
-3.997015122828720450e+02 -4.000000000000000000e+02 4.559475192511921460e-01 3.479936079978942587e+01
-2.983085706105052282e+02 -2.990050409429067031e+02 1.512204989250445886e+00 3.476614425182342671e+01
-1.985397713482728932e+02 -1.990050409429067031e+02 1.898208228592432212e+00 3.479018409252167032e+01
-9.641442602117750482e+01 -9.968782674401859367e+01 6.706430976852681525e+00 3.466932439804077148e+01
1.578676503347117830e+02 1.583484539015558425e+02 6.131483232990254351e+01 3.466552408933639384e+01
2.006693150183745047e+02 2.005442193839812148e+02 8.026045595564497148e-01 3.494518499374389364e+01
3.019285798245516617e+02 3.020643527799729213e+02 6.572627030568609641e-01 3.469788089990615987e+01
4.021747544295394050e+02 4.021310180652620829e+02 1.083630944427337095e+00 3.475588539838791036e+01
5.000265383767752496e+02 5.000197293441220268e+02 3.139257200583883689e-02 3.467852480411529825e+01
6.000239618618135182e+02 6.000194318197550274e+02 1.735045133786686580e-02 3.464405255317687704e+01
7.800000000000000000e+02 8.000000000000000000e+02 4.000000000000000000e+01 3.483958640098571635e+01
8.322748895628310493e+02 8.000000000000000000e+02 6.174779611209755359e+01 3.481647354364395142e+01
1.045512012936612109e+03 1.045345240323486451e+03 1.244841382278402193e+02 3.471428890228271769e+01
1.015896389989376416e+03 1.000000000000000000e+03 2.962751138612173207e+01 3.564041520357132242e+01
1.136685246728235143e+03 1.100000000000000000e+03 4.843333307458298975e+01 3.564020775556564047e+01
1.207011385369654818e+03 1.200916606553978454e+03 1.263933373164618779e+01 3.569706819057464742e+01
1.352742145699938419e+03 1.315396357399785302e+03 5.214997449346949310e+01 3.568005160093307637e+01
1.435000000000000000e+03 1.400000000000000000e+03 4.769696007084728251e+01 3.792205150127411173e+01
