-1.400000000000000000e+03 -1.400000000000000000e+03 5.084229945850414966e-14 2.749737353444099313e+02
1.142555975068954285e+05 1.075803737053935620e+05 6.647724837904216838e+04 2.959071392536163216e+02
4.295116603346658871e+06 4.815539628624949837e+05 7.406706869071745314e+06 2.949059156060218925e+02
5.220777414470479926e+03 4.025981559313995149e+03 4.496410319482648447e+03 2.956997155427932853e+02
-9.999999999999197371e+02 -9.999999999999383817e+02 6.821780568425272483e-11 2.836765466094017256e+02
-8.918680291404443778e+02 -8.901875754782258809e+02 3.496228527437274192e+00 2.946873515486716997e+02
-7.669305319946470263e+02 -7.694054666247875502e+02 1.920930586260289985e+01 2.952360880970954895e+02
-6.794886924023271604e+02 -6.794669910747350059e+02 1.100685467709869997e-01 2.826452480435371513e+02
-5.939202262650358080e+02 -5.938926965167136132e+02 2.108130452188511583e+00 3.140828080415725481e+02
-4.996665828915536736e+02 -4.997240336798912494e+02 1.947690518150311800e-01 2.801937888979911691e+02
-3.933337780981111109e+02 -3.940302506952593262e+02 4.772683832244814184e+00 2.792587650537490731e+02
-2.779110104927354996e+02 -2.766857284016574567e+02 8.861009533175399966e+00 2.793590499043464774e+02
-1.553458879558693582e+02 -1.563879168252856857e+02 1.393494194437135114e+01 2.762912811040878296e+02
1.611238937501210273e+02 1.481088394606667862e+02 1.414603882635745151e+02 2.784643752574920654e+02
1.203597157570310628e+03 1.255553223367441888e+03 3.950355839160372966e+02 2.794426102042198181e+02
2.005482955047601195e+02 2.005223843682386757e+02 3.329325954148970035e-01 2.926556128978729134e+02
3.140019426046891908e+02 3.134229496963459951e+02 4.857767006016405986e+00 2.794282431483268851e+02
4.230182214682557174e+02 4.225508211098115225e+02 4.497582779020481425e+00 2.882459213495254744e+02
5.006995646496532686e+02 5.006174333488409047e+02 3.229472520594974805e-01 2.917435243010521049e+02
6.037135711695611917e+02 6.037361590838884240e+02 3.176993079835565559e-01 2.952585373520851135e+02
1.000000000000000000e+03 1.000000000000000114e+03 1.647478796506838919e-13 2.832582023024559135e+02
1.162713856404391436e+03 1.115895587606880326e+03 1.523106634338930405e+02 2.832865792512893677e+02
2.121688184315750732e+03 1.991513933704594592e+03 4.294286592851613591e+02 2.840880268931388741e+02
1.217551899845619801e+03 1.219079414007197101e+03 4.001852662277159745e+00 3.158258756518363839e+02
1.316471124729107714e+03 1.316408556192149717e+03 3.556932549800847276e+00 3.148052059531211739e+02
1.417425422856919340e+03 1.400026621830706745e+03 4.141658743480377325e+01 3.183334394097328186e+02
1.854594182894166806e+03 1.853884514337037217e+03 2.474651325883566955e+01 3.138649927496909982e+02
1.700000000000000000e+03 1.700000000000000227e+03 2.690321608997517573e-13 2.880889836549758911e+02
