-1.400000000000000000e+03 -1.399999999999999773e+03 1.686248307827477949e-13 9.778937813401222456e+02
4.145960167361317435e+05 3.741741425144999521e+05 1.527853458392608445e+05 1.010381248557567574e+03
2.142448239373440854e+06 1.719088912763061235e+05 4.271405667870347388e+06 1.005778206658363388e+03
1.000487261921977552e+04 9.050977320655381845e+03 3.213324523560676880e+03 1.012706235301494644e+03
-9.999997579960739813e+02 -9.999997524481178743e+02 2.551821761567116514e-05 1.004202068948745705e+03
-8.871715333685373253e+02 -8.904818260949139130e+02 6.792500662516339105e+00 1.002852752304077171e+03
-7.968914285438384013e+02 -7.983568925584679619e+02 3.560551702689434883e+00 9.900047542572021939e+02
-6.790630803092160477e+02 -6.790440084199544799e+02 6.869986018258344984e-02 9.885206614971160661e+02
-5.823594034563063815e+02 -5.844916998483809039e+02 6.560614923906162410e+00 1.132946326446533249e+03
-4.999911257348852018e+02 -4.999901427153921531e+02 3.056687976107421226e-03 9.877273714542388916e+02
-3.737828462306113124e+02 -3.756235257941192458e+02 6.183762546404231841e+00 9.814545768499374390e+02
-2.687844088423393032e+02 -2.696332966984255108e+02 7.123191635551606282e+00 9.850756329059601057e+02
-1.200355562947012231e+02 -1.195357143143974952e+02 2.099069666282782265e+01 1.001286239290237404e+03
1.385357096872509373e+03 1.416436446836843061e+03 3.577365411066801357e+02 9.895798419475555647e+02
4.122087831846877634e+03 4.043365755335398717e+03 6.864654713137870203e+02 9.917196748495101701e+02
2.020332000325094555e+02 2.021439184850831907e+02 4.134666155890890926e-01 1.039862212145328613e+03
3.577461845596310468e+02 3.581770553620988835e+02 1.030130825964221586e+01 9.724135408043861162e+02
4.515013221169177200e+02 4.547874019592873083e+02 1.259891674837833619e+01 1.008922179293632553e+03
5.024902678403200298e+02 5.024898511199327231e+02 5.580953581111864903e-01 1.006621446645259880e+03
6.113449324175810489e+02 6.109208262529091371e+02 1.309352470719438166e+00 1.004962139153480507e+03
9.964730649764345571e+02 1.000000000000002501e+03 7.457553794119618829e+01 1.011338085842132614e+03
2.137197650958405120e+03 2.076393813616419266e+03 4.184556108282205855e+02 1.007893620109558128e+03
4.969518175780702222e+03 4.962461660736176782e+03 9.017122560875995987e+02 1.000839108395576432e+03
1.235730500294064313e+03 1.235221887386627259e+03 6.527096178630685586e+00 1.143318333840370087e+03
1.352294599147204281e+03 1.350022622274866990e+03 7.342245179127618648e+00 1.143500123751163528e+03
1.513082551505741776e+03 1.530125119915574032e+03 4.852866872255259523e+01 1.150163065695762725e+03
1.968087729182088196e+03 1.963516126760296174e+03 1.002104816553759150e+02 1.148008748304843948e+03
1.700000000000014552e+03 1.700000000000005002e+03 2.125974262727098110e-11 1.028962190651893707e+03
