-1.400000000000000000e+03 -1.400000000000000000e+03 0.000000000000000000e+00 1.720647997498512325e+02
8.255562605358604924e+04 4.761101197372014576e+04 6.901358788292217650e+04 1.788410668015480098e+02
2.450968772322973236e+06 1.891871747375412669e+05 6.034205848452676088e+06 1.783649893522262460e+02
9.679298262999687722e+03 9.918391011216535844e+03 5.062928255175044796e+03 1.795834951519966012e+02
-9.999999999947294782e+02 -9.999999999997295390e+02 1.357949751954736988e-08 1.772788229584693909e+02
-8.806945058543473124e+02 -8.901875770921119511e+02 2.942164106761287101e+01 1.771884386539459229e+02
-7.884763129481641499e+02 -7.960590479417833194e+02 1.455013857536214239e+01 1.762071924448013363e+02
-6.796094629893952970e+02 -6.796083489517241105e+02 1.189735094311697994e-01 1.684261375069618225e+02
-5.959902220641222357e+02 -5.954005384319241330e+02 1.586509873726994480e+00 1.945949765086174068e+02
-4.998053283379124991e+02 -4.998313917958118964e+02 8.682906161691536506e-02 1.750506853938102836e+02
-3.945774746501872983e+02 -3.950252047145335155e+02 2.405968846983913334e+00 1.748402830958366394e+02
-2.807443430732199090e+02 -2.830857212412284980e+02 8.345555355947869458e+00 1.750744422435760441e+02
-1.695802013116605167e+02 -1.705695320821281484e+02 1.130612891898621974e+01 1.693941763043403625e+02
1.186548625055348793e+02 1.015369201354039888e+02 1.198281477577704095e+02 1.737232545971870366e+02
1.022561764136075340e+03 9.680954298265969555e+02 2.856333662414355672e+02 1.738369798541069144e+02
2.002293442364261864e+02 2.001662099726430029e+02 1.359512547603354271e-01 1.814265268564224129e+02
3.127999900525337580e+02 3.130667524347492190e+02 3.953465651299428618e+00 1.744975813031196594e+02
4.223740063412690802e+02 4.219769686132027573e+02 7.410691684398519108e+00 1.765095417976379508e+02
5.007056847203147072e+02 5.006132291948743500e+02 3.150492457036341842e-01 1.776019980072975102e+02
6.036033784832427500e+02 6.036354043915489456e+02 3.153133342241637993e-01 1.780608805418014526e+02
1.000000000000000341e+03 1.000000000000000000e+03 9.470871009242968857e-13 1.784005858540535030e+02
1.111267098192276308e+03 1.090679935124956046e+03 1.321300045671509622e+02 1.759968104481696969e+02
1.788967231332569554e+03 1.720879947214079493e+03 2.590263265467197016e+02 1.766065691947937069e+02
1.216382787507052171e+03 1.216113950502248372e+03 3.504277951015340786e+00 1.961325542449951058e+02
1.313127131492173930e+03 1.312800999766104724e+03 4.884027712055394765e+00 1.960362707018852291e+02
1.406896674004225588e+03 1.400025411439514301e+03 6.168467040908064547e+01 1.969199787020683345e+02
1.812161373495298449e+03 1.829957060710901942e+03 7.398264822962670451e+01 1.962131651401519719e+02
1.716964937172335340e+03 1.700000000000000000e+03 5.545615689440559493e+01 1.808757039427757149e+02
