-1.400000000000000000e+03 -1.400000000000000000e+03 0.000000000000000000e+00 4.723953949928283578e+02
1.137507945900325867e+05 9.365046127245257958e+04 8.333023626957755187e+04 4.721405838489532698e+02
9.217019645857807249e+06 3.663151154462967068e+06 1.329508452930499054e+07 4.719060442090034257e+02
7.406403457494188842e+03 4.566806011774955550e+03 6.945544905337279488e+03 4.724788260936737174e+02
-9.999999999829844910e+02 -9.999999999996224460e+02 4.793403068275651931e-08 4.716926850438118208e+02
-8.918420837072077347e+02 -8.901875549052305132e+02 3.417512353382008872e+00 4.710842381954192888e+02
-7.606748213494466881e+02 -7.657384601134517652e+02 3.219309168828028334e+01 4.717920024514198190e+02
-6.796284974511021346e+02 -6.795927254583988315e+02 1.386030263777514870e-01 4.690861467003822440e+02
-5.944219255308566972e+02 -5.947321861321474898e+02 1.937138248608404334e+00 4.807132516026496774e+02
-4.995071009286581329e+02 -4.996554234615310861e+02 3.585178637185368888e-01 4.726994652509689558e+02
-3.977115941686855081e+02 -3.980100818858134062e+02 1.301077794849059055e+00 4.727400989532470703e+02
-2.676011057428516438e+02 -2.692924260656958495e+02 1.446117224312056138e+01 4.723935053467750436e+02
-1.533540234609012316e+02 -1.545266691770205796e+02 1.628679005156185156e+01 4.684907469987869035e+02
6.860143418363406909e+01 7.900295952086139550e+01 1.274645430678347964e+02 4.719124763011932373e+02
1.256930642251957806e+03 1.312592425288258028e+03 3.545776417928489650e+02 4.713579020500183105e+02
2.004115266590348199e+02 2.003718849478030961e+02 1.886431643462112839e-01 4.735594183444976579e+02
3.106621560409548692e+02 3.113389517081478743e+02 2.758105157145591679e+00 4.725545342564582825e+02
4.358697937743174293e+02 4.339783733273499138e+02 1.303985696697237451e+01 4.719762199997902030e+02
5.004757549833933581e+02 5.005328444275187962e+02 2.194194279987463359e-01 4.716210379481315726e+02
6.035349058187636047e+02 6.035349232331254825e+02 5.076420537589744209e-01 4.716634700536727678e+02
1.000000000000321961e+03 1.000000000000114142e+03 4.501462073880726945e-10 4.720907595038414115e+02
1.057995272884402539e+03 1.048020774121760496e+03 8.696653066865097514e+01 4.721338665008544808e+02
2.185753647957709290e+03 2.147751216874399233e+03 2.962986204725730204e+02 4.724910289525985831e+02
1.218304989719968717e+03 1.218155018934793588e+03 3.874375523198245297e+00 4.815409434914589042e+02
1.316950477744782802e+03 1.316500225216678928e+03 3.170489579152708792e+00 4.815436571478843462e+02
1.384993529448638128e+03 1.400028293286171902e+03 5.741626859676763672e+01 4.824561337590217818e+02
1.847127950066319954e+03 1.859640661026395264e+03 5.865036226946850206e+01 4.817850577473640215e+02
1.735941449927175199e+03 1.700000000001416765e+03 1.078449643809708789e+02 4.730718177556991577e+02
