-1.400000000000000000e+03 -1.400000000000000000e+03 0.000000000000000000e+00 6.431685664653778645e+01
2.931581349705350476e+03 2.506381333631614780e+03 3.573940445294683286e+03 6.448063240051268963e+01
-1.200000000000000000e+03 -1.200000000000000000e+03 0.000000000000000000e+00 6.423982889652252481e+01
-1.100000000000000000e+03 -1.100000000000000000e+03 0.000000000000000000e+00 6.427413040399551392e+01
-9.999999999999812417e+02 -9.999999999999854481e+02 2.115189368081084803e-11 6.433060289621353434e+01
-9.000000000000000000e+02 -9.000000000000000000e+02 5.084229945850414966e-14 6.433056094646454426e+01
-7.999999999963091568e+02 -7.999999999999982947e+02 1.598192506505268260e-08 6.440689990520476726e+01
-6.939999147239097965e+02 -6.999999999999056399e+02 9.165281652502924814e+00 6.428891705274581625e+01
-5.998125223388749419e+02 -5.999999999999986358e+02 3.247208340343460398e-01 6.499770768880844685e+01
-4.999919868017433942e+02 -4.999926039596658711e+02 7.634564617862052253e-03 6.439978240728378012e+01
-4.000000000000000000e+02 -4.000000000000000000e+02 0.000000000000000000e+00 6.443493145704269409e+01
-2.999005040942906817e+02 -3.000000000000000000e+02 2.984877171279891050e-01 6.445031939744949057e+01
-1.999999999999999716e+02 -2.000000000000000000e+02 7.519677498818824450e-14 6.442254945039749714e+01
-9.897483503720204112e+01 -9.968782674401859367e+01 3.613512794129091432e+00 6.438078705072402386e+01
1.056885486588897720e+02 1.003121732559814063e+02 1.349272285650412684e+01 6.441506685018539713e+01
2.001619478742293268e+02 2.000000000000443094e+02 4.745506812321180767e-01 6.454546619653702066e+01
3.015451922896971837e+02 3.020390434154753621e+02 8.914641678625934151e-01 6.437290104627609821e+01
4.013883479314309852e+02 4.020209128859915495e+02 9.986133478327970936e-01 6.441242254972458170e+01
5.000034554233258177e+02 5.000000000000000000e+02 7.167137032820278253e-03 6.431489700078964233e+01
6.000155454558042720e+02 6.000194318197550274e+02 7.772727902010957354e-03 6.429206119775771811e+01
7.350000000228495765e+02 7.000000000022122322e+02 4.769696005413319995e+01 6.448440721035004231e+01
8.042721981604483972e+02 8.000000000000034106e+02 1.862208004770614522e+01 6.447488219738006876e+01
9.838323139691028700e+02 9.000000000023542270e+02 1.093326487767994166e+02 6.444852705001831339e+01
1.000000000000044793e+03 1.000000000000002728e+03 7.148378486412885287e-11 6.513588750362396240e+01
1.110000000000486580e+03 1.100000000000042292e+03 2.999999999983777599e+01 6.513155285120009808e+01
1.200236074014623227e+03 1.200080948985142413e+03 2.516443471814291399e-01 6.518978124856948853e+01
1.372972459103353003e+03 1.400000000000001819e+03 4.724858703829357154e+01 6.514865424633026691e+01
1.425000000004830781e+03 1.400000000000488399e+03 4.330127018643601389e+01 6.461378649473189739e+01
