-1.399999999999999773e+03 -1.399999999999999773e+03 0.000000000000000000e+00 1.791446878254413605e+03
1.239566355130261509e+06 1.199141676271352218e+06 4.459065800172523595e+05 1.771535741698741958e+03
1.370210262344952822e+08 4.346125220805549622e+07 2.145127318830327690e+08 1.783623874449730010e+03
1.415700528423843252e+03 1.614723247302019445e+03 7.331295346290489761e+02 1.793976670300960450e+03
-9.999999997708255250e+02 -9.999999997750588818e+02 4.587641506991749083e-08 1.751434814155101776e+03
-8.536363037551224124e+02 -8.565526684649792060e+02 1.147583782977275213e+01 1.764350978803634689e+03
-7.201172990675906931e+02 -7.221605107758543909e+02 2.385837951317474293e+01 1.780050818753242538e+03
-6.789235993272624228e+02 -6.789115163354192646e+02 5.131921276123958819e-02 1.674198690998554184e+03
-5.634204285445152891e+02 -5.626501376471029516e+02 4.103646816926595164e+00 2.164913959002494721e+03
-4.999530677030646757e+02 -4.999531883418729876e+02 2.024203917741285857e-02 1.817586669051647277e+03
-3.375983983596348708e+02 -3.372493956760054061e+02 9.920837706893692598e+00 1.792927362406253906e+03
-1.425154325264554132e+02 -1.391571888358666058e+02 3.444604853074866924e+01 1.766193482398986816e+03
8.998648255856839739e+01 9.927532267109629061e+01 4.436542560721847650e+01 1.687544390499591827e+03
1.774122899231583915e+03 1.741683940587106918e+03 4.590211423008972247e+02 1.750726743292808578e+03
6.426759684427075626e+03 6.439433368098517349e+03 8.097159309496532842e+02 1.750853966689109711e+03
2.003360199273238607e+02 2.003041593328247814e+02 1.767052328178379816e-01 1.899770617806911559e+03
4.109732557032680234e+02 4.103241959632708813e+02 1.268063648496194595e+01 1.745128553807735443e+03
5.665730459234009686e+02 5.683941153246737485e+02 3.248870213361416859e+01 1.782458715903758957e+03
5.059794704123219162e+02 5.057034769979099451e+02 1.358733404133365408e+00 1.761036459791660263e+03
6.213000809485084801e+02 6.210745601728842757e+02 1.302022227235776652e+00 1.786047529947757766e+03
1.483322771668639007e+03 1.662109728688498308e+03 4.019992747591265925e+02 1.779848544740676971e+03
2.851280654577396945e+03 2.840975745222183832e+03 4.193633308713967836e+02 1.790579982447624161e+03
8.216497348824039364e+03 8.312266511073141373e+03 1.085673379374825345e+03 1.801033407807350159e+03
1.312994170684639130e+03 1.315694149138324065e+03 1.492877010456023612e+01 2.193271391141414824e+03
1.436717529308254143e+03 1.438090640431902557e+03 1.219164916114480945e+01 2.192583640098571777e+03
1.588958830311520387e+03 1.595004147345695401e+03 4.656442218105168962e+01 2.209553105998039428e+03
2.615293250723876099e+03 2.614101473356497991e+03 1.041507701098599767e+02 2.206212097799777894e+03
2.569657682576154002e+03 1.800000000000287628e+03 1.333171650741447820e+03 1.872905637443065643e+03
