-1.399999999999999773e+03 -1.399999999999999773e+03 1.438037388729016771e-13 9.891270931005477678e+02
1.957105555566765368e+06 1.807287070883402368e+06 8.799031729478939669e+05 1.045927876746654420e+03
1.775071100656226635e+09 1.125191783517276287e+09 2.592674154271259308e+09 1.045589428102970032e+03
3.865537700884224614e+04 3.599375233099476463e+04 1.600536141078269247e+04 1.043215091049671173e+03
-9.999999999997468194e+02 -9.999999999997514806e+02 1.019377105157290774e-10 1.005625068044662498e+03
-8.746657580883686478e+02 -8.792185361013466718e+02 1.702192706886461693e+01 1.039908535003662109e+03
-6.096902219320933227e+02 -6.227677379933684279e+02 5.040057237471997098e+01 1.062025625300407455e+03
-6.789438117416432306e+02 -6.789420971057486440e+02 6.754988940363672312e-02 9.909928475022315979e+02
-5.665936010140576400e+02 -5.660285098966664918e+02 3.103734133444776777e+00 1.204655902051925750e+03
-4.996940497837081239e+02 -4.997498599295705617e+02 2.015497323759934678e-01 1.021487019407749131e+03
-3.940799941140766691e+02 -3.935327686478030955e+02 2.992742802810782088e+00 1.001430663406848907e+03
2.495731563953567189e+01 2.566267037269966522e+01 7.467204652047350066e+01 1.002479911303520225e+03
2.555009440881254648e+02 2.643391912568356474e+02 8.566744169620429261e+01 9.786622225522994540e+02
5.147893419767235628e+02 4.814298304976591680e+02 2.971151194851718742e+02 9.937084113001823198e+02
5.528837927352176848e+03 5.391161511221263936e+03 8.273443561100572197e+02 1.000712901794910408e+03
2.014740314336628728e+02 2.014364249708547163e+02 7.181882131701902150e-01 1.071948033750057220e+03
3.311012958697269823e+02 3.337432061679045319e+02 1.136199285415890259e+01 9.964857587456702959e+02
7.038855165974246120e+02 6.941828948439385840e+02 7.453133234875274127e+01 1.049422538101673126e+03
5.026857182643689157e+02 5.026082090035710621e+02 8.053605880956560270e-01 1.043449962759018035e+03
6.148524247131917946e+02 6.150000000000000000e+02 2.254336679491958650e-01 9.883970507502556302e+02
1.013630753301905884e+03 1.000000000000000682e+03 7.357175230749543005e+01 1.016211478197574593e+03
1.379237196118357588e+03 1.377304442820895247e+03 2.522293908370427573e+02 1.014753837394714310e+03
6.533716006521659438e+03 6.336134642340346545e+03 1.019135252949200435e+03 1.032240048956871078e+03
1.301102320793930403e+03 1.298553892485203505e+03 1.162835733641858837e+01 1.215636089158058212e+03
1.410471334651678490e+03 1.413004515240399996e+03 1.446097290304209615e+01 1.215821544396877243e+03
1.590109675493811210e+03 1.590305561391566698e+03 9.731146044688589569e+00 1.221050873398780823e+03
2.528430210197933775e+03 2.528833300025459721e+03 9.936778305867272820e+01 1.220840048098564239e+03
2.126699407951044122e+03 1.700000000000001364e+03 6.883027602087272498e+02 1.059032535743713424e+03
