-1.400000000000000000e+03 -1.400000000000000000e+03 0.000000000000000000e+00 5.519477009773254395e+01
2.012565056175027621e+03 -1.599943708138441707e+02 3.997438592826446893e+03 5.554468610286712504e+01
-1.200000000000000000e+03 -1.200000000000000000e+03 0.000000000000000000e+00 5.520580120086670206e+01
-1.100000000000000000e+03 -1.100000000000000000e+03 0.000000000000000000e+00 5.521869364976883077e+01
-9.999999999999770353e+02 -9.999999999999931788e+02 3.358524507036679951e-11 5.530461955070495605e+01
-8.999999999999997726e+02 -9.000000000000000000e+02 4.268936971929767043e-13 5.531321139335632608e+01
-7.999999885256622747e+02 -8.000000000000000000e+02 5.001547905942624426e-05 5.539590494632720663e+01
-6.909995872098704695e+02 -7.000000000000000000e+02 9.950330754142312273e+00 5.530587284564971640e+01
-5.997375272605634109e+02 -6.000000000000000000e+02 3.576816350675672274e-01 5.635922445058822916e+01
-4.999489520470805246e+02 -4.999728746156046100e+02 7.305846866963566777e-02 5.530367970466613770e+01
-3.998010081885813634e+02 -4.000000000000000000e+02 3.979836228373188622e-01 5.542357939481735229e+01
-2.996517643300173859e+02 -3.000000000000000000e+02 4.745652241830684570e-01 5.545380995273590230e+01
-1.995987145377534091e+02 -2.000000000000000000e+02 8.026727982149353124e-01 5.544410710334777548e+01
-9.136158762526285670e+01 -9.968782674401859367e+01 2.594597221900682271e+01 5.529192860126495646e+01
1.049131223008769638e+02 1.004682598839721095e+02 1.318912087208575734e+01 5.529391394853591635e+01
2.001284607485699496e+02 2.000000000000000568e+02 5.021570280776180839e-01 5.569097440242767050e+01
3.014445601192408617e+02 3.020241224320744777e+02 9.363670927477587558e-01 5.535223294496536539e+01
4.021797510227979728e+02 4.021381337611383060e+02 6.432341521219012703e-01 5.537642099857330180e+01
5.000098709304039630e+02 5.000049391573978141e+02 1.247794408877691587e-02 5.520655460357666300e+01
6.000165170467919324e+02 6.000194318197550274e+02 6.938547500843659718e-03 5.525037795305252075e+01
7.450000000000000000e+02 7.000000000000000000e+02 4.974937185533099893e+01 5.550441914796829224e+01
8.119105843321124212e+02 8.000000000000000000e+02 3.623894999986035259e+01 5.551156859397887899e+01
1.018791700176877612e+03 9.580660550046811750e+02 1.261771414177869985e+02 5.546158934831619547e+01
1.006214490907351887e+03 1.000000000000000000e+03 2.281054759678485055e+01 5.653670320510864400e+01
1.102498927601411879e+03 1.100000000000000000e+03 5.948637537887194959e+00 5.655168074369430542e+01
1.203330048356279349e+03 1.200080948985142413e+03 9.459341458097560107e+00 5.663414059877395346e+01
1.355455391974509439e+03 1.359223518586153205e+03 4.916296288537918002e+01 5.662465394735336588e+01
1.420000000000000000e+03 1.400000000000000000e+03 4.000000000000000000e+01 5.564099555015563681e+01
