-1.400000000000000000e+03 -1.400000000000000000e+03 1.345160804498758786e-13 1.035091152846813202e+03
3.314562510754092364e+05 3.240713432968144189e+05 1.195628315380925196e+05 1.062282833051681564e+03
3.223964074680652702e+05 2.728555382489706062e+03 1.126407690835243789e+06 1.061424501347541764e+03
8.560012694806577201e+03 7.838292469272560993e+03 5.201263719275818403e+03 1.059364216792583420e+03
-9.999996849172727025e+02 -9.999996804662009708e+02 3.636201196645351218e-05 1.060441527760028748e+03
-8.899650606097859509e+02 -8.908011913254613319e+02 3.764458185840398485e+00 1.056138241255283447e+03
-7.987066245498328954e+02 -7.992429389870325167e+02 1.498389433560849859e+00 1.049118131649494217e+03
-6.790522358670591530e+02 -6.790431281485646196e+02 4.898132455511682026e-02 1.033715831696987152e+03
-5.657421788374267635e+02 -5.641600886334924780e+02 6.329003238755275262e+00 1.183341353547573135e+03
-4.999877978842851007e+02 -4.999901353279389582e+02 7.577558867690960612e-03 1.041988621246814773e+03
-3.779119220376742305e+02 -3.786083903481323887e+02 7.109594996005125900e+00 1.038073336946964218e+03
-2.693150061944168669e+02 -2.711461999388421873e+02 7.797913054022377111e+00 1.047101377642154603e+03
-1.116817866487886732e+02 -1.174904046524127921e+02 3.023703216620013734e+01 1.050453477549552872e+03
1.367930929565807219e+03 1.361555527341516608e+03 3.789578006620334918e+02 1.045403386199474426e+03
7.168570805997711432e+03 7.329971073993487153e+03 7.999303167988663290e+02 1.027210445249080749e+03
2.024735781548865532e+02 2.025458868988275185e+02 2.618079198814456388e-01 1.092032235550880387e+03
3.458904588625150609e+02 3.502002456676573274e+02 1.350020799064271948e+01 1.033590300941467376e+03
5.596972264754795106e+02 5.866238719662449057e+02 5.805478480601751556e+01 1.036247915744781494e+03
5.029033859724942204e+02 5.029194625606588147e+02 6.164268338850843465e-01 1.061672213947772889e+03
6.107211296053053502e+02 6.105270906616397042e+02 1.197740607649506961e+00 1.054332436943054290e+03
9.771576883254992936e+02 1.000000000000013642e+03 5.918512347421115294e+01 1.072409788548946381e+03
2.098399520502351152e+03 2.200841416442213813e+03 3.149215752156144958e+02 1.051241401243209793e+03
6.039071698831909089e+03 5.935564758480142700e+03 1.764450851900893667e+03 1.054112968349456878e+03
1.233749809075766507e+03 1.234652431819151388e+03 1.286609136268159048e+01 1.195561605894565673e+03
1.352602300553852047e+03 1.351864772005762688e+03 8.170285258007250917e+00 1.195663798344135330e+03
1.524774466593481975e+03 1.535177248378908644e+03 5.647501254384577862e+01 1.201042781496048065e+03
2.222199757973320175e+03 2.251382329988090532e+03 1.911513404742977116e+02 1.199302651190757842e+03
1.700000000000050250e+03 1.700000000000027057e+03 7.217749824340831883e-11 1.106330500793457077e+03
