-1.400000000000000000e+03 -1.399999999999999773e+03 1.761228916715216211e-13 8.946350399494170915e+02
3.916838690158786485e+05 3.972270184502603370e+05 9.079152759222623718e+04 9.792730160951614380e+02
2.042507765429286286e+07 4.743217467276236974e+06 5.026308035826138407e+07 9.658566289544105530e+02
1.271802505778167506e+04 1.188285442973280078e+04 4.462723544040937668e+03 9.864966365933418047e+02
-9.999999983283111078e+02 -9.999999985239344369e+02 4.462240799737785714e-07 9.717079728484153520e+02
-8.842133128480352298e+02 -8.895494315280876663e+02 7.800136115830631489e+00 9.690005662918090366e+02
-7.779121704091140828e+02 -7.834969513998437378e+02 2.067840983695774781e+01 9.515928004503250577e+02
-6.790345622840814030e+02 -6.790294862653432801e+02 6.051338796697745132e-02 9.049490925550460361e+02
-5.840948043458878374e+02 -5.837101120494291990e+02 2.711818457892141154e+00 1.109203930950164704e+03
-4.999650176541240398e+02 -4.999704195325871297e+02 1.803073668781886643e-02 9.072116468429564975e+02
-3.629378202572510190e+02 -3.666689068748273712e+02 1.097105105744971176e+01 9.039952768445015181e+02
-2.477408982067310603e+02 -2.512470692206053400e+02 1.235085218161779963e+01 9.053212494015693892e+02
-7.908740054410152709e+01 -8.390607711164614102e+01 3.475216406853448348e+01 9.302755161523818970e+02
1.711197258044187038e+03 1.696138029771946094e+03 4.449503990412923713e+02 8.993389748930931091e+02
3.607772792896232659e+03 3.556183103119257794e+03 7.131203617710553999e+02 9.003015018105506897e+02
2.005664847463197589e+02 2.003991799688046740e+02 4.262108751527293182e-01 9.689491430401801608e+02
3.654449070472525136e+02 3.656826321631587007e+02 1.846608471921515360e+01 8.985768378496170499e+02
4.747958913105991883e+02 4.761090348580592035e+02 1.266794102052516635e+01 9.280326740026473544e+02
5.029729453379349025e+02 5.031196945061383303e+02 6.578596408168323473e-01 9.746121928572654269e+02
6.139438170107106316e+02 6.150000000000000000e+02 1.403043207753310151e+00 9.131995480060577393e+02
9.743153766509528850e+02 1.000000000000000227e+03 7.341389657281523284e+01 9.322439255952834856e+02
2.620184581041371530e+03 2.556327080084501176e+03 4.839926996146578517e+02 9.310502764463424228e+02
4.495086771537269669e+03 4.475341598913093549e+03 8.475266133110382043e+02 9.155294406533241727e+02
1.251384232195039203e+03 1.251261612192530492e+03 8.284733472523816644e+00 1.118860367345809891e+03
1.360301441443034946e+03 1.360389374469854829e+03 5.252787374415125221e+00 1.119607166945934296e+03
1.519696748346901131e+03 1.539360274195548982e+03 5.068296637510821512e+01 1.123703076195716903e+03
2.053063690202167436e+03 2.058934199046705089e+03 6.930171277325784729e+01 1.122628421354293778e+03
1.700000000000000455e+03 1.700000000000000455e+03 2.033691978340165987e-13 9.588731912493706204e+02
