-1.399999999999999773e+03 -1.399999999999999773e+03 1.136868377216160297e-13 7.137054631590842746e+02
3.428719458749764599e+05 3.754333442504175473e+05 9.922421590431053482e+04 8.660233411550522078e+02
5.235791211844681762e+06 1.856657956703013740e+06 7.582087856475765817e+06 8.226753987550735019e+02
1.972630968090429087e+04 1.205790489176293704e+04 2.281163499886009595e+04 8.627825296998023532e+02
-9.999997112674543587e+02 -9.999997124016392718e+02 3.617209108537577201e-05 8.652419171571731340e+02
-8.868472007776711052e+02 -8.911870834936638630e+02 7.656016921305276668e+00 8.602572114586830594e+02
-7.939328143967851474e+02 -7.954565660831501646e+02 4.911897674372408318e+00 8.025406163454056241e+02
-6.790572017425113245e+02 -6.790413125878560550e+02 5.238965293560167436e-02 8.138760978460311435e+02
-5.644509618574991237e+02 -5.632878564741768059e+02 4.703005393901974251e+00 9.787133940458297729e+02
-4.999781846308222271e+02 -4.999765886390412106e+02 1.332871943678716475e-02 7.290772814035415195e+02
-3.743798186376321269e+02 -3.756235081390334472e+02 6.116159631089781001e+00 7.220704716563225247e+02
-2.514431420344993455e+02 -2.661714122101043927e+02 4.575375107082839321e+01 7.416545110940933228e+02
-1.004086619292033049e+02 -1.118220194955015359e+02 3.729111533901346576e+01 8.050516947031021573e+02
1.646950539635271753e+03 1.670466295651308428e+03 3.098631070744834801e+02 7.230878136515617598e+02
7.154770659292678829e+03 7.506625752451255721e+03 1.229062971465525379e+03 7.984398951530456543e+02
2.025988517765014763e+02 2.026975693159587877e+02 3.372747297557540658e-01 8.553632624983787309e+02
3.599191785968895374e+02 3.573622787774702374e+02 8.282610307353975188e+00 7.193200858950615384e+02
5.768146331255721861e+02 5.964073323569369904e+02 5.260960209783577568e+01 8.122703760504722368e+02
5.026426806459524528e+02 5.026604169286468391e+02 4.903633192334593272e-01 8.624413363933563232e+02
6.123461993194463275e+02 6.117680235095672288e+02 1.631516607613128667e+00 8.136928945899010159e+02
9.721576883254765562e+02 1.000000000000000455e+03 6.123279941266685000e+01 7.659407418966293335e+02
2.370766284747345253e+03 2.333233296157813129e+03 3.652451921043671064e+02 7.846972092509270169e+02
7.249805962524495044e+03 8.102046760487739448e+03 1.742858626073224514e+03 8.205205090999603499e+02
1.249944901268906733e+03 1.245580428657841821e+03 1.452059876644948133e+01 1.009044400298595406e+03
1.353251152987463001e+03 1.350847909568389241e+03 8.394489035806081745e+00 1.008020391404628754e+03
1.550590805617287970e+03 1.576210221076880089e+03 6.538269791665190667e+01 1.009340015506744408e+03
2.272417960148941802e+03 2.319641155389794221e+03 2.036252095271966596e+02 1.010490541899204231e+03
1.700000000000000455e+03 1.700000000000000909e+03 5.184917541096811198e-13 7.903075551033019792e+02
