-1.400000000000000000e+03 -1.400000000000000000e+03 0.000000000000000000e+00 6.501900750398635864e+01
1.934830678045173499e+03 6.845174075109398473e+02 3.044534973314210674e+03 6.510057929754256634e+01
-1.200000000000000000e+03 -1.200000000000000000e+03 0.000000000000000000e+00 6.501595779657364460e+01
-1.100000000000000000e+03 -1.100000000000000000e+03 0.000000000000000000e+00 6.503762415647506145e+01
-9.999999999976644176e+02 -9.999999999999628244e+02 6.461886175095053730e-09 6.509351609945296957e+01
-9.000000000000000000e+02 -9.000000000000000000e+02 2.542114972925207483e-14 6.506281025409698771e+01
-7.999999999931244474e+02 -7.999999999981070005e+02 1.517024506172831172e-08 6.503916544914245890e+01
-6.909998027491649282e+02 -6.999999999490858045e+02 9.950092430484803074e+00 6.503507605791091351e+01
-5.998500175537908490e+02 -5.999999996760615204e+02 2.999642679698875658e-01 6.576947200298309326e+01
-4.999628860192945581e+02 -4.999765775631782390e+02 3.938531103698920260e-02 6.501514090299606607e+01
-4.000000000000000000e+02 -4.000000000000000000e+02 0.000000000000000000e+00 6.515869969129562378e+01
-2.996517643300173859e+02 -3.000000000000000000e+02 4.745652241830684570e-01 6.512506790161133097e+01
-1.998560307635780475e+02 -2.000000000000000000e+02 6.275473525420679488e-01 6.513050880432129475e+01
-9.996878267440186505e+01 -1.000000000000000000e+02 9.365197679442192891e-02 6.503999899625777914e+01
1.154710059547109751e+02 1.004682598839722232e+02 2.978860887555649839e+01 6.502856975793838501e+01
2.000000001222148853e+02 2.000000000837878815e+02 8.683568180795450490e-08 6.528329360485076904e+01
3.014194803454788030e+02 3.020196068559067726e+02 9.271859113696739874e-01 6.506499625444412516e+01
4.019899318219404449e+02 4.021230255339670521e+02 6.153098432273046425e-01 6.506184560060501099e+01
5.000039458688244167e+02 5.000000000000000000e+02 7.891737648810704178e-03 6.515453665256499960e+01
6.000165170467919324e+02 6.000194318197550274e+02 6.938547500843659718e-03 6.513009179830551432e+01
7.500000000148299932e+02 7.500000000987049589e+02 4.999999998597635908e+01 6.514301550388336182e+01
8.000000000006419896e+02 8.000000000005048832e+02 7.173201243545739211e-10 6.514849179983139038e+01
9.794068613101092069e+02 9.000000000142318868e+02 1.103473330843821856e+02 6.512996215820312784e+01
1.000000000000402565e+03 1.000000000000084924e+03 6.569598171165891071e-10 6.586778110265731812e+01
1.110000000003497235e+03 1.100000000002008619e+03 2.999999999883527479e+01 6.591803125143050579e+01
1.200400626688789544e+03 1.200080948985142413e+03 9.390634156354641382e-01 6.598090194463729574e+01
1.360684271325121472e+03 1.400000000000024784e+03 5.210492674281125147e+01 6.592505245208739950e+01
1.410000000007299604e+03 1.400000000006680693e+03 2.999999999767200265e+01 6.522372754812241169e+01
