-1.400000000000000000e+03 -1.400000000000000000e+03 1.525268983755124553e-13 7.125004126548767545e+02
1.307421171376017854e+06 1.104475956279074540e+06 5.511425492677125148e+05 7.019948993921279907e+02
3.263646731994084120e+08 1.428413271545269489e+08 4.532832842798401117e+08 7.023343307018279802e+02
1.658296341936081035e+03 1.099580771887054198e+03 1.164611107909761131e+03 7.054382289052009583e+02
-9.999999978363721311e+02 -9.999999986298536214e+02 1.804060921943335751e-06 6.967532497048377991e+02
-8.776786684048147436e+02 -8.847616459107507580e+02 1.719595604193484206e+01 6.970001564979553450e+02
-6.860610111253236028e+02 -6.897735657488574361e+02 2.575997448537604129e+01 7.103329186558723904e+02
-6.790561027041751458e+02 -6.790356915375009521e+02 9.525490338220528319e-02 6.708118098497391202e+02
-5.717593793325289653e+02 -5.716032106636432673e+02 4.085841257750042921e+00 8.254862458586692355e+02
-4.999053837925240487e+02 -4.999113028062796502e+02 3.643575638335676270e-02 7.023068535566329729e+02
-3.889559567355549348e+02 -3.895529299005204393e+02 4.064742710831386496e+00 7.168692045927048184e+02
-1.280373788328199680e+02 -1.276412339050762910e+02 3.417002176350236908e+01 7.052981667518615723e+02
4.252442689950972010e+01 5.681413072843827194e+01 6.088724419661647147e+01 6.771613649487495650e+02
6.213906275254149705e+02 6.008649265497451779e+02 1.818584643828897072e+02 7.088539209961891174e+02
4.664346588911126673e+03 4.726161211958067724e+03 6.632976267217588884e+02 7.022199566483498074e+02
2.008353572494750381e+02 2.007816601341065734e+02 3.117101341459422303e-01 7.347895558476448059e+02
3.379187153203719731e+02 3.374858279850157601e+02 2.396315548128884032e+00 7.055329098939895403e+02
5.894921132734489220e+02 5.708577582984758010e+02 6.379120738514167499e+01 7.035469465017318953e+02
5.024630473151816545e+02 5.023592494586214343e+02 5.610520929111297850e-01 6.982421597003936995e+02
6.135043016141336238e+02 6.133574635322843278e+02 1.168170191885806064e+00 7.056766537070274126e+02
9.786307533458355010e+02 9.500000001327066457e+02 9.296211844263457635e+01 7.097042438983917236e+02
1.509101781778840405e+03 1.482302365399610153e+03 2.242938624848830784e+02 7.139271780490875017e+02
5.811144506495109454e+03 5.839263567038342444e+03 7.106869113128697109e+02 7.153597048521041870e+02
1.282210953906075247e+03 1.285730648850860689e+03 1.036847953497604813e+01 8.391529341459274747e+02
1.396393677114043840e+03 1.395827522329548174e+03 8.040966194670049916e+00 8.390727030038833618e+02
1.536384484601346003e+03 1.568402455213302346e+03 6.838921228774907490e+01 8.466626917958259355e+02
2.309183849096737504e+03 2.339818307863950395e+03 1.092292810555150879e+02 8.441956215500831604e+02
1.700000000179690005e+03 1.700000000086949740e+03 3.162985573513821949e-07 7.246084815502166521e+02
