-1.399999783211532758e+03 -1.399999931153489797e+03 3.917992330500707989e-04 5.975895879268646382e+01
-9.662880291293442951e+02 -1.238987899140026002e+03 4.901846586482340058e+02 5.992921069860458516e+01
-1.199975861941645690e+03 -1.199992753793211250e+03 4.421164867190159609e-02 5.966597886085510538e+01
-1.099962566655261980e+03 -1.099993934879737481e+03 6.541809683345156667e-02 5.975093774795531942e+01
-9.999970246033793728e+02 -9.999973433391753588e+02 2.110407307365647165e-03 5.982160264253616333e+01
-8.999999974852053128e+02 -8.999999986533732681e+02 4.785542406288152193e-06 5.977507959604263021e+01
-7.999692050125321430e+02 -7.999735667226930218e+02 1.861927181579614912e-02 5.995924741029739380e+01
-6.999374805216655204e+02 -6.999582293588442781e+02 8.429196979108909138e-02 5.988860089778900431e+01
-5.999777199652857007e+02 -5.999796583226263920e+02 5.510655226648101049e-03 6.067197109460830973e+01
-4.999809926780977776e+02 -4.999854672672842639e+02 1.012882376352179127e-02 5.986377044916152812e+01
-3.999996317927451059e+02 -3.999996673807313528e+02 3.139996326669994915e-04 5.992074944972991801e+01
-2.999990103225549660e+02 -2.999996089964353132e+02 1.445322985066979128e-03 5.996109075546264933e+01
-1.999996845323047125e+02 -1.999997601778775334e+02 2.915816257692403659e-04 5.995478875637054728e+01
-9.994567095221829334e+01 -9.999658980057535018e+01 1.127020094557885793e-01 5.987775120735168599e+01
1.010767099277876042e+02 1.003147515955840277e+02 3.604381072418725296e+00 5.988258985280990743e+01
2.001879822577008099e+02 2.001410331855568643e+02 1.495875692409391888e-01 6.002912244796753072e+01
3.002098734939165183e+02 3.000095263149904667e+02 6.040006253640444189e-01 5.988830260038375997e+01
4.002427884808959107e+02 4.000294481460485372e+02 6.140453471073108460e-01 5.993678054809570455e+01
5.000000000247353569e+02 5.000000000046588866e+02 5.437169185844198097e-08 5.980892839431762553e+01
6.000036067507064672e+02 6.000003624062384233e+02 6.868008289801358357e-03 5.984983924627304219e+01
7.002378371154902652e+02 7.001944587109865097e+02 1.701626760101977998e-01 6.001043455600738241e+01
8.000293480133833555e+02 8.000238552525454452e+02 2.384106801664159087e-02 5.999540380239486836e+01
9.250513343494181981e+02 9.000554411227999481e+02 4.330202280401259429e+01 6.002506915330886983e+01
1.000013179903356786e+03 1.000009791550695354e+03 1.171761349159454110e-02 6.087369475364685201e+01
1.100038040994327275e+03 1.100028091800211087e+03 3.205741380793321327e-02 6.085652054548263834e+01
1.200084943351624815e+03 1.200006415979062240e+03 1.507181547685579048e-01 6.091760690212250040e+01
1.316497643901804395e+03 1.301864373767746201e+03 3.508926875279570368e+01 6.090729714632034586e+01
1.400221955482567409e+03 1.400226400294415953e+03 1.451736783852358437e-01 6.019660074710846231e+01
