-1.399999999999821739e+03 -1.399999999999966803e+03 3.222609823575604959e-10 4.437491450309753560e+01
3.847660113636709980e+02 3.714081498229052158e+01 1.493331939370596956e+03 4.464315345287322856e+01
-1.199999999999834699e+03 -1.199999999999982720e+03 3.530071433454227813e-10 4.437253400087356425e+01
-1.099999999999485226e+03 -1.099999999999948159e+03 7.443561881895781112e-10 4.444595224857330606e+01
-9.999999962961301208e+02 -9.999999987990183854e+02 5.156382789167867973e-06 4.445313354730605937e+01
-8.999999999999969305e+02 -8.999999999999995453e+02 8.394600993554273803e-12 4.438330644369125366e+01
-7.999999636672713450e+02 -7.999999712168746555e+02 4.765346480983941399e-05 4.455215330123901651e+01
-6.959999120067076319e+02 -6.999999766096786971e+02 8.000119656161931658e+00 4.449205384254455709e+01
-5.999246935363497641e+02 -5.999996659748602497e+02 2.249055238343629359e-01 4.549617295265197470e+01
-4.999921091399099851e+02 -4.999926039404545577e+02 8.164543708514817796e-03 4.446338094472885416e+01
-3.999999999995055759e+02 -3.999999999999847091e+02 1.721407477303386547e-09 4.454030189514160298e+01
-2.999999999960674586e+02 -2.999999999996400106e+02 1.085642410444379881e-08 4.459219689369201944e+01
-1.999999999975794367e+02 -1.999999999999469367e+02 6.268195142783211078e-09 4.456273354291916178e+01
-9.905287834381688583e+01 -9.999999999277196139e+01 3.631395799212964182e+00 4.446726669073105143e+01
1.212680534301421460e+02 1.003121733455404296e+02 3.708264652250375804e+01 4.450962615013122559e+01
2.000245800444296265e+02 2.000001491304705894e+02 1.055207778191025320e-01 4.482486779689789103e+01
3.009131746748131491e+02 3.000099996117702972e+02 1.007586330096406080e+00 4.448002074956893637e+01
4.014582579994749381e+02 4.020342936464669492e+02 9.281174977025585804e-01 4.454648814201355123e+01
5.000019729344309098e+02 5.000000000000000000e+02 5.918803292763639978e-03 4.444485404491424418e+01
6.000116590947682198e+02 6.000194318197550274e+02 9.519605064886521931e-03 4.443541774749756001e+01
7.050002647562902212e+02 7.000001842710906885e+02 2.179445032071366839e+01 4.467594884634017660e+01
8.000000225215101182e+02 8.000000076502401498e+02 3.897928115402465681e-05 4.468326200246811197e+01
9.543905394115296303e+02 9.000000762015367854e+02 7.131845398235005007e+01 4.466804820299148560e+01
1.000000011568510899e+03 1.000000003938686746e+03 1.881597453337788996e-05 4.568551424741745137e+01
1.100000038716291101e+03 1.100000020877130964e+03 5.798744476813165222e-05 4.568468630313873291e+01
1.200137115831613755e+03 1.200080948985203577e+03 1.755798034816092867e-01 4.575472210645675375e+01
1.345498770341478348e+03 1.302154487900848835e+03 4.930252596159898104e+01 4.575290794372558878e+01
1.400000244109057803e+03 1.400000113993861532e+03 2.935415701701266891e-04 4.478384410142898275e+01
