-1.400000000000000000e+03 -1.400000000000000000e+03 0.000000000000000000e+00 6.430483499765395550e+01
5.698591261380485776e+03 5.334178394079187456e+03 5.107994986229929054e+03 6.433243310451507568e+01
-1.200000000000000000e+03 -1.200000000000000000e+03 0.000000000000000000e+00 6.430328880548476889e+01
-1.100000000000000000e+03 -1.100000000000000000e+03 0.000000000000000000e+00 6.429362514019013020e+01
-9.999999999999678266e+02 -9.999999999999782858e+02 4.564376459766870010e-11 6.434107220172882080e+01
-8.999260513941617319e+02 -8.999886875967831656e+02 1.543665605290122089e-01 6.418587374687194824e+01
-7.983625073639809671e+02 -7.998725429154060294e+02 2.495384478761079716e+00 6.438902760744095133e+01
-6.847990879234896511e+02 -6.799996630731359346e+02 8.062951674048187911e+00 6.432773755788802816e+01
-5.995029545141862855e+02 -5.995462526162680206e+02 4.099255612555137152e-01 6.522460179328918173e+01
-4.988110736373392911e+02 -4.993156445576403257e+02 1.663847319162289562e+00 6.434103664159775349e+01
-3.999502520471453408e+02 -4.000000000000000000e+02 2.168462991415098240e-01 6.447519285678863810e+01
-2.968658837606280372e+02 -2.985075614143600546e+02 3.958311912294245172e+00 6.447614380121231648e+01
-1.976634609509732172e+02 -1.979440450976274519e+02 2.456742886751842825e+00 6.450600745677948566e+01
-8.350439978509777461e+01 -9.968782674401859367e+01 3.717444958108119835e+01 6.431881679296493814e+01
2.031232856168295200e+02 2.173850362087129042e+02 9.456855560522757287e+01 6.426775475740433308e+01
2.009984976096198466e+02 2.007422677733916601e+02 8.261959620839129936e-01 6.457076565027236370e+01
3.014473158062406810e+02 3.020284808836523212e+02 8.786509326619592608e-01 6.437608119249344441e+01
4.027781246394470145e+02 4.025612863643910941e+02 1.380092440500750639e+00 6.432474960088730143e+01
5.000573291421879958e+02 5.000197887054855528e+02 8.817655745971925141e-02 6.425170629024505331e+01
6.000827111524935162e+02 6.000194318197550274e+02 1.079223410575153447e-01 6.436686295270919800e+01
7.800000000000000000e+02 8.000000000000000000e+02 4.000000000000000000e+01 6.441628540754318522e+01
8.591288832731391949e+02 8.000000000000002274e+02 8.282395910748513757e+01 6.442745604515076252e+01
1.057620892878203449e+03 1.032693566029391832e+03 1.045715175827836561e+02 6.441147614717483805e+01
1.023484879568227029e+03 1.003140012053272130e+03 3.498844657895138965e+01 6.545139555931091024e+01
1.160702446220379215e+03 1.200000000000000000e+03 4.858883762065695322e+01 6.548334914445877075e+01
1.224327058715314706e+03 1.200916606553978454e+03 3.959497345704652105e+01 6.562931590080260946e+01
1.437046119197316102e+03 1.443091912698841952e+03 4.323123874806422151e+01 6.551701470613480183e+01
1.465000000000000000e+03 1.500000000000000000e+03 7.262919523166974045e+01 6.504267629384995075e+01
