-1.400000000000000000e+03 -1.400000000000000000e+03 0.000000000000000000e+00 2.333809684514999390e+02
1.755665887305208889e+05 1.218451649304989551e+05 1.309691455005482567e+05 2.424021040558814946e+02
3.467268460979005694e+07 8.216439837170789018e+06 7.761230088439193368e+07 2.422083833575248661e+02
6.859668378654164371e+03 6.324685833420445306e+03 6.568916483867102215e+03 2.421243921995163078e+02
-9.999999999999545253e+02 -9.999999999999571401e+02 2.427541445258956969e-11 2.382664635062217826e+02
-8.896696075012671372e+02 -8.901875724738217741e+02 1.587709295404388143e+01 2.414163548469543343e+02
-7.354585034914632615e+02 -7.471948983709005461e+02 2.853499914860998743e+01 2.420218803524971065e+02
-6.795123588340180731e+02 -6.795387926259611504e+02 1.324900351067346549e-01 2.358803843975067025e+02
-5.938102156429940806e+02 -5.931418443921454582e+02 2.201110991763322478e+00 2.566469590425491560e+02
-4.990295169541236646e+02 -4.990520142164186836e+02 5.101003159646890772e-01 2.367478758454322758e+02
-3.971643674429570865e+02 -3.975126023572667577e+02 2.462899045490403616e+00 2.367505751013755741e+02
-2.653261071237970441e+02 -2.666486395214209892e+02 1.351234829240922330e+01 2.366051949501037654e+02
-1.492389749496485365e+02 -1.475509014972828368e+02 1.504411723323089767e+01 2.327381026029586906e+02
2.890554827082051048e+01 3.160417902121730549e+01 1.124138750501899295e+02 2.350137596487998906e+02
1.265024809208288616e+03 1.258927963559436421e+03 4.329405414913499044e+02 2.357961640000343380e+02
2.005929114664881183e+02 2.005653075183039391e+02 2.168327976951423541e-01 2.449822903037071171e+02
3.120861324018868572e+02 3.121769244617212848e+02 3.949923222688451308e+00 2.358194974422454777e+02
4.474626995580168796e+02 4.383588312020053763e+02 2.336801673959122283e+01 2.426755541086196786e+02
5.006998221433226490e+02 5.006226561673520337e+02 2.837238610901022806e-01 2.410146219491958561e+02
6.035735506705889293e+02 6.037340141446217103e+02 5.978239991941645126e-01 2.420725232601165828e+02
1.000000000000000000e+03 1.000000000000000114e+03 1.164943428871038043e-13 2.393449394464492741e+02
1.040582097387996328e+03 1.024454676878463715e+03 1.296854958500328792e+02 2.392986285567283744e+02
2.320665320943430743e+03 2.286170655921417620e+03 2.478202987911401749e+02 2.393325303077697868e+02
1.221465444937685334e+03 1.221665481757871930e+03 3.727687678929204829e+00 2.576073049426078683e+02
1.319766851327673521e+03 1.319884517509797206e+03 4.315198365305195516e+00 2.579216490983963013e+02
1.399931141859970467e+03 1.400027604981544300e+03 5.040019646017909594e+01 2.591195086002350081e+02
1.851619234523383511e+03 1.864807909407325496e+03 6.978309401887207741e+01 2.575005282521248091e+02
1.744877457546640699e+03 1.700000000000000227e+03 1.470732966979288676e+02 2.428252030491829032e+02
