-1.400000000000000000e+03 -1.400000000000000000e+03 0.000000000000000000e+00 4.579218364953995035e+01
3.876924517484921580e+03 2.184498112863770075e+03 4.829645664712527832e+03 4.591050285100936890e+01
-1.200000000000000000e+03 -1.200000000000000000e+03 0.000000000000000000e+00 4.574774481058121012e+01
-1.100000000000000000e+03 -1.100000000000000000e+03 0.000000000000000000e+00 4.578543844223022319e+01
-9.999999999999843112e+02 -9.999999999999904503e+02 2.296673909461342633e-11 4.583389915227890299e+01
-8.999999998085213520e+02 -8.999999999995579856e+02 5.700646542031688514e-07 4.579492589235305644e+01
-7.999619927459182236e+02 -8.000000000000000000e+02 1.616792774608087901e-01 4.583779745101928427e+01
-6.909997250815431471e+02 -7.000000000000000000e+02 9.950178318698155167e+00 4.578612099885940268e+01
-5.997699754123766525e+02 -6.000000000000000000e+02 3.602374148811852139e-01 4.672370870113373087e+01
-4.998350229716756985e+02 -4.998927377069297791e+02 1.683507634111801321e-01 4.582917089462280558e+01
-4.000000000000000000e+02 -4.000000000000000000e+02 0.000000000000000000e+00 4.589890589714050151e+01
-2.987065539814515773e+02 -2.990050409429067031e+02 1.637907625525367283e+00 4.592485659122466757e+01
-1.985814938046429745e+02 -2.000000000000000000e+02 1.605385091941478715e+00 4.591603105068206503e+01
-9.734593900718104464e+01 -1.000000000000000000e+02 7.983344011018154163e+00 4.575983026027679301e+01
1.406328241625870703e+02 1.167572201841821879e+02 6.463522404274768007e+01 4.575269019603729248e+01
2.006089194221178786e+02 2.000781967325076494e+02 9.172509710512775083e-01 4.600937304496765279e+01
3.016391732572520823e+02 3.020261251853318072e+02 8.186455581153310179e-01 4.582591135501861856e+01
4.016566158459760345e+02 4.020357486471175434e+02 9.395178327058557599e-01 4.586284945011139058e+01
5.000260661380237366e+02 5.000197293441220268e+02 3.000012205153310824e-02 4.582568985223770142e+01
6.000243359650063439e+02 6.000194318197550274e+02 3.084520585462907638e-02 4.577056349515915201e+01
7.850000000000000000e+02 8.000000000000000000e+02 3.570714214271424680e+01 4.587361334562301352e+01
8.324043388827479930e+02 8.000000000000000000e+02 6.333402303735243066e+01 4.590501409769058228e+01
1.095760331724206026e+03 1.182490187298107912e+03 1.147361977694714454e+02 4.585667970180511333e+01
1.006463305834194216e+03 1.003140003564583822e+03 8.256428929525259974e+00 4.689527760744094564e+01
1.129256194401194762e+03 1.100000000000000000e+03 4.211061706670008675e+01 4.687154115438461588e+01
1.204531819944983226e+03 1.200435134724740237e+03 9.915869109110017732e+00 4.699084844589233256e+01
1.386030270688140490e+03 1.405137812343155701e+03 5.386137531395062439e+01 4.693507325649261475e+01
1.440000000000000000e+03 1.400000000000000000e+03 4.898979485566356118e+01 5.001187254190445231e+01
