-1.399999999999950205e+03 -1.399999999999998636e+03 9.930901556763958730e-11 5.817786204814910889e+01
2.317260558524189378e+02 -9.659367472463737840e+02 2.536227340941628427e+03 5.841803790330887125e+01
-1.200000000000000000e+03 -1.200000000000000000e+03 3.410605131648480892e-13 5.814717684984206869e+01
-1.099999999999999545e+03 -1.100000000000000000e+03 1.570360532226187111e-12 5.822522230148315714e+01
-9.999999996884595248e+02 -9.999999999006906819e+02 5.698236366413803463e-07 5.824691059589385844e+01
-8.999999999999994316e+02 -9.000000000000000000e+02 2.526176790898827187e-12 5.823097574710845947e+01
-7.999999945991015693e+02 -7.999999993063970578e+02 9.554848710033960374e-06 5.828133900165558146e+01
-6.949998572915870909e+02 -6.999999948170611788e+02 8.660490143287233877e+00 5.823899270296097086e+01
-5.998874785242213648e+02 -5.999999633668105616e+02 2.677616958154904747e-01 5.897347505092621134e+01
-4.999926024809016667e+02 -4.999926039596529108e+02 9.677691119609987264e-03 5.828483430147171163e+01
-3.999999999999906777e+02 -3.999999999999994316e+02 2.636436740618498210e-11 5.834497270584106587e+01
-2.999005040942682285e+02 -2.999999999999994316e+02 2.984877171205302937e-01 5.835806930065155029e+01
-1.999999999993742676e+02 -1.999999999999951115e+02 2.228235847272731000e-09 5.834164299964904643e+01
-9.984391337044186798e+01 -9.984391337196046834e+01 1.560866295376912571e-01 5.829051259756088399e+01
1.052456873384000176e+02 1.003121732563842556e+02 7.571982269598512616e+00 5.830921175479888774e+01
2.000485665928732715e+02 2.000000134275011590e+02 1.607347809830890484e-01 5.849647624492645548e+01
3.011179808316977073e+02 3.020196068559100695e+02 1.010327298786088068e+00 5.825560259819030762e+01
4.016413402752218644e+02 4.020498249119226557e+02 8.136841959618000830e-01 5.831787239313125326e+01
5.000019729344122652e+02 5.000000000000000000e+02 5.918803236659186430e-03 5.831230069398880289e+01
6.000126306828522047e+02 6.000194318197550274e+02 9.268387294264199272e-03 5.825193589925765991e+01
7.200000188173104334e+02 7.000000195241417487e+02 3.999999219657046723e+01 5.840704150199890421e+01
8.000000042547574139e+02 8.000000021673508854e+02 6.442173937801246292e-06 5.843194739818572714e+01
9.878312191640476385e+02 9.500000072123275459e+02 1.074616283741099636e+02 5.840467784404754781e+01
1.000000002600787070e+03 1.000000000389988372e+03 5.716994663436421315e-06 5.912013609409332560e+01
1.105000002542340781e+03 1.100000002378809995e+03 2.179449414000777452e+01 5.909811260700225688e+01
1.200150777664412999e+03 1.200080948985145369e+03 1.889628255095530118e-01 5.917381974458694316e+01
1.340749389022909781e+03 1.302154482097540495e+03 4.838670923902937915e+01 5.916794184446334981e+01
1.400000041796649157e+03 1.400000014117225419e+03 6.234290979731438363e-05 5.847563940286636353e+01
