-1.400000000000000000e+03 -1.400000000000000000e+03 0.000000000000000000e+00 6.383079149723052836e+01
3.657005339851372355e+03 2.095908181586147293e+03 3.936903726020560953e+03 6.406359978914261433e+01
-1.200000000000000000e+03 -1.200000000000000000e+03 0.000000000000000000e+00 6.378689979314803793e+01
-1.100000000000000000e+03 -1.100000000000000000e+03 0.000000000000000000e+00 6.387487914562225200e+01
-9.999999999999876081e+02 -9.999999999999959073e+02 1.569759597964391209e-11 6.387875014543533325e+01
-9.000000000000000000e+02 -9.000000000000000000e+02 4.177121143328312503e-13 6.391014835834503316e+01
-7.999999985611167403e+02 -8.000000000000000000e+02 6.271946918596794196e-06 6.394674434661865092e+01
-6.939998965859551845e+02 -7.000000000000000000e+02 9.165309358374141624e+00 6.389124264717101909e+01
-5.997665941604541331e+02 -6.000000000000000000e+02 3.274250805591714664e-01 6.473110644817352011e+01
-4.999570940970681363e+02 -4.999704158387879147e+02 4.379699227252288607e-02 6.392552080154418803e+01
-3.999502520471453408e+02 -4.000000000000000000e+02 2.168462991415098517e-01 6.402434804439545246e+01
-2.994030245657440332e+02 -2.995025204714533515e+02 6.599811748288522129e-01 6.402855044603347778e+01
-1.989722333893084851e+02 -2.000000000000000000e+02 1.189031879086621668e+00 6.403751515150069906e+01
-9.895922637440297365e+01 -9.968782674401859367e+01 3.611072693232205033e+00 6.394142154455185079e+01
1.210766549298823520e+02 1.169133068121728911e+02 2.943809633710154827e+01 6.390667710304260396e+01
2.001054962330304932e+02 2.000000000000012506e+02 4.593178404699383433e-01 6.417452145814895914e+01
3.016293309084281304e+02 3.020227481771768225e+02 8.110701443971832791e-01 6.396525079011917114e+01
4.018172100225241365e+02 4.021560484585095310e+02 8.642630160148933038e-01 6.395806729793548584e+01
5.000123336281757247e+02 5.000049602170739718e+02 1.524198839472767214e-02 6.387008974552154683e+01
6.000155454558042720e+02 6.000194318197550274e+02 7.772727902010957354e-03 6.390499539375305460e+01
7.550000000000000000e+02 8.000000000000000000e+02 4.974937185533099893e+01 6.403868459463119223e+01
8.090656074332066510e+02 8.000000000000000000e+02 2.735686454778565846e+01 6.402897100448608114e+01
1.041865561068480929e+03 1.000000000000000000e+03 1.307964367344146126e+02 6.403739500045776367e+01
1.000000000000000000e+03 1.000000000000000000e+03 0.000000000000000000e+00 6.486783095598221394e+01
1.115000000000000000e+03 1.100000000000000000e+03 3.570714214271424680e+01 6.489614465236664387e+01
1.201270594554587660e+03 1.200435134724740237e+03 3.269276634403350812e+00 6.495259310007095621e+01
1.395001315613369115e+03 1.400000000000000000e+03 4.112831775890823849e+01 6.491284664869309040e+01
1.425000000000000000e+03 1.400000000000000000e+03 4.330127018922193116e+01 6.586502134799957275e+01
