-1.399999999999999773e+03 -1.400000000000000000e+03 1.139139844769974726e-12 2.579598289728164673e+01
1.206111796174584470e+03 1.173340640482540493e+02 2.918357710701754968e+03 2.607901849746703959e+01
-1.200000000000000000e+03 -1.200000000000000000e+03 0.000000000000000000e+00 2.581248450279235840e+01
-1.100000000000000000e+03 -1.100000000000000000e+03 0.000000000000000000e+00 2.584387215375900126e+01
-9.999999991903765704e+02 -9.999999999993037818e+02 2.804617962375310501e-06 2.584690315723419118e+01
-9.000000000000000000e+02 -9.000000000000000000e+02 0.000000000000000000e+00 2.587519525289535594e+01
-7.999999994908612280e+02 -7.999999998121152203e+02 1.392126895464072436e-06 2.590530655384063863e+01
-6.939998614762870375e+02 -6.999999992295458924e+02 9.165361722227263641e+00 2.584877359867095947e+01
-5.998372617800711168e+02 -5.999999859762810956e+02 3.291758772969694546e-01 2.681682729721069336e+01
-4.999929727761798972e+02 -4.999926039596658711e+02 7.651377945335683002e-03 2.589528044462203837e+01
-3.999999999999998863e+02 -4.000000000000000000e+02 2.471218194760258253e-13 2.597227175235748220e+01
-2.998507561414222664e+02 -3.000000000000000000e+02 3.552714447723425706e-01 2.598321409225463796e+01
-1.999999999999999147e+02 -2.000000000000000000e+02 1.670606708294780431e-13 2.599843834638595652e+01
-9.984391337200632677e+01 -9.999999999999931788e+01 2.094121863381281368e-01 2.586519869565963603e+01
1.036167913044394453e+02 1.003121732559918655e+02 6.572786433285031649e+00 2.588896404504776072e+01
2.000001169621578185e+02 2.000000004697369604e+02 5.030240576877555332e-04 2.620152840614318990e+01
3.013196936813631623e+02 3.020196068559377522e+02 9.663804240778819388e-01 2.584981335401534963e+01
4.010442735001618075e+02 4.004754685609046305e+02 1.029067713552087371e+00 2.594035804271697998e+01
5.000064120368372755e+02 5.000000000000000000e+02 1.258470821451283111e-02 2.593925595283508301e+01
6.000116590918531756e+02 6.000194318197550274e+02 9.519608634640606276e-03 2.590518316030502177e+01
7.150000053299318097e+02 7.000000028001392138e+02 3.570714037191503110e+01 2.603118278980254985e+01
8.000000002517327857e+02 8.000000000481857114e+02 4.224420689959584921e-07 2.604642300605773997e+01
9.979907680189141956e+02 9.500000007406856639e+02 1.158077357613103260e+02 2.599502985477447581e+01
1.000000000180003553e+03 1.000000000048366019e+03 3.302051432486786034e-07 2.698480379581451416e+01
1.100000000738435801e+03 1.100000000121008952e+03 1.852569436037852569e-06 2.698646305799484324e+01
1.200166967460748083e+03 1.200080948985143550e+03 1.785308596350295152e-01 2.708302899599075175e+01
1.351446384149855248e+03 1.351509027147011238e+03 5.073724407893411836e+01 2.704434325695037700e+01
1.400000009102647482e+03 1.400000001253800747e+03 1.958316377880640975e-05 2.613246999979019236e+01
