-1.400000000000000000e+03 -1.400000000000000000e+03 1.607774677692185771e-13 7.676806364059448242e+02
4.285250704205001821e+05 4.337041697337488877e+05 1.539170216264799528e+05 8.567685962438583829e+02
3.350704345696191303e+06 3.995727765686009661e+04 6.655417438327853568e+06 8.366218577504157565e+02
1.053402190504838109e+04 1.029511798379651736e+04 3.498262761140577823e+03 8.546957225561142195e+02
-9.999996985789741757e+02 -9.999996993343213489e+02 4.400805073227575083e-05 8.555683866977691423e+02
-8.901177836062527149e+02 -8.909707080663124543e+02 3.801691743503063936e+00 8.520064248442649841e+02
-7.969835580620640485e+02 -7.982388264498327999e+02 3.888772338311749177e+00 8.152987069010735013e+02
-6.790578490272461067e+02 -6.790562749838007903e+02 4.023520138033152144e-02 8.118672778010368347e+02
-5.659930299084077205e+02 -5.648113691851266367e+02 4.020596334627316359e+00 9.892392465472221375e+02
-4.999887833683908980e+02 -4.999901427153921531e+02 9.877239353232562455e-03 7.833361684083938599e+02
-3.763199918307430494e+02 -3.766184747528553203e+02 6.081458515057901693e+00 7.786937675476074219e+02
-2.714439531082130657e+02 -2.711462024577517695e+02 6.541487889763680563e+00 8.085026223540305637e+02
-1.208506390537087043e+02 -1.250614267038657346e+02 2.171165230975666205e+01 8.422858396530151595e+02
1.344760304499421636e+03 1.308002972660385240e+03 3.349177755951535573e+02 8.177668171405791782e+02
7.321328236636378278e+03 7.500661374937254550e+03 7.030624683623278770e+02 8.000259894967078935e+02
2.025117272299446824e+02 2.025806242687195606e+02 2.846205363015939516e-01 8.656016680002212524e+02
3.547178811068823165e+02 3.532160615168307913e+02 5.248650731456513618e+00 7.724097227573395230e+02
5.722090132633866233e+02 5.936708459593273801e+02 5.090468275466584913e+01 8.153692229032516252e+02
5.025784675374104040e+02 5.025679530009534801e+02 4.249494157283299489e-01 8.558053595066070329e+02
6.109490206470302383e+02 6.104698535990639812e+02 1.517987356511391495e+00 8.402067065477370988e+02
1.001473064976429328e+03 1.000000000000000455e+03 7.121643215898178880e+01 8.467570401072501909e+02
2.106487732164469435e+03 2.018457663968616544e+03 3.934093306928078846e+02 8.371751116991042636e+02
6.467369510561443349e+03 7.635977507863413848e+03 1.833673815228625699e+03 8.450202736973762967e+02
1.236855072700873279e+03 1.237581527859642620e+03 7.340525752150528938e+00 1.002399398410320259e+03
1.350434922564923227e+03 1.352445484628501163e+03 6.617130132173102197e+00 1.002799939000606514e+03
1.487493598867397168e+03 1.531925481664639619e+03 8.016785465601194005e+01 1.009491326498985245e+03
2.228865027639993059e+03 2.248171327629994266e+03 2.317733763405050524e+02 1.007755626845359757e+03
1.700000000000000455e+03 1.700000000000000909e+03 4.575806951265373407e-13 8.744535051941871870e+02
