-1.399999999999999773e+03 -1.400000000000000000e+03 6.933965179076452516e-13 7.105881030559540079e+01
2.919006798625276133e+03 8.699896924133128095e+02 4.054428309077199629e+03 7.125842870473861979e+01
-1.200000000000000000e+03 -1.200000000000000000e+03 0.000000000000000000e+00 7.105822139978408813e+01
-1.100000000000000000e+03 -1.100000000000000000e+03 0.000000000000000000e+00 7.111642820835113810e+01
-9.999999999955568910e+02 -9.999999999999763531e+02 1.741468062228102122e-08 7.104124020338058187e+01
-9.000000000000000000e+02 -9.000000000000000000e+02 0.000000000000000000e+00 7.110056840181350424e+01
-7.999999999136798579e+02 -7.999999999894644134e+02 1.264428926238961940e-07 7.116825469732285114e+01
-6.929997773505498344e+02 -6.999999999012909484e+02 9.539695186035034524e+00 7.109119470119476603e+01
-5.998500143856573459e+02 -5.999999994350851011e+02 2.999625153400279354e-01 7.203246359825133993e+01
-4.999873008361474831e+02 -4.999926039596658711e+02 1.358092938360146336e-02 7.115082864761352255e+01
-3.999999999999998863e+02 -4.000000000000000000e+02 3.956644958474238508e-13 7.121042629480362507e+01
-2.998507561414355678e+02 -3.000000000000000000e+02 3.552714447779470319e-01 7.123104884624481770e+01
-2.000000000000000000e+02 -2.000000000000000000e+02 0.000000000000000000e+00 7.126226569414139078e+01
-9.992195668600425051e+01 -9.999999999999994316e+01 1.351749850310756673e-01 7.114804815053939535e+01
1.106387070514433901e+02 1.003121732559820316e+02 2.123778729604481086e+01 7.117640279531478598e+01
2.000268869320848921e+02 2.000000000462595722e+02 7.989376525060205847e-02 7.139046084880828857e+01
3.015768232952309518e+02 3.020197639804966911e+02 8.183610317033854775e-01 7.113990535736084553e+01
4.015837780272231612e+02 4.020261441882989288e+02 8.538038261880019908e-01 7.116357049942016033e+01
5.000024689561195146e+02 5.000000000000000000e+02 6.144079126464126704e-03 7.117426645755767822e+01
6.000155454558041583e+02 6.000194318197550274e+02 7.772727902010956487e-03 7.115033454895019815e+01
7.200000035372161165e+02 7.000000032936554817e+02 3.999999832566015812e+01 7.127749569416046427e+01
8.135325207776820662e+02 8.000000000206614459e+02 4.665227835436109416e+01 7.127921304702758221e+01
1.016955726929927550e+03 1.000000000007196491e+03 1.052317336332152422e+02 7.125237605571746258e+01
1.000000000031789227e+03 1.000000000001376520e+03 8.266805419630752884e-08 7.217960054874420450e+01
1.100000000131258730e+03 1.100000000015488013e+03 2.396678973313174893e-07 7.217651319503784180e+01
1.200147527579731559e+03 1.200080948985142413e+03 2.271432553424268252e-01 7.228470870256424519e+01
1.353601970126967899e+03 1.360614719410236376e+03 4.986353983476499252e+01 7.223466290235519693e+01
1.400000001274155238e+03 1.400000000123521204e+03 3.070790271910133369e-06 7.136989579200744060e+01
