-1.399999999999999773e+03 -1.399999999999999773e+03 1.016845989170082993e-13 6.839367604970932462e+02
5.769176502223837888e+05 5.783468980778830592e+05 1.807083484072927677e+05 8.590737403512000583e+02
1.357573654395212233e+08 5.783173561577905715e+07 1.467493855538304746e+08 8.499826456546783220e+02
1.424789969692133018e+05 1.465692815221717465e+05 4.659566371372395952e+04 7.811737453460693814e+02
-9.999994088644895101e+02 -9.999994016640796417e+02 4.474615909161072961e-05 8.588629621982574918e+02
-8.796241144678846240e+02 -8.862867802913040123e+02 1.319245423829612029e+01 8.555232311964034579e+02
-6.867264126861050499e+02 -6.966020789456309785e+02 3.904992513393675324e+01 8.444532045483589400e+02
-6.790687370098710289e+02 -6.790646786045947465e+02 4.567590023486117756e-02 7.994216030478477251e+02
-5.607077983729816424e+02 -5.580243768544980867e+02 5.904458663715415945e+00 9.248634456515312650e+02
-4.995418540182078004e+02 -4.994959138014577320e+02 1.682961306242351796e-01 7.090283825397491455e+02
-3.124702995816979296e+02 -3.184135719039057335e+02 2.298995211561377161e+01 7.002983572006226041e+02
-1.727640832356389069e+02 -2.082659571825525688e+02 7.575002917413982573e+01 7.115227134585380782e+02
3.103037074259570360e+01 4.608080880676632773e+01 3.736463453229726639e+01 7.481212797522545088e+02
2.092716205140939110e+03 2.106235134198201195e+03 3.813001813844660433e+02 7.380567089438438870e+02
7.489624663986336600e+03 7.921323955574034699e+03 1.209003925221938744e+03 7.312355952978134610e+02
2.029812801493203551e+02 2.029963298650163210e+02 3.929807054709857916e-01 7.809886463522910844e+02
3.881490406176701526e+02 3.816003627549650332e+02 2.598290313996353618e+01 7.548762925505637895e+02
6.160984422945307415e+02 6.392515258106961937e+02 6.665929824018557781e+01 7.451651505947113492e+02
5.036867734558510961e+02 5.035030831818957040e+02 1.084527985493216384e+00 8.587921072959900357e+02
6.145400440474475090e+02 6.150000000000000000e+02 8.567618706271503681e-01 7.143083778023719788e+02
9.750000000000025011e+02 1.000000000000002274e+03 4.330127018922199511e+01 7.195163352966308139e+02
3.017966818034393327e+03 3.061358548200808400e+03 5.079555781770289968e+02 7.420018113017082442e+02
9.245321570357667952e+03 9.244019829638949886e+03 3.275644784572478443e+02 7.678388126015663602e+02
1.273715724817462615e+03 1.273660187836123441e+03 1.314532742337253168e+01 9.936967409968376614e+02
1.380762370630020541e+03 1.376837328531176809e+03 1.157813822040434637e+01 1.001087309896945953e+03
1.543751241902967649e+03 1.564204311896863601e+03 7.489563480837399823e+01 9.791041559576988220e+02
2.510042014538700187e+03 2.651536606558962376e+03 1.981035886551246108e+02 9.649655297040939104e+02
1.700000000000004320e+03 1.700000000000004547e+03 1.484037863709156285e-12 7.458979581952095259e+02
