-1.400000000000000000e+03 -1.400000000000000000e+03 2.690321608997517573e-13 4.685377265214920328e+01
8.670175001234467800e+02 -8.629962023552525352e+02 2.927650018834744515e+03 4.715345925092697144e+01
-1.199999999999990450e+03 -1.199999999999998636e+03 1.661213297515329248e-11 4.687170020341873311e+01
-1.099999999999968622e+03 -1.099999999999993179e+03 5.034630304760773813e-11 4.693906130790710307e+01
-9.999999998875530309e+02 -9.999999998910215027e+02 1.003559735468719829e-07 4.702689319849014282e+01
-9.000000000000000000e+02 -9.000000000000000000e+02 0.000000000000000000e+00 4.685488669872283651e+01
-7.999999960102425121e+02 -7.999999984252300465e+02 6.947676663715155990e-06 4.701236189603805826e+01
-6.929999216970912812e+02 -6.999999936942824661e+02 9.539493421990476563e+00 4.697075614929199361e+01
-5.998512823598806563e+02 -5.999999631368900737e+02 3.100606692220471694e-01 4.806031595468520834e+01
-4.999892732730170906e+02 -4.999913696204091593e+02 9.464146533197187461e-03 4.697837680578231812e+01
-3.999999999999994884e+02 -3.999999999999998295e+02 1.298222052684668465e-12 4.707637474536895894e+01
-2.997015122828603921e+02 -2.999999999999928377e+02 5.539697580548881284e-01 4.709447959661483907e+01
-1.999999999999798206e+02 -1.999999999999981810e+02 6.142832820253824169e-11 4.710703359842300131e+01
-9.996878267440050081e+01 -9.999999999999874944e+01 9.365197679430822819e-02 4.695767449140548422e+01
1.056885486607666280e+02 1.003121732572704445e+02 1.665016743582622638e+01 4.703092499971389628e+01
2.000485169605731244e+02 2.000000729962428636e+02 2.110604231137570286e-01 4.733397040367126607e+01
3.013132352952594033e+02 3.020196068559148443e+02 9.636517968024581604e-01 4.701546760797500468e+01
4.009484796798748789e+02 4.002506367254006818e+02 9.532365870838839239e-01 4.699107450246810913e+01
5.000019729344127200e+02 5.000000000000000000e+02 5.918803237972268885e-03 4.708235610723495768e+01
6.000145738648167253e+02 6.000194318197550274e+02 8.414224774462417469e-03 4.697468584775924683e+01
7.200000088860359710e+02 7.000000099811209111e+02 3.999999695676207523e+01 4.718925155401230143e+01
8.100000003462084806e+02 8.000000002875152632e+02 2.999999991340307659e+01 4.718105274438858032e+01
1.004244025043900933e+03 1.000000000600606427e+03 1.059622176274857424e+02 4.717250255346298360e+01
1.000000000201120429e+03 1.000000000105721710e+03 2.915167245805288870e-07 4.821912850141525553e+01
1.100000002098768618e+03 1.100000001274949682e+03 2.911562786656105899e-06 4.821589475870132446e+01
1.200619240454926967e+03 1.200080948985395025e+03 1.253633047792010569e+00 4.833901319503784322e+01
1.351802714508375175e+03 1.353659738759838547e+03 4.929279110733753555e+01 4.826689885854720785e+01
1.400000007883820672e+03 1.400000004328589512e+03 1.152727521535520340e-05 4.728361115455627584e+01
