-1.399999999999995907e+03 -1.400000000000000000e+03 1.373033926817096834e-11 2.309150589704513479e+01
2.452041831138887119e+03 1.902727690705758505e+03 3.361248996020421146e+03 2.322464305162429810e+01
-1.200000000000000000e+03 -1.200000000000000000e+03 5.084229945850414966e-14 2.304587424993514944e+01
-1.100000000000000000e+03 -1.100000000000000000e+03 0.000000000000000000e+00 2.309168879985809397e+01
-9.999999999089735638e+02 -9.999999999940630460e+02 2.170426662859847128e-07 2.305385919809341289e+01
-9.000000000000000000e+02 -9.000000000000000000e+02 0.000000000000000000e+00 2.311866320371627737e+01
-7.999999997221791546e+02 -7.999999997656088908e+02 2.345956435538307923e-07 2.316479159593582082e+01
-6.900657645306986296e+02 -6.906587056183343520e+02 9.938164509619843656e+00 2.304534360170364238e+01
-5.997997335682019866e+02 -5.999999657433803577e+02 3.505159959034060413e-01 2.368103950023651194e+01
-4.999923561109899310e+02 -4.999926039596658143e+02 7.516150930895457161e-03 2.315529534816742085e+01
-3.999999999999930083e+02 -4.000000000000000000e+02 3.058802151944914192e-11 2.318061280250549316e+01
-2.999999999999842544e+02 -3.000000000000000000e+02 5.568875216998720614e-11 2.321897259950637959e+01
-1.999999999999930367e+02 -1.999999999999998295e+02 2.234944965857606284e-11 2.320933614969253611e+01
-9.815258269056644735e+01 -9.968782674401819577e+01 4.972030851978281873e+00 2.310915135145187449e+01
1.052769046600418505e+02 1.003121732559832822e+02 7.619229581958195219e+00 2.316936775445937968e+01
2.000377860780500896e+02 2.000000011650194551e+02 1.177433581803822155e-01 2.330565569400787496e+01
3.014245321952077461e+02 3.020197639805393237e+02 9.305420800883456023e-01 2.310807659626006938e+01
4.014333236397331461e+02 4.020028016568804219e+02 8.752199420070301272e-01 2.318393305540084981e+01
5.000000000000000000e+02 5.000000000000000000e+02 0.000000000000000000e+00 2.314735200405120708e+01
6.000087443188911038e+02 6.000000000000109139e+02 9.667208267183617296e-03 2.315459609031677246e+01
7.050000204157432790e+02 7.000000030142650758e+02 2.179449065573065525e+01 2.323897330760955882e+01
8.040656093594795948e+02 8.000000002708088687e+02 1.772157150353899269e+01 2.322822535037994385e+01
9.814980381625888413e+02 9.000000047298964319e+02 1.087115953496167435e+02 2.318609774112701416e+01
1.000000000279718506e+03 1.000000000091286779e+03 4.454386707523584236e-07 2.379456489086151194e+01
1.105000002336728585e+03 1.100000000298509349e+03 2.179449423655955798e+01 2.380702714920044016e+01
1.200146730215466960e+03 1.200040474492903741e+03 1.912680343163402907e-01 2.385945780277252126e+01
1.330923380321609329e+03 1.301224192284780202e+03 4.523349857357044357e+01 2.382720814943313670e+01
1.405000005335860351e+03 1.400000001267437256e+03 2.179449369291004501e+01 2.329836730957031321e+01
