-1.400000000000000000e+03 -1.400000000000000000e+03 0.000000000000000000e+00 7.147676280736922649e+01
3.041822101100936379e+03 1.459734681790595687e+03 4.590072269097297067e+03 7.176683250665664104e+01
-1.200000000000000000e+03 -1.200000000000000000e+03 0.000000000000000000e+00 7.150067204236984253e+01
-1.100000000000000000e+03 -1.100000000000000000e+03 0.000000000000000000e+00 7.153644815683364300e+01
-9.999999999999852207e+02 -9.999999999999949978e+02 2.350145077488749479e-11 7.154355994462966351e+01
-8.999999999999890861e+02 -8.999999999999993179e+02 2.892211920630407986e-11 7.166023294925689413e+01
-7.999991103167901656e+02 -8.000000000000000000e+02 3.554047870381336731e-03 7.159347624778747843e+01
-6.939996848587613840e+02 -7.000000000000000000e+02 9.165632810208165893e+00 7.158053770065308186e+01
-5.997505494674855981e+02 -5.999954492709133547e+02 3.396499585902910678e-01 7.241570229530334757e+01
-4.998542556354402109e+02 -4.999469934021784638e+02 3.118034392622527351e-01 7.158427464962005615e+01
-3.998507561414360225e+02 -4.000000000000000000e+02 3.552714447781128992e-01 7.167842954397201538e+01
-2.983583183114689632e+02 -2.990050409429067031e+02 1.581795569184859307e+00 7.165927239656448933e+01
-1.980153115366882730e+02 -1.975323301845940591e+02 1.382715408900309528e+00 7.161503529548645020e+01
-9.350480765749924217e+01 -9.968782674401859367e+01 1.358085043306504325e+01 7.153500800132751181e+01
1.732170339111364115e+02 1.665709773656562902e+02 6.717646575843969003e+01 7.154055010080337240e+01
2.005081926199507052e+02 2.000009088111644928e+02 7.891025134406236541e-01 7.190947960615157797e+01
3.014455600919040990e+02 3.020211382353943463e+02 9.470084988335659704e-01 7.158981230258942219e+01
4.021489806548379988e+02 4.022900125323817520e+02 9.084756541231840954e-01 7.164221984148025513e+01
5.000315080667981533e+02 5.000197293441220268e+02 4.924393918718020235e-02 7.155228950977326008e+01
6.000239618618135182e+02 6.000194318197550274e+02 1.735045133786686580e-02 7.152223024368285564e+01
7.500000000000000000e+02 7.500000000000000000e+02 5.000000000000000000e+01 7.167532351016998859e+01
8.344694555138978558e+02 8.000000000000000000e+02 5.621446113265871247e+01 7.167054805755614666e+01
1.024592420344337597e+03 1.000000000000000000e+03 1.255247922424186413e+02 7.165190134048461346e+01
1.021800412241324011e+03 1.018804707411630943e+03 2.650766107412463413e+01 7.257117730379104614e+01
1.114406081511201137e+03 1.100000000000000000e+03 3.258348644424966523e+01 7.255137904882431599e+01
1.211923857550979847e+03 1.200916606553978681e+03 1.451565790651736343e+01 7.264731320142746540e+01
1.387853271764461397e+03 1.405137812343155701e+03 6.273703912082638112e+01 7.261844819784164429e+01
1.435000000000000000e+03 1.400000000000000000e+03 4.769696007084728251e+01 7.224385989904403971e+01
