-1.400000000000000000e+03 -1.400000000000000000e+03 0.000000000000000000e+00 6.003904440402984477e+01
3.331923919279743131e+03 6.736065051201775304e+02 4.932319969849428162e+03 6.006380344629288004e+01
-1.200000000000000000e+03 -1.200000000000000000e+03 0.000000000000000000e+00 6.000227456092834188e+01
-1.100000000000000000e+03 -1.100000000000000000e+03 0.000000000000000000e+00 6.002176929712295816e+01
-9.999999999998153726e+02 -9.999999999999324700e+02 4.209937501037287767e-10 6.010029159784316732e+01
-8.999632767608421773e+02 -8.999945403741899099e+02 7.454950914056970857e-02 5.996586780548095419e+01
-7.956083929900058820e+02 -7.999175770845488387e+02 1.203163281898624248e+01 6.009614610671997070e+01
-6.879992614254416594e+02 -6.799998302035189681e+02 9.798551649175264444e+00 6.005119109153747559e+01
-5.995492571120882985e+02 -5.996084489135816966e+02 4.384598166400237029e-01 6.069551775455474996e+01
-4.994956856668071055e+02 -4.996855845282753990e+02 5.336361891558708548e-01 5.999821799993515015e+01
-4.000000000000000000e+02 -4.000000000000000000e+02 0.000000000000000000e+00 6.014206219911575602e+01
-2.975623535869757461e+02 -2.985075614143600546e+02 2.976151367811382009e+00 6.013848739862442017e+01
-1.973074579707648297e+02 -1.979440450976274519e+02 3.571910561281372409e+00 6.020039490461349629e+01
-9.394663333065741995e+01 -9.968782674401859367e+01 1.743331847056550643e+01 6.005344644784927510e+01
1.660786684284427679e+02 1.335144403683669907e+02 6.701285203312251326e+01 6.002655339241027832e+01
2.008000169006625697e+02 2.005821489856157314e+02 7.503774244958054673e-01 6.025533235073089600e+01
3.018272760230786957e+02 3.020229838640617004e+02 6.075748881465575790e-01 6.009986519813537598e+01
4.017489684042552653e+02 4.021718200274860919e+02 9.701801599443686808e-01 6.003782420158385946e+01
5.000376755232587129e+02 5.000197293441220268e+02 4.014893118196163208e-02 6.002168604135513164e+01
6.001032721173583013e+02 6.000194318197550274e+02 1.868156690591050995e-01 6.013748425245285034e+01
7.750000000083571194e+02 8.000000000002078195e+02 4.330127017756909424e+01 6.013638620376586630e+01
8.475609834142991303e+02 8.000000000008105872e+02 6.587888957457820993e+01 6.016411529779433920e+01
1.084647870840464520e+03 1.133748954813494947e+03 1.117148155970170791e+02 6.015747910737991333e+01
1.025268011013430169e+03 1.018804783980094726e+03 3.038932458185762542e+01 6.083356444835662558e+01
1.156846407995113850e+03 1.185733505263396182e+03 4.717211268104760080e+01 6.084058464765548990e+01
1.217709926572774293e+03 1.200258041854945759e+03 3.724256769861658256e+01 6.088276189565658569e+01
1.401456546226648243e+03 1.410466463204465072e+03 6.952717418848108366e+01 6.086534510850906088e+01
1.460000000003040668e+03 1.500000000000106184e+03 4.898979485476114348e+01 6.022993775606155253e+01
