-1.399999998630576329e+03 -1.399999999601965555e+03 2.462553739122422885e-06 5.020665309429168843e+01
2.658205300114366310e+02 -5.794986011724076889e+02 2.028764154878265572e+03 5.035315619707107260e+01
-1.199999907403518137e+03 -1.199999997412320226e+03 2.105789578201678811e-04 5.008236759901046753e+01
-1.099999798063644675e+03 -1.099999994548967152e+03 5.277334375640053846e-04 5.008983169794082357e+01
-9.999999148511993781e+02 -9.999999683839677118e+02 1.245438939223038181e-04 5.021767740249633505e+01
-8.999999999950284746e+02 -8.999999999986017656e+02 9.786889954753000361e-09 5.023323490619659282e+01
-7.999984117448678944e+02 -7.999990394301999004e+02 1.392454630986303789e-03 5.032883839607238485e+01
-6.949975790594196496e+02 -6.999964939694523309e+02 8.659105012664120693e+00 5.022938820123672343e+01
-5.998849386759352456e+02 -5.999972704108332664e+02 2.672855310997858114e-01 5.103382344245910929e+01
-4.999914710124747899e+02 -4.999925800605999484e+02 7.107286807352302185e-03 5.031880789995193481e+01
-3.999999981773585205e+02 -3.999999992940317952e+02 3.544020981174949631e-06 5.033891340494155742e+01
-2.999502506236793806e+02 -2.999999995094611904e+02 2.168465236131006113e-01 5.038555145263671875e+01
-1.999999991876288448e+02 -1.999999995108085216e+02 1.083694360707855241e-06 5.037788554430007792e+01
-9.913083452663298090e+01 -9.999999378603286004e+01 3.646171416944585353e+00 5.026962774991989136e+01
1.018474343438147400e+02 1.003121780560273919e+02 4.973987635437167043e+00 5.033920990228652670e+01
2.000305682108538008e+02 2.000059397242801822e+02 9.734774365806093954e-02 5.045870585441589640e+01
3.011479042490103097e+02 3.017523557393125202e+02 9.558456878251709865e-01 5.026378644704819010e+01
4.013030536013162646e+02 4.020029886483332575e+02 9.275591682556878492e-01 5.036229389905929565e+01
5.000000000000007390e+02 5.000000000000000568e+02 2.784689412709764992e-12 5.026623649597168253e+01
6.000058304158549163e+02 6.000000013629201021e+02 8.904209191285506267e-03 5.027206969261169434e+01
7.100402364826635448e+02 7.000266677140389220e+02 2.998772550179660712e+01 5.041881195306778096e+01
8.000022771478858203e+02 8.000012622819551780e+02 3.057039377823597606e-03 5.043620280027389668e+01
9.391258136379617554e+02 9.000025833238404402e+02 7.042177256240491090e+01 5.040439970493316935e+01
1.000000749345317104e+03 1.000000503922612552e+03 7.579429838857398632e-04 5.120741224288940430e+01
1.100003446001024258e+03 1.100002361464661135e+03 4.523355357376906451e-03 5.118641384840011455e+01
1.200032395041930613e+03 1.200000008350624057e+03 3.966734529796770575e-02 5.126058030128479004e+01
1.355277565127276148e+03 1.400000096407805586e+03 4.944444595291393085e+01 5.127101819515227987e+01
1.400014477468428140e+03 1.400010977641735280e+03 1.712120667863026649e-02 5.051251710653305338e+01
