-1.399999999999999773e+03 -1.399999999999999773e+03 8.806144583576081053e-14 1.006709682154655411e+03
4.287244047726865974e+05 4.116801707419427112e+05 1.658459859974806022e+05 1.142500549399852844e+03
1.999116180403471738e+07 1.270903459230979905e+07 2.359446529954544455e+07 1.114865456700325012e+03
1.177478559069401308e+04 1.109114547618167853e+04 4.849503408917325032e+03 1.145320681893825622e+03
-9.999999941474127354e+02 -9.999999944111142440e+02 1.429379718150535478e-06 1.131896945953369141e+03
-8.850546052719064392e+02 -8.896982231141156490e+02 7.512059922024455716e+00 1.130586449944973083e+03
-7.591787405022943176e+02 -7.635828676816274765e+02 2.048047391084049096e+01 1.134054415202140717e+03
-6.790460745404568570e+02 -6.790435801848105939e+02 4.727338342831578777e-02 1.097966762542724609e+03
-5.799958962030501652e+02 -5.804682184399030120e+02 3.455759696120056734e+00 1.303491376292705581e+03
-4.999156921239837175e+02 -4.999321963870401078e+02 4.666125093190858636e-02 1.032720813250541596e+03
-3.574222643455550497e+02 -3.592067594693241404e+02 1.305944931731539960e+01 1.022808820199966476e+03
-2.449670966884264658e+02 -2.487596816762293201e+02 1.638718743612353634e+01 1.029616432642936616e+03
-7.701815647638804307e+01 -7.159418367102600200e+01 2.973191227635297196e+01 1.084490886151790619e+03
1.798211011833604061e+03 1.758514300883499345e+03 4.728910029823820764e+02 1.020225060808658554e+03
4.405397326909499498e+03 4.457557016576585738e+03 5.663911420895067295e+02 1.031295847845077560e+03
2.013216291410356291e+02 2.011839913892328013e+02 7.713559633671402960e-01 1.115438048100471406e+03
3.706206404660536009e+02 3.670369576188230667e+02 1.989094553619168693e+01 1.022757927644252732e+03
4.722289373942988959e+02 4.734223737386656126e+02 1.237223741550232070e+01 1.066701311397552445e+03
5.034825482993102810e+02 5.035532595792129769e+02 6.594819627266260698e-01 1.139265284597873688e+03
6.145852824940086521e+02 6.150000000000000000e+02 9.959146169647076219e-01 1.022163148951530502e+03
9.914730649764293275e+02 1.000000000000000227e+03 7.746768041566400598e+01 1.048586485052108856e+03
2.738791388695529804e+03 2.719292361445945971e+03 4.323117484503949299e+02 1.046278760504722641e+03
5.189259256890922188e+03 5.094723987749728622e+03 7.781455134321352034e+02 1.062051265108585312e+03
1.258443228715634177e+03 1.255712906599723738e+03 9.820058132673592510e+00 1.314233722400665329e+03
1.364543457179131565e+03 1.365108747602553194e+03 9.537247298536161821e+00 1.316331216001510711e+03
1.509914091275089049e+03 1.542150477829009333e+03 6.393921432722459031e+01 1.322766441595554397e+03
2.057436062601988397e+03 2.025070044545125256e+03 7.308685103296801344e+01 1.320046785295009613e+03
1.700000000000000455e+03 1.700000000000000455e+03 1.902344653294848201e-13 1.080297524547576813e+03
