-1.400000000000000000e+03 -1.400000000000000000e+03 0.000000000000000000e+00 5.098872750997543335e+01
3.063913631732195427e+03 2.344070286139364725e+03 3.689459242062343037e+03 5.127631984949111654e+01
-1.200000000000000000e+03 -1.200000000000000000e+03 0.000000000000000000e+00 5.092945624589920328e+01
-1.100000000000000000e+03 -1.100000000000000000e+03 0.000000000000000000e+00 5.099129720926284648e+01
-9.999999999999848797e+02 -9.999999999999904503e+02 2.355369325408206507e-11 5.109626389741897867e+01
-8.999999999999997726e+02 -9.000000000000000000e+02 4.268936971929767043e-13 5.109639949798584269e+01
-7.999999885256621610e+02 -8.000000000000000000e+02 5.001547905942623748e-05 5.113941484689712524e+01
-6.889995598297074366e+02 -6.799999466659646714e+02 9.950272530158422057e+00 5.100464285612106607e+01
-5.996966678827441228e+02 -6.000000000000000000e+02 3.717715070094700369e-01 5.197459315061568930e+01
-4.999416784530992004e+02 -4.999728746156046100e+02 8.482967208607185283e-02 5.107953729629516459e+01
-4.000000000000000000e+02 -4.000000000000000000e+02 0.000000000000000000e+00 5.118653484582900859e+01
-2.994030245657440332e+02 -2.990050409429067031e+02 4.874284009678506169e-01 5.120048980712890341e+01
-1.994547453013314566e+02 -2.000000000000000000e+02 9.604966306567611634e-01 5.115693240165710165e+01
-9.891240038600577122e+01 -9.968782674401859367e+01 3.600631312787074823e+00 5.106314880847931192e+01
1.275538827193276745e+02 1.169133068121728911e+02 4.047290980722773668e+01 5.100289344787597656e+01
2.000587875934769784e+02 2.000000000000000000e+02 1.603564289919387764e-01 5.137328259944915487e+01
3.017199121897381815e+02 3.020288736951271176e+02 7.526395622486130588e-01 5.110471334457397319e+01
4.019286900327698504e+02 4.021925570464334214e+02 1.028822553883565361e+00 5.110666419267654703e+01
5.000083905474580206e+02 5.000000000000000000e+02 1.258537496231379102e-02 5.102780685424804830e+01
6.000202394543027822e+02 6.000194318197550274e+02 1.372760427753669590e-02 5.100387749671936177e+01
7.550000000000000000e+02 8.000000000000000000e+02 4.974937185533099893e+01 5.121037690639495565e+01
8.196462759818416544e+02 8.000000000000000000e+02 6.989628146387222785e+01 5.119897810220718526e+01
1.043425797856055624e+03 1.000000000000000000e+03 1.193139751548935692e+02 5.122966864109039165e+01
1.001104616311076143e+03 1.000000000000000000e+03 4.151183619292249105e+00 5.212549120187759399e+01
1.110000000000000000e+03 1.100000000000000000e+03 3.000000000000000000e+01 5.213350600004196167e+01
1.203203697810718950e+03 1.200258041854941439e+03 8.323659283817660182e+00 5.220411155223846578e+01
1.363478272257474373e+03 1.366063096862107614e+03 5.629023115182745585e+01 5.217681210041045858e+01
1.410000000000000000e+03 1.400000000000000000e+03 3.000000000000000000e+01 5.148955655097961426e+01
