-1.400000000000000000e+03 -1.400000000000000000e+03 0.000000000000000000e+00 4.762616354227066040e+01
3.190450482192338768e+03 6.021345631577172526e+02 4.313287416667090838e+03 4.770409690141677572e+01
-1.200000000000000000e+03 -1.200000000000000000e+03 0.000000000000000000e+00 4.762634125947952413e+01
-1.100000000000000000e+03 -1.100000000000000000e+03 0.000000000000000000e+00 4.762181930541991903e+01
-9.999999999999811280e+02 -9.999999999999932925e+02 3.266480245493763991e-11 4.765757859945297525e+01
-9.000000000000000000e+02 -9.000000000000000000e+02 4.403072291788040526e-14 4.762358340024947978e+01
-7.999999999999963620e+02 -7.999999999999998863e+02 1.170411377754034886e-11 4.759675154685974263e+01
-6.929996448403474005e+02 -6.999999999999993179e+02 9.539876024978237723e+00 4.764454065561294271e+01
-5.998109475501653378e+02 -6.000000000000000000e+02 3.275090314168052075e-01 4.854625344276428223e+01
-4.999699142285583662e+02 -4.999901353279390150e+02 3.936290311482402299e-02 4.773096170425414897e+01
-4.000000000000000000e+02 -4.000000000000000000e+02 0.000000000000000000e+00 4.783863199949264811e+01
-2.997512602357267042e+02 -3.000000000000000000e+02 5.334873602265051140e-01 4.784351115226745321e+01
-1.997977063491720457e+02 -2.000000000000000000e+02 6.069707669423454188e-01 4.783048590421676494e+01
-9.694990367113011587e+01 -1.000000000000000000e+02 1.272339190562630051e+01 4.766616914272308492e+01
1.256166341517581770e+02 1.086907833480725003e+02 4.053408760183300785e+01 4.761846594810485556e+01
2.000658879487021693e+02 2.000000000000037232e+02 2.080147314182981266e-01 4.789792510271072246e+01
3.015236203119142147e+02 3.020211382353943463e+02 8.786330503951315096e-01 4.770299940109252645e+01
4.020867029729286628e+02 4.020722873424571162e+02 5.355966855581153485e-01 4.772642165422439575e+01
5.000074019742845053e+02 5.000000000000000000e+02 1.242979001369178514e-02 4.773496135473251201e+01
6.000184602287674807e+02 6.000194318197550274e+02 4.235066930063082977e-03 4.772369135618210123e+01
7.250000000000087539e+02 7.000000000000019327e+02 4.330127018921885451e+01 4.775987964868545532e+01
8.050000000000006821e+02 8.000000000000003411e+02 2.179449471770318425e+01 4.773682620525359965e+01
9.952865961938001647e+02 9.893837115147546228e+02 1.078487135971686115e+02 4.774692873954772665e+01
1.000940241220322946e+03 1.000000000000000114e+03 4.098416461938683142e+00 4.866028825044632100e+01
1.110000000000001819e+03 1.100000000000000455e+03 2.999999999999935696e+01 4.864814504384994365e+01
1.200694922415097153e+03 1.200435134724740237e+03 1.234612547916225989e+00 4.879786169528961182e+01
1.344703693531010686e+03 1.310470459887245170e+03 4.779899201796916941e+01 4.874768449068069742e+01
1.425000000000005457e+03 1.400000000000001819e+03 4.330127018922033955e+01 4.784450979232788370e+01
