-1.400000000000000000e+03 -1.400000000000000000e+03 0.000000000000000000e+00 6.561241375207900717e+01
5.880152394998159252e+03 7.948288203643080124e+03 4.944148376081013339e+03 6.567268375158309368e+01
-1.200000000000000000e+03 -1.200000000000000000e+03 0.000000000000000000e+00 6.559237049818038656e+01
-1.100000000000000000e+03 -1.100000000000000000e+03 0.000000000000000000e+00 6.558054559230804159e+01
-9.999999999999869260e+02 -9.999999999999956799e+02 2.103398527660646050e-11 6.565282555818558308e+01
-8.999999999209255748e+02 -8.999999999999956799e+02 3.435748643352108147e-07 6.558176519870758625e+01
-7.999728655840521014e+02 -8.000000000000000000e+02 1.144614602263214209e-01 6.564250259399413778e+01
-6.900005193341798986e+02 -6.900160806639198654e+02 9.999483461126398964e+00 6.559208580255508991e+01
-5.995689931410566942e+02 -5.997404692586816282e+02 4.459341460544958280e-01 6.632096924781799885e+01
-4.999117156205056745e+02 -4.999334159275791762e+02 8.785893109633620413e-02 6.566577475070953085e+01
-3.999502520471453408e+02 -4.000000000000000000e+02 2.168462991415098240e-01 6.571367729902267740e+01
-2.989552932419430249e+02 -2.990050409429067031e+02 9.684885190596496107e-01 6.576394820213317871e+01
-1.991195044651397552e+02 -2.000000000000000000e+02 1.125578511227971257e+00 6.578336310386657715e+01
-9.722106970478846222e+01 -9.968782674401859367e+01 5.919724776991486692e+00 6.560152009725570110e+01
1.341522828131820972e+02 1.086907833480725003e+02 5.247694321124025407e+01 6.561885645389557453e+01
2.002116874055029143e+02 2.000000000000253522e+02 4.987404968143922535e-01 6.583294894695282551e+01
3.014305197927168365e+02 3.020197639804966911e+02 9.313358961437708805e-01 6.568930324316025349e+01
4.016061120684357206e+02 4.020888028773524070e+02 1.085962152675177483e+00 6.573485875129699707e+01
5.000187532911349990e+02 5.000148248894450944e+02 1.676443967575307406e-02 6.561684556007385538e+01
6.000184602287674807e+02 6.000194318197550274e+02 4.235066930063082109e-03 6.564446974992752359e+01
7.500000000000000000e+02 7.500000000000000000e+02 5.000000000000000000e+01 6.570638509988785358e+01
8.646518451971842296e+02 8.000000000000000000e+02 1.139569006536769535e+02 6.570288889408111288e+01
1.056416154585322602e+03 1.032693566029391832e+03 1.134156411459756413e+02 6.567064415216445639e+01
1.007450464447422974e+03 1.000000000000000000e+03 1.227804237486590999e+01 6.644012730121612265e+01
1.135972913120629073e+03 1.100000000000000000e+03 4.741524918863073879e+01 6.644134564399719522e+01
1.202555133173714012e+03 1.200435134724740237e+03 6.861336622839260713e+00 6.660540130138397785e+01
1.383877674027684861e+03 1.400000000000000000e+03 4.569853297461995822e+01 6.653738809823990152e+01
1.435000000000000000e+03 1.400000000000000000e+03 4.769696007084728251e+01 6.682504454851149944e+01
