-1.399999260093734392e+03 -1.399999420365671995e+03 9.129673388083263267e-04 6.407135930061340900e+01
-5.083581116930766370e+02 -9.957088961993802059e+02 1.239897054416969240e+03 6.417288689613342001e+01
-1.188298128143662325e+03 -1.192551327127263903e+03 1.104827484158109208e+01 6.407759004831314087e+01
-1.083462259437081684e+03 -1.096914100267717458e+03 4.683184240384410657e+01 6.409276590347289471e+01
-9.999835395820437043e+02 -9.999868574991319292e+02 1.413295377696785135e-02 6.411035305261611938e+01
-8.999977567664448088e+02 -8.999991401156987649e+02 2.672177928155491239e-03 6.404395494461059002e+01
-7.994651821991833458e+02 -7.997988961013402331e+02 8.228250880425030944e-01 6.419457219839095785e+01
-6.989173852956730570e+02 -6.997596752901652053e+02 1.545267778117483060e+00 6.418266409635543823e+01
-5.998091214023482962e+02 -5.998802867125962166e+02 2.124451693382164164e-01 6.515610095262528034e+01
-4.997575975719270787e+02 -4.998111819816241450e+02 1.994262971697289000e-01 6.413248515129089355e+01
-3.999982739958755928e+02 -3.999995854329849863e+02 2.846361680038458648e-03 6.421199934482574179e+01
-2.995176928738746938e+02 -2.999163434657903622e+02 4.980795466245754866e-01 6.423323920965194134e+01
-1.995840339757068591e+02 -1.999881490195333811e+02 8.077161093349682908e-01 6.425823094844818684e+01
-9.990277740202193968e+01 -9.997678340994548307e+01 1.541458939686964069e-01 6.416291114091873737e+01
1.033383663841607785e+02 1.007120248506083726e+02 5.857462629963044343e+00 6.415402039289475056e+01
2.002729435459690990e+02 2.002752215972040801e+02 9.395826308543045458e-02 6.444740844964981363e+01
3.010864800227149090e+02 3.016490143394034931e+02 9.808305763025212398e-01 6.419482240676879314e+01
4.010893348808519931e+02 4.006352289860420797e+02 8.046737728333962503e-01 6.416608453989029215e+01
5.000222720974351205e+02 5.000109274456838762e+02 2.538502644008074419e-02 6.406393015384674072e+01
6.000229283372389091e+02 6.000194320075650012e+02 1.798849337982864546e-02 6.411589814424515055e+01
7.008421213449048537e+02 7.007945009967869510e+02 4.628178475000775949e-01 6.430324980020523640e+01
8.001109069279436881e+02 8.000860136456988130e+02 9.117109410556629989e-02 6.430022385120392414e+01
9.139193122802204243e+02 9.071935481360001177e+02 2.638276302507612314e+01 6.432287664413452433e+01
1.001633423606129099e+03 1.000497773897054799e+03 1.794678393679357775e+00 6.534481865167617798e+01
1.103046041325010492e+03 1.100245917500431460e+03 5.874129117077433015e+00 6.533268585205078693e+01
1.200606292530211704e+03 1.200340880305149540e+03 9.301893182176103059e-01 6.542058969736099527e+01
1.314205168833975677e+03 1.311992339369369802e+03 8.874777839403927615e+00 6.537502009868622110e+01
1.400592996138711669e+03 1.400515066484982071e+03 4.560224383436080053e-01 6.449956769943237589e+01
