-1.400000000000000000e+03 -1.400000000000000000e+03 0.000000000000000000e+00 5.696272255182266520e+01
5.397041087894400334e+03 4.747090393315340407e+03 5.129935132039036034e+03 5.701127026081085347e+01
1.015881141736796562e+05 -1.200000000000000000e+03 4.480430022801903542e+05 5.695385119915008687e+01
-1.100000000000000000e+03 -1.100000000000000000e+03 0.000000000000000000e+00 5.700331815481185771e+01
-9.999999999999690772e+02 -9.999999999999862439e+02 3.767709414609178863e-11 5.703450214862823486e+01
-8.999409220042649622e+02 -8.999917000683484503e+02 1.435564702581232366e-01 5.681447714567184448e+01
-7.963011884536967955e+02 -7.999758593069848303e+02 9.507641098929140000e+00 5.707659884691238261e+01
-6.863708473131542860e+02 -6.800000000000000000e+02 8.791203711587954217e+00 5.701746815443038940e+01
-5.995056252386897313e+02 -5.994442226582995090e+02 3.330037841698280654e-01 5.787431859970092773e+01
-4.976003300459964294e+02 -4.988483316499104490e+02 3.968713327331748530e+00 5.700961409807204916e+01
-3.998507561414360225e+02 -4.000000000000000000e+02 3.552714447781128992e-01 5.715564539432525493e+01
-2.976618487370122352e+02 -2.985075614143600546e+02 2.401846693464120275e+00 5.713616430759429932e+01
-1.974163114218222290e+02 -1.979440450976274519e+02 2.359522096688422277e+00 5.713892694711685039e+01
-7.745122428330294895e+01 -9.968782674401859367e+01 4.852386616072283232e+01 5.700771570205688477e+01
2.018849107426787270e+02 2.173850362087172812e+02 8.189481799891491676e+01 5.696247448921203471e+01
2.009188775182148845e+02 2.006415471954812233e+02 6.355461974582800044e-01 5.724331874847412394e+01
3.018332303562173138e+02 3.020640215046566937e+02 7.646801720741878139e-01 5.706123595237731649e+01
4.025178405529316592e+02 4.024162438881793946e+02 1.163370040436233266e+00 5.699338585138320923e+01
5.000555598155944494e+02 5.000197298202314187e+02 5.473067138751917804e-02 5.696991544961929321e+01
6.001206930217213085e+02 6.000194318197550274e+02 2.214543476059855631e-01 5.703203920125961446e+01
7.850000000000000000e+02 8.000000000000000000e+02 3.570714214271424680e+01 5.710651565790176676e+01
8.560005775691294048e+02 8.000000000000000000e+02 7.879114386174263984e+01 5.709743825197219991e+01
1.090354139139059725e+03 1.182490187298140881e+03 1.369126313186869481e+02 5.706194590330123617e+01
1.034753878093030380e+03 1.021281348784516581e+03 3.426677125888225106e+01 5.804854170083999776e+01
1.172904272118593099e+03 1.203460216045882134e+03 4.778203127458782262e+01 5.803125034570693686e+01
1.217625571430897708e+03 1.207927664133936787e+03 2.436187021896997251e+01 5.815262365341186523e+01
1.402554485792089736e+03 1.410466463698136977e+03 4.675009330594189549e+01 5.811582810878753946e+01
1.475000000000000000e+03 1.500000000000000000e+03 4.330127018922190985e+01 5.806188014745712422e+01
