-1.400000000000000000e+03 -1.400000000000000000e+03 1.016845989170082993e-13 4.645664162039756775e+02
1.874300617870173010e+05 1.390456352274340752e+05 1.218311526438128494e+05 4.656191950082778703e+02
3.834895776008366048e+07 1.329950599445856363e+07 5.890666325626957417e+07 4.653955719470977783e+02
4.666382632107465724e+03 3.226940327658500792e+03 4.262639158954078994e+03 4.654278939008712541e+02
-9.999999995235830283e+02 -9.999999996894249534e+02 7.484521215077572615e-07 4.652507069468498457e+02
-8.892348260462625831e+02 -8.901870304313191582e+02 1.086089860743473778e+01 4.647835524439811934e+02
-7.510442250102821617e+02 -7.583529592227926059e+02 2.151514581179293373e+01 4.660104807496070976e+02
-6.796422398843494648e+02 -6.796113703733255988e+02 9.616282749397608853e-02 4.653482803583145255e+02
-5.934996101074522130e+02 -5.936116452714517209e+02 1.390235804445966394e+00 4.771795713424682504e+02
-4.981060643913921240e+02 -4.984256283165487389e+02 1.182313935387622417e+00 4.650918567061424369e+02
-3.999999999999999432e+02 -3.999999999999999432e+02 2.842170943040400743e-14 4.654095742583274955e+02
-2.660909870114517162e+02 -2.671661239641123871e+02 1.283589777990945002e+01 4.655674421548843611e+02
-1.548155328278074307e+02 -1.537371573475513458e+02 1.093866415958217608e+01 4.653072807431220781e+02
-7.835571653797289571e+01 -8.988002681900161406e+01 3.726124972133325741e+01 4.652765831470489388e+02
1.330019654197852788e+03 1.262577750527338367e+03 3.869204375468010539e+02 4.653171205520629883e+02
2.004361034311285152e+02 2.004328516290414086e+02 1.737919154509365849e-01 4.688229680538177604e+02
3.101662767603029920e+02 3.101478249094498096e+02 5.207018606489585005e-02 4.652354549527168501e+02
4.345008877202666326e+02 4.335931413485700432e+02 1.007176480180301681e+01 4.654598834037780648e+02
5.004076221787108807e+02 5.003725377739154965e+02 2.079060689870936285e-01 4.649549311518669015e+02
6.036027119736547775e+02 6.036034271172545687e+02 3.009795017828331143e-01 4.653155282497406233e+02
1.000000000995289838e+03 1.000000000840841949e+03 7.590482515750641864e-07 4.657208987593650704e+02
9.331281026420149374e+02 9.099103351460271369e+02 7.412617064030648351e+01 4.662895532488822710e+02
2.140373389520952514e+03 2.227152852646237079e+03 4.236365502050523446e+02 4.662927836537361372e+02
1.218575902161863951e+03 1.217941842064499269e+03 2.624050031127001414e+00 4.783228263497352373e+02
1.320745348147471304e+03 1.320888781544476842e+03 4.563293483676856610e+00 4.783653792023658866e+02
1.411706692938935475e+03 1.400042756282443406e+03 6.873183187831811836e+01 4.791786866426467668e+02
1.848265981758438329e+03 1.845555724245008150e+03 3.507511358176119387e+01 4.787664853453636056e+02
1.786639866447577106e+03 1.700000002135492650e+03 2.045226869761596902e+02 4.669829425930976754e+02
