-1.399999999999999773e+03 -1.399999999999999773e+03 1.136868377216160297e-13 9.106460031986237027e+02
9.459782701258463785e+05 9.489946721172900870e+05 2.993571898835114553e+05 1.175794102597236588e+03
2.154660151094999313e+08 1.399112821599600315e+08 2.451185693457905054e+08 1.164972561442852111e+03
2.707721633046601255e+03 2.693524834478544108e+03 9.266217662837206035e+02 1.173697964298725083e+03
-9.999999389855207710e+02 -9.999999400124922886e+02 5.809273700150189430e-06 1.166048519253730774e+03
-8.559846738514746676e+02 -8.565526684650253628e+02 1.703983840653559678e+00 1.081664443743228958e+03
-6.993253431899149746e+02 -7.007958076753421892e+02 2.031792245495910620e+01 1.153396988749504089e+03
-6.788820847986187346e+02 -6.788799683823783653e+02 3.930429970089844433e-02 1.135829279148578735e+03
-5.581366244717394238e+02 -5.577651126214792612e+02 5.679900820813866602e+00 1.467049998140334992e+03
-4.998398324824605652e+02 -4.998398319851780798e+02 4.573595894703899600e-02 9.731826211571693648e+02
-2.844660401714717182e+02 -2.837724312350418359e+02 2.957600003100839459e+01 9.469214406013488770e+02
-1.447661468003051652e+02 -1.389441400614645374e+02 2.238186436434059345e+01 9.762758089542388689e+02
1.062206284496487996e+02 1.200663271856553251e+02 5.434344674777806716e+01 1.107658729398250671e+03
3.883291250503888932e+03 3.836317876033504945e+03 6.681606765246798432e+02 9.470923583984374545e+02
7.883851941519527827e+03 7.944713711166397843e+03 9.629284677230581337e+02 1.000654862451553299e+03
2.018984946520105268e+02 2.020016845436370545e+02 1.024300988433726411e+00 1.133657667398452759e+03
4.577257084568104801e+02 4.532857925439545852e+02 2.768066307316505714e+01 9.628733666062355496e+02
5.682225620069301613e+02 5.710912596019772991e+02 2.517146055106328006e+01 1.048321304357051758e+03
5.074582628307977643e+02 5.072149875177474314e+02 2.127369526599496297e+00 1.174441999995708557e+03
6.240715033293363376e+02 6.250000000000000000e+02 1.377120420492419672e+00 1.018971538448333717e+03
1.533168733254747622e+03 1.828262933976494878e+03 4.206452336640490444e+02 9.893304540991782687e+02
5.124860679860928940e+03 5.067591110893508812e+03 7.765232344842510201e+02 9.997913098454475858e+02
9.133630174976575290e+03 8.989145202170275297e+03 9.570373777949921532e+02 1.056019354856014161e+03
1.320362345355349134e+03 1.320526485499217642e+03 1.220384383429032127e+01 1.498675526249408676e+03
1.447539491114836210e+03 1.442863362023157606e+03 1.678427150675252477e+01 1.503716486358642669e+03
1.599406496571371918e+03 1.596000741879775433e+03 1.292518619883911413e+01 1.510108740091323853e+03
2.691687639844925798e+03 2.662283843915044599e+03 1.280565542137347279e+02 1.503083116650581360e+03
3.646671870597828729e+03 4.851528705287215416e+03 1.507947352435113771e+03 1.177179119503497986e+03
