-1.400000000000000000e+03 -1.399999999999999773e+03 1.902344653294848201e-13 6.625944651603698503e+02
3.222708244521993911e+05 3.217153070895619458e+05 1.733852454225917463e+05 8.257666947484016191e+02
1.193630444032060169e+07 7.802713006196517963e+05 2.176203795106761903e+07 7.926893471479415894e+02
1.696510397469388045e+04 1.496709875609049413e+04 5.573388592735733255e+03 8.279951224446297147e+02
-9.999997994714425431e+02 -9.999997975409389710e+02 2.004773752336399821e-05 8.196864080071449052e+02
-8.874436846976368543e+02 -8.908313033481811090e+02 6.928295371445624795e+00 8.144468611955642245e+02
-7.929282159532491505e+02 -7.932413259056984316e+02 5.473883336290380264e+00 7.226444320559501193e+02
-6.790726159301358393e+02 -6.790706378800113043e+02 4.358297967560360170e-02 7.899445918083190463e+02
-5.780475180943105897e+02 -5.807677477162794730e+02 8.194758137581706237e+00 9.722907142043113708e+02
-4.999631526951367846e+02 -4.999679570546832110e+02 2.083276377506037419e-02 6.881585240483284451e+02
-3.653289323814096861e+02 -3.681613328432005119e+02 1.170819831145063006e+01 6.863187739014625777e+02
-2.624863232905760242e+02 -2.636840271846379551e+02 9.788221315131469424e+00 6.815140143513679050e+02
-8.457942458099527983e+01 -8.725472074682417656e+01 2.502184953393805955e+01 7.795331037998199690e+02
1.687573841088714516e+03 1.600623634632173889e+03 3.295669754018318827e+02 7.393128268003463290e+02
4.711468483369838395e+03 4.442220547125246412e+03 1.190056640450558916e+03 7.166784816503525235e+02
2.022299930764465330e+02 2.022497676819099297e+02 4.345917854803452163e-01 7.793021073579787981e+02
3.625476775548159480e+02 3.614424504260140907e+02 9.340395543665220401e+00 6.717945210933685303e+02
4.589969425282557722e+02 4.615181878474980977e+02 1.368989946464981955e+01 7.483889843940735318e+02
5.029495151368084294e+02 5.027637732214324160e+02 5.241400729150700322e-01 8.219768100023269426e+02
6.132272337783242619e+02 6.136035484484657445e+02 1.814777951715974114e+00 7.340661070942878723e+02
9.821576883254765562e+02 1.000000000000000227e+03 5.662421705774280412e+01 7.288891001939773560e+02
2.422556516629453199e+03 2.344461217553306597e+03 3.960412199994666480e+02 7.902535897016525723e+02
5.175625774123274823e+03 5.076069705841979157e+03 1.081493654143869207e+03 7.545607388496398471e+02
1.247225675739768121e+03 1.248633073769520252e+03 8.079847552187501947e+00 9.849157428503036726e+02
1.357638232583369700e+03 1.357153319625262611e+03 8.680314916730511143e+00 9.857575823545455478e+02
1.496931781344545470e+03 1.532719491715246477e+03 6.427251501235545561e+01 9.921186388969421159e+02
2.050581635503181133e+03 2.048179850493928825e+03 1.187152862859655613e+02 9.902269362449645769e+02
1.700000000000000455e+03 1.700000000000000455e+03 2.920667743334235845e-13 7.601045035481453169e+02
