-1.399999999999999545e+03 -1.400000000000000000e+03 1.871521548441061180e-12 4.875681035518645956e+01
3.158203227290384802e+03 2.149233215674887106e+03 3.728153603164252672e+03 4.891689895391463949e+01
-1.199999999998374733e+03 -1.199999999999946340e+03 5.962863987257206415e-09 4.880696018934249736e+01
-1.099999999999396550e+03 -1.099999999999870852e+03 1.659363337879839037e-09 4.883207310438156412e+01
-9.999999994880230361e+02 -9.999999998556884293e+02 1.167132866929643240e-06 4.886539260149002217e+01
-8.999999999999993179e+02 -8.999999999999997726e+02 1.481422816983642815e-12 4.875667445659637167e+01
-7.999999896308220286e+02 -7.999999976159555217e+02 1.188796952954185316e-05 4.890898674726486206e+01
-6.969999434926336335e+02 -6.999999971074614677e+02 7.141543535950587440e+00 4.888179165124893188e+01
-5.997749490330777462e+02 -5.999999021902237928e+02 3.436189425364621908e-01 4.979408510923385478e+01
-4.999712709581218633e+02 -4.999815049367358597e+02 2.558508053308851046e-02 4.886661061048507548e+01
-3.999999999999985789e+02 -3.999999999999996021e+02 2.049873307436668661e-12 4.893126114606857158e+01
-2.996517643299886799e+02 -2.999999999999837428e+02 5.693913456906314341e-01 4.893368369340896606e+01
-1.997565348578348789e+02 -1.999999999999980673e+02 7.438119724747417338e-01 4.894481614828109883e+01
-9.996878267439797128e+01 -9.999999999999823785e+01 9.365197679524613072e-02 4.886608185768127299e+01
1.193874005457636969e+02 1.006243465121127656e+02 3.662908524143040268e+01 4.888744025230407431e+01
2.000474174138224441e+02 2.000001408159010339e+02 1.557988050705887695e-01 4.916335694789886190e+01
3.014150310243859394e+02 3.020196068559078526e+02 9.241771779789550445e-01 4.889474118947983072e+01
4.016244983647162599e+02 4.020239936965936067e+02 7.865053617032632394e-01 4.887818939685821817e+01
5.000184234929829472e+02 5.000197293441220836e+02 2.661329200378883056e-02 4.883782124519348145e+01
6.000155454558042720e+02 6.000194318197550274e+02 7.772727901897270517e-03 4.880166610479354716e+01
7.600000041964058255e+02 8.000000002394294825e+02 4.898979063662754641e+01 4.899147455692290976e+01
8.200000010767851109e+02 8.000000009814295936e+02 5.099019485543016827e+01 4.900340480804443644e+01
1.020038704917029804e+03 1.000000000170660996e+03 1.256249509490433951e+02 4.901315330266952230e+01
1.001104616175249021e+03 1.000000000315198122e+03 4.151181455944797705e+00 4.996140840053558208e+01
1.125000001352113031e+03 1.100000002570024890e+03 4.330126946875795824e+01 4.997568230628967001e+01
1.200633699665303993e+03 1.200080948988505952e+03 1.256000143188451101e+00 4.999538094997406290e+01
1.342601651587360038e+03 1.304395763092105426e+03 4.915065071924269091e+01 5.001125899553299092e+01
1.430000004745603974e+03 1.400000006215770554e+03 4.582575462106338904e+01 4.912362580299377157e+01
