-1.400000000000000000e+03 -1.400000000000000000e+03 0.000000000000000000e+00 5.303228050470352173e+01
2.912937507995559827e+03 1.929463093344133995e+03 3.885419743242297955e+03 5.311390614509582520e+01
-1.200000000000000000e+03 -1.200000000000000000e+03 0.000000000000000000e+00 5.301530029773712016e+01
-1.100000000000000000e+03 -1.100000000000000000e+03 0.000000000000000000e+00 5.303228999376297281e+01
-9.999999999996896349e+02 -9.999999999999054126e+02 4.113361226706245021e-10 5.310885115861892558e+01
-9.000000000000000000e+02 -9.000000000000000000e+02 2.542114972925207483e-14 5.304874238967895650e+01
-7.999999999860983735e+02 -7.999999999972862952e+02 2.401009414906671924e-08 5.308508650064468526e+01
-6.919997772102708495e+02 -6.999999999749943527e+02 9.798231823552994157e+00 5.308756674528122232e+01
-5.998500170445638560e+02 -5.999999999070359991e+02 2.999638489139525022e-01 5.396624429225921915e+01
-4.999710241273358520e+02 -4.999901353279389014e+02 3.200155709861048775e-02 5.304598295688629150e+01
-4.000000000000000000e+02 -4.000000000000000000e+02 0.000000000000000000e+00 5.317244324684143209e+01
-2.995522684243080676e+02 -3.000000000000000000e+02 5.865197141093928535e-01 5.315796160697937012e+01
-1.996537371127500649e+02 -2.000000000000000000e+02 8.390357958512327796e-01 5.317104194164276265e+01
-9.993756534880371589e+01 -1.000000000000000000e+02 1.248693023925625256e-01 5.306756930351257040e+01
1.192028766648251406e+02 1.004682598840519745e+02 3.376468502189885612e+01 5.306120439767837382e+01
2.000228074290592417e+02 2.000000001726744188e+02 9.888591282093124601e-02 5.333204550743103312e+01
3.016192399392056700e+02 3.020196068559067726e+02 8.071795515841987401e-01 5.308245224952698038e+01
4.014696106460417013e+02 4.020468628537923905e+02 9.683419995162676486e-01 5.307175984382629252e+01
5.000123308400690121e+02 5.000000000000000000e+02 1.761196235837196589e-02 5.311242289543152140e+01
6.000145738648164979e+02 6.000194318197550274e+02 8.414224774807013349e-03 5.310716300010680868e+01
7.500000000076353217e+02 7.500000000177365109e+02 4.999999999613504542e+01 5.321654754877090454e+01
8.250000000007992185e+02 8.000000000004298499e+02 5.361902647370627761e+01 5.319385784864425659e+01
9.866951549808825348e+02 9.000000000092359187e+02 1.183290095897658176e+02 5.320046825408935831e+01
1.000940235444990094e+03 1.000000000000356977e+03 4.098391284569368409e+00 5.410278356075286865e+01
1.110000000003999730e+03 1.100000000001146418e+03 2.999999999893257652e+01 5.409808444976806641e+01
1.200238390869852992e+03 1.200080948985142868e+03 2.920612382624832026e-01 5.419295325279235698e+01
1.370958843598710018e+03 1.400000000000222599e+03 5.045884877069357088e+01 5.417466864585876607e+01
1.420000000020405423e+03 1.400000000004589083e+03 3.999999999318539068e+01 5.330811544656753398e+01
