-1.399999999975011406e+03 -1.399999999994138307e+03 4.196537114795462778e-08 5.383639094829559468e+01
1.839151115017006759e+03 2.151359071595028581e+03 2.851037112733747108e+03 5.401854739189148091e+01
-1.199999999295925818e+03 -1.199999999967164968e+03 1.739258842134352772e-06 5.377536160945892618e+01
-1.099999981579699579e+03 -1.099999999880194309e+03 7.424451014822695523e-05 5.380326620340347432e+01
-9.999999922914818171e+02 -9.999999957285644996e+02 9.345449550044948529e-06 5.385294115543365479e+01
-8.999999999994219024e+02 -8.999999999999844249e+02 1.328645514506369356e-09 5.388992224931716635e+01
-7.999997359738883915e+02 -7.999998035946349546e+02 2.945058844744711754e-04 5.397007745504379272e+01
-6.939996416327924180e+02 -6.999994227284621502e+02 9.165070296031595731e+00 5.387379659414291666e+01
-5.999615366561955625e+02 -5.999990361775294332e+02 1.633662696021013494e-01 5.459115965366363810e+01
-4.999903485547209243e+02 -4.999925766666585787e+02 9.509408641393010328e-03 5.396046454906463907e+01
-3.999999999266132136e+02 -3.999999999875993808e+02 1.657140873051543085e-07 5.398453680276870870e+01
-2.999999999720201913e+02 -2.999999999965648385e+02 5.857015411776276284e-08 5.401195524930953695e+01
-1.999999997300548387e+02 -1.999999999954277996e+02 9.912218936699984447e-07 5.398913439512252666e+01
-9.990634066368927790e+01 -9.999999822343613687e+01 1.738069662877443911e-01 5.391993770599365376e+01
1.010407767438599507e+02 1.003121732815488940e+02 3.680152911915637315e+00 5.396606434583664225e+01
2.000454937393105297e+02 2.000015780474396934e+02 1.877485617619956693e-01 5.411863960027694986e+01
3.011144780455890668e+02 3.020196068811467285e+02 1.007121222551862427e+00 5.393351379632949971e+01
4.010107622471956574e+02 4.008105938723325607e+02 9.603613647213276039e-01 5.397828240394592569e+01
5.000009864673282323e+02 5.000000000000000000e+02 4.299911394707307648e-03 5.390791310071945475e+01
6.000068012834714182e+02 6.000000000689076387e+02 9.268279782320287472e-03 5.391094415187835409e+01
7.100038894228816844e+02 7.000021517859009919e+02 2.999895672711887329e+01 5.406313085556030273e+01
8.000003178999043030e+02 8.000002241468794182e+02 2.891287971650789430e-04 5.404482254981994771e+01
9.582493223185817897e+02 9.000003436542474446e+02 8.710409521695027024e+01 5.404662195444107198e+01
1.000000111787186142e+03 1.000000066698254614e+03 1.206329432287972525e-04 5.471699429750442789e+01
1.100000799215674306e+03 1.100000192171521121e+03 1.800147240044647776e-03 5.473107160329819010e+01
1.200107264772628923e+03 1.200000004740248869e+03 1.673347094113508959e-01 5.477981009483337260e+01
1.340741187045940478e+03 1.301194889134677396e+03 4.840662462984472114e+01 5.476253989934921407e+01
1.400001692628811270e+03 1.400001375359207259e+03 1.275158506606406542e-03 5.415280860662460327e+01
