-1.399999999469798695e+03 -1.399999999744953811e+03 6.094192353748429343e-07 6.794186949729919434e+01
-2.593736788013238836e+01 -1.000360822161191663e+03 1.603823551201428700e+03 6.811816076040267376e+01
-1.199999868956747378e+03 -1.199999997378242142e+03 3.124842712990216851e-04 6.781263955831528278e+01
-1.099999832518227549e+03 -1.099999975787786752e+03 2.718924011401929806e-04 6.785564734935761066e+01
-9.999999309985330456e+02 -9.999999563439398571e+02 8.855550263641492003e-05 6.792255370616912558e+01
-8.999999999858360979e+02 -8.999999999976698746e+02 2.578181284360236304e-08 6.797224110364913940e+01
-7.999983794863503590e+02 -7.999990762516293898e+02 2.070320036059038627e-03 6.803626859188079834e+01
-6.939982689632362280e+02 -6.999964306522044808e+02 9.164001401901172628e+00 6.796107505559920980e+01
-5.998466132099580364e+02 -5.999963728319792153e+02 2.995377687031698932e-01 6.880356545448303507e+01
-4.999946248858742592e+02 -4.999926014657643236e+02 4.063287106357467600e-03 6.804686715602875324e+01
-3.999999991217516140e+02 -3.999999997036186983e+02 1.616635662226904340e-06 6.804835458993912312e+01
-2.999999987663557590e+02 -2.999999996913447831e+02 2.114556104584365124e-06 6.808292100429534344e+01
-1.999999983066637981e+02 -1.999999998006555302e+02 4.365236559022767712e-06 6.811232900619506836e+01
-9.995316517618182672e+01 -9.999999561848096619e+01 1.114684321090113894e-01 6.799145464897155478e+01
1.039353230832631851e+02 1.003121770921180200e+02 1.304874426047049596e+01 6.803702369928359417e+01
2.000823442851210814e+02 2.000102170083155784e+02 1.828865313147804150e-01 6.816584556102752401e+01
3.008133476800186372e+02 3.000100185787418923e+02 9.920602056091851750e-01 6.800903819799422934e+01
4.013195246820910143e+02 4.020098247637769191e+02 9.488811877047818033e-01 6.806721754074096964e+01
5.000000000000046612e+02 5.000000000000000000e+02 1.930029956701094083e-11 6.797351369857787518e+01
6.000068028895617545e+02 6.000000041187258830e+02 9.267101845277032207e-03 6.799436604976654053e+01
7.000239264263448149e+02 7.000155848326548949e+02 2.294800359576665630e-02 6.815996924638747601e+01
8.000009166298012815e+02 8.000006573958855824e+02 8.772016513473890895e-04 6.816839629411697388e+01
9.341257491279162650e+02 9.000020593859940163e+02 6.946576047118173847e+01 6.814693465232849690e+01
1.000000589686847320e+03 1.000000456806626289e+03 5.241610489002221807e-04 6.898274440765381144e+01
1.100001871858067716e+03 1.100001283555545342e+03 1.762681376771906092e-03 6.898860614299773886e+01
1.200081469316221728e+03 1.200000005205950856e+03 1.519042399859581172e-01 6.902436444759368328e+01
1.360220328736118518e+03 1.400000044862839559e+03 4.872091891502569183e+01 6.900061299800873371e+01
1.400011636008600817e+03 1.400008443867259302e+03 9.906371371392819897e-03 6.825243880748749348e+01
