-1.399999999999999773e+03 -1.399999999999999773e+03 0.000000000000000000e+00 1.450432351398467972e+03
7.261637448710410390e+05 7.086317560905271675e+05 2.113243059241555165e+05 1.805844533097744034e+03
2.237567359450244904e+07 2.019558401886015758e+07 2.275663376186965033e+07 1.711274224400520325e+03
1.034398775529044360e+04 1.054373916768520576e+04 2.292750791156124706e+03 1.807295856750011353e+03
-9.999996451782217264e+02 -9.999996449932167479e+02 1.920685554578327494e-05 1.794576695144176483e+03
-8.565526684650294555e+02 -8.565526684650286597e+02 3.952804863549733253e-12 1.587425417852401779e+03
-7.647539015353589775e+02 -7.648644290555891985e+02 1.197317372208000563e+01 1.591640148901939483e+03
-6.788892654632199992e+02 -6.788850331237741784e+02 4.167742387373100932e-02 1.716142245888710022e+03
-5.408753914710730442e+02 -5.358410537552535970e+02 1.183715629009849835e+01 2.152141898846626191e+03
-4.999415886113118290e+02 -4.999470057048403078e+02 2.133789498876188448e-02 1.492864311099052429e+03
-3.193845727718982062e+02 -3.209008734634269899e+02 1.618466419777081100e+01 1.529782065451145172e+03
-2.205939369310814584e+02 -2.217573972834854885e+02 2.018853378164464374e+01 1.557113744449615524e+03
-1.294945540896489433e+01 -1.283092422947707689e+01 4.444143994251479057e+01 1.682975973951816513e+03
2.915523092793590877e+03 2.949900228692074961e+03 5.703674027696471285e+02 1.554289537000656082e+03
1.139859205021219168e+04 1.319534795376853072e+04 3.378469220567626053e+03 1.463025424456596284e+03
2.030297506419253466e+02 2.030093765485936501e+02 3.506348940512206691e-01 1.708542077100276856e+03
4.170430782479101026e+02 4.212714277379428154e+02 2.967802562284975210e+01 1.465584166145324616e+03
6.238959693421641077e+02 5.297297096634209765e+02 1.360240026521115055e+02 1.564588812458515122e+03
5.052779789747531254e+02 5.050292906400994752e+02 8.641121435130457717e-01 1.798744159555435090e+03
6.218899523903935460e+02 6.212652712059958731e+02 1.953444555617253497e+00 1.651678867852687745e+03
1.503370907084720784e+03 1.828262933976492604e+03 4.427532009712431318e+02 1.523969795203208832e+03
4.165167479833529796e+03 4.142359392112457499e+03 6.509464931374834578e+02 1.606876445651054382e+03
9.930607653819055486e+03 9.131676591249091871e+03 2.692560744720617095e+03 1.563808407258987472e+03
1.279759884501396982e+03 1.277556403693726224e+03 1.490350023914141886e+01 2.193968059647083464e+03
1.404605929451806560e+03 1.401596745661783643e+03 1.073520950924052286e+01 2.187905456101894288e+03
1.615731037133208019e+03 1.614708841561154713e+03 4.559808013715314701e+01 2.199507467949390502e+03
2.826978143234448908e+03 2.801765719380728115e+03 3.746711822336372393e+02 2.206850064802169982e+03
2.991223487804857541e+03 1.800000000000000909e+03 1.459048497052619496e+03 1.735556681406498001e+03
