-1.400000000000000000e+03 -1.400000000000000000e+03 0.000000000000000000e+00 6.012890779972076416e+01
1.787693375679310975e+03 6.903757339721232711e+01 3.222106698191221312e+03 6.049397104978561401e+01
-1.200000000000000000e+03 -1.200000000000000000e+03 0.000000000000000000e+00 6.013744670152664185e+01
-1.100000000000000000e+03 -1.100000000000000000e+03 0.000000000000000000e+00 6.016239925622939921e+01
-9.999999999999847660e+02 -9.999999999999909051e+02 1.628041561867258299e-11 6.019947124719620035e+01
-9.000000000000000000e+02 -9.000000000000000000e+02 6.725804022493793931e-14 6.030124554634094380e+01
-7.999999999999997726e+02 -8.000000000000000000e+02 8.665592304241501826e-13 6.039159369468688965e+01
-6.909995943841081498e+02 -7.000000000000000000e+02 9.950322812790867388e+00 6.015284295082092569e+01
-5.997665941604539057e+02 -6.000000000000000000e+02 3.274250805590336322e-01 6.105242425203323364e+01
-4.999811351698043609e+02 -4.999901353279390150e+02 2.444023881956765287e-02 6.026601365804672383e+01
-4.000000000000000000e+02 -4.000000000000000000e+02 0.000000000000000000e+00 6.031620409488677836e+01
-2.999005040942906817e+02 -3.000000000000000000e+02 2.984877171279891050e-01 6.032480540275573588e+01
-1.998010081885813634e+02 -2.000000000000000000e+02 5.969754342559782101e-01 6.033344199657440043e+01
-9.984391337200929684e+01 -1.000000000000000000e+02 1.846841888535979415e-01 6.023165844678878500e+01
1.109868807478028003e+02 1.003121732559814063e+02 1.893116928154277190e+01 6.027618440389633037e+01
2.000375540461346588e+02 2.000000000000000000e+02 1.178153055130641697e-01 6.058524050712585307e+01
3.016674393760732755e+02 3.020302479500247728e+02 7.672843260413435562e-01 6.027744485139847086e+01
4.017071177864002038e+02 4.020872556440319840e+02 8.230933594185138036e-01 6.028548705577850342e+01
5.000059188032366251e+02 5.000000000000000000e+02 9.041121285101970731e-03 6.009679784774780131e+01
6.000184602287674807e+02 6.000194318197550274e+02 4.235066930063082977e-03 6.015233954191207744e+01
7.500000000000077307e+02 7.500000000000575255e+02 4.999999999999226219e+01 6.046425825357437134e+01
8.105953224325376141e+02 8.000000000000000000e+02 2.991366441150595890e+01 6.044946880340576456e+01
1.009349592658505571e+03 9.500000000000000000e+02 1.226970403059877839e+02 6.042564145326614522e+01
1.000000000000000000e+03 1.000000000000000000e+03 4.575806951265373407e-13 6.118933924436569072e+01
1.110000000000000000e+03 1.100000000000000000e+03 3.000000000000000000e+01 6.119462360143661783e+01
1.200182946153683588e+03 1.200080948985142413e+03 2.411806358919645066e-01 6.120016984939574911e+01
1.346597218230519275e+03 1.305971389323744461e+03 4.945187352151196336e+01 6.122233359813689901e+01
1.405000000000000455e+03 1.400000000000000000e+03 2.179449471770330149e+01 6.071654369831085063e+01
