-1.399999999999995907e+03 -1.399999999999999545e+03 7.889571667373034914e-12 5.560837780237197592e+01
3.999998871511823381e+03 2.062897694181475345e+03 4.322230625968173626e+03 5.579194239377975606e+01
-1.199999999967165422e+03 -1.199999999997323584e+03 9.875244822033017747e-08 5.569235664606094360e+01
-1.099999999948511686e+03 -1.099999999995568032e+03 1.260678310353354717e-07 5.573589234352111532e+01
-9.999999981741362944e+02 -9.999999990095273006e+02 3.080454462587985038e-06 5.575556470155716227e+01
-8.999997634620485769e+02 -8.999999998322981583e+02 8.793831648175054212e-04 5.564235655069351338e+01
-7.999999543443879020e+02 -7.999999712211658789e+02 6.477255921064854066e-05 5.576592504978179932e+01
-6.899996371632779528e+02 -6.899999404475952360e+02 1.000033504415271146e+01 5.575722194910049723e+01
-5.997158305289456166e+02 -5.999991455888148266e+02 3.627971188514939604e-01 5.642874059677124166e+01
-4.999360065048783213e+02 -4.999728720709620120e+02 9.545202414499459609e-02 5.570790544748306417e+01
-3.999999999999719762e+02 -3.999999999999909051e+02 8.359913704318707418e-11 5.579482469558715962e+01
-2.993532766013623814e+02 -2.990050409428722560e+02 5.693913528257250611e-01 5.582568999528884746e+01
-1.992663027340132942e+02 -1.999999999997687041e+02 1.145705774705107594e+00 5.577637684345245361e+01
-9.995317401128963297e+01 -9.999999999989836397e+01 1.488971531648387026e-01 5.571380929946899130e+01
1.430323549446079028e+02 1.170693935311193172e+02 5.646811852933743126e+01 5.572855319976806499e+01
2.000247533775346653e+02 2.000019093926999290e+02 9.845726680270697195e-02 5.596939280033111430e+01
3.017173176680990991e+02 3.020196068567255452e+02 7.214204989765318210e-01 5.574356664419174479e+01
4.017804889893851623e+02 4.021215040923651145e+02 7.872498002341997703e-01 5.575960129499435425e+01
5.000174426252843887e+02 5.000000000000000000e+02 3.322064961950971923e-02 5.570678670406341837e+01
6.000174886377798202e+02 6.000194318197550274e+02 5.829545926462743541e-03 5.568676913976669596e+01
7.650000202448617301e+02 8.000000023011755275e+02 4.769693972284647998e+01 5.585762059688568115e+01
8.300000030520359360e+02 8.000000040470922613e+02 5.567764340878349572e+01 5.584685484170913838e+01
1.001768111886856559e+03 9.787674383855830911e+02 1.133489019426806266e+02 5.583548350334167765e+01
1.006707785260949777e+03 1.000000002416144298e+03 2.239911570055988577e+01 5.652346024513244771e+01
1.130426137585500555e+03 1.100000009350424534e+03 4.650922870345775806e+01 5.653811069726943828e+01
1.207338856858563759e+03 1.200435134727405057e+03 2.255581165753646289e+01 5.659331260919570639e+01
1.344707955949383631e+03 1.307226195856737831e+03 5.245234630502324791e+01 5.656775289773941040e+01
1.440000020082725541e+03 1.400000041028359192e+03 4.898978245856333302e+01 5.592775160074234009e+01
