-1.399999999997606892e+03 -1.399999999999337206e+03 4.700855264145561448e-09 5.524927380084991313e+01
2.580613195519811597e+03 2.964130320452218257e+03 3.447527616521452728e+03 5.535681490898132040e+01
-1.199999978590767569e+03 -1.199999993167058619e+03 3.279378924673584665e-05 5.526507800817489624e+01
-1.099999931468946215e+03 -1.099999985378391557e+03 1.001762814016650697e-04 5.530718284845352173e+01
-9.999999783942470231e+02 -9.999999815650954815e+02 1.787024975367613132e-05 5.528757474422454976e+01
-8.999926011982664704e+02 -8.999999996766491677e+02 2.664373493454891620e-02 5.525420609712600850e+01
-7.999986072572479543e+02 -7.999990172043708299e+02 1.734921139781111978e-03 5.535978045463561870e+01
-6.949989643349811104e+02 -6.999986018345814500e+02 8.659867331266712043e+00 5.533008404970168925e+01
-5.998729359944488806e+02 -5.999977461955634226e+02 3.014323555315946979e-01 5.593344650268554830e+01
-4.999255103477056537e+02 -4.999333813948385909e+02 5.271456768250726982e-02 5.530486520528793193e+01
-3.999999999902378818e+02 -3.999999999935985215e+02 1.259873713609877050e-08 5.536629484891891195e+01
-2.993532763558727083e+02 -2.990050409377925007e+02 6.505389964159357108e-01 5.538509050607681417e+01
-1.995509386702304369e+02 -1.999999999291641188e+02 9.130019340044377429e-01 5.538048499822616577e+01
-9.998439107801145553e+01 -9.999999986401297747e+01 6.803673930143647186e-02 5.531091029644012735e+01
1.372141302387202870e+02 1.167572254127375118e+02 4.129688919134524383e+01 5.531710275411605693e+01
2.000590552370927924e+02 2.000173674169394076e+02 1.497603156015548664e-01 5.553666369915008261e+01
3.015149137638551338e+02 3.020196070114941449e+02 8.746360003798216987e-01 5.532022891044616841e+01
4.018268614095354678e+02 4.020454653458352823e+02 6.435075643077976526e-01 5.535507415533065512e+01
5.000143101982137637e+02 5.000049391695370673e+02 2.103497998027753155e-02 5.526932460069656372e+01
6.000173246961918494e+02 6.000194318197707162e+02 1.553377579030045148e-02 5.528144065141677999e+01
7.700003462398748297e+02 8.000000869983884968e+02 4.582546425386393452e+01 5.543509474992752217e+01
8.250000823780959536e+02 8.000000842089191337e+02 6.224948581215769394e+01 5.542596240043640421e+01
1.043396258525463509e+03 1.014331427247316128e+03 1.301519440572999144e+02 5.542299455404281616e+01
1.005286413461708435e+03 1.000000033051066339e+03 1.207444919932566485e+01 5.603633179664611674e+01
1.125416300589682578e+03 1.100000214495902128e+03 4.403357671430366338e+01 5.604040454626083090e+01
1.200805551498857312e+03 1.200080950612588822e+03 1.496294731826817381e+00 5.608738784790038778e+01
1.369825231660423469e+03 1.400000025100623589e+03 5.440660164832983980e+01 5.607075399160385132e+01
1.435000719461223071e+03 1.400001348714753021e+03 4.769655267529486764e+01 5.551530674695968770e+01
