-1.400000000000000000e+03 -1.400000000000000000e+03 0.000000000000000000e+00 1.909478200554847831e+02
6.389446743459176651e+04 5.102826265196310123e+04 4.053197708816833619e+04 2.006341953992843514e+02
-1.179695377510514618e+03 -1.199999999978515007e+03 5.343669940424817355e+01 1.995631904482841605e+02
1.118105131023311696e+04 7.845909850131595704e+03 6.359569860074698227e+03 2.000866174936294613e+02
-9.999999335029260692e+02 -9.999999347009503481e+02 2.359603916366510105e-05 1.994010982036590462e+02
-8.901875771341665313e+02 -8.901875771464790432e+02 7.065835815993595190e-08 1.986302289962768555e+02
-7.999325194684926146e+02 -7.999997596725872882e+02 2.475243391315091745e-01 1.989838574528694153e+02
-6.796627575275672370e+02 -6.796415947843122467e+02 9.561140716339908141e-02 1.955991603970527706e+02
-5.972763867982494048e+02 -5.973476517863296067e+02 1.216537020600523489e+00 2.162658329010009766e+02
-4.999294224996066873e+02 -4.999237845393057569e+02 2.845025134868208599e-02 1.936442835569381771e+02
-3.951247059281853922e+02 -3.960201637716268124e+02 3.445183451263083896e+00 1.930395456552505493e+02
-2.915884991299841431e+02 -2.920403325810727324e+02 4.495879520921981509e+00 1.932164346456527824e+02
-1.842932023744121182e+02 -1.849671396897982731e+02 9.121338427034752172e+00 1.932342215538024846e+02
-1.461100949484275624e+01 -2.748901915189071588e+01 6.547853215539670657e+01 1.910820724487304574e+02
1.111591032621581007e+03 1.247732622647889912e+03 3.679340451590607586e+02 1.941554403424262887e+02
2.007543547302681759e+02 2.007417503383128974e+02 3.417730438653109326e-01 2.048469812512397823e+02
3.131584100933605441e+02 3.134394350562966451e+02 2.673477474163530321e+00 1.928675035953521615e+02
4.171609138249922353e+02 4.168103008887385386e+02 2.897050698331517626e+00 1.956193156957626229e+02
5.006059451841389318e+02 5.005662132147575676e+02 2.116763737935604406e-01 1.990759091496467477e+02
6.032600772547700672e+02 6.034943343986421951e+02 4.119352444639749478e-01 1.997826134562492371e+02
1.000000000000000568e+03 1.000000000000000114e+03 1.761045445813450959e-12 1.996124931931495610e+02
1.060378665300816238e+03 1.074255544329344957e+03 1.122037677628411956e+02 1.956060423970222359e+02
1.847730952702859895e+03 1.788242290233104541e+03 2.549873010164797904e+02 1.977132555007934513e+02
1.209844334944619959e+03 1.210726089080547354e+03 3.793825224014219177e+00 2.179603255033493099e+02
1.309744560184845341e+03 1.309329332352183201e+03 3.407758602962635663e+00 2.182684967994690055e+02
1.401943756093217871e+03 1.400021765654894807e+03 4.652751267906342747e+01 2.188128494501114005e+02
1.793957532884000102e+03 1.798726774931847785e+03 4.811860559170926877e+01 2.180322077989578133e+02
1.700000000000001364e+03 1.700000000000000000e+03 4.517246034468069325e-12 2.019839721560478267e+02
