-1.399999982915919873e+03 -1.399999995158925685e+03 2.586582866698275407e-05 5.984592365026473715e+01
-7.644876818763524398e+02 -1.285392656388917203e+03 9.098431748611855028e+02 5.995682450532913066e+01
-1.199994229694834530e+03 -1.199998594545422520e+03 9.412969997431677380e-03 5.978787515163421773e+01
-1.099989503315075353e+03 -1.099995348266812925e+03 1.352827263138891775e-02 5.985567399263381816e+01
-9.999989526392485004e+02 -9.999986921888092866e+02 7.548636780344544685e-04 5.988354589939117290e+01
-8.999999990945959780e+02 -8.999999992907444266e+02 8.468806702294709321e-07 5.984537614583969400e+01
-7.999815705120776101e+02 -7.999833959929740104e+02 9.511241070641976783e-03 5.992202730178833292e+01
-6.969782015801310990e+02 -6.999765567981645518e+02 7.132502335057024467e+00 5.992144525051116943e+01
-5.999481318933069360e+02 -5.999844828120558304e+02 1.625110038877665697e-01 6.064903860092162802e+01
-4.999861293433472156e+02 -4.999893988681691326e+02 8.082660327589811372e-03 5.993051095008850382e+01
-3.999999050799216320e+02 -3.999999671404394803e+02 1.757250354903214858e-04 5.996425440311431743e+01
-2.999997067864263727e+02 -2.999999361443079806e+02 8.032159217566509600e-04 6.002564179897308350e+01
-1.999998154636826087e+02 -1.999999657204214714e+02 4.212401081470413698e-04 6.001037399768829061e+01
-9.995168115585660473e+01 -9.999921357681080281e+01 1.119155941364063100e-01 5.990348974466323995e+01
1.010436329694527728e+02 1.003125717816257065e+02 3.609346076164053230e+00 5.993100289106369161e+01
2.001516098978673597e+02 2.001157517095874709e+02 8.791328962384910295e-02 6.010366840362549112e+01
3.006081642925817050e+02 3.000027639914133033e+02 9.256321994348684079e-01 5.994104195833206461e+01
4.003526701678268864e+02 4.000357856343368894e+02 7.087974456306762594e-01 5.995529909133911417e+01
5.000000000076385618e+02 5.000000000003014975e+02 1.682445108777866007e-08 5.987739175558090210e+01
6.000068597440806570e+02 6.000000899663073142e+02 9.226364207364549930e-03 5.988718215227127217e+01
7.001632961184296846e+02 7.001173957051964862e+02 1.138685313535863219e-01 6.005762795209884786e+01
8.000122558375933295e+02 8.000077053435452399e+02 1.104031523896131274e-02 6.003421289920807169e+01
9.050279430322000280e+02 9.000161353917160341e+02 2.179087588927418651e+01 6.005413130521774434e+01
1.000007075854208097e+03 1.000004962212509099e+03 7.130556585655330355e-03 6.079960000514984131e+01
1.100018285892861286e+03 1.100015355729937710e+03 1.229500557973121563e-02 6.077707400321960307e+01
1.200075143248092445e+03 1.200001578319983309e+03 1.532156713441875096e-01 6.082004595994949625e+01
1.315953766018852093e+03 1.301093166099232349e+03 3.531678761701715530e+01 6.080173215866089009e+01
1.400092572213875656e+03 1.400089008032367474e+03 5.371867751048662459e-02 6.014385989904403829e+01
