-1.400000000000000000e+03 -1.400000000000000000e+03 0.000000000000000000e+00 2.205140165090561055e+01
3.615946739569356396e+03 4.125934451547763047e+02 5.008652271134423245e+03 2.214941794872283864e+01
-1.200000000000000000e+03 -1.200000000000000000e+03 3.294957593013677839e-13 2.208585484027862478e+01
-1.099999999999998863e+03 -1.099999999999999773e+03 3.006581635604803640e-12 2.210409469604492116e+01
-9.999999999777785433e+02 -9.999999999931843604e+02 3.917727477419121937e-08 2.215121350288391255e+01
-8.999999999999002966e+02 -8.999999999999995453e+02 2.912858889047386575e-10 2.203063490390777446e+01
-7.999999966989855693e+02 -7.999999997435746764e+02 8.531062794818571659e-06 2.214151769876480103e+01
-6.949997111902423512e+02 -6.999999997519203134e+02 8.660753759707528587e+00 2.212322609424591136e+01
-5.997203971034207370e+02 -5.999999807844404813e+02 3.915019817220791176e-01 2.268335139751434326e+01
-4.999411847261200705e+02 -4.999716452271178468e+02 6.891671351836738124e-02 2.209335075616836619e+01
-4.000000000000000000e+02 -4.000000000000000000e+02 2.542114972925207483e-14 2.215707240104675435e+01
-2.991045368486060170e+02 -2.990050409429067031e+02 7.642425530712135817e-01 2.216628019809722971e+01
-1.998972022548806819e+02 -1.999999999999999716e+02 4.480849825957840538e-01 2.216144789457321096e+01
-9.998439133720064831e+01 -9.999999999999977263e+01 6.803658378493848691e-02 2.209619375467300273e+01
1.280996113119786628e+02 1.169133068121757901e+02 3.639360272598515422e+01 2.211597324609756399e+01
2.000691195783685998e+02 2.000000129821472683e+02 2.069592546592077809e-01 2.228187839984893870e+01
3.018200475375057295e+02 3.020196068559068863e+02 6.067585816595819637e-01 2.213267714977264333e+01
4.016528751489372553e+02 4.021216584028423995e+02 8.857472422255511235e-01 2.213047804832458354e+01
5.000103613767428214e+02 5.000049391621629411e+02 1.266166831962325587e-02 2.213285305500030375e+01
6.000145738648163842e+02 6.000194318197550274e+02 8.414224774787324238e-03 2.211962399482727193e+01
7.600000004424747431e+02 8.000000000125694442e+02 4.898979452077526275e+01 2.219494334459304952e+01
8.290656074688700983e+02 8.000000000324400844e+02 6.313298456126015168e+01 2.220085564851761006e+01
1.068489852716061250e+03 1.104576892316740668e+03 1.194245318638101025e+02 2.220271105766296316e+01
1.001418609698698447e+03 1.000000000020296966e+03 4.174416293534905620e+00 2.280100280046463013e+01
1.115000000108464747e+03 1.100000000095674977e+03 3.570714209797375105e+01 2.280708755254745412e+01
1.206376684115153694e+03 1.200080948985274517e+03 2.196369886347585876e+01 2.284671820402145315e+01
1.369001744917388805e+03 1.400000000019455683e+03 5.193311907753043499e+01 2.282980970144271993e+01
1.440000001034687330e+03 1.400000003302133791e+03 4.898979405639278184e+01 2.226156899929046773e+01
