-1.400000000000000000e+03 -1.400000000000000000e+03 0.000000000000000000e+00 6.383210595846176005e+01
2.315600262033670333e+03 1.102173770141145951e+03 3.526481484594245558e+03 6.389469125270843364e+01
-1.200000000000000000e+03 -1.200000000000000000e+03 0.000000000000000000e+00 6.378717859983444072e+01
-1.100000000000000000e+03 -1.100000000000000000e+03 0.000000000000000000e+00 6.382177220582961752e+01
-9.999999999988609716e+02 -9.999999999999123474e+02 2.826329661452348660e-09 6.389002674818038940e+01
-9.000000000000000000e+02 -9.000000000000000000e+02 5.084229945850414966e-14 6.382619349956512167e+01
-7.999999999955490466e+02 -7.999999999978701908e+02 4.741127765615247030e-09 6.382467360496521280e+01
-6.919996885321027094e+02 -6.999999999910528459e+02 9.798340443217844253e+00 6.378735505342483236e+01
-5.997622796951940245e+02 -5.999999999881995336e+02 3.668331621848844870e-01 6.458192255496979328e+01
-4.999813825257309645e+02 -4.999901353279390150e+02 2.483724479156937393e-02 6.380213280916213847e+01
-4.000000000000000000e+02 -4.000000000000000000e+02 0.000000000000000000e+00 6.393301374912262247e+01
-2.997015122828720450e+02 -3.000000000000000000e+02 5.539697580559017620e-01 6.392560729980468892e+01
-1.998010081885813634e+02 -2.000000000000000000e+02 5.969754342559772109e-01 6.393082234859466695e+01
-9.990634802320556673e+01 -1.000000000000000000e+02 1.738107129681827068e-01 6.379467384815215780e+01
1.206962282566305902e+02 1.169133068121730048e+02 2.798930018062101155e+01 6.379771560430526733e+01
2.000001156246699452e+02 2.000000000432284537e+02 5.033272107208373999e-04 6.405647499561310099e+01
3.014217927347892783e+02 3.020196068559067726e+02 9.309150527902270156e-01 6.387041840553283834e+01
4.014413666714813758e+02 4.020455998262344224e+02 9.047178549333240172e-01 6.387700074911117554e+01
5.000084045421874066e+02 5.000000000000000000e+02 1.443101934299744447e-02 6.396279945373535014e+01
6.000145738648164979e+02 6.000194318197550274e+02 8.414224774807013349e-03 6.394369350671767904e+01
7.450000000057292482e+02 7.000000000293755420e+02 4.974937185221824620e+01 6.392758020162582255e+01
8.062642814466109940e+02 8.000000000004076810e+02 1.879284433380804487e+01 6.390570710897445394e+01
9.895609176780377538e+02 9.000000000033915057e+02 1.172144777923111292e+02 6.390160003900528096e+01
1.000000000001393914e+03 1.000000000000301725e+03 2.483884066976300459e-09 6.471696674823760986e+01
1.105000000001919716e+03 1.100000000001474291e+03 2.179449471726660192e+01 6.474882955551147745e+01
1.200380600546582400e+03 1.200080948985142413e+03 9.301996752887314868e-01 6.485386124849318890e+01
1.366915481165365463e+03 1.400000000000057753e+03 4.740063645947267190e+01 6.480029779672622681e+01
1.410000000011177235e+03 1.400000000005249149e+03 2.999999999755011260e+01 6.399840959310531474e+01
