-1.399999999999785814e+03 -1.399999999999846978e+03 2.207721464193717707e-10 3.827556090354919149e+01
1.660994079438805784e+03 1.676630500254219669e+02 3.153797496840709755e+03 3.843825100660323812e+01
-1.199999999505314463e+03 -1.199999999857414196e+03 1.264431502474703571e-06 3.828737014532089233e+01
-1.099999995298671365e+03 -1.099999998713224386e+03 1.037794081778039044e-05 3.833471559286117269e+01
-9.999999835935777810e+02 -9.999999904977980805e+02 1.913722186511538064e-05 3.836572149991989278e+01
-8.999999999992302264e+02 -8.999999999998648263e+02 1.276326385167665790e-09 3.825241665840148642e+01
-7.999997270697590466e+02 -7.999997699008955578e+02 2.582186257408552901e-04 3.843330165147781230e+01
-6.949993507759252225e+02 -6.999995917913967105e+02 8.660436024734444516e+00 3.842994384765624716e+01
-5.998116647185246393e+02 -5.999989104060500722e+02 3.246452681876689228e-01 3.950877604484558248e+01
-4.999737261123447638e+02 -4.999814851005718310e+02 3.011359600266900333e-02 3.836111545562744141e+01
-3.999999999965252186e+02 -3.999999999997348823e+02 9.546322251865749782e-09 3.847438689470290996e+01
-2.998507560853199720e+02 -2.999999999867122824e+02 3.552714862182135280e-01 3.845088969469070150e+01
-1.999999999904887034e+02 -1.999999999955515477e+02 1.510346951817763352e-08 3.849385194778442099e+01
-9.999999996105232469e+01 -9.999999998945327206e+01 6.933961546849629602e-08 3.837377794981002666e+01
1.138098576637152775e+02 1.006243468366351976e+02 2.679837932922502830e+01 3.838354755640030191e+01
2.000558220867642660e+02 2.000054591267495425e+02 2.174633238784362821e-01 3.876176929473876953e+01
3.017168742777597572e+02 3.020196069512948043e+02 7.212316544543534436e-01 3.839870979785919047e+01
4.012236385022564491e+02 4.020161445947233574e+02 9.781490457341592837e-01 3.839327524900436117e+01
5.000044391078050694e+02 5.000000000000000000e+02 1.186840049590168547e-02 3.827299644947051860e+01
6.000165170468842462e+02 6.000194318197554821e+02 6.938547404959874432e-03 3.831964495182037211e+01
7.350002368059301716e+02 7.000004992994860231e+02 4.769683989437908878e+01 3.859003590345382406e+01
8.000000326916950826e+02 8.000000276784276139e+02 1.901694026241855257e-05 3.857711344957351685e+01
9.967897289996702739e+02 9.500001421179759973e+02 1.155101620269700362e+02 3.857074570655822754e+01
1.000000013045515857e+03 1.000000008970820090e+03 9.760488647907920198e-06 3.967497744560241557e+01
1.100000063132698187e+03 1.100000040787058879e+03 6.655948425745418864e-05 3.966100829839706421e+01
1.200216048462423942e+03 1.200080949219199738e+03 2.004131062067484037e-01 3.974018969535827495e+01
1.337250231026094070e+03 1.302155611876146168e+03 4.942098653655890672e+01 3.972407485246658609e+01
1.410000330130033262e+03 1.400000290195844627e+03 2.999991148774052263e+01 3.879853814840316772e+01
