-1.400000000000000000e+03 -1.400000000000000000e+03 0.000000000000000000e+00 6.171917464733123637e+01
1.314791291071341675e+03 4.392735721045611399e+02 2.686093285026641297e+03 6.182701934576034830e+01
-1.200000000000000000e+03 -1.200000000000000000e+03 0.000000000000000000e+00 6.170453170537948751e+01
-1.100000000000000000e+03 -1.100000000000000000e+03 0.000000000000000000e+00 6.172110215425491475e+01
-9.999999999967097892e+02 -9.999999999998846079e+02 7.076509117870369548e-09 6.176814655065536641e+01
-9.000000000000000000e+02 -9.000000000000000000e+02 0.000000000000000000e+00 6.171119254827499390e+01
-7.999999999515705440e+02 -7.999999999902092895e+02 1.063538525080730395e-07 6.173688679933547974e+01
-6.949999045087885179e+02 -6.999999999720851065e+02 8.660419372800600257e+00 6.171388230323791646e+01
-5.998372704517719285e+02 -5.999999996262554305e+02 3.291799790338463261e-01 6.233422474861144735e+01
-4.999746011795963341e+02 -4.999765775631782390e+02 2.344920711267128172e-02 6.172954075336456015e+01
-4.000000000000000000e+02 -4.000000000000000000e+02 0.000000000000000000e+00 6.181106804609298422e+01
-2.994030245657440332e+02 -2.995025204714532947e+02 6.599811748288514357e-01 6.180460370779037760e+01
-1.998972022548813641e+02 -2.000000000000000000e+02 4.480849825959454802e-01 6.181523684263229512e+01
-9.979708738361205178e+01 -9.968782674401859367e+01 1.786493112864931954e-01 6.173260184526443339e+01
1.242082776143890612e+02 1.006243465119629832e+02 4.164287662953653069e+01 6.172822300195694112e+01
2.000484251799869071e+02 2.000000003249892302e+02 2.110776848859167443e-01 6.191788455247878886e+01
3.012167609390762664e+02 3.020196854182017887e+02 9.904721710709466498e-01 6.173806494474411011e+01
4.014271147488894940e+02 4.020098187675974941e+02 8.756319453097655137e-01 6.176314159631728984e+01
5.000103830528083790e+02 5.000000000000000000e+02 1.415580147431545581e-02 6.178108155727386475e+01
6.000165170467919324e+02 6.000194318197550274e+02 6.938547500843658851e-03 6.177467799186706543e+01
7.200000000711461325e+02 7.000000000518991783e+02 3.999999996619876441e+01 6.183297835588454916e+01
8.100000000067684596e+02 8.000000000020195330e+02 2.999999999865563183e+01 6.184978845119476176e+01
9.623735281028396003e+02 9.000000000136745939e+02 1.003974545502437223e+02 6.184757344722747519e+01
1.000000000002175852e+03 1.000000000000472141e+03 3.616855548146751972e-09 6.243781834840774536e+01
1.105000000004982212e+03 1.100000000005304628e+03 2.179449471662843507e+01 6.244084855318069316e+01
1.200665070780397173e+03 1.200258041854943485e+03 1.246893651720033303e+00 6.249998450279235840e+01
1.351094507603221246e+03 1.354846966481671643e+03 4.894164845469134661e+01 6.247550795078277730e+01
1.405000000017843604e+03 1.400000000004683898e+03 2.179449471368229041e+01 6.189970479011535787e+01
