-1.400000000000000000e+03 -1.400000000000000000e+03 0.000000000000000000e+00 5.258840669393539713e+01
4.957482524941912743e+03 5.881694055073270647e+03 4.644240585960903445e+03 5.264384800195693970e+01
-1.200000000000000000e+03 -1.200000000000000000e+03 0.000000000000000000e+00 5.250706005096435547e+01
-1.100000000000000000e+03 -1.100000000000000000e+03 0.000000000000000000e+00 5.255198609828948975e+01
-9.999999999999893134e+02 -9.999999999999977263e+02 1.362051822875122853e-11 5.261374959945678853e+01
-8.999999999999997726e+02 -8.999999999999998863e+02 3.630866427254502785e-13 5.256264674663543701e+01
-7.999999985611167403e+02 -8.000000000000000000e+02 6.271946917292717517e-06 5.260010660886764811e+01
-6.919997128289061266e+02 -7.000000000000000000e+02 9.798310689348888047e+00 5.250788614749908589e+01
-5.996618468516028315e+02 -6.000000000000000000e+02 4.312964361309377104e-01 5.353168210983276509e+01
-4.999468571593803858e+02 -4.999765775631782390e+02 7.847070155939048219e-02 5.265412614345550679e+01
-4.000000000000000000e+02 -4.000000000000000000e+02 0.000000000000000000e+00 5.275925420522689535e+01
-2.994527725185987492e+02 -2.995025204714533515e+02 5.865197141093928535e-01 5.274831010103225992e+01
-1.995476375282221682e+02 -2.000000000000000000e+02 9.186694720812130788e-01 5.273631014823913432e+01
-9.982830470921022936e+01 -1.000000000000000000e+02 2.309871156756213295e-01 5.255141645669937134e+01
1.407932848942891439e+02 1.169133068121728911e+02 5.132665948853564686e+01 5.256103110313415527e+01
2.000338879950565172e+02 2.000000000000003979e+02 1.477143458209203564e-01 5.288427540063857890e+01
3.017340480638036979e+02 3.020225124902920015e+02 7.292046422156536201e-01 5.265104240179061890e+01
4.015316997600401692e+02 4.020948301938034888e+02 1.004624448781010981e+00 5.266352585554123067e+01
5.000153153888471707e+02 5.000099204342799339e+02 1.780204349004439746e-02 5.257639675140380575e+01
6.000194318197552548e+02 6.000194318197550274e+02 2.273736754432320595e-13 5.261043584346771240e+01
7.550000000000001137e+02 8.000000000000000000e+02 4.974937185533105577e+01 5.269733840227127075e+01
8.231312148664131882e+02 8.000000000000000000e+02 4.032509703449735383e+01 5.268804459571838095e+01
1.055291230918245219e+03 1.060254303253896069e+03 1.252886886550757879e+02 5.270371865034103109e+01
1.006882236412755105e+03 1.000000000000000000e+03 2.175485140251845095e+01 5.370839805603027628e+01
1.125139935583140414e+03 1.100000000000000000e+03 4.354724325203838475e+01 5.370385770797729208e+01
1.201972455627866111e+03 1.200080948985142413e+03 6.907294824762755248e+00 5.384829689264297770e+01
1.361650491688524198e+03 1.400000000000000000e+03 4.905664554244860653e+01 5.377983095645904399e+01
1.425000000000000000e+03 1.400000000000000000e+03 4.330127018922190274e+01 5.288417440652847290e+01
