-1.400000000000000000e+03 -1.400000000000000000e+03 0.000000000000000000e+00 2.878411768078804016e+02
1.492452662192714924e+05 1.168673692463963671e+05 1.115361808158448403e+05 2.942127837419510001e+02
4.425208164502713084e+07 9.091786682081311941e+06 1.031934595474848449e+08 2.935822554945945626e+02
1.248230370710888747e+04 1.103936035512250965e+04 5.517796962338728008e+03 2.935458457469940186e+02
-9.999999999999308784e+02 -9.999999999999574811e+02 5.542001879354160529e-11 2.914188066482544173e+02
-8.852817004848623128e+02 -8.901875135730031161e+02 1.656550648570383188e+01 2.929743060469627380e+02
-7.398791956467177897e+02 -7.459025626708580603e+02 3.280865135685969847e+01 2.950779792904853593e+02
-6.795231630665348348e+02 -6.795037454004451547e+02 1.370824213055796270e-01 2.882703367471694946e+02
-5.925341021105696200e+02 -5.925848691020282786e+02 1.622586613377603015e+00 3.107548472523689043e+02
-4.987501067642760972e+02 -4.990535551114309101e+02 9.045879580145996801e-01 2.915898868560790902e+02
-3.988557970843427825e+02 -3.990050409429067031e+02 9.582132433379919600e-01 2.906381224036216508e+02
-2.580016357645303060e+02 -2.632027942658247639e+02 1.853544165735895888e+01 2.908976312041282881e+02
-1.469153515245980657e+02 -1.448384629895840021e+02 1.986697097787051547e+01 2.862082719087600822e+02
8.353564748788585348e+00 -6.153364485305291964e+01 1.135518992548170445e+02 2.894276446461677779e+02
1.338089760172265414e+03 1.320701539614778540e+03 2.671781901554011256e+02 2.893783306479454041e+02
2.008071080941116691e+02 2.007416878520469936e+02 3.317621135133243526e-01 2.981284411549568176e+02
3.108338718734085546e+02 3.110704198031630767e+02 2.323130335478126529e+00 2.897812547564506644e+02
4.441340556813139528e+02 4.425957492486231786e+02 2.013224968386010971e+01 2.943624069929122697e+02
5.005076814193839709e+02 5.004406089897380525e+02 2.145324477391201967e-01 2.931113279581069833e+02
6.037560700057645136e+02 6.037236701424659486e+02 3.287628266273952549e-01 2.938810361504554862e+02
9.900000000000000000e+02 1.000000000000000000e+03 4.358898943540673798e+01 2.924564695000648271e+02
1.015738390328169089e+03 9.864967536351056197e+02 1.403329415674174925e+02 2.932428041458130110e+02
2.427351264508247368e+03 2.435382965625622546e+03 3.721081015570501336e+02 2.927525935411453020e+02
1.221318151390632920e+03 1.220988131562406124e+03 4.190695373358162001e+00 3.122965128064155351e+02
1.320138702367703218e+03 1.320537368675746393e+03 3.843521478333644659e+00 3.119957112431526411e+02
1.435199283025693148e+03 1.400040337432547858e+03 6.554894448634682647e+01 3.131853214979171867e+02
1.871220401789973039e+03 1.874917095652089301e+03 3.615798725048946238e+01 3.119379525065422172e+02
1.784222013053017918e+03 1.700000000000000000e+03 1.786944637122701636e+02 2.957371836543082964e+02
