-1.400000000000000000e+03 -1.400000000000000000e+03 0.000000000000000000e+00 2.724152849912643504e+01
4.600815301646018270e+03 3.806193484937270568e+03 5.402472616110626404e+03 2.730212730169296265e+01
-1.200000000000000000e+03 -1.200000000000000000e+03 0.000000000000000000e+00 2.721215884685516428e+01
-1.100000000000000000e+03 -1.100000000000000000e+03 0.000000000000000000e+00 2.726495004892349172e+01
-9.999999999999521378e+02 -9.999999999999934062e+02 6.996396894703250430e-11 2.728123174905777049e+01
-8.998999600050244680e+02 -8.999898835959434109e+02 1.974307231760284442e-01 2.717891629934310771e+01
-7.927342830411864725e+02 -7.999023840770308880e+02 1.188611569586436545e+01 2.732681964635849070e+01
-6.835121774006255464e+02 -6.799996028112518616e+02 7.079721415473308355e+00 2.722853055000305034e+01
-5.994665307174914233e+02 -5.994560660456581900e+02 4.089254074277901552e-01 2.820460150241851949e+01
-4.954289753001077656e+02 -4.970517026730647103e+02 5.380373860237684269e+00 2.730716010332107402e+01
-3.997512602357267042e+02 -4.000000000000000000e+02 4.308299095841033877e-01 2.738297045230865479e+01
-2.974628576812664278e+02 -2.990050409429067031e+02 2.526387014605951276e+00 2.739927445650100779e+01
-1.966470757848749145e+02 -1.971206152715606663e+02 3.551940445486099218e+00 2.741569724082946635e+01
-7.992804500039400750e+01 -9.130921665192749970e+01 3.030726920356340415e+01 2.722611249685287405e+01
2.020958850401551388e+02 2.173850362087171675e+02 8.207262247395776456e+01 2.723846110105514384e+01
2.011053882648045033e+02 2.007464196033695316e+02 9.127407982990001223e-01 2.747470995187759257e+01
3.013929007666802136e+02 3.020257323738570108e+02 9.951500230035733585e-01 2.728381445407867290e+01
4.023901056964389227e+02 4.026049373699928537e+02 1.032043260726826617e+00 2.729479849338531494e+01
5.000855370944833567e+02 5.000197630753108342e+02 1.281662115837213511e-01 2.724212610721588135e+01
6.001208622030786728e+02 6.000194344347617061e+02 1.850919932319518291e-01 2.730470714569091939e+01
7.850000000000000000e+02 8.000000000000000000e+02 3.570714214271424680e+01 2.736509844064712382e+01
8.836775464964681532e+02 8.626428144480350966e+02 8.384650401034282652e+01 2.735725615024566792e+01
1.068066333783089704e+03 1.073328122301357325e+03 1.012049862470845056e+02 2.737376430034637309e+01
1.062877636800154505e+03 1.080968532755204478e+03 4.258529689415176023e+01 2.833829035758972026e+01
1.179271886319940450e+03 1.201399360987982845e+03 4.220238948682661828e+01 2.829238320589065481e+01
1.214088329187021600e+03 1.202611940097513980e+03 1.809265370465206146e+01 2.842552939653396749e+01
1.417631394388995432e+03 1.418010694071643456e+03 8.310511876588807922e+01 2.835192464590072703e+01
1.455000000000000000e+03 1.500000000000000000e+03 4.974937185533099893e+01 3.002706134319305420e+01
