-1.400000000000000000e+03 -1.400000000000000000e+03 0.000000000000000000e+00 5.598056575059890605e+01
4.745644538597751307e+03 3.811705348647185019e+03 4.944814193901175713e+03 5.622229344844818399e+01
-1.200000000000000000e+03 -1.200000000000000000e+03 0.000000000000000000e+00 5.599533594846725748e+01
-1.100000000000000000e+03 -1.100000000000000000e+03 0.000000000000000000e+00 5.606511549949645712e+01
-9.999999999999860165e+02 -9.999999999999898819e+02 1.534879676388599316e-11 5.609785255193710185e+01
-8.999846395477858323e+02 -8.999999995275895799e+02 4.839373922716540960e-02 5.606728744506835938e+01
-7.984395522489742234e+02 -7.999990172096453307e+02 4.724330299353902696e+00 5.613661304712295674e+01
-6.866001438747164229e+02 -6.799997871713417226e+02 9.147903192555263630e+00 5.609190570116042807e+01
-5.996025041008534799e+02 -5.995103066070362274e+02 3.488607614027893766e-01 5.700482050180435323e+01
-4.998261398398090023e+02 -4.998927229237633583e+02 2.011477420976674202e-01 5.614004310369491435e+01
-3.998010081885813634e+02 -4.000000000000000000e+02 3.979836228373188067e-01 5.620045725107193135e+01
-2.978608402965400046e+02 -2.990050409429067031e+02 2.296496505856326031e+00 5.620486050844192505e+01
-1.991602031496689165e+02 -2.000000000000000000e+02 1.170641277879888031e+00 5.620681935548782349e+01
-9.643003468397657230e+01 -9.968782674401859367e+01 6.634554289071100897e+00 5.607492084503174112e+01
1.377803863486269620e+02 1.170693934401635943e+02 3.278576343566686546e+01 5.606278294324874878e+01
2.006867097667505391e+02 2.003305374263508725e+02 7.767935285546284652e-01 5.632183024883270406e+01
3.018175274123066174e+02 3.020652955275123759e+02 6.451650974139941930e-01 5.612167385816574239e+01
4.022314665413326225e+02 4.022492432259854240e+02 1.104424855667123895e+00 5.619355149269104288e+01
5.000288857052081539e+02 5.000197293441220268e+02 4.414562164087222629e-02 5.608427734375000284e+01
6.000267126783365939e+02 6.000194318197550274e+02 2.049117790320771626e-02 5.607008039951324463e+01
7.800000000000000000e+02 8.000000000000000000e+02 4.000000000000000000e+01 5.620549639463424541e+01
8.263880543359671265e+02 8.000000000000000000e+02 4.912193150644891659e+01 5.620168665647506856e+01
1.086058506057359637e+03 1.112267277131773426e+03 1.274207255448304466e+02 5.617377015352249003e+01
1.007403558677294996e+03 1.003140004016157036e+03 8.532982661951075798e+00 5.714503664970398233e+01
1.119600115081812646e+03 1.100000000000000000e+03 3.775617443416732044e+01 5.714999934434890605e+01
1.205050815932304886e+03 1.200080948985149917e+03 1.144883764479760124e+01 5.727495620250702046e+01
1.378334714160908334e+03 1.400000000000000000e+03 4.980229399430641735e+01 5.719707880020141744e+01
1.455000000000000000e+03 1.500000000000000000e+03 4.974937185533099893e+01 5.635324045419692851e+01
