-1.400000000000000000e+03 -1.400000000000000000e+03 0.000000000000000000e+00 5.965477135181426860e+01
3.668714406415982921e+03 3.507695806224250646e+03 3.718416496406319766e+03 5.985780659914016866e+01
-1.200000000000000000e+03 -1.200000000000000000e+03 0.000000000000000000e+00 5.960960934162140035e+01
-1.100000000000000000e+03 -1.100000000000000000e+03 0.000000000000000000e+00 5.964171794652938985e+01
-9.999999999999887450e+02 -9.999999999999961346e+02 1.424081372353493016e-11 5.972103290557861044e+01
-9.000000000000000000e+02 -9.000000000000000000e+02 1.833145176601317471e-13 5.971906799077987671e+01
-7.999999999999964757e+02 -8.000000000000000000e+02 7.662948270953887223e-12 5.978001230955123901e+01
-6.919996643466655541e+02 -6.999999999999954525e+02 9.798370073398784186e+00 5.964948360919952108e+01
-5.998125223390485417e+02 -6.000000000000000000e+02 3.247208340519236458e-01 6.051278169155121134e+01
-4.999752193230588091e+02 -4.999852079193453847e+02 2.148871728416640661e-02 5.973743954896927022e+01
-4.000000000000000000e+02 -4.000000000000000000e+02 0.000000000000000000e+00 5.982156054973602011e+01
-2.999502520471453408e+02 -3.000000000000000000e+02 2.168462991415098517e-01 5.983149279356003092e+01
-2.000000000000000000e+02 -2.000000000000000000e+02 0.000000000000000000e+00 5.982639199495315552e+01
-9.816819135359108373e+01 -9.968782674401859367e+01 4.978291996067309100e+00 5.976141904592513754e+01
1.150125359674632648e+02 1.006243465119628127e+02 2.822894835131943836e+01 5.972058119773864604e+01
2.000243415587256663e+02 2.000000000000006253e+02 1.055737377673107713e-01 5.998915644884109355e+01
3.016367460627294577e+02 3.020227481771768225e+02 8.063482566966309051e-01 5.975187724828720093e+01
4.015960955240641965e+02 4.020370436345919529e+02 9.363519863805497279e-01 5.979458400011062480e+01
5.000059188032366251e+02 5.000000000000000000e+02 9.041121285101970731e-03 5.968905434608459615e+01
6.000126306828409497e+02 6.000194318197550274e+02 9.268387309594429413e-03 5.968108944892883017e+01
7.300000000000457021e+02 7.000000000000188720e+02 4.582575694952880951e+01 5.987458304166793965e+01
8.062642814448237232e+02 8.000000000000005684e+02 1.879284433440377100e+01 5.986280865669250772e+01
1.002632970542408316e+03 9.580660550046811750e+02 1.178006534416508941e+02 5.982144500017166422e+01
1.001887854609740657e+03 1.000000000000000000e+03 5.663611810181693684e+00 6.063324924707412578e+01
1.110000000000049567e+03 1.100000000000000000e+03 2.999999999998345146e+01 6.063091700077056601e+01
1.200244168913137401e+03 1.200080948985142413e+03 2.451379887441512972e-01 6.067885994911193848e+01
1.361805594457528059e+03 1.360618503775682711e+03 5.919420403885917636e+01 6.066869770288467123e+01
1.400000000000012278e+03 1.400000000000001592e+03 2.589755221129640305e-11 5.995888980627059794e+01
