-1.400000000000000000e+03 -1.400000000000000000e+03 0.000000000000000000e+00 2.522380130290985178e+01
8.655854272348615268e+02 2.486025259727102821e+02 2.816372407938997185e+03 2.531128020286559988e+01
-1.200000000000000000e+03 -1.200000000000000000e+03 0.000000000000000000e+00 2.521251399517059255e+01
-1.100000000000000000e+03 -1.100000000000000000e+03 0.000000000000000000e+00 2.526508234739303660e+01
-9.999999979302228894e+02 -9.999999996419377339e+02 3.603676363464904014e-06 2.525680470466613770e+01
-9.000000000000000000e+02 -9.000000000000000000e+02 0.000000000000000000e+00 2.522870470285415578e+01
-7.999999999890327445e+02 -7.999999999990421884e+02 2.313953014011634215e-08 2.537038805484771586e+01
-6.940000636951247088e+02 -6.999999999979763743e+02 9.165054139210695894e+00 2.526387445926666331e+01
-5.997375304936655311e+02 -5.999999998899252205e+02 3.576840079692872876e-01 2.595049189329147410e+01
-4.999861919228587794e+02 -4.999926039596658711e+02 1.520928160369029378e-02 2.531207474470138408e+01
-4.000000000000000000e+02 -4.000000000000000000e+02 0.000000000000000000e+00 2.535642939805984497e+01
-3.000000000000000000e+02 -3.000000000000000000e+02 0.000000000000000000e+00 2.537202694416046000e+01
-2.000000000000000000e+02 -2.000000000000000000e+02 0.000000000000000000e+00 2.536804594993591166e+01
-9.908409567679552765e+01 -1.000000000000000000e+02 3.636716062772981761e+00 2.531415610313415598e+01
1.090556013585253652e+02 1.006243465119628127e+02 1.687646957525261016e+01 2.533408550024032735e+01
2.000000001277600177e+02 2.000000000064398478e+02 2.818451157528374974e-07 2.553466869592666555e+01
3.013547006101092620e+02 3.020197639804966911e+02 9.541736717257831568e-01 2.533414210081100393e+01
4.016129727381071461e+02 4.020438560611946173e+02 7.963229779211238313e-01 2.532797409296035696e+01
5.000004960217073631e+02 5.000000000000000000e+02 2.162108496359181446e-03 2.518567379713058330e+01
6.000126306828409497e+02 6.000194318197550274e+02 9.268387309594429413e-03 2.527385069131851125e+01
7.350000000244756393e+02 7.000000000602326509e+02 4.769696005433078767e+01 2.543917764425277639e+01
8.000000000122748816e+02 8.000000000027557689e+02 2.667588041880544007e-08 2.544308434724807810e+01
9.919021529128538077e+02 9.393837087884369339e+02 1.096055141301505387e+02 2.537639660835266042e+01
1.000000000000665750e+03 1.000000000000181217e+03 1.254909043404361513e-09 2.607391539812088155e+01
1.105000000036473239e+03 1.100000000002681418e+03 2.179449470940412326e+01 2.608491640090942454e+01
1.200236074014623682e+03 1.200080948985143777e+03 2.516443471812560562e-01 2.615314185619354248e+01
1.385679398319555276e+03 1.400000000000106866e+03 3.565726238809834570e+01 2.615482614040374898e+01
1.400000000060236744e+03 1.400000000004771664e+03 2.001840368277877360e-07 2.550693755149841380e+01
