-1.400000000000000000e+03 -1.400000000000000000e+03 0.000000000000000000e+00 3.238341050982475053e+02
1.021817688689008646e+05 8.489387787676512380e+04 6.346709059759029333e+04 3.450059806466102827e+02
1.454519484880774515e+06 -1.199860406016353409e+03 6.330358112592124380e+06 3.416069295048713457e+02
1.240160238383603610e+04 1.138557856228550736e+04 6.426559505339148018e+03 3.440428997516631853e+02
-9.999998354568715513e+02 -9.999998239473147805e+02 4.544386146757744741e-05 3.445134671449661141e+02
-8.901875765036187431e+02 -8.901875765836537084e+02 3.578174955802170687e-07 3.429672880530357588e+02
-7.981424795377689634e+02 -7.999581348543670174e+02 4.847745334951334861e+00 3.374326005458831901e+02
-6.796258077611588533e+02 -6.796575267929806614e+02 1.035616230720577680e-01 3.383863416075706709e+02
-5.947823906102943283e+02 -5.945197173117162492e+02 2.814848885246015620e+00 3.625042445421219099e+02
-4.998846485390113230e+02 -4.999015866309748617e+02 6.309419673399313533e-02 3.270564647436141854e+02
-3.940302474206770285e+02 -3.950252047145335155e+02 2.179843778017661382e+00 3.263681589007377397e+02
-2.897519302807753547e+02 -2.905478939954327871e+02 3.068274895782691303e+00 3.280041271567344552e+02
-1.767701401716491318e+02 -1.764566462696460007e+02 1.183152012968832167e+01 3.320346960067748796e+02
1.689498600372567694e+02 1.862924419089815729e+02 1.819841824938200716e+02 3.258893306970596200e+02
1.086432885068231826e+03 9.862827484259323683e+02 3.555763793419525882e+02 3.344192309498786813e+02
2.010092130234534693e+02 2.009361922045446249e+02 5.120717567138319826e-01 3.463525375962257158e+02
3.163476953559598428e+02 3.165528617727101164e+02 2.283901992768073264e+00 3.264801656484603996e+02
4.199033500848000813e+02 4.176330857551982945e+02 8.329356207735470363e+00 3.348307749986648787e+02
5.006927330623634589e+02 5.006752874760529721e+02 1.986883631440105047e-01 3.434562085032463301e+02
6.035926864812945496e+02 6.036024404108889030e+02 3.492430838960544071e-01 3.440526346921921004e+02
1.000000000000000227e+03 1.000000000000000227e+03 5.084229945850414966e-14 3.309143246531486398e+02
1.137400379936228546e+03 1.094527610488642040e+03 1.603099994572195328e+02 3.302683791041374093e+02
2.053935013688059371e+03 2.087048585277951133e+03 3.877223037732662760e+02 3.354125362992286910e+02
1.211847224594672980e+03 1.211711371560474845e+03 3.253361794680747821e+00 3.630844415068626176e+02
1.315464672000849077e+03 1.314044542632477715e+03 6.022801760007812533e+00 3.641060073494911080e+02
1.402968285901366926e+03 1.400022365086873151e+03 3.247320589866260576e+01 3.656104019999503976e+02
1.805707284540530281e+03 1.815463904073570575e+03 5.191034490773698451e+01 3.622791054964065438e+02
1.700000000000000455e+03 1.700000000000000455e+03 0.000000000000000000e+00 3.346312682032585144e+02
