-1.400000000000000000e+03 -1.400000000000000000e+03 1.525268983755124553e-13 6.578011448502541043e+02
3.364054681517080171e+05 3.312102521392322378e+05 1.474425702491414268e+05 7.232862660527229082e+02
1.626784045423100237e+06 2.031943623855330225e+04 3.803648065124514978e+06 7.144424287557601474e+02
8.929704578860622860e+03 8.307035072826274700e+03 3.078282437450879570e+03 7.222195030570030667e+02
-9.999996999069074946e+02 -9.999996921170782116e+02 4.592164003361561415e-05 7.218995854496955644e+02
-8.909730556856923158e+02 -8.909236112677040182e+02 3.198282027249026438e-01 7.197683989048003923e+02
-7.972642108283849893e+02 -7.985092339931977676e+02 3.262479804582886445e+00 6.926844105482101668e+02
-6.790497420633039383e+02 -6.790475831754570208e+02 3.012234739233920350e-02 6.876526618957519759e+02
-5.665545763558128556e+02 -5.648777208115218400e+02 5.847289042641024004e+00 8.425491355895995866e+02
-4.999890299850098927e+02 -4.999901390216655273e+02 7.374432930577005420e-03 6.675480809092521213e+02
-3.746783093865391265e+02 -3.756235156957620802e+02 7.906468719124058353e+00 6.612629482030868076e+02
-2.695542783075630950e+02 -2.696537790082881543e+02 5.997867421634376583e+00 6.855975650548934937e+02
-1.228507495631628643e+02 -1.265758875001000661e+02 2.613678082072396691e+01 7.063698971033096541e+02
1.282121887600268337e+03 1.217279012552025051e+03 3.553818022139425921e+02 6.711553467392920993e+02
6.187254543043806734e+03 7.217812556071616200e+03 1.699665919234971625e+03 6.971563802599906694e+02
2.025216062303161664e+02 2.025175256844406704e+02 2.702766576395799203e-01 7.346777402043342136e+02
3.547190565373332447e+02 3.543313886684957197e+02 4.687588566913888144e+00 6.597370093941688083e+02
5.630586689440884811e+02 5.907625512504421295e+02 5.556017073262722050e+01 7.011468068003654253e+02
5.025765951150175397e+02 5.025070169042817838e+02 6.221250711990110593e-01 7.247019996047019958e+02
6.108768655411669215e+02 6.109633605533111904e+02 6.388834249791712772e-01 7.220204720973968051e+02
9.850000000000002274e+02 1.000000000000000227e+03 3.570714214271426101e+01 7.236258354067801974e+02
2.191142830726054854e+03 2.134971849053797087e+03 2.861332188876671125e+02 7.004672215461730502e+02
7.452964637745516484e+03 8.116876204103507007e+03 1.451027006119288899e+03 7.126428800582885970e+02
1.242122561021560159e+03 1.240513097705199243e+03 1.367448221876029102e+01 8.615734355568886258e+02
1.351061688998970567e+03 1.349951219515293133e+03 6.380257589897539106e+00 8.629465838432312239e+02
1.488338323694038536e+03 1.531669014944925493e+03 8.164646795413509039e+01 8.678523552060127031e+02
2.117960266012863940e+03 2.016154004641908614e+03 2.285245571843994696e+02 8.646076488494873047e+02
1.700000000000000455e+03 1.700000000000000455e+03 3.736130730693499675e-13 7.363529625058174588e+02
