-1.400000000000000000e+03 -1.400000000000000000e+03 0.000000000000000000e+00 5.525055540800094889e+01
2.282630988957474074e+03 4.091781538649896675e+02 3.880162958323370276e+03 5.542204055786132955e+01
-1.200000000000000000e+03 -1.200000000000000000e+03 0.000000000000000000e+00 5.524558305740356445e+01
-1.100000000000000000e+03 -1.100000000000000000e+03 0.000000000000000000e+00 5.526965755224227905e+01
-9.999999999999687361e+02 -9.999999999999849933e+02 3.968666492901554229e-11 5.521759685277938701e+01
-9.000000000000000000e+02 -9.000000000000000000e+02 5.084229945850414966e-14 5.525713734626769735e+01
-7.999999999994804512e+02 -7.999999999999927240e+02 1.983964142257516593e-09 5.540698249340057657e+01
-6.969999514345118996e+02 -6.999999999996921360e+02 7.141544033158114146e+00 5.528195065259933472e+01
-5.998125222859515588e+02 -5.999999999994438440e+02 3.247208048667628022e-01 5.605462750196456767e+01
-4.999863153544415582e+02 -4.999926039596658711e+02 1.404505360295091147e-02 5.536919869184494303e+01
-4.000000000000000000e+02 -4.000000000000000000e+02 0.000000000000000000e+00 5.541354579925537394e+01
-2.999005040942906817e+02 -3.000000000000000000e+02 2.984877171279891050e-01 5.543378995656966879e+01
-1.999005040942906817e+02 -2.000000000000000000e+02 4.336925982830196480e-01 5.544284030199050761e+01
-9.902166102559925775e+01 -1.000000000000000000e+02 3.625798968277774481e+00 5.534060070514679097e+01
1.056573313332916371e+02 1.003121732559814063e+02 1.341821679690998792e+01 5.538586460351943686e+01
2.000003464367903234e+02 2.000000000000191562e+02 8.246837806821624619e-04 5.557915244102478169e+01
3.012311258187274916e+02 3.020197639804966911e+02 9.845756766767100876e-01 5.537222490310669087e+01
4.017906136978411951e+02 4.020182268884163364e+02 6.308989181842951099e-01 5.537643685340881206e+01
5.000004960217073631e+02 5.000000000000000000e+02 2.162108496359181446e-03 5.520640524625778056e+01
6.000097159098775137e+02 6.000097159098775137e+02 9.715909877513697127e-03 5.533431689739227011e+01
7.500000000038087364e+02 7.500000000023367193e+02 5.000000000194587102e+01 5.547923589944839762e+01
8.150000000026809630e+02 8.000000000001255103e+02 3.570714214170013889e+01 5.550242990255355835e+01
1.034280637200993397e+03 1.011671382547015469e+03 1.196825624919221411e+02 5.536452720165252828e+01
1.000000000000780574e+03 1.000000000000050022e+03 1.351790968459412424e-09 5.618431274890899374e+01
1.120000000006692517e+03 1.100000000000041382e+03 3.999999999665561745e+01 5.619847575426101827e+01
1.200238390869848217e+03 1.200080948985142413e+03 2.920612382602237322e-01 5.625613434314728067e+01
1.366139837820885532e+03 1.400000000000000682e+03 4.732566512681184179e+01 5.624434649944305420e+01
1.405000000033279775e+03 1.400000000000146201e+03 2.179449471012348383e+01 5.555868444442749166e+01
