-1.399999999999999773e+03 -1.399999999999999773e+03 0.000000000000000000e+00 1.677781707799434571e+03
4.421670138242196292e+06 4.290845145080035552e+06 1.413178939667057712e+06 1.615303966498374848e+03
1.804725612617061138e+09 9.687291388316863775e+08 2.143939477846331120e+09 1.620141694748401733e+03
3.215627899506808717e+03 2.995127606319365441e+03 1.845215055493720911e+03 1.610506553649902344e+03
-9.999999999996791757e+02 -9.999999999998169642e+02 4.037740138778843560e-10 1.621127933645248504e+03
-8.499174118827938855e+02 -8.548031359187493763e+02 1.614773111059781385e+01 1.606713561642169907e+03
-6.333869909612960782e+02 -6.357456563081775585e+02 2.448397727835876125e+01 1.650011340057849793e+03
-6.788886076580229201e+02 -6.788842926284144141e+02 4.735034444772329848e-02 1.623493808495998337e+03
-5.376624655766263459e+02 -5.379164058858461885e+02 5.262038112722400740e+00 1.956464701199531646e+03
-4.997682306671247829e+02 -4.997879871014287119e+02 1.121183404759591301e-01 1.620580458748340561e+03
-3.995522684243079539e+02 -3.999999999999999432e+02 8.006175320504442805e-01 1.688811196100711868e+03
3.074991973281823334e+02 2.759795019201245623e+02 1.187204727578589853e+02 1.634873571550846009e+03
5.206424976050891473e+02 5.338100571693187248e+02 1.416937822038393620e+02 1.623771718907356217e+03
1.502141388032041505e+02 1.216303738843580504e+02 1.451842725895283479e+02 1.653650459802150635e+03
8.842275703636374601e+03 8.767644289626890895e+03 8.096735833858261913e+02 1.628150389003753617e+03
2.018769657622003137e+02 2.019836122437875474e+02 5.655640086771650532e-01 1.745293764340877487e+03
3.517582061416305237e+02 3.517294839099067758e+02 2.265046307408997150e-01 1.620668692994117691e+03
9.136375359076176892e+02 9.280812534590220366e+02 9.771223286674864994e+01 1.625924915206432388e+03
5.022793760721136209e+02 5.022151480683053819e+02 3.504690396218575477e-01 1.611204621100425811e+03
6.243877468124786674e+02 6.244999999999898819e+02 5.343442156801078147e-01 1.665548942148685455e+03
1.420294304440759788e+03 1.495956523400505375e+03 4.034274545073391778e+02 1.647685476255416916e+03
1.098084999620515418e+03 1.042278074269164335e+03 1.728377153609181676e+02 1.655449443650245712e+03
1.164504557390883201e+04 1.151046237800421295e+04 1.137843269020392881e+03 1.666587050402164550e+03
1.371766104497618926e+03 1.372109690872269312e+03 1.300803981686362576e+01 1.981216773104667709e+03
1.510552160535342864e+03 1.510700710684427122e+03 2.202080687839834638e+01 1.980640474700927825e+03
1.625639440920700508e+03 1.664018708375041570e+03 9.510258325881429187e+01 1.995084679949283554e+03
3.266950940822944631e+03 3.241359419852433348e+03 1.445569333997625563e+02 1.991601128196716218e+03
3.122565931454736528e+03 1.800000000000042519e+03 1.805037646176058388e+03 1.697936660802364258e+03
