-1.399999999999997726e+03 -1.399999999999999773e+03 3.793462497377356925e-12 6.098377490043640137e+01
3.617489261022144092e+03 1.038600894403797156e+03 5.121621966803580108e+03 6.117261716127395488e+01
-1.199999999992407993e+03 -1.199999999997785380e+03 1.132405778879650986e-08 6.104916239976883219e+01
-1.099999999966694759e+03 -1.099999999999033889e+03 1.312309632582393985e-07 6.108249560594558858e+01
-9.999999992911536992e+02 -9.999999996411929715e+02 7.128878345014407560e-07 6.113040330410003520e+01
-8.999898742287501818e+02 -8.999982727597846406e+02 2.113978178194881458e-02 6.101929529905319072e+01
-7.999071383495160035e+02 -7.999997704799263829e+02 3.036265839623468188e-01 6.119495334625243999e+01
-6.860003323947660192e+02 -6.799998212073016930e+02 9.164855164228347562e+00 6.116938540935516500e+01
-5.995565593747662660e+02 -5.993499324957377894e+02 4.150419869372589665e-01 6.212681510448455668e+01
-4.998097438099489409e+02 -4.998779453668196879e+02 2.427990946981998244e-01 6.105553135871887349e+01
-3.999999999999927240e+02 -3.999999999999992042e+02 1.850442315740518239e-11 6.117556331157684468e+01
-2.984578144605289367e+02 -2.990050409426225997e+02 1.618910010493763929e+00 6.120578644275665425e+01
-1.989990809899898068e+02 -1.999999999987577439e+02 1.131353979583571423e+00 6.122802690267563008e+01
-9.612765132421766623e+01 -9.999999999964359176e+01 1.297734347486802520e+01 6.112541105747222758e+01
1.399944955264346902e+02 1.006243465314923924e+02 5.633126500093922573e+01 6.113921189308166504e+01
2.004623786221839339e+02 2.001769382128460393e+02 5.226773661432512208e-01 6.142423681020736836e+01
3.018213354914690285e+02 3.020197639806785332e+02 6.071989434965258114e-01 6.114278990030288696e+01
4.018173621897974499e+02 4.020618987736700092e+02 8.653153103871543683e-01 6.116086900234222412e+01
5.000256558334795045e+02 5.000197293441750617e+02 2.598271493726954720e-02 6.103751164674758911e+01
6.000145738648179758e+02 6.000194318197550274e+02 8.414224772394850865e-03 6.109089230298995687e+01
7.750000088428369054e+02 8.000000023023051199e+02 4.330126648542710655e+01 6.128243119716644571e+01
8.331321423345291350e+02 8.000000018576747607e+02 6.401927302184986956e+01 6.127186830043793009e+01
1.020117641792495078e+03 1.000000002815325161e+03 1.081047992948630423e+02 6.133031940460205078e+01
1.010385277310081278e+03 1.003140002953872681e+03 2.338195920134660355e+01 6.229735715389251993e+01
1.143431585823596379e+03 1.100000016381266050e+03 4.891290723273865382e+01 6.227596354484558105e+01
1.202934755407079138e+03 1.200258041871109072e+03 7.421213807405183438e+00 6.232842504978179932e+01
1.370609718872415669e+03 1.400000000225525127e+03 5.698274715055085693e+01 6.232448015213012837e+01
1.430000010973422832e+03 1.400000017028135744e+03 4.582575305140532151e+01 6.149850095510483072e+01
