-1.399999999999999773e+03 -1.399999999999999773e+03 5.084229945850414966e-14 9.609303725004195940e+02
8.900997913082683226e+05 8.973102306801029481e+05 2.718921302357855020e+05 1.279444113409519105e+03
2.693709800509800315e+08 1.308083631692893654e+08 2.864577677809751630e+08 1.231547933042049408e+03
1.257340938069026743e+05 1.496656443401187134e+05 9.393793452424864518e+04 1.105496555101871536e+03
-9.999996079012565815e+02 -9.999996073337745202e+02 2.113200959593244059e-05 1.276814198148250625e+03
-8.565526684650258176e+02 -8.565526684650260449e+02 1.094586414356936902e-12 1.100442122697830200e+03
-7.429829978332043083e+02 -7.504257983451567497e+02 1.690340763211105113e+01 1.231276032900810151e+03
-6.788751093999703699e+02 -6.788607306542628521e+02 3.512241394940738420e-02 1.212512665796279862e+03
-5.278823342086923276e+02 -5.262453070835401832e+02 6.415963603966447160e+00 1.438262269246578171e+03
-4.998617629033458911e+02 -4.998607981277492058e+02 5.850806097495888508e-02 1.015839479005336784e+03
-3.209765581126408165e+02 -3.193853641854968259e+02 1.473210186823159873e+01 9.932398821949958574e+02
-1.975444529389419870e+02 -2.179159811332517620e+02 7.320977942594218746e+01 1.028853752052783875e+03
1.258478509484680643e+02 1.562274416188144812e+02 7.682537277754640570e+01 1.062207276797294526e+03
3.473137464771416944e+03 3.510476762619413421e+03 6.540450422073768095e+02 1.017559779596328781e+03
1.414247639851623899e+04 1.442089086212926850e+04 1.583121740386829970e+03 9.976721679091454007e+02
2.034648920814520636e+02 2.035435569430816827e+02 4.364970665377348458e-01 1.180122917449474244e+03
4.277642741132729611e+02 4.218513446260409410e+02 2.714129412769738181e+01 1.037402867901325180e+03
8.099897093884563901e+02 8.251757003345401245e+02 6.703917927315806935e+01 1.005521379041671707e+03
5.056896061703681085e+02 5.055647251447510371e+02 1.432401443155998821e+00 1.277385665500164123e+03
6.237298267787109580e+02 6.250000000000000000e+02 1.515793822937720803e+00 1.014277140104770638e+03
1.410544613687072115e+03 1.828262933976493969e+03 4.618049788191715379e+02 1.037041740453243165e+03
4.478935613065217694e+03 4.318911299055076597e+03 6.643950124531024812e+02 1.076579256904125259e+03
1.530158497465242363e+04 1.561783971300639314e+04 5.579239079212034085e+02 1.048870008695125534e+03
1.289599107929801903e+03 1.285854208383952482e+03 1.233329475150807575e+01 1.626682724297046661e+03
1.449432041483816647e+03 1.439821523274679294e+03 2.819598583611740139e+01 1.623673415541648865e+03
1.660039812113150447e+03 1.680107939481065387e+03 3.435371758859513136e+01 1.521406232297420502e+03
3.116454448420145582e+03 3.167387935511628257e+03 2.798160784133029892e+02 1.579588514602184205e+03
2.864324735431840509e+03 1.800000000000001137e+03 1.450648689823403174e+03 1.156543530642986298e+03
