-1.400000000000000000e+03 -1.400000000000000000e+03 0.000000000000000000e+00 6.819699389934540079e+01
4.735531792281350135e+03 3.633870999973899870e+03 5.118372161115737981e+03 6.829348355531692505e+01
-1.200000000000000000e+03 -1.200000000000000000e+03 0.000000000000000000e+00 6.814623124599457071e+01
-1.100000000000000000e+03 -1.100000000000000000e+03 0.000000000000000000e+00 6.816679610013962076e+01
-9.999999999999793090e+02 -9.999999999999856755e+02 2.264051323637785344e-11 6.826355220079422281e+01
-8.999972967600372158e+02 -8.999999996957695885e+02 1.114936654713639605e-02 6.820448299646378132e+01
-7.985485683696599608e+02 -8.000000000000000000e+02 5.240124005828289633e+00 6.822375630140304281e+01
-6.889982139328826634e+02 -6.800039893439334264e+02 9.951490856019804099e+00 6.817670835256576822e+01
-5.996546972478029147e+02 -5.999047715279281192e+02 3.736226218121057596e-01 6.881526265144347576e+01
-4.997611623521482329e+02 -4.998828631795763613e+02 3.087310280542213126e-01 6.823340815305709839e+01
-4.000000000000000000e+02 -4.000000000000000000e+02 0.000000000000000000e+00 6.826484229564667316e+01
-2.984080675260503313e+02 -2.990050409429067031e+02 2.188904055776144553e+00 6.830376114845276447e+01
-1.989722333893085136e+02 -2.000000000000000000e+02 1.189031879086619448e+00 6.829839304685592083e+01
-9.570143431436096648e+01 -1.000000000000000000e+02 8.936301339458967874e+00 6.818754144906998249e+01
1.617272668207841093e+02 1.167572201841821879e+02 6.687314749425756588e+01 6.818790664672852131e+01
2.003127843263818590e+02 2.000554442372014705e+02 4.389013197665376786e-01 6.834941869974136353e+01
3.017350031110919986e+02 3.020257323738570108e+02 7.236058302979117007e-01 6.823774780035019205e+01
4.019556146136438883e+02 4.021901213707942588e+02 1.274070429654640124e+00 6.828173149824142740e+01
5.000316683073218087e+02 5.000197293441220268e+02 2.766076157897089105e-02 6.820574140548706055e+01
6.000212110452905563e+02 6.000194318197550274e+02 1.292493591117913933e-02 6.818056325912475302e+01
7.550000000000000000e+02 8.000000000000000000e+02 4.974937185533099893e+01 6.825420140027999594e+01
8.270105905973559857e+02 8.000000000000000000e+02 5.313418479014510609e+01 6.826663639545441242e+01
1.081488776959348570e+03 1.121688643562710922e+03 1.083948559149046389e+02 6.823822134733200073e+01
1.007329872094669554e+03 1.001570000141753781e+03 9.116175291874926145e+00 6.892294219732283977e+01
1.124612199435431194e+03 1.100000000000000000e+03 4.129801185325061397e+01 6.892071485519409180e+01
1.207794530275906482e+03 1.200675870639359346e+03 1.262643392822183586e+01 6.899027030467986776e+01
1.390734006953907283e+03 1.410657301717181781e+03 5.552744408891729222e+01 6.896258109807968140e+01
1.430000000000000000e+03 1.400000000000000000e+03 4.582575694955839651e+01 6.840659819841384603e+01
