-1.400000000000000000e+03 -1.400000000000000000e+03 0.000000000000000000e+00 7.236963965892792316e+01
2.003051526040905856e+03 3.114513207664526817e+02 3.798625405847725688e+03 7.253365974426269247e+01
-1.200000000000000000e+03 -1.200000000000000000e+03 0.000000000000000000e+00 7.232378044128418537e+01
-1.100000000000000000e+03 -1.100000000000000000e+03 0.000000000000000000e+00 7.235922955274581625e+01
-9.999999999995055759e+02 -9.999999999999872671e+02 1.976996922004194960e-09 7.229498809576034546e+01
-9.000000000000000000e+02 -9.000000000000000000e+02 0.000000000000000000e+00 7.238205435276032063e+01
-7.999999999754770670e+02 -7.999999999989746584e+02 5.841580785107156044e-08 7.246889709234237387e+01
-6.939998047611480843e+02 -6.999999999897445377e+02 9.165449620770042216e+00 7.235811419486999796e+01
-5.997997744633518096e+02 -5.999999999794108589e+02 3.505258881506712054e-01 7.331932079792022705e+01
-4.999914925826556100e+02 -4.999926039596658711e+02 8.838870454045091862e-03 7.241686580181121258e+01
-3.999999999999998863e+02 -4.000000000000000000e+02 4.461393671214997250e-13 7.252526965141296955e+01
-2.999502520471453408e+02 -3.000000000000000000e+02 2.168462991415091579e-01 7.250849280357360271e+01
-2.000000000000000000e+02 -2.000000000000000000e+02 0.000000000000000000e+00 7.253121864795684814e+01
-9.982830470920995936e+01 -9.984391337200918315e+01 1.840234204067212331e-01 7.240867085456848429e+01
1.064795836797034099e+02 1.003121732559814063e+02 1.354921283213920447e+01 7.240215960741042522e+01
2.000134434761568798e+02 2.000000000030649971e+02 5.807093395367635136e-02 7.271947635412216471e+01
3.012217241727181545e+02 3.020196068559067726e+02 9.915426559049133060e-01 7.242152525186538981e+01
4.014475505641809150e+02 4.020161403732639087e+02 9.005914415409588258e-01 7.249357814788818644e+01
5.000014824889134388e+02 5.000000000000000000e+02 4.710130388837842873e-03 7.240084249973297403e+01
6.000145738648163842e+02 6.000194318197550274e+02 8.414224774807013349e-03 7.242477519512176798e+01
7.450000002592961437e+02 7.000000021774058041e+02 4.974937162658781631e+01 7.254773280620574383e+01
8.100000000192420657e+02 8.000000000037558721e+02 4.358898943112523483e+01 7.256506090164184286e+01
1.041338875260212035e+03 1.002660026766113788e+03 1.168492565464022590e+02 7.251319404840469929e+01
1.000000000022223844e+03 1.000000000000118007e+03 8.685939684881738521e-08 7.344882234334946247e+01
1.120000000083291980e+03 1.100000000008833695e+03 3.999999995852693502e+01 7.346900299787520794e+01
1.200145210724499748e+03 1.200080948985142413e+03 1.708746173277917724e-01 7.355759370326995850e+01
1.356545368182339416e+03 1.400000000000002046e+03 4.918626075379157925e+01 7.351425110101699545e+01
1.410000000715466285e+03 1.400000000039850420e+03 2.999999976160807691e+01 7.266666824817657755e+01
