-1.400000000000000000e+03 -1.400000000000000000e+03 0.000000000000000000e+00 3.192628589034080733e+02
7.383529097971315787e+04 5.918637389910704223e+04 3.987650151096192712e+04 3.300182211995124817e+02
6.117308595338419400e+04 -1.199999797367072006e+03 1.622002323072457220e+05 3.276626021504401933e+02
1.286074133380829517e+04 1.074330089162541663e+04 8.173874871859189625e+03 3.303294301986694563e+02
-9.999999999650592599e+02 -9.999999999669428234e+02 1.948314263992356351e-08 3.274756713032722359e+02
-8.916071196059367594e+02 -8.901875772103272766e+02 3.381575100471883477e+00 3.280088343024253845e+02
-7.984260478665485152e+02 -7.998656287613864606e+02 2.964666335183754775e+00 3.244567460060119402e+02
-6.795885845791220845e+02 -6.795789737618395066e+02 1.019808808890421414e-01 3.226492092013359070e+02
-5.964435427452574459e+02 -5.967243234872921676e+02 8.977766785672259831e-01 3.446237739562988054e+02
-4.999070041510699411e+02 -4.999077263491945473e+02 5.261168360392125959e-02 3.214828601479530334e+02
-3.950749551885696178e+02 -3.950252072334430977e+02 2.769397247623959224e+00 3.217159311532974471e+02
-2.862835308830620420e+02 -2.860705832763320586e+02 6.881381891740782741e+00 3.218457988500595093e+02
-1.749681754156464422e+02 -1.765696511049698358e+02 9.848923307293723894e+00 3.199319423913955802e+02
9.482928359384155215e+01 1.194344247246976920e+02 8.049375944094990132e+01 3.205796044588088876e+02
1.066566228732686795e+03 9.691327610879352505e+02 3.262149040841558758e+02 3.209148258924484480e+02
2.003154518192503133e+02 2.002437323072648496e+02 2.013067898984424453e-01 3.298981168508529436e+02
3.150982986352142916e+02 3.146880644121079627e+02 2.186945794770318141e+00 3.210430879950523604e+02
4.205025490241423540e+02 4.208892975531945240e+02 5.704282344537885407e+00 3.224105524539947396e+02
5.006492838614187235e+02 5.005888043548443420e+02 1.926765024863817399e-01 3.280342903494835127e+02
6.035995721500944455e+02 6.035555756599071628e+02 2.848018130846253215e-01 3.290982102990150224e+02
1.000000000000000000e+03 1.000000000000000000e+03 6.226884551155831951e-14 3.255709556937217712e+02
1.107099815283817179e+03 1.088930656976581304e+03 1.679213791622477743e+02 3.235000223994255180e+02
1.720637480666390275e+03 1.728102426716032824e+03 2.537570202015888299e+02 3.252618428468704224e+02
1.213441233275080549e+03 1.212880762083332684e+03 4.303693472033027767e+00 3.457314329981803667e+02
1.312103154531646851e+03 1.310906116004018713e+03 4.533475450763769565e+00 3.456334698438644182e+02
1.403740302647351655e+03 1.400023840105117415e+03 5.509830424611077859e+01 3.472049293994903678e+02
1.811645943342369719e+03 1.810599838776609658e+03 1.502591883697685837e+01 3.452305949091911543e+02
1.700000000000000000e+03 1.700000000000000000e+03 0.000000000000000000e+00 3.279613054990768433e+02
