-1.399999999999983174e+03 -1.399999999999999773e+03 4.041032189809981195e-11 8.773962320089340494e+01
1.033155891567439312e+03 -6.353479392636718330e+02 3.319096716932139316e+03 8.790072984695434855e+01
-1.199999999999993179e+03 -1.200000000000000000e+03 2.040867150879757571e-11 8.772214545011520670e+01
-1.099999999999998408e+03 -1.099999999999999773e+03 2.859399126950246733e-12 8.777186869382857992e+01
-9.999999985374142852e+02 -9.999999995642757540e+02 2.627450096420028038e-06 8.779585034847259806e+01
-9.000000000000000000e+02 -9.000000000000000000e+02 8.038873388460928854e-14 8.775185579061508179e+01
-7.999999987015960414e+02 -7.999999992317037822e+02 1.373926602914609689e-06 8.784071745872498127e+01
-6.949998717617627335e+02 -6.999999947310022890e+02 8.660462609649245636e+00 8.779136149883269979e+01
-5.999394807295459486e+02 -5.999999600210146582e+02 1.871017910658866745e-01 8.832908689975738525e+01
-4.999875472059118806e+02 -4.999913696435968404e+02 1.064932224364079083e-02 8.780772835016250610e+01
-3.999502520470944660e+02 -3.999999999999990337e+02 2.168462991299661413e-01 8.786425654888152792e+01
-2.998507561414210727e+02 -2.999999999999977263e+02 3.552714447766038286e-01 8.784472399950027466e+01
-1.999999999999264162e+02 -1.999999999999923261e+02 1.688798135961434885e-10 8.787323575019836142e+01
-9.894361771105106129e+01 -9.968782674401722943e+01 3.680332269677869306e+00 8.781937849521636963e+01
1.056417226708600765e+02 1.003121732559907286e+02 1.349245670041382184e+01 8.781175065040588379e+01
2.000339199888246355e+02 2.000000092242749474e+02 1.477070189080474938e-01 8.797502359151840778e+01
3.010169219352495134e+02 3.010148031747575601e+02 1.016174922585492801e+00 8.779786175489425659e+01
4.013356578186185857e+02 4.020319749745020772e+02 9.750690821853100765e-01 8.783951525688171103e+01
5.000009864672061894e+02 5.000000000000000000e+02 4.299910862549808158e-03 8.786380324363707928e+01
6.000106875010226304e+02 6.000194318197550274e+02 9.667208094268906968e-03 8.778656059503555298e+01
7.250000321313902987e+02 7.000000613328734289e+02 4.330125316042863659e+01 8.789871559143065838e+01
8.050000047176217777e+02 8.000000014719327055e+02 2.179449392268662322e+01 8.789880379438400837e+01
1.000956895509520791e+03 1.000000000341995019e+03 1.008665593115260464e+02 8.787746539115906330e+01
1.000000001334937451e+03 1.000000000338754830e+03 1.813879253288797502e-06 8.840042465925216675e+01
1.100000007693873386e+03 1.100000004106550477e+03 1.187512308927014277e-05 8.840689744949341389e+01
1.200178898705281654e+03 1.200080948985151508e+03 2.435262011680674743e-01 8.844146974086761759e+01
1.361099873539101509e+03 1.400000000035590347e+03 4.875367986348314275e+01 8.843242679834365561e+01
1.400000050245969078e+03 1.400000009061141100e+03 1.429507011357932281e-04 8.794663594961166098e+01
