-1.399999999999999773e+03 -1.399999999999999773e+03 2.384715226458301074e-13 9.280397897005080949e+02
1.823413781588383717e+06 1.593988717371596489e+06 8.120202047149207210e+05 1.076185136401653381e+03
9.170831189710042477e+08 3.246018955902822018e+08 2.032547394818939924e+09 1.068670721495151611e+03
8.731882243670177957e+01 -3.004951976402774108e+02 8.612217481437614879e+02 1.060679424047470093e+03
-9.999999999964908284e+02 -9.999999999969062401e+02 2.856655803149836195e-09 9.934217068433761142e+02
-8.831549206761812911e+02 -8.855450768047921883e+02 4.831375008694795525e+00 1.072222626996040390e+03
-6.459609511784497045e+02 -6.421567886586699387e+02 3.688297866023071947e+01 1.060742429900169327e+03
-6.789328024653457305e+02 -6.789358408857493714e+02 8.309182450986223045e-02 9.488131019473075867e+02
-5.668178488506267740e+02 -5.668841244472944254e+02 3.310157366788392785e+00 1.215555870652198792e+03
-4.989328800247790241e+02 -4.989413081691457705e+02 4.230293978434591096e-01 9.653256932497024536e+02
-3.078873124870266338e+02 -3.144659612279070870e+02 2.655976394997674106e+01 9.404331553459167026e+02
-1.136480216186364913e+02 -1.140822401950189828e+02 4.015577648633669128e+01 9.575778536558151472e+02
6.536662203322809717e+01 5.485297870753781524e+01 3.824588295667196292e+01 9.304014285564422835e+02
1.775321167231762274e+03 1.614716832185956264e+03 4.250165130034002345e+02 9.419261682987213362e+02
4.857429421132956122e+03 4.815616445620064042e+03 6.614598349631467045e+02 9.956560316443443526e+02
2.015510830117031276e+02 2.015584636639738108e+02 5.904089107457851648e-01 1.027886837649345352e+03
5.215506211414166273e+02 5.204393763944412967e+02 4.034116673056940527e+01 9.447451365590095520e+02
7.344018368148865648e+02 7.184070567200737969e+02 8.865254578531407503e+01 1.048682508206367402e+03
5.135342733914433211e+02 5.134398676103319303e+02 4.234100377389957259e+00 1.069695983147621064e+03
6.148765585318982403e+02 6.150000000000000000e+02 2.684915496702534043e-01 9.204331302523612521e+02
9.650000000000014779e+02 1.000000000000000909e+03 4.769696007084704092e+01 9.695643724918365933e+02
3.039932638540024982e+03 3.042434516230797271e+03 4.601938102279387408e+02 9.639601872563362122e+02
6.058019209255563510e+03 6.178685454171583842e+03 7.762685621973454317e+02 1.013146559393405937e+03
1.288233260456735024e+03 1.289655527448511293e+03 7.755925794511359328e+00 1.224085469150543304e+03
1.397224354393848898e+03 1.398608825229102422e+03 6.563311978704060579e+00 1.222433925509452820e+03
1.529525573799131735e+03 1.579645076919826352e+03 8.492424080431615607e+01 1.233587782704830261e+03
2.423377863794131827e+03 2.429280545229376457e+03 8.213276452644313963e+01 1.229206654751300903e+03
2.857804340955070074e+03 3.179080933182362514e+03 6.274039640128153223e+02 1.085023541402816818e+03
