-1.399999999999749434e+03 -1.399999999999893134e+03 3.951825124017685787e-10 7.012203769683837606e+01
4.503237535174836921e+03 4.897990479392852649e+03 4.285577824533864259e+03 7.027255214452743814e+01
-1.199999999491382141e+03 -1.199999999885814532e+03 1.023803645060716840e-06 7.016710025072097778e+01
-1.099999999223031409e+03 -1.099999999737948883e+03 1.086593798654811582e-06 7.020084000825882242e+01
-9.999999939219860607e+02 -9.999999959301438821e+02 5.719703505907913401e-06 7.018260444402694986e+01
-8.999999997084396455e+02 -8.999999999990905053e+02 1.252768205705789212e-06 7.008921544551849081e+01
-7.999998341833098721e+02 -7.999999147717319374e+02 2.254595513941103134e-04 7.025160814523697184e+01
-6.939998038935999602e+02 -6.999999080129747426e+02 9.165261123556318168e+00 7.025885845422745035e+01
-5.997760662671583987e+02 -5.999990692287872207e+02 3.515618631436883690e-01 7.113091624975204752e+01
-4.999554814774252804e+02 -4.999728686268771298e+02 4.842188557703160784e-02 7.017283984422684284e+01
-3.999999999991964046e+02 -3.999999999998752287e+02 2.338215820403871563e-09 7.029219374656676678e+01
-2.991045366300821797e+02 -2.990050409423214433e+02 1.173040088801521108e+00 7.027377325296401978e+01
-1.994685963825359636e+02 -1.999999999973927629e+02 1.076674213781649403e+00 7.032056524753571125e+01
-9.998439131267893742e+01 -9.999999999710968268e+01 6.803657863596254685e-02 7.023280049562454508e+01
1.306642455832539156e+02 1.086907835417233628e+02 4.453675161761454149e+01 7.021668039560317709e+01
2.000501840324489251e+02 2.000030305758151883e+02 1.398019755406711140e-01 7.051936324834824177e+01
3.016173216083745956e+02 3.020196068647207994e+02 8.061665126323943609e-01 7.025041285753249554e+01
4.016323647996572390e+02 4.020234057520781334e+02 8.605098171640483962e-01 7.026300070285796551e+01
5.000157906488386175e+02 5.000148249235676303e+02 1.632634945595582907e-02 7.014808850288390829e+01
6.000184602288286442e+02 6.000194318197562779e+02 4.235066680829103168e-03 7.021154780387878702e+01
7.650001600171356131e+02 8.000000254445801602e+02 4.769680057821407360e+01 7.037850780487060831e+01
8.050000231602884924e+02 8.000000160759245773e+02 2.179449376871425059e+01 7.039474655389786051e+01
1.026341399966588142e+03 9.838570792438001718e+02 1.246604483018715257e+02 7.036750130653381063e+01
1.008740871677290897e+03 1.000000007968039768e+03 2.471439278973502596e+01 7.126886219978332804e+01
1.125208067223411035e+03 1.100000058625583051e+03 4.366949559786633017e+01 7.126264294385910603e+01
1.200242438648500411e+03 1.200080949108880304e+03 2.892771378852955766e-01 7.131813255548476604e+01
1.333670477128144512e+03 1.303764439578781548e+03 4.600669998187456855e+01 7.132524706125259684e+01
1.440000092462043085e+03 1.400000159521225896e+03 4.898976607202668276e+01 7.047583554983138754e+01
