-1.399999978351931986e+03 -1.399999993457460278e+03 2.840285451478294511e-05 5.806584085226059244e+01
-5.008681656782702589e+02 -1.218074653215318904e+03 1.438347828218827317e+03 5.818281455039978312e+01
-1.199769290200960313e+03 -1.199984552255769358e+03 5.973389610644750380e-01 5.812690730094909952e+01
-1.099138691713053277e+03 -1.099680049502666407e+03 1.478664344074280157e+00 5.814557349681854248e+01
-9.999983716653781585e+02 -9.999989550383334063e+02 1.356336267466154563e-03 5.813790735006332255e+01
-8.999999631742750807e+02 -8.999999814515198295e+02 3.903181678162857148e-05 5.806517105102538778e+01
-7.999371655790162094e+02 -7.999636078620220587e+02 6.146941160586088387e-02 5.819198443889617778e+01
-6.967840784647913779e+02 -6.997931048507464311e+02 7.056873831375190420e+00 5.816661950349807597e+01
-5.998851490252283156e+02 -5.999626401445987085e+02 2.246118781404902176e-01 5.896581840515136719e+01
-4.999478159303801590e+02 -4.999478333155046812e+02 2.976166189880284293e-02 5.815448819398879721e+01
-3.999999085971798536e+02 -3.999999918534643939e+02 2.434060778089947822e-04 5.823268899917602681e+01
-2.999003462868028009e+02 -2.999998740736517675e+02 2.985634904548010726e-01 5.824038075208663656e+01
-1.999997760262597808e+02 -1.999998782522358169e+02 4.022263557582928819e-04 5.825125750303268291e+01
-9.999924955489706235e+01 -9.999933911264690778e+01 6.470678516628018901e-04 5.816949789524078085e+01
1.070537912379526944e+02 1.003274669082366017e+02 2.588412467404914707e+01 5.817911670207977437e+01
2.003258024224574854e+02 2.002467111806403182e+02 2.238770580073662919e-01 5.840619735717773153e+01
3.013148334561822708e+02 3.020197131288467745e+02 9.621706456323098067e-01 5.818347904682159566e+01
4.017028423993225488e+02 4.020370676320733310e+02 7.492643202676337877e-01 5.819264724254608012e+01
5.000034927028353309e+02 5.000000004755428336e+02 8.474915792687109928e-03 5.809865930080413676e+01
6.000126530206188136e+02 6.000194318219298566e+02 9.238387203596393898e-03 5.814919044971465922e+01
7.200982507477136778e+02 7.001384023144498769e+02 3.996451785962155157e+01 5.830903539657592916e+01
8.050086816016997773e+02 8.000048856250500648e+02 2.179270236581416853e+01 5.831627389192581035e+01
9.706027593417131811e+02 9.500721729364269095e+02 8.670703819834345438e+01 5.829743465185165263e+01
1.000007674225684468e+03 1.000006460966029749e+03 6.539710437365901970e-03 5.912714625597000406e+01
1.100019266305341262e+03 1.100014939551405405e+03 1.405199101721878348e-02 5.915158320665359781e+01
1.200191354533267713e+03 1.200003357489857990e+03 2.973267723934460705e-01 5.919962365627289103e+01
1.318436310430559843e+03 1.304360061452220634e+03 3.436324974714089109e+01 5.916764655113220073e+01
1.405059556968020388e+03 1.400057471168450775e+03 2.178319216179173878e+01 5.837732045650481894e+01
