-1.399997698714890703e+03 -1.399998868551022042e+03 2.292517114814186796e-03 2.551565895080566548e+01
-6.406936513548105268e+02 -9.864360996291047741e+02 7.178541909310775964e+02 2.563198535442352366e+01
-1.185331329640303466e+03 -1.194248159972449685e+03 2.465933167947712334e+01 2.554874449968338013e+01
-1.065540693756764995e+03 -1.093689623566679984e+03 8.884517067626030951e+01 2.558872785568237163e+01
-9.999762965068679250e+02 -9.999745079411020470e+02 1.538027733545514059e-02 2.556162060499191213e+01
-8.999984477608859379e+02 -8.999990908810730161e+02 2.175608676023919885e-03 2.550610430240631032e+01
-7.995047238638554745e+02 -7.998276790113891366e+02 5.402376693071453406e-01 2.562737540006637715e+01
-6.977985391206591430e+02 -6.989712910774710508e+02 4.194909033421550859e+00 2.562176975011825419e+01
-5.998450786937839894e+02 -5.998618201846240936e+02 8.213501455178078003e-02 2.629554696083068777e+01
-4.997612684399603609e+02 -4.998224391248417078e+02 1.544660270159682880e-01 2.556684451103210520e+01
-3.999864160408585008e+02 -3.999967822287658237e+02 3.975376725078743484e-02 2.564708180427551198e+01
-2.995733620393046976e+02 -2.999560332767732689e+02 4.760359923297233786e-01 2.565681059360504079e+01
-1.998778369271958866e+02 -1.999463529533371968e+02 2.105965573316546102e-01 2.565923864841461111e+01
-9.984073608228926844e+01 -9.993099873471021510e+01 1.556194977289832304e-01 2.560189949274063181e+01
1.015805919255087701e+02 1.009009204232469870e+02 1.503121897761492631e+00 2.561366100311279226e+01
2.002800023635773528e+02 2.002491419142638733e+02 1.402032172790435016e-01 2.582604695558547903e+01
3.005016286880726284e+02 3.001039531142571377e+02 7.958854346142667513e-01 2.560413144826889109e+01
4.010507166475227905e+02 4.010081332617203316e+02 6.789891261681225698e-01 2.562098664045333862e+01
5.000161293984278927e+02 5.000075211715208638e+02 1.807634899150995650e-02 2.556483039855957173e+01
6.000195655563214814e+02 6.000194401752388558e+02 4.021331966523048937e-04 2.559496680498123311e+01
7.016457524939917221e+02 7.013690401052176639e+02 9.705912127535194500e-01 2.571566405296325541e+01
8.006244389615216051e+02 8.002184840106126558e+02 1.338074307914979055e+00 2.570259534120559763e+01
9.069037547970212927e+02 9.022769373140602056e+02 7.723379022478702005e+00 2.572414789199829244e+01
1.001640238464292452e+03 1.000622399601884922e+03 1.773129654717932491e+00 2.643614834547042847e+01
1.101866701650048071e+03 1.100620641747407035e+03 3.796613660789991407e+00 2.643888690471649028e+01
1.201176974563231397e+03 1.200929584567017855e+03 1.296995691394835948e+00 2.650119324922561503e+01
1.322902831889870185e+03 1.318478598462617811e+03 1.250552209993584896e+01 2.645901514291763235e+01
1.400947884032284492e+03 1.400890816513594473e+03 5.497640325675432482e-01 2.579143480062484883e+01
