-1.399999999871073669e+03 -1.399999999915967010e+03 1.503894930347980185e-07 5.851487895250320292e+01
-9.320881076911200580e+02 -1.298579217055005074e+03 7.113127106315636183e+02 5.869290034770965292e+01
-1.199999838809298353e+03 -1.199999932857662770e+03 2.117656553192544711e-04 5.859333560466766500e+01
-1.099999640720952812e+03 -1.099999776507742126e+03 3.583595629046418870e-04 5.859344475269317343e+01
-9.999998778134333861e+02 -9.999999157764566462e+02 1.210189538731678161e-04 5.858825825452804281e+01
-8.999999999679881739e+02 -8.999999999888316324e+02 4.495568319530954243e-08 5.851405299901962564e+01
-7.999979791034868413e+02 -7.999988119091176486e+02 2.024855863632381205e-03 5.867025415897369101e+01
-6.959976114252319803e+02 -6.999973935037467072e+02 7.998905271318386134e+00 5.867225924730301045e+01
-5.996593405346617374e+02 -5.999936646391703334e+02 3.726149288427901829e-01 5.946189999580383301e+01
-4.999918950671511197e+02 -4.999924514355610654e+02 7.551230642942989568e-03 5.861834305524826050e+01
-3.999999998381496766e+02 -3.999999999442822514e+02 2.958451557638558930e-07 5.868924925327301167e+01
-2.999502505738965965e+02 -2.999999994435129338e+02 2.168466419985269067e-01 5.870513164997100830e+01
-1.999999981302724166e+02 -1.999999992496863683e+02 3.451862969565146488e-06 5.871345764398574829e+01
-9.998438672121638149e+01 -9.999999638515788547e+01 6.803557141307092770e-02 5.863840984106063559e+01
1.018786986117621325e+02 1.003121767107368214e+02 5.066590570875394661e+00 5.864891625642776773e+01
2.000472509755613260e+02 2.000368649424357841e+02 5.382378727015386249e-02 5.887354730367660238e+01
3.008084964894798645e+02 3.000000355611584268e+02 9.901810436428477580e-01 5.865245804786682271e+01
4.013462328298167563e+02 4.020036961323043556e+02 9.465198540207865330e-01 5.867341210842132426e+01
5.000000000000030127e+02 5.000000000000000000e+02 9.707534608111211681e-12 5.857828999757767008e+01
6.000087456608080174e+02 6.000000123612906009e+02 9.665995656713534390e-03 5.859839835166931010e+01
7.050098453778593921e+02 7.000084531798049738e+02 2.179227795989596927e+01 5.875203695297241069e+01
8.050005446940066349e+02 8.000004019263811870e+02 2.179444398692439577e+01 5.877038624286651469e+01
9.482498695384014127e+02 9.000010544754411512e+02 8.747600932488809633e+01 5.877281620502471782e+01
1.000000277824981140e+03 1.000000199923340460e+03 2.403183066419468049e-04 5.957092545032501363e+01
1.100001338363679452e+03 1.100000989541495073e+03 1.386611758619832801e-03 5.960480149984359599e+01
1.200149119375086457e+03 1.200000081692088315e+03 2.428894720854924416e-01 5.965449019670486308e+01
1.320731335904994239e+03 1.300877735195950208e+03 3.964507987387460020e+01 5.963302325010299398e+01
1.400007445660191706e+03 1.400005305989863928e+03 5.283569321280849260e-03 5.885952564477920390e+01
