-1.400000000000000000e+03 -1.400000000000000000e+03 0.000000000000000000e+00 2.191227995157241892e+01
4.018559762529793716e+03 3.117235106836188606e+03 4.636611583153829088e+03 2.206268315315246653e+01
-1.200000000000000000e+03 -1.200000000000000000e+03 0.000000000000000000e+00 2.190226589441299510e+01
-1.100000000000000000e+03 -1.100000000000000000e+03 0.000000000000000000e+00 2.191709744930267334e+01
-9.999999999999765805e+02 -9.999999999999912461e+02 2.969963922070259559e-11 2.197637330293655467e+01
-8.999999999999984084e+02 -8.999999999999997726e+02 3.408425437411700125e-12 2.198562154769897603e+01
-7.999998317062087381e+02 -8.000000000000000000e+02 6.564161784321245969e-04 2.199147065877914287e+01
-6.888199577242828582e+02 -6.799999328108721102e+02 9.782550173800236948e+00 2.193757659196853638e+01
-5.997605187325066254e+02 -6.000000000000000000e+02 3.657700611343529529e-01 2.250355489253997732e+01
-4.999452550125006383e+02 -4.999765775631782390e+02 6.169908204823663922e-02 2.199085605144500732e+01
-4.000000000000000000e+02 -4.000000000000000000e+02 0.000000000000000000e+00 2.202609710693359446e+01
-2.986070578238513349e+02 -2.990050409429067031e+02 1.274168071244296652e+00 2.202626349925994731e+01
-1.987666378990712133e+02 -1.980100818858134062e+02 1.171159254579885900e+00 2.203858075141906880e+01
-9.731472168158289549e+01 -9.968782674401859367e+01 5.914645695570106554e+00 2.194405114650726318e+01
1.373814824923699405e+02 1.006243465119628127e+02 5.139270363015792498e+01 2.193778145313262939e+01
2.001923434532606052e+02 2.000000000000016200e+02 5.122091017776700950e-01 2.215210319757461477e+01
3.016581150779114182e+02 3.020257323738570108e+02 8.264079865710101114e-01 2.199574224948883128e+01
4.019298311606357288e+02 4.022055403810114171e+02 7.925794279475478765e-01 2.200718835592270040e+01
5.000463417135558188e+02 5.000197293441220268e+02 4.683918631665015542e-02 2.193677079677581787e+01
6.000311592806414183e+02 6.000194318197550274e+02 5.111881686718695861e-02 2.195918260812759470e+01
7.600000000000000000e+02 8.000000000000000000e+02 4.898979485566356118e+01 2.200596719980239868e+01
8.062642814448034869e+02 8.000000000000000000e+02 1.879284433441051050e+01 2.204292510747909617e+01
1.037814923662661386e+03 1.002660026539210548e+03 1.242812041570886947e+02 2.199324109554290629e+01
1.003775701306741553e+03 1.000000000000000000e+03 7.551474494516620339e+00 2.258118840456008769e+01
1.110000000000000000e+03 1.100000000000000000e+03 3.000000000000000000e+01 2.259797405004501414e+01
1.201959607483923946e+03 1.200435134724740237e+03 6.463063977748816136e+00 2.265591474771499492e+01
1.376150091701368183e+03 1.400000000000000000e+03 5.170402706096940904e+01 2.261840155124664165e+01
1.420000000000000000e+03 1.400000000000000000e+03 4.000000000000000000e+01 2.304403774738311839e+01
