-1.400000000000000000e+03 -1.400000000000000000e+03 0.000000000000000000e+00 6.139050920009613321e+01
4.212598589702466597e+03 3.213173021309824435e+03 3.893979875298938623e+03 6.160031869411468364e+01
-1.200000000000000000e+03 -1.200000000000000000e+03 0.000000000000000000e+00 6.143129339218139506e+01
-1.100000000000000000e+03 -1.100000000000000000e+03 0.000000000000000000e+00 6.141689693927764893e+01
-9.999999999999923830e+02 -9.999999999999981810e+02 1.789020523782481545e-11 6.149503699541092061e+01
-8.999999999999996589e+02 -9.000000000000000000e+02 4.223278579276372951e-13 6.147621954679489420e+01
-8.000000000000000000e+02 -8.000000000000000000e+02 0.000000000000000000e+00 6.152315819263458252e+01
-6.909995690807060100e+02 -7.000000000000000000e+02 9.950350837226443090e+00 6.147393529415130331e+01
-5.998636391726788588e+02 -6.000000000000000000e+02 2.762683042272106593e-01 6.244900139570236064e+01
-4.999120859156356573e+02 -4.999605413118046044e+02 9.675691290818387580e-02 6.153157544136047363e+01
-4.000000000000000000e+02 -4.000000000000000000e+02 0.000000000000000000e+00 6.159581279754638672e+01
-2.993035286600347149e+02 -2.990050409429067031e+02 6.370846453727421199e-01 6.164492914676666402e+01
-1.987915110338228430e+02 -1.990050409429067031e+02 1.285525203032509278e+00 6.164428185224532797e+01
-9.818380001639015120e+01 -9.984391337200929684e+01 4.983518749599964437e+00 6.147193260192871378e+01
1.416680641762003177e+02 1.169133068121728911e+02 4.960229309246827256e+01 6.150367180109024190e+01
2.001294888449340874e+02 2.000000000000000000e+02 3.473452550274097606e-01 6.177085435390472412e+01
3.014568633231492640e+02 3.020197639804966911e+02 9.372744052183127339e-01 6.155697904825210287e+01
4.018727598777879280e+02 4.021432470928881457e+02 7.457718508262531909e-01 6.155493270158767416e+01
5.000128589494102016e+02 5.000099204341480004e+02 1.293685755668426939e-02 6.146302394866943075e+01
6.000165170467919324e+02 6.000194318197550274e+02 6.938547500843658851e-03 6.151046144962310791e+01
7.550000000000000000e+02 8.000000000000000000e+02 4.974937185533099893e+01 6.162500494718551636e+01
8.184620296004119382e+02 8.000000000000000000e+02 3.283831709068022064e+01 6.160864435434341146e+01
1.008319441883014179e+03 9.499945941786222647e+02 1.212526542858356891e+02 6.165521575212478922e+01
1.001418609379951135e+03 1.000000000000000000e+03 4.174416014405636588e+00 6.258370250463485718e+01
1.120832974365481959e+03 1.100000000000000000e+03 3.974750438654196927e+01 6.259849750995635986e+01
1.201829762361290022e+03 1.200080948985142413e+03 7.258580573049019158e+00 6.270646604299545146e+01
1.350016684303239572e+03 1.310440073420880708e+03 5.311941697961175635e+01 6.265386790037155151e+01
1.420000000000000000e+03 1.400000000000000000e+03 4.000000000000000000e+01 6.174872059822082804e+01
