-1.399999094546829610e+03 -1.399999829390286322e+03 1.289271115090152072e-03 2.584768244028091289e+01
-1.026291797586704888e+03 -1.139858550724084580e+03 2.952840717103586599e+02 2.595904879570007395e+01
-1.196235379509667155e+03 -1.199292709189066500e+03 7.765368893671725559e+00 2.588059060573577952e+01
-1.093470642622346759e+03 -1.098322196865331989e+03 1.681878412470863182e+01 2.591364614963531565e+01
-9.999828614015847279e+02 -9.999854296576120305e+02 1.453796786876896535e-02 2.589362570047378398e+01
-8.999993785316370349e+02 -8.999996550088883396e+02 8.789027789659888080e-04 2.585433875322341990e+01
-7.997161262134759454e+02 -7.998278827329030491e+02 3.058420458135744369e-01 2.595787369012832713e+01
-6.983324188059325479e+02 -6.995736851021836173e+02 4.295793351132211058e+00 2.597220180034637593e+01
-5.998438132216493841e+02 -5.999187306391550010e+02 2.127577728491308329e-01 2.669208494424820088e+01
-4.998122635825258726e+02 -4.998392365789799783e+02 1.257562712043057696e-01 2.591763795614242483e+01
-3.999982787978763099e+02 -3.999987368859772232e+02 1.713435285288725284e-03 2.599921290874481272e+01
-2.998761085495029874e+02 -2.999919398666820598e+02 2.966799621722732150e-01 2.602902084589004517e+01
-1.998685227385548728e+02 -1.999904215285380360e+02 4.304592301143564947e-01 2.604105055332183838e+01
-9.998076475064138435e+01 -9.998132124808603294e+01 1.022741142413610867e-02 2.595005174875259257e+01
1.025305835012127034e+02 1.006299223025633296e+02 5.049731300999357408e+00 2.594795844554901265e+01
2.002133703206278881e+02 2.001865778065944426e+02 1.018821582186762165e-01 2.619386165142059397e+01
3.001630446710418028e+02 3.000385114988453097e+02 4.367669497348504737e-01 2.596236370801925730e+01
4.005467849167665690e+02 4.004746805926394018e+02 4.431523120918259284e-01 2.597031279802322246e+01
5.000083117107095063e+02 5.000010362234224885e+02 1.327143948631239259e-02 2.587206625938415527e+01
6.000176360368407131e+02 6.000194332725220647e+02 5.450941297708624192e-03 2.592520364522933818e+01
7.008305726699369416e+02 7.006134420487888974e+02 7.554239295249043362e-01 2.608320684432983327e+01
8.001111825498953749e+02 8.000481836213907627e+02 1.995500188063726033e-01 2.610138605833053660e+01
9.099286428106191806e+02 9.014649258558612246e+02 2.724539074444373554e+01 2.608568820953369283e+01
1.001401736000433402e+03 1.000148566801336756e+03 1.571277604484773160e+00 2.682834105491638255e+01
1.100311800965330349e+03 1.100115349779934149e+03 5.910050774955495356e-01 2.684461249113082815e+01
1.200495060752480640e+03 1.200414377078370308e+03 4.300094599448298638e-01 2.688109329938888692e+01
1.318200500007993924e+03 1.313880412721844323e+03 2.019418243727407614e+01 2.686223779916763377e+01
1.400421114790172396e+03 1.400351642591594782e+03 2.426133584310751212e-01 2.616709820032119893e+01
