-1.399999999999998863e+03 -1.400000000000000000e+03 3.323857857431838854e-12 4.559346230030060099e+01
1.403991253992655174e+03 -5.860421991449420602e+02 3.172096622248187032e+03 4.594648029804229594e+01
-1.199999999999978627e+03 -1.199999999999998408e+03 6.255334538627797069e-11 4.563710625171661661e+01
-1.099999999999989541e+03 -1.099999999999997499e+03 1.676624559698710595e-11 4.571399970054626749e+01
-9.999999993697908849e+02 -9.999999998836296982e+02 1.456542528372551616e-06 4.580996899604797079e+01
-9.000000000000000000e+02 -9.000000000000000000e+02 1.666976265666469392e-13 4.559591449499130533e+01
-7.999999973300052716e+02 -7.999999993429346432e+02 5.105439394090875446e-06 4.586315515041351176e+01
-6.910004513623314324e+02 -6.999999929588743726e+02 9.949372423082957440e+00 4.574289170503616475e+01
-5.999249291149652663e+02 -5.999999299136040918e+02 2.249682625908590028e-01 4.688153954744338847e+01
-4.999769424370626325e+02 -4.999901353267408695e+02 2.598592391826201262e-02 4.570112475156783916e+01
-3.999999999999988063e+02 -3.999999999999999432e+02 4.483446963955915536e-12 4.587742264270782755e+01
-2.999005040942691949e+02 -2.999999999999974420e+02 2.984877171284172626e-01 4.590707360506057455e+01
-1.999999999999475335e+02 -1.999999999999982947e+02 1.261242693241993034e-10 4.589192875623702861e+01
-9.998439133717610616e+01 -9.999999999999766942e+01 6.803658377928138712e-02 4.574053480625152446e+01
1.121653522565765826e+02 1.006243465120440987e+02 2.659774508966112450e+01 4.577297815084457255e+01
2.000002851993544368e+02 2.000000527417521425e+02 6.762901034503876517e-04 4.617007634639740132e+01
3.013143805263062518e+02 3.020196068560813956e+02 9.623995031932894850e-01 4.575271685123443888e+01
4.012775193579758479e+02 4.020245484941093537e+02 9.682424708367781685e-01 4.580640034675597860e+01
5.000029594016185683e+02 5.000000000000000000e+02 7.044784950093015662e-03 4.581172980070114420e+01
6.000136022738298607e+02 6.000194318197550274e+02 8.904778489896188198e-03 4.573636714220047139e+01
7.150000140747284831e+02 7.000000083459362941e+02 3.570713654623373401e+01 4.597366259098053121e+01
8.000000006646976090e+02 8.000000004229345905e+02 7.697155591289238377e-07 4.596530644893645956e+01
1.014747057361593761e+03 1.000000000446430590e+03 1.173598086852869642e+02 4.599127035140990927e+01
1.000000001091984586e+03 1.000000000418388481e+03 2.780906919053497892e-06 4.704381269216537476e+01
1.100000002969080015e+03 1.100000000991360366e+03 5.405817236181891254e-06 4.705469839572906210e+01
1.200366141345332608e+03 1.200080948985902069e+03 9.230447789412054016e-01 4.714013184309006022e+01
1.350962677618087127e+03 1.352224694540263954e+03 5.016242928529095479e+01 4.710198955535888388e+01
1.400000008066065675e+03 1.400000004599752174e+03 9.832658535545683124e-06 4.625639849901199341e+01
