-1.400000000000000000e+03 -1.400000000000000000e+03 0.000000000000000000e+00 5.106280405521393106e+01
3.787934107741498337e+03 2.248483549658183620e+03 4.700957944317856345e+03 5.116900775432586812e+01
-1.200000000000000000e+03 -1.200000000000000000e+03 0.000000000000000000e+00 5.105467500686645366e+01
-1.100000000000000000e+03 -1.100000000000000000e+03 3.938227581713538696e-13 5.109832100868224813e+01
-9.999999999981739620e+02 -9.999999999991962341e+02 2.850711967736393225e-09 5.118804579973220825e+01
-8.999984549374842118e+02 -8.999999880331840814e+02 5.142945547427598373e-03 5.102316894531249858e+01
-7.999996109807104858e+02 -7.999999999024698809e+02 1.643045645873479361e-03 5.115143799781799316e+01
-6.889997604387500587e+02 -6.800020168204555375e+02 9.950091089057204741e+00 5.111854659318923666e+01
-5.996314747866875905e+02 -5.997051856261944067e+02 3.724222139484308913e-01 5.199404025077819824e+01
-4.999160322767473303e+02 -4.999469934021594213e+02 8.217613108616661499e-02 5.107644770145416402e+01
-4.000000000000000000e+02 -4.000000000000000000e+02 0.000000000000000000e+00 5.120695135593414449e+01
-2.984578144688574071e+02 -2.990050409429043157e+02 1.588041314259021730e+00 5.120554690361022665e+01
-1.992046764803781684e+02 -2.000000000000000000e+02 1.107504462651007771e+00 5.120490009784698771e+01
-9.996878267440172294e+01 -9.999999999999977263e+01 9.365197679442757717e-02 5.111457500457763814e+01
1.747659629118769260e+02 1.749495874577474979e+02 6.666195604086232152e+01 5.113299720287322714e+01
2.001718654660161292e+02 2.000001004394374036e+02 3.049178210006319723e-01 5.141980520486831807e+01
3.017244431997368110e+02 3.020197639804966911e+02 7.245958803294612061e-01 5.110660275220870830e+01
4.020728237453151337e+02 4.021095160251086895e+02 5.939623259239342756e-01 5.113399970531463623e+01
5.000304290354906698e+02 5.000197293441220268e+02 3.854542567982657819e-02 5.111002105474472046e+01
6.000192678633150081e+02 6.000194318197550274e+02 1.442055102963267672e-02 5.114607445001602315e+01
7.750000000516337195e+02 8.000000000110678684e+02 4.330127015202550211e+01 5.127137914896011495e+01
8.490656074487653768e+02 8.000000000131087745e+02 8.014455341513426845e+01 5.125891925096512125e+01
1.043805975059948423e+03 1.014331409085894734e+03 1.226553407335702985e+02 5.128667765855789185e+01
1.013053400032358354e+03 1.001570000537387841e+03 2.247756256495923211e+01 5.213242545127868510e+01
1.150139935645601554e+03 1.150000000211156475e+03 5.014345033059316137e+01 5.214080735445022441e+01
1.201521544824447574e+03 1.200675870639359346e+03 1.852066297600708289e+00 5.221464309692382955e+01
1.381382955736675285e+03 1.400000000002574780e+03 4.836499758339019195e+01 5.217952184677123739e+01
1.440000000087365606e+03 1.400000000190345872e+03 4.898979479600024689e+01 5.136811629533767842e+01
