-1.400000000000000000e+03 -1.399999999999999773e+03 2.157056083093525031e-13 7.285319267511367798e+02
4.375670388905163854e+05 4.247322093525016680e+05 1.601206120607118355e+05 8.681887307524681319e+02
1.005163423531907052e+07 6.555730048084236681e+06 9.713067290804194286e+06 8.495071589946746826e+02
4.304265800066156226e+04 1.633133734509721035e+04 5.292927670580696577e+04 8.282221144556999661e+02
-9.999997445769728301e+02 -9.999997406583083830e+02 2.671783870766431538e-05 8.669207211971282732e+02
-8.880191273775469654e+02 -8.906110090935874268e+02 6.069303560774971906e+00 8.637383069992065430e+02
-7.681584291222691263e+02 -7.665270546637182179e+02 1.528233786765198943e+01 8.514544005513191678e+02
-6.790577486414379109e+02 -6.790541370249743522e+02 3.495228681063151238e-02 8.312310039520264127e+02
-5.622899860375113121e+02 -5.605904479954225508e+02 4.943651005069243709e+00 9.446331051111221768e+02
-4.998451804187603784e+02 -4.998669118364241513e+02 6.787328299474210125e-02 7.481304330468177568e+02
-3.629378278781108520e+02 -3.621916112919028592e+02 7.871300685578582090e+00 7.370382007002830278e+02
-2.258454075502095293e+02 -2.557243799397060684e+02 6.058817009370321216e+01 7.420702981948852539e+02
-9.152271944929820791e+01 -9.988617855594388573e+01 3.526607464594771102e+01 7.761246876001357577e+02
1.759042750797828830e+03 1.727364216243290684e+03 5.395608941612399576e+02 7.489688099503516696e+02
7.225238730329610007e+03 7.564494674141144060e+03 1.084313689438535675e+03 7.373883510947227933e+02
2.024298654205182117e+02 2.024816655544917410e+02 5.438218635544596058e-01 7.998806437015533675e+02
3.628619831008065830e+02 3.634567656912150824e+02 1.266019296301340091e+01 7.516012887001037370e+02
5.476958496296613248e+02 5.860900547534314455e+02 6.991450914226120972e+01 7.589624789953231812e+02
5.027768791408346942e+02 5.026059823354298715e+02 7.613478967088064264e-01 8.665640049934387434e+02
6.143672277914354254e+02 6.150000000000000000e+02 1.126532675173692377e+00 7.499935219526290666e+02
9.914730649764293275e+02 1.000000000000000455e+03 7.746768041566393492e+01 7.557201114892959595e+02
2.721977771795906392e+03 2.570781335077856056e+03 6.250531223609393692e+02 7.669700686931610107e+02
7.390706362264379095e+03 8.157033983660599915e+03 1.807657656569334222e+03 7.693996299028397061e+02
1.256926821451149408e+03 1.256605695988719162e+03 1.469971659500184025e+01 9.874609258055686496e+02
1.367321840865965441e+03 1.362647606540991092e+03 1.394984160045791022e+01 9.783112559080124129e+02
1.528129009584576806e+03 1.562332536423606143e+03 7.614621130649678094e+01 9.826612100958824385e+02
2.393705177777747849e+03 2.413529231992846690e+03 1.858480271095488376e+02 9.846638772964477084e+02
1.700000000000000682e+03 1.700000000000001137e+03 4.903053798636353145e-13 7.764915573477744601e+02
