-1.400000000000000000e+03 -1.400000000000000000e+03 0.000000000000000000e+00 5.535896295309066772e+01
2.604742674620344133e+03 6.115208286562487956e+02 4.229160509010160240e+03 5.558140639066696309e+01
-1.200000000000000000e+03 -1.200000000000000000e+03 0.000000000000000000e+00 5.533801114559173584e+01
-1.100000000000000000e+03 -1.100000000000000000e+03 0.000000000000000000e+00 5.538071299791336344e+01
-9.999999999999820375e+02 -9.999999999999922693e+02 2.271009476854995148e-11 5.544271839857101725e+01
-8.999999999999997726e+02 -8.999999999999998863e+02 3.761986615194086230e-13 5.545699949264526651e+01
-7.999999985611167403e+02 -8.000000000000000000e+02 6.271946918596794196e-06 5.545571910142898275e+01
-6.919993760443592237e+02 -7.000000000000000000e+02 9.798723196516652578e+00 5.540349005460738852e+01
-5.996620272530707325e+02 -5.999927700363435861e+02 3.821739439860153409e-01 5.615110864639282084e+01
-4.999145496206182315e+02 -4.999728746156046100e+02 1.612049790970189467e-01 5.540539793968200399e+01
-3.999502520471453408e+02 -4.000000000000000000e+02 2.168462991415098240e-01 5.552452614307403422e+01
-2.993035289119256390e+02 -2.995025204714533515e+02 9.491295769899240620e-01 5.551046365499496460e+01
-1.994481416225128214e+02 -2.000000000000000000e+02 9.705804660421283314e-01 5.552306150197982504e+01
-9.644564334677565398e+01 -9.968782674401859367e+01 6.644029618776864154e+00 5.539724030494689799e+01
1.195354416983634565e+02 1.167572201841821879e+02 2.855209970267799946e+01 5.542383379936218546e+01
2.000628188263998197e+02 2.000000000000003979e+02 1.895741012669279746e-01 5.568463994264602945e+01
3.015657296556523193e+02 3.020229838640617004e+02 8.973352150028499619e-01 5.544874579906463907e+01
4.020547709548649209e+02 4.022254782336462426e+02 7.965412425707488753e-01 5.545858589410782002e+01
5.000238686335189300e+02 5.000197293441220268e+02 3.052920801990451419e-02 5.536485439538955688e+01
6.000165170467920461e+02 6.000194318197550274e+02 6.938547500843658851e-03 5.541409860849380209e+01
7.350000000000000000e+02 7.000000000000000000e+02 4.769696007084728251e+01 5.553681254386901855e+01
8.198081229329424104e+02 8.000000000000000000e+02 5.615294360126632256e+01 5.552954674959183023e+01
9.936854283963236867e+02 9.000000000000000000e+02 1.263861851427102607e+02 5.550661219358444498e+01
1.004097087021962011e+03 1.000000000000000000e+03 7.467221125191896292e+00 5.628739800453185893e+01
1.115139941657165764e+03 1.100000000000000000e+03 3.604389228980382143e+01 5.629046334028244303e+01
1.202385838356370641e+03 1.200435134724740237e+03 7.233470839189981128e+00 5.635225385427474976e+01
1.359447778739544901e+03 1.400000000000000000e+03 4.850295190164056436e+01 5.634036980867385580e+01
1.400000000000000000e+03 1.400000000000000000e+03 0.000000000000000000e+00 5.563187924623489522e+01
