-1.400000000000000000e+03 -1.400000000000000000e+03 0.000000000000000000e+00 6.976016119718551067e+01
5.108511667770437271e+03 3.255027854934915922e+03 5.407180889270849548e+03 6.968440179824828817e+01
-1.200000000000000000e+03 -1.200000000000000000e+03 0.000000000000000000e+00 6.975155520439147949e+01
-1.100000000000000000e+03 -1.100000000000000000e+03 0.000000000000000000e+00 6.975965964794158936e+01
-9.999999999997575060e+02 -9.999999999997793338e+02 2.599545566219281879e-10 6.973698350191116901e+01
-8.995445681936847677e+02 -8.998871733890059659e+02 1.242691913156023675e+00 6.959951484203338623e+01
-7.871985130222007001e+02 -7.954800021641132162e+02 1.593597349344757852e+01 6.981494079828262045e+01
-6.819410289182261522e+02 -6.799892874744678011e+02 5.493164020851217799e+00 6.969481331110000610e+01
-5.993484270498663591e+02 -5.993179615785006717e+02 3.981378408231970867e-01 7.036282819509506226e+01
-4.732181060788983586e+02 -4.751731004680259502e+02 1.855846151271748212e+01 6.966309174299240681e+01
-3.987563026922510971e+02 -3.990050409429067031e+02 2.084070743156186900e+00 6.986005629301071451e+01
-2.954729458734279888e+02 -2.960201688094459200e+02 4.083864837399328707e+00 6.984030519723891928e+01
-1.919441619450199141e+02 -1.964515896784726294e+02 1.223312179303878366e+01 6.996390964984894367e+01
-9.069279541535575362e+00 -5.399050955104451077e+01 1.078344683966449793e+02 6.970972764492034912e+01
2.358223234708606526e+02 2.226585874277784001e+02 1.146803449131569153e+02 6.967557334899902344e+01
2.018932061312277142e+02 2.017605361604054792e+02 1.056693681078715974e+00 6.990754814147949503e+01
3.026744417622896890e+02 3.021691936457816041e+02 1.625924267728956707e+00 6.982297099828720377e+01
4.042533905479682517e+02 4.034866127089618431e+02 2.502023284029388783e+00 6.969652435779570965e+01
5.001012036362106414e+02 5.000887820483546875e+02 1.020901382018182951e-01 6.972188519239425375e+01
6.002651064981370155e+02 6.001154132572507933e+02 2.546429560589845709e-01 6.981502490043639853e+01
7.950000000000032969e+02 8.000000000000000000e+02 6.689544080129850556e+01 6.978921270370483398e+01
9.864919540772322080e+02 9.606339190662411056e+02 1.557948701923634758e+02 6.979826869964600178e+01
1.140336908940024841e+03 1.182322570813383891e+03 1.310922489507520368e+02 6.977555195093154339e+01
1.074079543642083763e+03 1.101120622051902046e+03 4.004174714425958115e+01 7.054720010757446857e+01
1.194070871088016020e+03 1.202799107422162251e+03 3.159331310637558943e+01 7.052112734317779541e+01
1.252049030447440373e+03 1.262601463148144376e+03 4.511109462915381840e+01 7.059105885028839111e+01
1.464760055921520234e+03 1.422603589525306234e+03 7.570292230789131338e+01 7.054846894741058350e+01
1.480000000000000227e+03 1.500000000000000000e+03 6.782329983125239892e+01 7.002278684377670004e+01
