-1.399999999999995907e+03 -1.400000000000000000e+03 1.651780161620708774e-11 6.850930000543594645e+01
1.281217586818972677e+03 4.686168434590002789e+02 2.467690313783847159e+03 6.871772549152373699e+01
-1.200000000000000000e+03 -1.200000000000000000e+03 1.525268983755124553e-13 6.850784404277801798e+01
-1.100000000000000000e+03 -1.100000000000000000e+03 1.136868377216160297e-13 6.857503784894943522e+01
-9.999999999127910542e+02 -9.999999999824894985e+02 1.243920248876302313e-07 6.856621700525283813e+01
-9.000000000000000000e+02 -9.000000000000000000e+02 2.542114972925207483e-14 6.854840714931488321e+01
-7.999999994158449681e+02 -7.999999995845741978e+02 6.339707195716831488e-07 6.859705384969711872e+01
-6.909998328076351299e+02 -6.999999957907364205e+02 9.950057474090554521e+00 6.857254785299301147e+01
-5.998747392039817896e+02 -5.999999848763097816e+02 3.017170589606779085e-01 6.934986225366591839e+01
-4.999877930842684464e+02 -4.999913696438021020e+02 1.975184682385713528e-02 6.859221584796905802e+01
-3.999999999999994316e+02 -3.999999999999999432e+02 1.277396964624371725e-12 6.862724884748459431e+01
-2.999005040942903406e+02 -2.999999999999999432e+02 2.984877171278962904e-01 6.866663080453872681e+01
-1.999999999999941451e+02 -1.999999999999998579e+02 2.126336527483407052e-11 6.867986860275269123e+01
-9.987513069759427253e+01 -9.999999999994963673e+01 1.529330376952502402e-01 6.858187965154647259e+01
1.011188169396099568e+02 1.003121732559869770e+02 3.664495632336777220e+00 6.860080674886702923e+01
2.001230038763163748e+02 2.000000033750536659e+02 3.069154431894628998e-01 6.882217199802398966e+01
3.011148935859044968e+02 3.020196068559178002e+02 1.003448982003931844e+00 6.858825135231018066e+01
4.012596801828665320e+02 4.020161403732652161e+02 9.953253753376225532e-01 6.861186169385909750e+01
5.000014824889135525e+02 5.000000000000000000e+02 4.710130388925927794e-03 6.863339629173279377e+01
6.000126306828410634e+02 6.000194318197550274e+02 9.268387309261331281e-03 6.859503760337830158e+01
7.200000088284132289e+02 7.000000069738619004e+02 3.999999582391698283e+01 6.870619078874588581e+01
8.000000002987832204e+02 8.000000001768733000e+02 3.305996137175894597e-07 6.869341169595718100e+01
1.073845373204517045e+03 1.102916476195794303e+03 1.151264463112408691e+02 6.866200524568557739e+01
1.000000000872885948e+03 1.000000000321662810e+03 1.389837899765935007e-06 6.948755275011062338e+01
1.105000001359469252e+03 1.100000001006006187e+03 2.179449444274989744e+01 6.948287370204926106e+01
1.200186196238315688e+03 1.200080948985153100e+03 2.050628270571095424e-01 6.953848589658737467e+01
1.366079025135934216e+03 1.400000000013583758e+03 4.741881527150459874e+01 6.952922400236130329e+01
1.400000010528213579e+03 1.400000002433552481e+03 1.904405886074041497e-05 6.878931825160979940e+01
