-1.399999977140636929e+03 -1.399999989059544987e+03 3.547631658230274875e-05 5.790137134790420248e+01
1.650132706804843565e+03 -3.066764649251243782e+02 3.027816222940609805e+03 5.799979965686797811e+01
-1.199696922257239748e+03 -1.199756808974453634e+03 3.197439144392528187e-01 5.790187619924545004e+01
-1.097930370591351448e+03 -1.099808196667254379e+03 5.219934165106965729e+00 5.795592569112777426e+01
-9.999967277807130586e+02 -9.999980543627430052e+02 3.663057808899551453e-03 5.794903079271316670e+01
-8.999999031368466831e+02 -8.999999430024672620e+02 9.463763575653004413e-05 5.787585090398788168e+01
-7.998718961658678381e+02 -7.999542320730329266e+02 1.929736851469838477e-01 5.801578339338302470e+01
-6.929213504003939761e+02 -6.999030807132678547e+02 9.483639324383101865e+00 5.798310965299606323e+01
-5.996962470844991913e+02 -5.999497049249700922e+02 3.731722656162558827e-01 5.885154684782028056e+01
-4.999154938726481987e+02 -4.999351154764164562e+02 8.355590925613713693e-02 5.797173089981079386e+01
-3.999999317356413258e+02 -3.999999732729094148e+02 7.195359331693974825e-05 5.804027955532073690e+01
-2.999000646459473955e+02 -2.999997550669850170e+02 2.984650678439901283e-01 5.804338175058364868e+01
-1.999996933170328361e+02 -1.999998894139033609e+02 5.002053914705370703e-04 5.805265269279480123e+01
-9.999923559537666051e+01 -9.999948287836150485e+01 7.724702240443599233e-04 5.798746265172958658e+01
1.196972642813767607e+02 1.006514506126740685e+02 3.733726440991515716e+01 5.798450199365615987e+01
2.004380980881522305e+02 2.004320996958970795e+02 2.415340057653281580e-01 5.824768555164337158e+01
3.014168091547390986e+02 3.020201388736738295e+02 9.242174666737164035e-01 5.800140035152435303e+01
4.013736609399475128e+02 4.020275993040677918e+02 8.964761806304716307e-01 5.799557889699936197e+01
5.000049971099271602e+02 5.000000083562371742e+02 1.192930743636125626e-02 5.791683280467987061e+01
6.000148127509885398e+02 6.000194318335404660e+02 8.021265993364487534e-03 5.795765469074249410e+01
7.400682714202312127e+02 7.001983482696492729e+02 4.894836980544604899e+01 5.811581119298934794e+01
8.100142988762403320e+02 8.000125190384840153e+02 2.999829597468433562e+01 5.811038705110549785e+01
9.877606201771828864e+02 9.001092683180597760e+02 1.194050966183992273e+02 5.811390690803527548e+01
1.000020096702798014e+03 1.000012674777411121e+03 2.326373734090664974e-02 5.899004545211791850e+01
1.105017603217157330e+03 1.100014947856098615e+03 2.179147170033561665e+01 5.900643639564513876e+01
1.200169053416986344e+03 1.200081454751919864e+03 1.964670660755568621e-01 5.907859560251235820e+01
1.316998868461973643e+03 1.307194973754321381e+03 2.818287313697356922e+01 5.905832179784774638e+01
1.415055369702296275e+03 1.400065764260768447e+03 3.569104202766637712e+01 5.818874310255050375e+01
