-1.400000000000000000e+03 -1.400000000000000000e+03 0.000000000000000000e+00 4.804493974447250082e+01
2.802828468374821114e+03 1.671617713677251913e+03 3.766942122450922852e+03 4.821143715381622030e+01
-1.200000000000000000e+03 -1.200000000000000000e+03 0.000000000000000000e+00 4.796971720457077026e+01
-1.100000000000000000e+03 -1.100000000000000000e+03 0.000000000000000000e+00 4.801742149591446207e+01
-9.999999999999914735e+02 -9.999999999999972715e+02 1.256262705514185573e-11 4.808941774368285849e+01
-9.000000000000000000e+02 -9.000000000000000000e+02 5.684341886080801487e-14 4.804947389364242838e+01
-7.999999999999997726e+02 -8.000000000000000000e+02 4.153850092380960116e-13 4.811971384286880493e+01
-6.939998140493422625e+02 -6.999999999999998863e+02 9.165435439514947547e+00 4.803334475755691813e+01
-5.997622801919545736e+02 -6.000000000000000000e+02 3.668327318786582802e-01 4.892564455270767354e+01
-4.999840950641535642e+02 -4.999926039596658711e+02 2.315240407067006151e-02 4.809782569408416464e+01
-4.000000000000000000e+02 -4.000000000000000000e+02 0.000000000000000000e+00 4.819093894958496094e+01
-2.999005040942906817e+02 -3.000000000000000000e+02 2.984877171279891050e-01 4.820352073907852031e+01
-2.000000000000000000e+02 -2.000000000000000000e+02 0.000000000000000000e+00 4.822841795682906962e+01
-9.888118306040762207e+01 -9.968782674401859367e+01 3.593766527616164108e+00 4.807562360763549947e+01
1.217040401243081504e+02 1.006243465119628127e+02 3.582329915850046831e+01 4.806482064723968506e+01
2.000000000000012790e+02 2.000000000000006253e+02 1.685960854637703925e-12 4.835945135354995728e+01
3.014328196906882340e+02 3.020197639804966911e+02 8.784058162535348657e-01 4.810791369676589824e+01
4.017190130762951412e+02 4.020578628091796531e+02 9.035986945838693218e-01 4.814546215534210205e+01
5.000069052704427008e+02 5.000000000000000000e+02 9.410297388123158371e-03 4.804586244821548746e+01
6.000184602287674807e+02 6.000194318197550274e+02 4.235066930063082977e-03 4.804932144880294942e+01
7.600000000000014779e+02 8.000000000000000000e+02 4.898979485566258063e+01 4.822722229957580709e+01
8.342877849834792414e+02 8.000000000000000000e+02 7.576708217184078364e+01 4.823586839437484741e+01
1.000059041681942062e+03 9.500000000000006821e+02 1.160540328335496127e+02 4.821655009984969809e+01
1.000947609092034327e+03 1.000000000000000000e+03 4.130532270153668861e+00 4.905586580038070821e+01
1.115000000000000682e+03 1.100000000000000000e+03 3.570714214271392706e+01 4.906673539876938150e+01
1.200383850630564666e+03 1.200080948985142413e+03 9.207981935778384308e-01 4.913915764093398764e+01
1.348254467310924611e+03 1.308416924943597223e+03 5.014482895729793199e+01 4.912248855829238892e+01
1.415000000000003411e+03 1.400000000000000227e+03 3.570714214271290388e+01 4.866061134338379190e+01
