-1.399999999999999773e+03 -1.399999999999999773e+03 0.000000000000000000e+00 2.225232355952262878e+03
1.028752354395955103e+06 9.543403158046683529e+05 4.064191509006824926e+05 2.354139057993888855e+03
3.351925897033559084e+08 2.108736019535776973e+08 3.048829322469172478e+08 2.359989177894592103e+03
4.573978445138522147e+03 3.948215713304731253e+03 1.930811271123531469e+03 2.370673840105533600e+03
-9.999999988263271007e+02 -9.999999987795686138e+02 2.216877415123426282e-07 2.346962185156345186e+03
-8.559829428761950112e+02 -8.565526684650285461e+02 1.709178648759797303e+00 2.308680315446853456e+03
-7.147443949271161046e+02 -7.158727125843663543e+02 2.093124643131898210e+01 2.342833432555198669e+03
-6.788382866194247072e+02 -6.788384000307855786e+02 6.092029029524037576e-02 2.320748765194416137e+03
-5.646659347402979847e+02 -5.649536476017528912e+02 6.054158013652675585e+00 2.780962764394283113e+03
-4.999441827626927193e+02 -4.999495136734048515e+02 3.003736013711091890e-02 2.257667854547500610e+03
-3.106397465133603646e+02 -3.074285372281435116e+02 1.334213973107279472e+01 2.236166757404804230e+03
-1.521050027055526357e+02 -1.472742724380848642e+02 3.404845040763443365e+01 2.251976741957664672e+03
6.126926808783819212e+01 5.250789040017151876e+01 4.403412720958939985e+01 2.250320903193950471e+03
2.957690516471659976e+03 2.966319786685475265e+03 8.536421071707313786e+02 2.228535158991813660e+03
7.255994173806340768e+03 6.757265362128611741e+03 1.364249524765626575e+03 2.243169603443145661e+03
2.007563656518926223e+02 2.005140878532558872e+02 6.172209086604391048e-01 2.349633455359935851e+03
4.335253923145330077e+02 4.360437503311111413e+02 2.546369675514360864e+01 2.228712464296817870e+03
5.524898635892332095e+02 5.548926035537549524e+02 2.465353637467844550e+01 2.282421668100357238e+03
5.064330967063733624e+02 5.060199294634143143e+02 1.771333445670117079e+00 2.347236486649513154e+03
6.226378229502472550e+02 6.222644989101561350e+02 1.804694048875804757e+00 2.328790524458885102e+03
1.546351238895972074e+03 1.828262933976493514e+03 3.905226592682857358e+02 2.262157048654556093e+03
4.145677345476397022e+03 4.117939087076727446e+03 5.729961689053385498e+02 2.265038121449947539e+03
8.314480794486034938e+03 8.380823315907369761e+03 7.646412239363212393e+02 2.273220713400840850e+03
1.302696112764476538e+03 1.302635712865557707e+03 1.111311499661906055e+01 2.840098640501499176e+03
1.429083405588655523e+03 1.428077917784735519e+03 1.543259091972548092e+01 2.844145141494273958e+03
1.579120579043703628e+03 1.588455961209023826e+03 4.257768510817094665e+01 2.875496516609191985e+03
2.538619606678444143e+03 2.527272935090947158e+03 1.310724031240143290e+02 2.870364484298229399e+03
2.410950265664470862e+03 1.800000000000000909e+03 1.221953893207315559e+03 2.354738657855987640e+03
