-1.400000000000000000e+03 -1.399999999999999773e+03 2.157056083093525031e-13 8.975281340479850769e+02
4.073068529619342298e+05 3.784054176245969720e+05 1.400275822777251306e+05 1.077038678050041199e+03
1.161988438616895676e+07 8.225207748233178630e+06 1.207289249000410922e+07 1.033379289901256470e+03
2.955055877459331532e+04 1.254443012825076767e+04 4.006088380561718805e+04 1.048616781651973724e+03
-9.999997483600120631e+02 -9.999997391245653944e+02 2.064214750976947816e-05 1.075865855658054443e+03
-8.883067740411090654e+02 -8.907239683294924362e+02 6.188691302891909274e+00 1.071903577697277115e+03
-7.665556077848126506e+02 -7.679545894680147740e+02 1.510496784484609201e+01 1.052127781105041549e+03
-6.790847659405657168e+02 -6.790878080550401137e+02 5.422795761862307662e-02 1.025983914649486451e+03
-5.644809361163945596e+02 -5.620354234077462934e+02 6.772232067809905942e+00 1.210693086504936218e+03
-4.998829097098611669e+02 -4.998977008152730832e+02 4.745231706306893282e-02 9.183756117463111650e+02
-3.671663866734974135e+02 -3.676638507957443380e+02 9.944585597365099616e+00 9.070202414512634732e+02
-2.590484861459914327e+02 -2.582117953516926718e+02 9.448401126538099604e+00 9.225025757431983493e+02
-7.663669582710005557e+01 -9.116695873434665032e+01 4.249426795247011057e+01 9.660082939982414700e+02
1.853834412761652402e+03 1.775011203300638044e+03 4.250842479401802052e+02 9.133022310018538974e+02
7.326763247230049274e+03 7.745500483856358187e+03 1.189359359342502330e+03 9.032608841538428806e+02
2.025132431265675450e+02 2.025276087421721627e+02 3.568438182998975305e-01 9.774931988000869296e+02
3.636650200352370348e+02 3.628478953847488242e+02 7.389239144824437666e+00 9.226719267487526395e+02
5.583334947791926197e+02 6.018994103287479902e+02 6.710550321904048587e+01 9.271150944948196866e+02
5.029339758660427151e+02 5.028387456387447401e+02 6.118211065796422821e-01 1.077489826500415802e+03
6.141769319712320794e+02 6.150000000000000000e+02 1.507831434263871007e+00 9.260232510447501681e+02
9.621576883254765562e+02 1.000000000000000341e+03 6.397350616013962821e+01 9.298441009998321078e+02
2.620810477593684027e+03 2.523239359354256976e+03 6.579434543974483631e+02 9.424155087471008301e+02
7.263602269830051227e+03 7.777693071810799665e+03 1.465268548839732830e+03 9.283406983017921448e+02
1.254447924147198364e+03 1.248826219496133263e+03 1.829321058110055986e+01 1.248324276089668274e+03
1.362707148726954983e+03 1.361226760525190230e+03 8.370780698673813802e+00 1.245203115749359085e+03
1.534050074048941951e+03 1.559667398536389101e+03 7.043595383976779090e+01 1.250894766497611954e+03
2.324676089215372940e+03 2.352923112808268343e+03 1.921586556218148019e+02 1.258352435648441315e+03
1.700000000000000455e+03 1.700000000000000909e+03 5.380643217995035145e-13 9.537258766889572144e+02
