-1.400000000000000000e+03 -1.400000000000000000e+03 1.345160804498758786e-13 6.508637915015220869e+02
3.512200202320758835e+05 3.500056804290262517e+05 1.501602065299564856e+05 7.099411582589149248e+02
4.331484287556074560e+04 -6.156286815797874397e+02 9.787417058336808986e+04 6.995098775029182434e+02
1.021288441934128059e+04 1.016667783851373315e+04 3.251525790038137075e+03 7.081798575043678738e+02
-9.999996948327218433e+02 -9.999996998972426354e+02 3.597709155036141274e-05 7.092037994503974687e+02
-8.891880040557623488e+02 -8.908834463807052089e+02 5.202773553839707077e+00 7.055114474534988176e+02
-7.975653782642575607e+02 -7.989207823183569417e+02 3.745182694290627445e+00 6.847011649966240157e+02
-6.790576937074421267e+02 -6.790556450002483189e+02 3.855371603885499737e-02 6.756458524942397617e+02
-5.646203435143236220e+02 -5.630790488929785624e+02 4.652118428247102422e+00 8.312294341921806335e+02
-4.999897713123862673e+02 -4.999926039596658711e+02 9.392724250312997625e-03 6.611123002529144514e+02
-3.726883968184973810e+02 -3.736336001004850118e+02 8.036855080743652735e+00 6.576763435959816206e+02
-2.650563919159896500e+02 -2.726386385244821895e+02 3.323508595320446801e+01 6.754881903052330472e+02
-1.091088218626819923e+02 -1.124501565309964803e+02 3.476146568865509323e+01 6.959209213018417586e+02
1.373719389414394300e+03 1.331071714280807100e+03 2.891343883630416371e+02 6.500631695032119524e+02
6.973775912429424352e+03 7.379818509039414494e+03 1.162604552856143982e+03 6.796403508901596524e+02
2.024721967675334042e+02 2.025659135802468427e+02 3.298795178153758334e-01 7.253718582034110796e+02
3.509988593960895855e+02 3.518344046753921930e+02 8.173323012804154075e+00 6.553983062982558749e+02
5.532553865339240247e+02 5.892704852985430080e+02 6.158107107011858261e+01 6.871246657609939348e+02
5.029349777640214825e+02 5.029117842523060631e+02 7.637895741368113667e-01 7.092137830018997420e+02
6.106202815030113698e+02 6.104385263304734508e+02 1.271481107084366569e+00 7.033162717938423611e+02
9.950000000000003411e+02 1.000000000000000455e+03 2.179449471770342228e+01 7.130852174997329485e+02
2.136827802127992072e+03 1.992164866002790632e+03 3.990681724398328356e+02 6.866976815462112427e+02
6.674977869554053541e+03 7.782078330637923500e+03 1.708516449243047646e+03 7.039894170999526750e+02
1.238413538801893765e+03 1.238435637034556748e+03 6.254444308367482108e+00 8.499680815935134888e+02
1.353287608759678278e+03 1.351655960622239263e+03 9.467449212777003353e+00 8.493688757061958086e+02
1.502544461406239861e+03 1.541119370468471971e+03 8.560886643269442686e+01 8.546016975998878706e+02
2.123622042129392867e+03 2.122158003066478159e+03 2.403516516736204665e+02 8.539914316534996033e+02
1.700000000000001137e+03 1.700000000000000909e+03 1.552980512908942268e-12 7.287559539437294234e+02
