-1.400000000000000000e+03 -1.400000000000000000e+03 0.000000000000000000e+00 2.680154305696487427e+01
2.637393615716905970e+03 1.770842003553036648e+03 3.407876397397410528e+03 2.714340384006500173e+01
-1.200000000000000000e+03 -1.200000000000000000e+03 0.000000000000000000e+00 2.679508761167526387e+01
-1.100000000000000000e+03 -1.100000000000000000e+03 0.000000000000000000e+00 2.686682031154632710e+01
-9.999999999999772626e+02 -9.999999999999877218e+02 2.666905182054003398e-11 2.690773659944534302e+01
-8.999999999999963620e+02 -8.999999999999990905e+02 5.325776371335226257e-12 2.701213659048080373e+01
-7.999987561716653772e+02 -8.000000000000000000e+02 3.582858151296218572e-03 2.699718110561370921e+01
-6.959988165881111399e+02 -7.000000000000000000e+02 8.002366971806887719e+00 2.694902395009994578e+01
-5.997895554255371735e+02 -6.000000000000000000e+02 3.268815727552548678e-01 2.794325445890426707e+01
-4.998348936264496842e+02 -4.999112179517425716e+02 1.844230346570306101e-01 2.696343849897384715e+01
-3.999502520471453408e+02 -4.000000000000000000e+02 2.168462991415098517e-01 2.706072050333023071e+01
-2.993035286600347149e+02 -2.990050409429067031e+02 7.105428895562257985e-01 2.705806804895400930e+01
-1.987813435493154941e+02 -2.000000000000000000e+02 1.503746973565722955e+00 2.702885384559631277e+01
-9.725228703038661138e+01 -9.968782674401859367e+01 7.954047752256772519e+00 2.684575009346008301e+01
1.525601107866666553e+02 1.167572201841821879e+02 6.949153145342462778e+01 2.688256064653396749e+01
2.003952061690657160e+02 2.001704710470305884e+02 5.235163871466215202e-01 2.730245690345764231e+01
3.014444798434641939e+02 3.020284808836523212e+02 9.408313907445529090e-01 2.699864090681075979e+01
4.019941623366231624e+02 4.022498556833982093e+02 9.153236346121282896e-01 2.702904520034790181e+01
5.000279235194658440e+02 5.000197293441220268e+02 2.926414128974815995e-02 2.691165124177932810e+01
6.000194318197552548e+02 6.000194318197550274e+02 2.273736754432320595e-13 2.689693409204483032e+01
7.500000000000000000e+02 7.500000000000000000e+02 5.000000000000000000e+01 2.711813519001007222e+01
8.104628430254200566e+02 8.000000000000000000e+02 2.774416713830136416e+01 2.709961065053939677e+01
1.056728057193370205e+03 1.043974707184709587e+03 1.164158499908833733e+02 2.702264358997344829e+01
1.017953099042616827e+03 1.010972443725095218e+03 2.055111826940694897e+01 2.806514599323272563e+01
1.111040997523247142e+03 1.100000000000000000e+03 3.056866702685947246e+01 2.805881835222244192e+01
1.209214963830299894e+03 1.200435134724740237e+03 1.580636466694602937e+01 2.813965480327606272e+01
1.367377405410449455e+03 1.358480733949624664e+03 6.449963274065655128e+01 2.813458970785141133e+01
1.435000000000000000e+03 1.400000000000000000e+03 4.769696007084728251e+01 2.775335620641708445e+01
