-1.399999999999999773e+03 -1.399999999999999773e+03 0.000000000000000000e+00 9.126627632617950212e+02
4.914240262078279629e+05 4.575974335770781618e+05 1.745376863670684397e+05 1.023931909704208351e+03
1.251346130251695812e+08 2.403549832513552904e+07 2.519603622946095169e+08 1.019621251308917977e+03
6.581366256337717459e+03 5.899180185132761835e+03 2.454830623707000541e+03 1.024024102950096221e+03
-9.999999993203291524e+02 -9.999999993651101704e+02 2.066172789646173521e-07 1.014747515749931381e+03
-8.893054830642782917e+02 -8.895895679318832663e+02 4.259202601455736037e+00 1.021437003600597336e+03
-7.326963758224841285e+02 -7.363035072864480526e+02 2.728396310012446691e+01 1.020429546797275520e+03
-6.790425945371711123e+02 -6.790274827509762190e+02 8.855562767806360314e-02 9.474632979393005598e+02
-5.784962070651098429e+02 -5.780484855451147723e+02 5.143936026577025977e+00 1.148852693498134613e+03
-4.998718240241935860e+02 -4.998694198371471202e+02 3.890158157125492983e-02 9.330752806067466736e+02
-3.488126728645344201e+02 -3.527395153856929255e+02 1.466323137613464667e+01 9.241492064952850569e+02
-2.257117342589008899e+02 -2.301309806166274257e+02 2.170156762830593777e+01 9.291065790057182312e+02
-4.948421834388651774e+01 -4.780321108540169917e+01 3.793817762082778700e+01 9.608294159889221646e+02
1.890934166534620772e+03 1.902902655962702738e+03 2.761384069040644249e+02 9.240989022016525496e+02
4.560860964652181792e+03 4.457653935190724951e+03 5.826242231497095645e+02 9.426146914482117154e+02
2.010700822043710616e+02 2.008917796789754675e+02 7.466491676936761746e-01 9.997965273022651900e+02
3.721821336063954959e+02 3.680582462563886565e+02 1.454030458886392196e+01 9.246162429451942444e+02
4.798806941247763689e+02 4.791099800868111060e+02 1.823309788428730727e+01 9.652782864570617676e+02
5.032648769945679987e+02 5.034131033521402969e+02 7.100087506259881165e-01 1.021897157001495316e+03
6.146542084010477538e+02 6.150000000000000000e+02 8.238992951552088773e-01 9.260676466464996111e+02
9.793153766509531124e+02 1.000000000000000455e+03 7.156428189742757695e+01 9.418343887925148010e+02
2.821310452080538198e+03 2.895582744043668754e+03 4.088119576327877098e+02 9.442170144915580750e+02
5.145066075991867365e+03 5.048669413916069061e+03 5.524730847199475647e+02 9.623940395116806030e+02
1.262206771671195838e+03 1.260665105602379754e+03 1.241919309190526910e+01 1.157383660292625336e+03
1.372842787082371387e+03 1.373039839872644734e+03 1.077680163089896936e+01 1.160857084393501282e+03
1.522036955972627084e+03 1.550058072150477983e+03 6.152003735178386989e+01 1.164171782648563294e+03
2.164936947596180744e+03 2.163090040916981707e+03 6.851219674050514641e+01 1.162052591645717712e+03
1.752277072374722366e+03 1.700000000000000909e+03 2.278704755455741520e+02 9.718659556031227567e+02
