-1.399999999999999773e+03 -1.399999999999999773e+03 0.000000000000000000e+00 1.799061715495586441e+03
8.196323538244504016e+05 7.881679749652926112e+05 1.945980649257963232e+05 1.956463561201095672e+03
6.708174872724956274e+07 6.056972251484256983e+07 6.643740095235650241e+07 1.953803623247146561e+03
5.851823365863968320e+03 5.662048439964190038e+03 1.628583794867191955e+03 1.964346864604950042e+03
-9.999997193973592857e+02 -9.999997240114835222e+02 2.067769916652749482e-05 1.947439218997955322e+03
-8.559843737656531175e+02 -8.565526684650288871e+02 1.704884362558319655e+00 1.876400764596462295e+03
-7.677633921405983983e+02 -7.682292502234631684e+02 1.294275036729365347e+01 1.846295790052413849e+03
-6.788704128938670692e+02 -6.788588792269961232e+02 3.721117743359435293e-02 1.919768315243720963e+03
-5.716400006035706838e+02 -5.728105721608284284e+02 6.064295195132637595e+00 2.228953616499900818e+03
-4.999614276095543346e+02 -4.999704133713914302e+02 1.846356992136659672e-02 1.830604797852039383e+03
-3.181823532010659505e+02 -3.161084945458995890e+02 1.544625890038855331e+01 1.810998824560642333e+03
-2.174975249095487015e+02 -2.172042662661036161e+02 1.323798919348588754e+01 1.832747072339057922e+03
-1.570102452838475848e+01 -1.837659929656140889e+01 4.013786730307793249e+01 1.918157004845142410e+03
2.938583754744678117e+03 2.943230802975722327e+03 6.894719268624205597e+02 1.787692240750789551e+03
7.145058817195235861e+03 7.323492944434781748e+03 9.061758542527569489e+02 1.809119271755218506e+03
2.028851316231808539e+02 2.031042058914868278e+02 6.365631526343281665e-01 1.982202662301063583e+03
4.299570122456249806e+02 4.309316967787988233e+02 2.259344102244684294e+01 1.798206294357776642e+03
5.242560642751078603e+02 5.242849261291771654e+02 1.166575049441557610e+01 1.879651159894466446e+03
5.056342313020530241e+02 5.057792588689338231e+02 1.193067270421619419e+00 1.949449262952804474e+03
6.213057287383742278e+02 6.208669418667320770e+02 2.061529402689290080e+00 1.921680081748962493e+03
1.440342439857096679e+03 1.828262933976492604e+03 4.468868957639243717e+02 1.847517688202857926e+03
4.117863174616022661e+03 4.178833291641438336e+03 6.608205949701890631e+02 1.839917545950412659e+03
8.426923804924346769e+03 8.687128180409323249e+03 1.106019345612587813e+03 1.840316448843479066e+03
1.275755253632017684e+03 1.274005199473564062e+03 1.253533096155453030e+01 2.251022719693183717e+03
1.407761956106189928e+03 1.406695778335717023e+03 1.053861552311449579e+01 2.251373557543754487e+03
1.552628567972005840e+03 1.567365823237699487e+03 5.127135073813477817e+01 2.262272291553020295e+03
2.292436320531562615e+03 2.282416981362781371e+03 1.353528885327602893e+02 2.260065099740028472e+03
2.550669716806823089e+03 1.800000000000000682e+03 1.300411976886937737e+03 1.953634089398384049e+03
