-1.399993797782770343e+03 -1.399993534275574802e+03 1.117078045837361332e-03 8.839723935961723100e+02
9.863692446277042618e+05 9.153847942897777539e+05 5.017138648730532732e+05 8.943219133973121870e+02
5.919567098141066963e+05 2.495707378034692738e+03 1.121277473516660742e+06 8.930824741959571611e+02
-1.070368255425384632e+03 -1.094555006477569350e+03 8.070600787999272541e+01 8.959329528570175398e+02
-9.999831193257070936e+02 -9.999836190522810284e+02 3.384627821984113882e-03 8.861062574028968584e+02
-8.846901268783464047e+02 -8.859393309190113541e+02 3.700560699881658255e+00 8.819638494610786665e+02
-7.994123616623686530e+02 -7.997111373262303005e+02 7.500311404773331025e-01 9.078894494533539046e+02
-6.790587293601282681e+02 -6.790474886399495063e+02 5.667145501239245070e-02 8.909333400487900008e+02
-5.869543841515967415e+02 -5.883940786532817810e+02 5.382282335743743040e+00 1.045601891350746200e+03
-4.999262703603884574e+02 -4.999275172919938086e+02 1.925400927588658342e-02 8.937437862992286455e+02
-3.773592566636850734e+02 -3.781066748587011261e+02 6.447023284730529546e+00 8.923585661530494235e+02
-2.742761580362279119e+02 -2.741261454202166306e+02 6.830738828552532560e+00 9.008253149032592546e+02
-1.330670518828867444e+02 -1.317999280397545476e+02 1.905867662680188701e+01 9.020277811408043362e+02
1.161410582447092111e+03 1.128755360359494262e+03 3.483432472526972106e+02 8.754450330972671281e+02
5.874296904836968679e+03 7.182348085261467531e+03 2.010721800903214671e+03 8.919957746982574918e+02
2.025006113485439130e+02 2.024585945155538411e+02 3.301827330214365253e-01 9.428579409480095137e+02
3.515618043330256342e+02 3.505254492996655244e+02 9.017223254310961167e+00 8.870621775507927396e+02
5.619807669079206107e+02 5.826089562152448025e+02 5.010145783388129104e+01 9.003998026013374556e+02
5.025347829032924665e+02 5.025061401155942349e+02 5.076324418209396949e-01 8.861025856494903792e+02
6.097040567243636815e+02 6.097698473832426771e+02 8.227862146750979377e-01 8.931772724986076355e+02
9.953734994560296627e+02 1.001117609492398969e+03 6.309101343440453036e+01 9.009573047995567094e+02
1.926732261171996015e+03 1.866675866813584889e+03 3.415483153400363676e+02 8.988878693461417697e+02
4.810704696846299157e+03 4.378204680196045047e+03 1.391952382222263168e+03 9.065891535520553361e+02
1.232522828865583961e+03 1.231475516781281840e+03 6.616954372481401059e+00 1.054241417503356843e+03
1.345045604728343505e+03 1.344883790052137101e+03 5.764551719832564203e+00 1.052258126640319915e+03
1.438943568969925309e+03 1.400104760690348940e+03 5.943277186328257500e+01 1.066025899946689606e+03
1.864220117017645634e+03 1.857585810898275668e+03 7.318551416648857355e+01 1.061047530102729752e+03
1.702235295976057387e+03 1.702214264650864152e+03 2.638984053472423486e-01 9.197728994965552829e+02
