-1.400000000000000000e+03 -1.400000000000000000e+03 0.000000000000000000e+00 6.153624565601349161e+01
1.383286619087188910e+03 3.841754610238089072e+02 2.944733627416497711e+03 6.155729744434356832e+01
-1.200000000000000000e+03 -1.200000000000000000e+03 0.000000000000000000e+00 6.154405559301376627e+01
-1.100000000000000000e+03 -1.100000000000000000e+03 0.000000000000000000e+00 6.155313944816589355e+01
-9.999999999999760121e+02 -9.999999999999890861e+02 3.075585130483327933e-11 6.156465140581131124e+01
-9.000000000000000000e+02 -9.000000000000000000e+02 5.684341886080801487e-14 6.155488970279693461e+01
-7.999999999971796569e+02 -7.999999999996665565e+02 5.865438273940956765e-09 6.150721579790115356e+01
-6.899997680771153910e+02 -6.899999999898955139e+02 1.000023192525318017e+01 6.150850739479064799e+01
-5.996643248591856263e+02 -5.999999999791614300e+02 3.810287491173163232e-01 6.218974440097808554e+01
-4.999582010392690563e+02 -4.999728746156046100e+02 4.827275507362099177e-02 6.152853100299834921e+01
-4.000000000000000000e+02 -4.000000000000000000e+02 0.000000000000000000e+00 6.164430640935897543e+01
-2.996517643300173859e+02 -3.000000000000000000e+02 5.693913456781057869e-01 6.163168674707412720e+01
-1.995542412070407750e+02 -2.000000000000000000e+02 9.072854332371251829e-01 6.163557364940643168e+01
-9.979708738361208020e+01 -9.968782674401859367e+01 2.041097513548505993e-01 6.154127700328827189e+01
1.220650575821440214e+02 1.006243465119628127e+02 3.889714707990712839e+01 6.151261653900146342e+01
2.000565178471199772e+02 2.000000000072853936e+02 1.940765961250877081e-01 6.172724809646606303e+01
3.012132300532845761e+02 3.020196068559067726e+02 9.895821197535745739e-01 6.158697849512100220e+01
4.017758043337443610e+02 4.020991758768659565e+02 7.977963136304002667e-01 6.156165764331817769e+01
5.000059467384852496e+02 5.000000000000000000e+02 1.343278817678814421e-02 6.160822185277938701e+01
6.000136022738287238e+02 6.000194318197550274e+02 8.904778491815125430e-03 6.163313544988632486e+01
7.250000000005057927e+02 7.000000000008094503e+02 4.330127018901801250e+01 6.159722825288772441e+01
8.081321407224276072e+02 8.000000000000164846e+02 2.510128278334070728e+01 6.160592850446700908e+01
1.020991016922254516e+03 9.580660550046948174e+02 1.289333653054301010e+02 6.161284013986587382e+01
1.001261617662661820e+03 1.000000000000059572e+03 4.165796991685055239e+00 6.232054319381713725e+01
1.110000000000130967e+03 1.100000000000087311e+03 2.999999999995725375e+01 6.235463190078735352e+01
1.202207623844484715e+03 1.200435134724740237e+03 7.225622751243106379e+00 6.243956719636916830e+01
1.358219765551309592e+03 1.400000000000001819e+03 4.850704516344699613e+01 6.237795360088348673e+01
1.415000000000742375e+03 1.400000000000450655e+03 3.570714214242502749e+01 6.166996434926986836e+01
