-1.400000000000000000e+03 -1.400000000000000000e+03 0.000000000000000000e+00 5.915677105188369467e+01
5.559918888738699025e+03 4.399150451038547544e+03 5.657209121167837111e+03 5.912571049928665445e+01
-1.200000000000000000e+03 -1.200000000000000000e+03 0.000000000000000000e+00 5.917425630092620992e+01
-1.100000000000000000e+03 -1.100000000000000000e+03 0.000000000000000000e+00 5.919932225942611836e+01
-9.999999999999756710e+02 -9.999999999999884039e+02 3.519333936113527316e-11 5.916421824693679810e+01
-8.999744984137632855e+02 -8.999918508629671123e+02 7.146042916707733006e-02 5.902609266042709635e+01
-7.988523293975927118e+02 -7.999630249588228708e+02 2.357410565714379569e+00 5.922409254312515259e+01
-6.869088501861153873e+02 -6.799998861168809299e+02 9.266356730028645572e+00 5.912039204835891582e+01
-5.995187895422006932e+02 -5.995397985999657067e+02 4.428894587122247928e-01 5.975069431066513204e+01
-4.972575133608317515e+02 -4.984919445223567323e+02 3.415651652486112244e+00 5.906729245185852051e+01
-3.999005040942906817e+02 -4.000000000000000000e+02 2.984877171279891050e-01 5.930659635066986368e+01
-2.976618479790674883e+02 -2.980100818858134062e+02 1.612783097516185871e+00 5.925777904987334921e+01
-1.986765747048156072e+02 -1.980100818858134062e+02 1.239318146381729324e+00 5.927627954483032369e+01
-7.405953489429739989e+01 -9.968782674401859367e+01 4.511602021713128607e+01 5.914179104566574097e+01
1.661137319918915694e+02 1.335144403683643759e+02 7.641101032101168755e+01 5.911224900484084799e+01
2.005867906023646583e+02 2.006098404325635443e+02 3.806782075073895655e-01 5.932846235036849691e+01
3.020552562635185154e+02 3.020503130079529228e+02 4.041671650786361064e-02 5.922887049913406088e+01
4.025710913127970798e+02 4.025019509094320256e+02 9.519654282965978043e-01 5.908531304597854472e+01
5.000589859794299628e+02 5.000445815635272879e+02 4.504373036652518231e-02 5.907894355058670044e+01
6.000335600055631176e+02 6.000194318197550274e+02 3.479958968550472126e-02 5.922573174238205240e+01
7.900000000000075033e+02 8.000000000000003411e+02 3.000000000000037303e+01 5.919411524534225322e+01
8.731016016217785136e+02 8.000000000000010232e+02 1.215884979077700905e+02 5.922779384851455831e+01
1.154923146956583651e+03 1.182490187298195451e+03 7.962614894174710400e+01 5.924883584976196005e+01
1.034108942280490510e+03 1.018952456991804411e+03 3.553466297631256055e+01 5.986328065395355225e+01
1.171308450471113701e+03 1.200000000000000000e+03 4.256688744936408852e+01 5.987812454700470255e+01
1.217818387041359983e+03 1.200916606553978909e+03 3.077096210551860267e+01 5.994368325471877768e+01
1.423282560653612791e+03 1.410657311849101916e+03 5.600141978073997251e+01 5.990195754766464376e+01
1.470000000000020464e+03 1.500000000000000227e+03 4.582575694954372381e+01 5.931855379343032553e+01
