-1.400000000000000000e+03 -1.400000000000000000e+03 0.000000000000000000e+00 3.006562454581260795e+02
5.903220579894903494e+04 5.141904081103067438e+04 4.336649067996078520e+04 3.020504891991615182e+02
-1.194017934601103207e+03 -1.199999930564438046e+03 2.340975651808767566e+01 3.015175587534904480e+02
7.549522933781188840e+03 5.828919345805775265e+03 5.186874325518292608e+03 3.010117525458335876e+02
-9.999998425893421654e+02 -9.999998330669719735e+02 4.821209742900659954e-05 3.010406023502349626e+02
-8.901875767761933957e+02 -8.901875768373720348e+02 2.889497066013682419e-07 2.989103326559067000e+02
-7.999963251520897529e+02 -7.999999994972969262e+02 1.397000108292455016e-02 3.038577087521553040e+02
-6.796564538460185076e+02 -6.796452698319360479e+02 6.296298868176070096e-02 2.971412366986274947e+02
-5.960125623090622184e+02 -5.962641833023758409e+02 2.039881229268238449e+00 3.223241884946822893e+02
-4.999263515103160671e+02 -4.999372810163712870e+02 5.099092266818906760e-02 3.019391651511192549e+02
-3.967166356153740026e+02 -3.970151228287201093e+02 2.558030097666464719e+00 3.024502179980278243e+02
-2.923885667397096313e+02 -2.920403325810727324e+02 1.868694415415155685e+00 3.028341619491577035e+02
-1.855163977351406857e+02 -1.875731729855414756e+02 1.042516144860654848e+01 3.024262873888015974e+02
2.895165157652727572e+01 4.912652326932857250e+00 1.140399295785167482e+02 3.016871166467666399e+02
8.858246279657327023e+02 9.364558283030032726e+02 2.680159306606863652e+02 3.013675129532813912e+02
2.010106456850523102e+02 2.011633582647210687e+02 3.520023526352714094e-01 3.085000025391578902e+02
3.142947266107900077e+02 3.145098775375140576e+02 1.498230792030367908e+00 3.020036298513412589e+02
4.158737264893923680e+02 4.161624028327546512e+02 3.601757643432804024e+00 3.021690252900123710e+02
5.006047666919208723e+02 5.005531150946990238e+02 2.038964074473307297e-01 3.011583673000335466e+02
6.030910841548736698e+02 6.031235428718873663e+02 3.788109794625218463e-01 3.011215846538543701e+02
1.000000000008408847e+03 1.000000000003226660e+03 9.982651891049466375e-09 3.034079672932624590e+02
1.106515386070294880e+03 1.089222520412075028e+03 6.667064842068263886e+01 3.034371005415916329e+02
1.669582347807046290e+03 1.628362413532012852e+03 2.714160843943400891e+02 3.032410371541976701e+02
1.209938463066908753e+03 1.210086149515575926e+03 3.145805568493733606e+00 3.237816027998924255e+02
1.306867541541186711e+03 1.306086128411979189e+03 3.724877837266123759e+00 3.237906618952750932e+02
1.405943409991974249e+03 1.400021404781419960e+03 3.925074673702023631e+01 3.245648071050644035e+02
1.801675254930703431e+03 1.802213596251074023e+03 1.511374958431997939e+01 3.238943256497383345e+02
1.700000000022001132e+03 1.700000000009825726e+03 2.623791513960153404e-08 3.064202690005302543e+02
