-1.399999999999999773e+03 -1.399999999999999773e+03 5.084229945850414966e-14 8.190437669038772128e+02
7.980741925187952584e+05 7.131658377413856797e+05 2.656791877915246296e+05 1.557596175098419280e+03
1.274384055096904337e+08 3.527406357875189930e+07 2.176050133424089849e+08 1.471362516748905136e+03
2.468052877701706893e+04 9.296901429411343997e+03 4.808093266716113430e+04 1.513364708399772553e+03
-9.999996235636632491e+02 -9.999996205941833978e+02 2.666014387894960277e-05 1.555544298899173782e+03
-8.565526684650269544e+02 -8.565526684650269544e+02 7.917372088959450141e-13 1.175909612751006989e+03
-7.537347486470799822e+02 -7.545361353215561167e+02 1.389417002781397414e+01 1.414924502348899750e+03
-6.788687443840415199e+02 -6.788664943636599673e+02 3.986926675134291193e-02 1.347857215201854615e+03
-5.257398007216752376e+02 -5.250098986664099812e+02 3.486703915827512379e+00 1.571890020549297333e+03
-4.998962567882766166e+02 -4.999038982444780572e+02 4.568157715453996515e-02 9.292082436084747314e+02
-3.305489932409921607e+02 -3.295396602724432569e+02 1.471807571455517305e+01 1.112856816649436951e+03
-1.190525600590281101e+02 -2.049815866671785045e+02 1.406167726591955613e+02 1.067366869997978256e+03
1.292646795959036012e+02 1.711801118631547354e+02 9.438340599245897522e+01 1.098368165743351028e+03
2.922849653216219849e+03 2.989517198284158439e+03 5.551334226005682240e+02 1.301556773400306611e+03
1.457390029904988842e+04 1.455047294588479417e+04 3.652650694647044247e+02 1.068124879598617554e+03
2.034661355546435573e+02 2.036601836178998894e+02 5.395275670786507938e-01 1.255112374150753112e+03
4.171701099964484456e+02 4.142453230312627284e+02 1.161880067231093250e+01 9.535772767424583662e+02
8.042933908452536116e+02 8.113779118274605935e+02 6.723110950270086050e+01 1.122786302149295807e+03
5.058644882263059230e+02 5.056022165095108676e+02 1.148678030410129391e+00 1.558969542860984802e+03
6.234703604014306393e+02 6.227022080356643983e+02 1.422267727611622679e+00 9.494811243534088590e+02
1.639177532293624154e+03 1.828262933976497379e+03 3.317554138761105378e+02 1.011705648458004021e+03
4.248840488689302219e+03 4.066189948864702728e+03 7.874708549006190879e+02 1.367303987395763443e+03
1.544775965065397577e+04 1.551624207563387972e+04 4.922425797599103703e+02 1.144018303000927062e+03
1.301551269889601144e+03 1.293742604653973558e+03 3.306774007036622010e+01 1.727747952759265900e+03
1.416844637756074235e+03 1.409776455137708354e+03 2.030965599050448844e+01 1.728183986592292740e+03
1.672455711778804016e+03 1.679382305949122610e+03 2.043933701079271614e+01 1.639562123501300903e+03
3.034254186806072084e+03 3.220835315462316430e+03 3.970598302888036528e+02 1.725878831803798676e+03
3.308626211474128468e+03 3.280092811141206312e+03 1.509079084718752938e+03 1.366781951200962112e+03
