-1.399999999999999545e+03 -1.399999999999999773e+03 2.157056083093525031e-13 7.311515311002731323e+02
9.842868251951283310e+05 9.117799914154472062e+05 3.495415825216679368e+05 1.449933611500263169e+03
3.543297079914755821e+08 2.423402849424708486e+08 3.222472903067480922e+08 1.421559670293331237e+03
2.222380749311035615e+05 2.115788976997776190e+05 3.713151937401683972e+04 8.690391631960868608e+02
-9.999994081493347267e+02 -9.999994023022927649e+02 3.023791018929477192e-05 1.451532431149482818e+03
-8.554159017798099285e+02 -8.565526684650205880e+02 2.273535202434523228e+00 1.275361306846141815e+03
-6.596918882547873864e+02 -6.748326344978927409e+02 4.471131598241380090e+01 1.367534379446506591e+03
-6.788635655255496886e+02 -6.788556091721366101e+02 4.057323328363847403e-02 1.211017774248123260e+03
-5.257885043873375253e+02 -5.255692266036833189e+02 2.832673520288235380e+00 1.340353345751762390e+03
-4.994499638770797674e+02 -4.995273457214798327e+02 3.054655566343961737e-01 8.913325000524521329e+02
-2.359829789798269815e+02 -2.413054471798304803e+02 3.243879948433598059e+01 8.201599033474922180e+02
-3.489405365511778712e+00 -7.180680883318302676e+01 1.513427459858226882e+02 8.665869530916213535e+02
2.901549810990920264e+02 3.009403607547772026e+02 5.855043597229566643e+01 8.892152472972869646e+02
3.817369918780834269e+03 3.770216562605962281e+03 7.847990362028556319e+02 1.009641800451278641e+03
1.489110612455445516e+04 1.475086208410152176e+04 3.664047319303329004e+02 8.044127972483635176e+02
2.036731056849262700e+02 2.035873484324272340e+02 5.404464323462739861e-01 1.063381555402278991e+03
4.425521398901840371e+02 4.360189759339753550e+02 2.991734988778556570e+01 1.096320820558071091e+03
7.958975780179816866e+02 8.374666099790989620e+02 1.140802529618451189e+02 8.990379372477531206e+02
5.068078980016761079e+02 5.058790764129088302e+02 1.942702047668879217e+00 1.454975204598903701e+03
6.247859563013206525e+02 6.250000000000000000e+02 5.869905888883871770e-01 7.228724390506744157e+02
1.486755586555925447e+03 1.828262933976498516e+03 4.364393832955361177e+02 8.743321532487868808e+02
5.109699427199908314e+03 4.954425609366496246e+03 9.449040134725764801e+02 1.098932866609096436e+03
1.583926265293156030e+04 1.589550204292019407e+04 6.561404841714254417e+02 9.178239432930946577e+02
1.332805404869260656e+03 1.329412577842777864e+03 2.595650935573138440e+01 1.603461671447753815e+03
1.453987845996223314e+03 1.451041986141919551e+03 1.934614123531142837e+01 1.613523838043212891e+03
1.675121201717956183e+03 1.684985190167740711e+03 2.817700686772482399e+01 1.489243692100048065e+03
3.354971113805931964e+03 3.493762161360391474e+03 2.438384184942741228e+02 1.496414136695861771e+03
3.559193905547681879e+03 4.880680988706667449e+03 1.594577409534846993e+03 1.106527089297771454e+03
