-1.399999999999959073e+03 -1.399999999999985903e+03 5.580576410617333922e-11 6.619396040439605144e+01
3.628683236515092631e+03 3.109482825068614147e+03 4.185776632990423423e+03 6.636561169624329182e+01
-1.199999999781633505e+03 -1.199999999893410859e+03 3.218215329469039595e-07 6.624672784805298420e+01
-1.099999999217455979e+03 -1.099999999696094619e+03 1.061807622134355578e-06 6.629765385389328003e+01
-9.999999960028878832e+02 -9.999999984110829701e+02 7.472956157299158860e-06 6.630877310037612915e+01
-8.999999999996250608e+02 -8.999999999998873363e+02 7.715477838035601152e-10 6.620025320053100870e+01
-7.999998771646445448e+02 -7.999999264461204120e+02 9.946609689503879909e-05 6.635566309690474895e+01
-6.899996605903270392e+02 -6.899996686654282030e+02 1.000012210101366250e+01 6.633011034727095989e+01
-5.997146552400304245e+02 -5.999994099173725317e+02 4.134490619016696344e-01 6.719852164983748821e+01
-4.999758312231842865e+02 -4.999901341062652591e+02 3.083724424791788737e-02 6.630504109859467121e+01
-3.999999999996264819e+02 -3.999999999999173497e+02 5.442377085396719874e-10 6.636285010576247601e+01
-2.993532765792170949e+02 -2.995025204676692283e+02 7.226307766750899031e-01 6.642710154056548788e+01
-1.999005040779157412e+02 -1.999999999990164667e+02 4.336926217856934551e-01 6.641019635200500204e+01
-9.999999999640564852e+01 -9.999999999915257831e+01 6.582562539262900811e-09 6.629191704988480183e+01
1.317226459404930949e+02 1.085346988054239432e+02 4.277118737123998926e+01 6.632350319623947144e+01
2.000529243796229935e+02 2.000030615829723786e+02 2.181463400572209999e-01 6.662352520227432251e+01
3.013128073680599073e+02 3.020196068794759867e+02 9.633372279604957011e-01 6.630332405567169474e+01
4.014994398059061496e+02 4.020455801465790273e+02 8.821154903745102027e-01 6.634572440385818481e+01
5.000093714393241271e+02 5.000000000000000000e+02 1.304041064685481331e-02 6.622973145246506022e+01
6.000136022763028905e+02 6.000194318197551411e+02 8.904774723673548886e-03 6.628693915605545328e+01
7.500001284026326402e+02 7.500003620995830715e+02 4.999989716262165018e+01 6.646581100225448324e+01
8.200000174188317033e+02 8.000000152177859718e+02 5.099019192138850087e+01 6.647225815057754517e+01
9.773046588798431458e+02 9.000000511837358772e+02 1.095314738842808993e+02 6.646618205308914185e+01
1.000000009308576637e+03 1.000000008497193221e+03 7.331993764034846188e-06 6.737495476007461548e+01
1.105000022766533903e+03 1.100000022238812107e+03 2.179448958590614183e+01 6.734976214170455933e+01
1.200416019190010502e+03 1.200080949013055488e+03 9.248435125350761288e-01 6.743960669040680500e+01
1.365375332603106244e+03 1.400000002968780336e+03 5.198922532239901528e+01 6.742507884502410320e+01
1.425000155850084639e+03 1.400000267428411462e+03 4.330119382333815992e+01 6.667804689407348917e+01
