-1.400000000000000000e+03 -1.400000000000000000e+03 1.136868377216160297e-13 2.170061559677123952e+01
5.233468322175315734e+03 4.922328447777340443e+03 6.048270806865612940e+03 2.193554805517196726e+01
-1.200000000000000000e+03 -1.200000000000000000e+03 0.000000000000000000e+00 2.168155119419098042e+01
-1.100000000000000000e+03 -1.100000000000000000e+03 0.000000000000000000e+00 2.171437098979949809e+01
-9.999999999999811280e+02 -9.999999999999940883e+02 2.736038558833276871e-11 2.172559365034103251e+01
-8.999974976661272876e+02 -8.999999380367087269e+02 8.177601542663700054e-03 2.187472554445266582e+01
-7.946033146880882896e+02 -7.967904191911177350e+02 9.629406557003312273e+00 2.178715949058532786e+01
-6.879792274075251726e+02 -6.832353118676364829e+02 8.695437474807901523e+00 2.179269169569015574e+01
-5.994863763371315599e+02 -5.995054183051688597e+02 3.482636453960177847e-01 2.233124378919601583e+01
-4.990131719621922457e+02 -4.994327862992400924e+02 1.152980253728740134e+00 2.185626749992370677e+01
-3.995522684243080676e+02 -4.000000000000000000e+02 5.865197141093928535e-01 2.183800880908966136e+01
-2.971643699641384728e+02 -2.980100818858134062e+02 2.339206117575455046e+00 2.186100339889526367e+01
-1.977217046082323293e+02 -1.979440450976274519e+02 2.030583914206627760e+00 2.182053589820861816e+01
-9.271377263668732382e+01 -9.968782674401859367e+01 1.369467144647594559e+01 2.175631679296493459e+01
1.653438130275422111e+02 1.581923672735651962e+02 6.656435863638384376e+01 2.175813620090484690e+01
2.015563261823028256e+02 2.010069560232472838e+02 1.504621158165753592e+00 2.192156774997711111e+01
3.021124971238185140e+02 3.023026992144956466e+02 8.084879838520790951e-01 2.179183850288391255e+01
4.038502570315786215e+02 4.035201316887938106e+02 1.772685120042059026e+00 2.191541199684143137e+01
5.002158932971476020e+02 5.000906031092522426e+02 3.949521946894138935e-01 2.185123399496078633e+01
6.001738120679749500e+02 6.000744481502149483e+02 1.843159855750754472e-01 2.172768255472183085e+01
7.750000000000001137e+02 8.000000000000000000e+02 4.330127018922196669e+01 2.185272139310836792e+01
8.258441622410634864e+02 8.000000000000005684e+02 4.933520232976641040e+01 2.184159090518951274e+01
1.065298773272267454e+03 1.014331409085894393e+03 1.333377400226298732e+02 2.180686440467834331e+01
1.022165553371796022e+03 1.018953784468285676e+03 2.209157125649211295e+01 2.244049115180969167e+01
1.144767721328237030e+03 1.116659749735566947e+03 4.121987509377528625e+01 2.244351009130478047e+01
1.213670362310031805e+03 1.200916606553979364e+03 1.992263688160891633e+01 2.251556425094604563e+01
1.371971131212717637e+03 1.400000000000000000e+03 5.865969067846477714e+01 2.248827896118164205e+01
1.470000000000000000e+03 1.500000000000000000e+03 4.582575694955846757e+01 2.289176919460296489e+01
