-1.399992929483913940e+03 -1.399997260631239669e+03 1.076147212407009036e-02 4.244574145078659200e+01
-1.220802290617035851e+03 -1.243596189570043862e+03 7.669491359497200733e+01 4.267174555063247965e+01
-1.194255124592104494e+03 -1.196255710643117936e+03 6.788742115900157970e+00 4.244743285179138326e+01
-1.094154757345853341e+03 -1.099424552268969137e+03 1.251973742519796318e+01 4.247473714351654195e+01
-9.999667671729124550e+02 -9.999741834343303708e+02 3.522942365460906416e-02 4.250948505401611044e+01
-8.999993077131641712e+02 -8.999997108186865944e+02 9.266048796251414232e-04 4.249700775146484233e+01
-7.996547463372983202e+02 -7.997635811058437412e+02 2.611538897645569457e-01 4.264760365486144877e+01
-6.969927739534448392e+02 -6.988097585115523316e+02 5.706364513211761746e+00 4.262600570917129517e+01
-5.999102344238981459e+02 -5.999139737695745680e+02 3.797750552842358435e-02 4.354116339683532999e+01
-4.998351488133176872e+02 -4.998317208326776608e+02 6.735769332092554629e-02 4.257578115463256552e+01
-3.999881867775064848e+02 -3.999907945612594062e+02 1.258386551591201760e-02 4.267760035991668843e+01
-2.999655285452992075e+02 -2.999868205886454575e+02 3.896088909747293799e-02 4.272074534893035747e+01
-1.999521549414232027e+02 -1.999726583390304313e+02 4.964313401165758310e-02 4.272378065586089946e+01
-9.976244529816656836e+01 -9.983845832084278982e+01 2.214267729284389585e-01 4.263431204557419107e+01
1.012669512437669823e+02 1.007565710440599673e+02 1.328887349993260525e+00 4.264386769533157207e+01
2.002370190809662915e+02 2.002154970122792292e+02 1.297141869257650293e-01 4.287145870923995972e+01
3.002270969738855797e+02 3.001060012663531325e+02 4.408409484964329050e-01 4.264005841016769693e+01
4.007602701107765597e+02 4.005367027922258671e+02 6.759598412421834457e-01 4.264597969055175497e+01
5.000045039601060921e+02 5.000000864584321221e+02 8.048290097586225170e-03 4.252966674566268779e+01
6.000178966440946624e+02 6.000194349588784917e+02 4.149162141638582449e-03 4.261509824991226481e+01
7.021016754493812186e+02 7.015689521128367687e+02 1.934375484156389602e+00 4.281643120050430440e+01
8.004818111541229655e+02 8.002988869843036355e+02 4.989982850776017442e-01 4.277425320148468302e+01
9.027440787666134838e+02 9.010166981180136645e+02 4.465225737312352727e+00 4.281502764225005819e+01
1.000641254987836874e+03 1.000255042670814760e+03 7.854000235737768065e-01 4.371209224462509013e+01
1.100569803850419248e+03 1.100336198002755964e+03 5.764968007787429904e-01 4.371749615669250488e+01
1.200172933747378465e+03 1.200133495434349243e+03 1.776718770952172566e-01 4.381998320817947246e+01
1.313692199005178963e+03 1.313037977738113113e+03 5.237187784759419706e+00 4.377004154920577861e+01
1.401824891503337085e+03 1.401757359997845469e+03 1.086238426790361311e+00 4.288106350898742392e+01
