-1.399999999999999773e+03 -1.399999999999999773e+03 0.000000000000000000e+00 1.568690039551257996e+03
8.490214438573585358e+05 8.079734779553962871e+05 2.600315499193686701e+05 1.863117045557498841e+03
2.817837449932061508e+07 1.087729945325925201e+07 4.949631514636916667e+07 1.770328964102268174e+03
9.445350346734639970e+03 9.571582822780244896e+03 2.476516511187524429e+03 1.862635606706142426e+03
-9.999996512383426079e+02 -9.999996474125889563e+02 2.338128063019733868e-05 1.853479790806770325e+03
-8.562686691357843074e+02 -8.565526684650287734e+02 1.237924376209026622e+00 1.661803588795661881e+03
-7.755783590628443562e+02 -7.766978878401812381e+02 9.984034153007691259e+00 1.681940724456310363e+03
-6.788900133921949873e+02 -6.788693544493024774e+02 4.557554047725118768e-02 1.775141574704647155e+03
-5.347617542498262537e+02 -5.332586116002576091e+02 7.769081929276595133e+00 2.138312284302711305e+03
-4.999520633141758594e+02 -4.999556471182273754e+02 2.399752286428975465e-02 1.602310436904430389e+03
-3.335614863130806498e+02 -3.356802046343668735e+02 1.644656305061407764e+01 1.587817785608768418e+03
-2.282541921601388708e+02 -2.303529441351034848e+02 1.714766863273463926e+01 1.608910295391082855e+03
-2.444676106589479758e+01 -1.914257423592690088e+01 4.945823767377581248e+01 1.750993484604358628e+03
2.688127303041434061e+03 2.706581910998773310e+03 4.284601339354482548e+02 1.561619131851196244e+03
1.271849089486114462e+04 1.361068407885115084e+04 2.322481019978516542e+03 1.553867310845851989e+03
2.029334502771568225e+02 2.030078167230866200e+02 3.299207748991344613e-01 1.769949047052860351e+03
4.175595601562841921e+02 4.183145644702078698e+02 1.291153779392411671e+01 1.578734386456012771e+03
6.993313409641672251e+02 7.761955675127735503e+02 1.317071892653127065e+02 1.595414233100414322e+03
5.048392952166039436e+02 5.045784994067241769e+02 7.334303813051822329e-01 1.857015270256996246e+03
6.214622899776835538e+02 6.208838958725220891e+02 1.683689731066266848e+00 1.750772864198684601e+03
1.503370907084720557e+03 1.828262933976492604e+03 4.427532009712430749e+02 1.620648859202861786e+03
3.776381710100484725e+03 3.769047262488529668e+03 5.847644081964660927e+02 1.621820683610439346e+03
1.177755365979719318e+04 1.415162197059969913e+04 3.411343957365585993e+03 1.600661712706089020e+03
1.276604459679450883e+03 1.275473794640895903e+03 1.170990929742716524e+01 2.226112807500362578e+03
1.398516146260748883e+03 1.399888669600446519e+03 1.440998320452829695e+01 2.221479726600647155e+03
1.620633132049599681e+03 1.616245389818599961e+03 3.858453155287778458e+01 2.244657769799232483e+03
2.680108013117333485e+03 2.734688261406751735e+03 3.763921540044969447e+02 2.236506489253044037e+03
3.287032044456366748e+03 3.265803540981770311e+03 1.487181329624961563e+03 1.822216413104534240e+03
