-1.400000000000000000e+03 -1.400000000000000000e+03 0.000000000000000000e+00 6.789065885543823242e+01
5.423896899576711803e+03 5.023830891932961094e+03 5.234545306580537726e+03 6.792515379190444946e+01
-1.200000000000000000e+03 -1.200000000000000000e+03 0.000000000000000000e+00 6.787676069736480144e+01
-1.100000000000000000e+03 -1.100000000000000000e+03 0.000000000000000000e+00 6.787480919361114218e+01
-9.999999999999811280e+02 -9.999999999999898819e+02 2.327893119332077457e-11 6.797488750219345377e+01
-8.999846786310215521e+02 -8.999999814391080690e+02 4.995619481886679619e-02 6.776111084222793579e+01
-7.997307014166010504e+02 -8.000000000000000000e+02 9.069422876471860961e-01 6.796643180847168253e+01
-6.879999111251944441e+02 -6.799999687533310180e+02 9.798031610752387266e+00 6.787939449548721882e+01
-5.995485591360421722e+02 -5.993655782241669385e+02 3.923430627375171786e-01 6.884791179895401569e+01
-4.997945778186434040e+02 -4.998581965718901756e+02 2.184479188957819673e-01 6.795442824363708212e+01
-3.999005040942906817e+02 -4.000000000000000000e+02 2.984877171279891050e-01 6.803935174942016317e+01
-2.981593267519412507e+02 -2.990050409429067031e+02 1.673038852541451238e+00 6.804252499341964722e+01
-1.981527855565597065e+02 -1.980100818858134062e+02 2.201731465734466209e+00 6.805689024925231934e+01
-9.432706000390928125e+01 -9.968782674401859367e+01 1.341217019894760298e+01 6.792034385204314617e+01
1.660306308034894869e+02 1.460094904489554324e+02 6.243039447240764162e+01 6.789022849798202230e+01
2.002961620352554064e+02 2.000657576527243577e+02 5.312489882806089581e-01 6.818559414148330688e+01
3.016360520580184357e+02 3.020257323738570108e+02 8.184647918674503586e-01 6.798414994478225992e+01
4.020814325392110504e+02 4.022642025474929710e+02 1.011801196423150362e+00 6.799490929841995523e+01
5.000193018669921798e+02 5.000197293441220268e+02 1.519528086512224666e-02 6.790269010066985800e+01
6.000184602287674807e+02 6.000194318197550274e+02 4.235066930063082109e-03 6.795335769653320312e+01
7.600000000000000000e+02 8.000000000000000000e+02 4.898979485566354697e+01 6.800550810098647503e+01
8.312642814448033732e+02 8.000000000000000000e+02 6.256961663568996102e+01 6.800600860118865398e+01
1.108216617335772980e+03 1.182490187297981265e+03 9.622774983105948365e+01 6.804564815759658813e+01
1.013208361728282057e+03 1.003140001291180170e+03 1.817755158995556997e+01 6.899473944902419476e+01
1.182332140112486968e+03 1.200000000000000000e+03 3.791421708903256871e+01 6.900875779390335651e+01
1.208886090140265196e+03 1.200916606553978454e+03 1.234812773827491306e+01 6.909814510345458416e+01
1.379219829893111410e+03 1.400000000000000000e+03 5.464654432587921207e+01 6.906207040548324017e+01
1.450000000000000000e+03 1.450000000000000000e+03 5.000000000000002842e+01 6.859168344736099243e+01
