-1.396256002141456520e+03 -1.395835745690108979e+03 1.213283216301688450e+00 4.673219503045082206e+02
5.953089192369076191e+05 5.174794007495980477e+05 4.259970698088039062e+05 4.663840263485908508e+02
3.767437720575836487e+06 2.643633944486646447e+06 2.718023296713358723e+06 4.676390908002853166e+02
-9.232085536217742856e+02 -9.329338696085098945e+02 1.147430368265398783e+02 4.689267495512962114e+02
-9.983512533515616951e+02 -9.984275359599885178e+02 4.289821742451018216e-01 4.670946453452110063e+02
-8.898846252201352627e+02 -8.898595301561429096e+02 1.114557297267779468e-01 4.652186046004295576e+02
-7.972665632584331661e+02 -7.978334831415927511e+02 2.237917309690937273e+00 4.686095605015754586e+02
-6.796544857707804113e+02 -6.796368548535458558e+02 8.314989049654226971e-02 4.659302177548408395e+02
-5.958761040782372902e+02 -5.958551058784105408e+02 1.268720477729877727e+00 4.739785846948623771e+02
-4.983104630794427976e+02 -4.984206019779546750e+02 4.592972531211234610e-01 4.678218691110611189e+02
-3.950303922215204580e+02 -3.948804023093965156e+02 1.444066178425266189e+00 4.673891569972038269e+02
-2.840219910018812470e+02 -2.860085334214704744e+02 7.483499052668279639e+00 4.682394001007079964e+02
-1.823155071641779443e+02 -1.856534861299392674e+02 7.532893615046036828e+00 4.682929543018341292e+02
8.678892251290119475e+01 6.374039361841641949e+01 9.537652111930425747e+01 4.667430431008339156e+02
8.442178126742712720e+02 8.731374827215386176e+02 2.803755571210093080e+02 4.669119681477546919e+02
2.009824416697523191e+02 2.009631273148372088e+02 2.343793701475919145e-01 4.691158310055732841e+02
3.164517494676438218e+02 3.167241141403863480e+02 2.021218537188147479e+00 4.675893011450767744e+02
4.392721131331521178e+02 4.397844182390387573e+02 4.408620111928279073e+00 4.687428195953369254e+02
5.012640660117747871e+02 5.012165363342767819e+02 2.572880853184756345e-01 4.671376117587089425e+02
6.026876383259851764e+02 6.027494608677161523e+02 5.166594062492209094e-01 4.658238374948501814e+02
1.002124107871418005e+03 1.016795405007968043e+03 6.294054748300834490e+01 4.681993140935898055e+02
1.006766023011245807e+03 9.955013747598073905e+02 8.896936644342501666e+01 4.675644689083099479e+02
1.678735524131199327e+03 1.680209471627699486e+03 2.240093480981620644e+02 4.671978547096252328e+02
1.213730235449355632e+03 1.214726416543902815e+03 4.136462336437206844e+00 4.745537169575691223e+02
1.313878461597055320e+03 1.313537722118657712e+03 3.411599021560247635e+00 4.744056051969528198e+02
1.420317400912440917e+03 1.400049384621342824e+03 6.037631164496848157e+01 4.751270924925804024e+02
1.825701287630781053e+03 1.836275008583351337e+03 4.415844021592668156e+01 4.743970134019851912e+02
1.741261603326499653e+03 1.742008399384352742e+03 5.982307887190190243e+00 4.689486996531486511e+02
