-1.400000000000000000e+03 -1.400000000000000000e+03 0.000000000000000000e+00 6.391446230411529683e+01
2.489955220574264786e+03 1.441272240425321115e+03 3.815909978416628746e+03 6.412634249925613972e+01
-1.200000000000000000e+03 -1.200000000000000000e+03 0.000000000000000000e+00 6.388889850378036783e+01
-1.100000000000000000e+03 -1.100000000000000000e+03 0.000000000000000000e+00 6.391289935111999654e+01
-9.999999999999872671e+02 -9.999999999999930651e+02 1.491706047987181484e-11 6.396677435636520670e+01
-8.999999999999996589e+02 -9.000000000000000000e+02 1.459005691427189798e-12 6.398677954673767232e+01
-8.000000000000000000e+02 -8.000000000000000000e+02 5.084229945850414966e-14 6.403450480699538616e+01
-6.940006134821147725e+02 -7.000000000000000000e+02 9.164214824088416478e+00 6.395653489828109883e+01
-5.997997757241453201e+02 -6.000000000000000000e+02 3.505266052505728314e-01 6.469617149829863934e+01
-4.999701610917085191e+02 -4.999728746156046100e+02 2.956193256011397166e-02 6.397212015390395834e+01
-4.000000000000000000e+02 -4.000000000000000000e+02 0.000000000000000000e+00 6.404076149463654133e+01
-2.992537807071801126e+02 -2.990050409429067031e+02 6.946923553486402669e-01 6.405834344625472454e+01
-1.994481416225128498e+02 -2.000000000000000000e+02 9.705804660421283314e-01 6.407175934314727783e+01
-9.982830470921022936e+01 -9.984391337200929684e+01 1.840234204065785417e-01 6.395877649784087993e+01
1.268043159665567998e+02 1.167572201841821879e+02 3.705594727286590029e+01 6.395930459499358989e+01
2.001717647360430021e+02 2.000000000000000000e+02 5.360579700737977404e-01 6.422036845684051798e+01
3.014414198777459433e+02 3.020284808836523212e+02 9.358637916756159525e-01 6.401576249599456503e+01
4.019132548536553031e+02 4.020964980316596211e+02 7.614217731702535019e-01 6.402280380725861164e+01
5.000029594016183410e+02 5.000000000000000000e+02 7.044784949477333677e-03 6.393618299961089946e+01
6.000165170467919324e+02 6.000194318197550274e+02 6.938547500843657984e-03 6.390894459486007406e+01
7.500000000000000000e+02 7.500000000000000000e+02 5.000000000000000000e+01 6.412016569375991537e+01
8.262642814448033732e+02 8.000000000000000000e+02 5.198653422171211957e+01 6.409089480638503744e+01
1.007973281175563329e+03 9.787674282103640735e+02 1.122015053334695835e+02 6.410711694955826090e+01
1.005212759286333267e+03 1.000000000000000000e+03 1.381178372868635229e+01 6.484294400215148357e+01
1.110000000000000000e+03 1.100000000000000000e+03 2.999999999999999645e+01 6.479744764566422077e+01
1.200882751315448104e+03 1.200258041854941439e+03 1.472588701700608516e+00 6.488767424821853069e+01
1.361758970777110108e+03 1.400000000000000000e+03 5.463174181034877108e+01 6.484177016019820883e+01
1.410000000000000000e+03 1.400000000000000000e+03 2.999999999999997513e+01 6.426575725078582479e+01
