-1.400000000000000000e+03 -1.400000000000000000e+03 1.016845989170082993e-13 1.707011340022087040e+02
1.498479912311058724e+05 1.167354234295582282e+05 1.044465831565938570e+05 1.922000768423080501e+02
6.711055661004504189e+06 1.607742204788100440e+06 1.263115307522676699e+07 1.906139855027198848e+02
1.073915398851419195e+04 8.876271046104540801e+03 4.968329728948205229e+03 1.909442330598831177e+02
-9.999999992301318343e+02 -9.999999993617972223e+02 5.235808058323630670e-07 1.901596351504325924e+02
-8.901875680039689769e+02 -8.901875683605879885e+02 2.146374928755464031e-06 1.913936421513557491e+02
-7.622682419083093919e+02 -7.604377181113895858e+02 1.616604133668888466e+01 1.911492702007293758e+02
-6.795956220132641192e+02 -6.796045968584760431e+02 9.653953030577737404e-02 1.801241279006004277e+02
-5.934377609590294469e+02 -5.931278158427383005e+02 1.768551064063865308e+00 2.037790853500366097e+02
-4.995794848961352841e+02 -4.995796820596277144e+02 1.612850275931809740e-01 1.763216159462928658e+02
-3.888067227166988005e+02 -3.890554579287023671e+02 5.273033087628659743e+00 1.742051443099975643e+02
-2.795731275826643696e+02 -2.815932851744980780e+02 8.919299580392410220e+00 1.757085916399955750e+02
-1.627214229081683357e+02 -1.613817689475781663e+02 1.693101997430137118e+01 1.748595172524452153e+02
1.210504341913745350e+02 1.444063343762206841e+02 1.211206902843580764e+02 1.740203453540802059e+02
1.231995925504470506e+03 1.133328595164807439e+03 3.695206352449282008e+02 1.776149382472038383e+02
2.007627927046132186e+02 2.005902644941627386e+02 4.967841543117960668e-01 1.874707010507583504e+02
3.246756978002009646e+02 3.215913438508172817e+02 1.108405205266679339e+01 1.752584350585937614e+02
4.247446375489648744e+02 4.246962712704783485e+02 4.669555384647811280e+00 1.842719347476959229e+02
5.008842128586543367e+02 5.008672440787189544e+02 3.554147687946082046e-01 1.921143750071525460e+02
6.037481345478524872e+02 6.037091302854611286e+02 2.795197262570106589e-01 1.919870582461357174e+02
1.000000000000000227e+03 1.000000000000000227e+03 2.049518613753201137e-13 1.771079288482665959e+02
1.248046131147038295e+03 1.213739421699350714e+03 2.073383938981125425e+02 1.778164082527160588e+02
2.263047292697767261e+03 2.237801394850021097e+03 3.923099939472240294e+02 1.818344495534896907e+02
1.217290395503066065e+03 1.218188334532451108e+03 3.316283239835197350e+00 2.056694857478141785e+02
1.318785687262755118e+03 1.319861738814790442e+03 3.664218101777596548e+00 2.054948192477226314e+02
1.401818562669481253e+03 1.400025810279086954e+03 3.211736801048267864e+01 2.075501860499381905e+02
1.854475557414504237e+03 1.845349511616758718e+03 2.302381861976043353e+01 2.026542056918144112e+02
1.718683497033996900e+03 1.700000000000000455e+03 8.143947548313251161e+01 1.811236060976982003e+02
