-1.400000000000000000e+03 -1.400000000000000000e+03 0.000000000000000000e+00 4.672882479548454171e+02
1.395162821002596465e+05 1.141614846489568590e+05 8.182195522550810711e+04 4.709418217539787292e+02
1.921041128476702794e+07 6.111866817448531219e+04 5.060881592002858967e+07 4.705094636559486503e+02
5.115399877929217837e+03 3.758304882616031591e+03 3.919730502228074329e+03 4.713377850532531852e+02
-9.999999999999365627e+02 -9.999999999999431566e+02 4.282956785059747967e-11 4.698043134927749520e+02
-8.873863078812206595e+02 -8.901875717355352435e+02 1.443458834330661489e+01 4.702054426431656111e+02
-7.545335810567189583e+02 -7.594172083657974781e+02 2.752143063872171425e+01 4.704928323507309074e+02
-6.795441779448167381e+02 -6.795544882771857829e+02 1.048976061344715910e-01 4.670539848923683053e+02
-5.956284767803556406e+02 -5.958890588921782410e+02 2.132123031996044027e+00 4.824907369971275557e+02
-4.995600062842588045e+02 -4.995861247676625680e+02 2.403059001355878632e-01 4.684501458525657540e+02
-3.966171399615557220e+02 -3.975126023572667577e+02 2.677159540163354556e+00 4.683469568490982056e+02
-2.720299658540396877e+02 -2.706487784360913338e+02 1.532217745002953713e+01 4.683001510024070626e+02
-1.506069659005371761e+02 -1.536671409726372985e+02 1.642254436615359481e+01 4.651194361925125236e+02
1.310905327627816064e+02 1.453621386023110063e+02 1.290563761074888873e+02 4.675936816930770874e+02
1.158735957012229164e+03 1.160892141725739748e+03 3.461387930376774307e+02 4.679022503972053642e+02
2.006382310879767203e+02 2.005185544509575379e+02 3.463306185786365066e-01 4.712846063017844926e+02
3.125725717527245706e+02 3.132150081187147634e+02 3.044060062485360874e+00 4.681553719401359785e+02
4.286897063881759777e+02 4.275151259431776793e+02 1.113038646231768602e+01 4.705958331584930647e+02
5.006836556434747081e+02 5.006694871525189683e+02 2.178545801267240123e-01 4.704581259489059448e+02
6.038414105987933453e+02 6.038089470976576649e+02 3.971411698771111776e-01 4.704705869913101424e+02
1.000000000000000000e+03 1.000000000000000000e+03 6.226884551155831951e-14 4.698452921986580009e+02
1.061387832365489430e+03 1.056593244779379347e+03 1.277729488248913157e+02 4.687350600481033212e+02
2.148913242583022111e+03 2.092778018579849231e+03 2.531883792292882163e+02 4.694330852508545036e+02
1.218001736167551144e+03 1.218784838099675881e+03 3.935815510483270607e+00 4.832664178013801575e+02
1.318478494982293341e+03 1.319447525561937709e+03 4.351327724095060745e+00 4.830979399442672957e+02
1.421237967262006578e+03 1.400029927918638805e+03 6.609663837259947172e+01 4.839301411986351127e+02
1.836495986358379469e+03 1.857875740246810892e+03 7.677355365095101547e+01 4.831150450944900285e+02
1.690000000000000000e+03 1.700000000000000000e+03 4.358898943540668824e+01 4.712446063518524397e+02
