-1.400000000000000000e+03 -1.400000000000000000e+03 0.000000000000000000e+00 5.366176000833511495e+01
6.863113748726585072e+03 9.400645094084477023e+03 5.217379203501044685e+03 5.363465139865875386e+01
-1.200000000000000000e+03 -1.200000000000000000e+03 0.000000000000000000e+00 5.368338325023650981e+01
-1.100000000000000000e+03 -1.100000000000000000e+03 0.000000000000000000e+00 5.367580630779266215e+01
-9.999999999999881766e+02 -9.999999999999920419e+02 1.152391496719412755e-11 5.369504060745239116e+01
-8.999999999990229753e+02 -8.999999999999981810e+02 2.103795928519566712e-09 5.349687944650649740e+01
-7.999999971222284785e+02 -7.999999999999994316e+02 8.633298117902636260e-06 5.360633469820022867e+01
-6.879993824198675156e+02 -6.799996701952420608e+02 9.798463250853846063e+00 5.357211329936981059e+01
-5.997091066512746238e+02 -5.999999999999943157e+02 3.582852700843743299e-01 5.443245625495910645e+01
-4.999319372126652752e+02 -4.999605413118046044e+02 7.110850335421305124e-02 5.362049233913421631e+01
-4.000000000000000000e+02 -4.000000000000000000e+02 0.000000000000000000e+00 5.380743165016174601e+01
-2.990547891476523432e+02 -2.990050409429067031e+02 1.111284175074645830e+00 5.380232944488525249e+01
-1.991679233613178326e+02 -2.000000000000000000e+02 1.181156592391667148e+00 5.380196495056152628e+01
-9.976587005801394525e+01 -9.968782674401859367e+01 2.392762697764744539e-01 5.367209244966507242e+01
1.436633810296367528e+02 1.169133068121728911e+02 5.035448896813010577e+01 5.358626170158386515e+01
2.000154411825625971e+02 2.000000000000774776e+02 3.751344445510053360e-02 5.385793299674988077e+01
3.016242865225825653e+02 3.020196854182017319e+02 8.110357194123511970e-01 5.375004149675369547e+01
4.018370566918636655e+02 4.020964980316596211e+02 7.897037335097982780e-01 5.373041224479675293e+01
5.000243604459063818e+02 5.000197293441220268e+02 2.606917881671067666e-02 5.367209980487823628e+01
6.000165170467920461e+02 6.000194318197550274e+02 6.938547500843657984e-03 5.376376050710678101e+01
7.550000000000014779e+02 8.000000000000000000e+02 4.974937185533001838e+01 5.372604674100875854e+01
8.455953224325372730e+02 8.000000000000022737e+02 5.855044618315576344e+01 5.372052919864654541e+01
1.039093787457087956e+03 1.003599921720624707e+03 1.330471075090108002e+02 5.374127360582351542e+01
1.005031357553072894e+03 1.000000000000000114e+03 1.241537905129231412e+01 5.458282775878906534e+01
1.130000000000002274e+03 1.100000000000000455e+03 4.582575694955696122e+01 5.457456680536269999e+01
1.200216634133611024e+03 1.200080948985142413e+03 2.928011517085906124e-01 5.472336150407791422e+01
1.365542872126125758e+03 1.400000000000000000e+03 4.953468703759277503e+01 5.462629375457763814e+01
1.430000000000003183e+03 1.400000000000003183e+03 4.582575694955636436e+01 5.382924450635910318e+01
