-1.399999999999999773e+03 -1.399999999999999773e+03 7.190186943645083856e-14 9.407846108913421403e+02
4.469740226113392273e+05 4.379184543774236809e+05 1.358821569306249148e+05 1.114134374606609299e+03
5.176751707965852320e+07 1.612742010011693090e+07 1.243138600146013796e+08 1.085869895946979568e+03
1.135854492452939303e+05 1.159387780398926116e+05 5.729894893727527233e+04 1.014472357749938965e+03
-9.999996195890664694e+02 -9.999996163634762070e+02 3.419505808305673626e-05 1.114302422893047378e+03
-8.843006895641453866e+02 -8.887023218036157459e+02 7.025675908722596397e+00 1.107771263897418976e+03
-7.518132560824103621e+02 -7.569284419251075633e+02 2.004710116068953241e+01 1.094485662794113068e+03
-6.790772339717628938e+02 -6.790690561639452199e+02 4.614672536846005368e-02 1.056251095056533813e+03
-5.589450414238092435e+02 -5.584414744889907070e+02 2.412491923562712248e+00 1.173162628006935165e+03
-4.998405112002507167e+02 -4.998496499373223401e+02 8.542687765717101034e-02 9.605053338527679898e+02
-3.606991651427186412e+02 -3.611966497159000937e+02 7.748537185872040212e+00 9.489952932000160217e+02
-2.025189216783021777e+02 -2.493982898814986413e+02 7.751304134771785925e+01 9.870337620019912492e+02
-6.907992455030392875e+01 -7.949247731211534074e+01 4.312592643367607792e+01 1.010087069308757805e+03
1.877843795029501734e+03 2.027882092562434082e+03 4.098115622184597555e+02 9.678623441576958157e+02
7.856164294292137129e+03 7.880628744134170120e+03 2.551363041046906233e+02 9.956953328490257036e+02
2.028065462345205106e+02 2.029004373891484363e+02 4.320390159006501918e-01 1.047930339241027923e+03
3.727751335005166879e+02 3.711061565994064040e+02 7.750334402673931145e+00 9.835122923016548384e+02
5.973189348505861744e+02 6.204119342761077860e+02 6.070801542329577671e+01 9.762787634491920699e+02
5.030550925554906030e+02 5.030008357643692989e+02 7.844538731393577713e-01 1.114238544499874024e+03
6.148121703513683087e+02 6.150000000000000000e+02 5.672979919045786357e-01 9.418491450428962253e+02
9.993153766509531124e+02 1.000000000000000682e+03 5.957206876931808637e+01 9.663749509453773499e+02
2.893607005853919418e+03 2.836812565264651766e+03 4.470844926077811579e+02 9.879228554010391008e+02
8.788152482111408972e+03 9.075796043054466281e+03 9.286673575712193269e+02 1.019285234498977616e+03
1.264389130108615745e+03 1.262235018840052817e+03 1.592909129256258716e+01 1.261510764598846436e+03
1.375195332206747253e+03 1.370709077769052783e+03 1.875617417049596369e+01 1.254153965544700668e+03
1.547939238178402775e+03 1.577093378774982284e+03 7.605405846714238294e+01 1.238904489910602479e+03
2.458897849408715047e+03 2.498820801107322950e+03 1.881821663630681485e+02 1.247814755499362946e+03
1.700000000000001364e+03 1.700000000000001364e+03 3.630866427254502785e-13 9.862317595005035855e+02
