-1.400000000000000000e+03 -1.400000000000000000e+03 0.000000000000000000e+00 2.384854400157928467e+01
2.403130852856113506e+03 1.391865722472298557e+03 3.423917904360511329e+03 2.397669190168380737e+01
-1.200000000000000000e+03 -1.200000000000000000e+03 0.000000000000000000e+00 2.377406914234161306e+01
-1.100000000000000000e+03 -1.100000000000000000e+03 0.000000000000000000e+00 2.380921494960784912e+01
-9.999999999999852207e+02 -9.999999999999977263e+02 2.413848938349718509e-11 2.381019284725189067e+01
-9.000000000000000000e+02 -9.000000000000000000e+02 0.000000000000000000e+00 2.381585320234298564e+01
-7.999999999947240212e+02 -7.999999999999911324e+02 2.178125946178921212e-08 2.394224929809570312e+01
-6.949996679874917618e+02 -6.999999999999365627e+02 8.660829115504151687e+00 2.382747094631195139e+01
-5.999250089354310376e+02 -5.999999999999968168e+02 2.249731930840937477e-01 2.447587789297103811e+01
-4.999913706292915094e+02 -4.999926039596658711e+02 5.649679579561422624e-03 2.390729990005493022e+01
-3.999005040942906817e+02 -4.000000000000000000e+02 2.984877171279891050e-01 2.393056420087814473e+01
-2.998010081885813634e+02 -3.000000000000000000e+02 3.979836228373188067e-01 2.394934749603271484e+01
-2.000000000000000000e+02 -2.000000000000000000e+02 0.000000000000000000e+00 2.396255644559860087e+01
-9.975026139521487778e+01 -9.968782674401859367e+01 1.873039535888437745e-01 2.388612239360809397e+01
1.131210727534682263e+02 1.004682598839721095e+02 2.249306192057182940e+01 2.390071599483490061e+01
2.000004619158054879e+02 2.000000000000699174e+02 9.238305250180192359e-04 2.407282664775848247e+01
3.019392761445686233e+02 3.020225124902920015e+02 4.435226958322753266e-01 2.388864300251007222e+01
4.020752001972115295e+02 4.020203134035687640e+02 1.708998037680925508e-01 2.393894275426864482e+01
5.000054339339466196e+02 5.000000000000000000e+02 7.942544794577776138e-03 2.375567979812621999e+01
6.000145738648164979e+02 6.000194318197550274e+02 8.414224774807013349e-03 2.380958520174026560e+01
7.400000000080558493e+02 7.000000000344923592e+02 4.898979484993097344e+01 2.400455310344695903e+01
8.050000000000989075e+02 8.000000000000134150e+02 2.179449471768074886e+01 2.401100209951400899e+01
9.615253340325149338e+02 9.000000000002107754e+02 7.836992243738362163e+01 2.398554509878158569e+01
1.000000000000078444e+03 1.000000000000001592e+03 1.834137485632967963e-10 2.461479780673980855e+01
1.115000000039245833e+03 1.100000000000016826e+03 3.570714212622853267e+01 2.460019880533218384e+01
1.200154825112964772e+03 1.200080948985142413e+03 1.865413478466772246e-01 2.468267765045165874e+01
1.352126452382268553e+03 1.356787514678857860e+03 4.908775055720892055e+01 2.466200779676437449e+01
1.405000000001206899e+03 1.400000000000103682e+03 2.179449471742696076e+01 2.408302675485611033e+01
