-1.400000000000000000e+03 -1.400000000000000000e+03 0.000000000000000000e+00 7.135365738868713947e+01
1.832600869330034811e+03 -4.833524832889418121e+01 3.586255641993494464e+03 7.140282424688339802e+01
-1.200000000000000000e+03 -1.200000000000000000e+03 0.000000000000000000e+00 7.133359194993973063e+01
-1.100000000000000000e+03 -1.100000000000000000e+03 0.000000000000000000e+00 7.138317714929580404e+01
-9.999999999999897682e+02 -9.999999999999963620e+02 1.753447643378985846e-11 7.136430139541626261e+01
-9.000000000000000000e+02 -9.000000000000000000e+02 3.595093471822541928e-14 7.135423510074615194e+01
-7.999999999999979536e+02 -7.999999999999997726e+02 3.445574044291693785e-12 7.133665750026702312e+01
-6.889996870844522618e+02 -6.799999536529735451e+02 9.950157422953049391e+00 7.130154800415039062e+01
-5.998500178712363322e+02 -6.000000000000000000e+02 2.999642575209520712e-01 7.219397330284118652e+01
-4.999578297590321085e+02 -4.999901353279390150e+02 5.687629879857882681e-02 7.135236525535583496e+01
-4.000000000000000000e+02 -4.000000000000000000e+02 0.000000000000000000e+00 7.151281445026397421e+01
-2.992537807071800557e+02 -2.990050409429067031e+02 6.193570182460541584e-01 7.152074605226516724e+01
-1.997230835782143004e+02 -2.000000000000000000e+02 8.665257012344762533e-01 7.152378125190735147e+01
-9.807453937679665046e+01 -9.968782674401859367e+01 4.947751163360453397e+00 7.138416060209274860e+01
1.129262056014849804e+02 1.003121732559814063e+02 3.023186471144173737e+01 7.132486670017242147e+01
2.000226917606381392e+02 2.000000000000212026e+02 9.891109112633224287e-02 7.161170549392700480e+01
3.017264012579188375e+02 3.020197639804966911e+02 7.226038787867042901e-01 7.147570569515228556e+01
4.015354482401858718e+02 4.020209128859915495e+02 8.412254958568397001e-01 7.145589464902877808e+01
5.000118376064683616e+02 5.000000000000000000e+02 1.547213355096537651e-02 7.143384275436400799e+01
6.000165170467919324e+02 6.000194318197550274e+02 6.938547500843658851e-03 7.143451675176621052e+01
7.350000000000388809e+02 7.000000000000177351e+02 4.769696007082175271e+01 7.146221325397490887e+01
8.131321407224187396e+02 8.000000000000006821e+02 3.199614023825872167e+01 7.149423580169677450e+01
9.839983555810737244e+02 9.000000000000359250e+02 1.093950303860645192e+02 7.146899265050888062e+01
1.004652715090389052e+03 1.000000000000000909e+03 1.162382440353389512e+01 7.233857909440993694e+01
1.105000000000005230e+03 1.100000000000001137e+03 2.179449471770222502e+01 7.234656945466994671e+01
1.200348432056604906e+03 1.200080948985142413e+03 9.249469026724135290e-01 7.243678148984909626e+01
1.365636340665777652e+03 1.400000000000000000e+03 5.264921485242732047e+01 7.239362385272980305e+01
1.420000000000044338e+03 1.400000000000008640e+03 3.999999999997884004e+01 7.156262950897216513e+01
