-1.400000000000000000e+03 -1.400000000000000000e+03 5.084229945850414966e-14 6.320827544927597330e+01
4.502531591557080901e+03 3.874387911837536194e+03 5.324156646150410779e+03 6.342189860343933105e+01
-1.200000000000000000e+03 -1.200000000000000000e+03 0.000000000000000000e+00 6.327277969121932699e+01
-1.100000000000000000e+03 -1.100000000000000000e+03 0.000000000000000000e+00 6.328549324274062826e+01
-9.999999999997407940e+02 -9.999999999999346301e+02 4.964430801969633501e-10 6.327147719860077046e+01
-8.999369610793130505e+02 -8.999751405871570569e+02 1.553527331467693950e-01 6.329687485694885396e+01
-7.860589898429516325e+02 -7.941051236205812529e+02 1.994200892764237665e+01 6.330286554098129415e+01
-6.858043323930394308e+02 -6.799970491039020999e+02 8.812576467585579110e+00 6.322323324680328227e+01
-5.993946774846358494e+02 -5.994363270720548371e+02 3.726009440461457989e-01 6.405115854740142822e+01
-4.808055395698864345e+02 -4.892376195854399725e+02 1.961490334989463946e+01 6.337684220075607300e+01
-3.985573103747785240e+02 -3.990050409429067031e+02 1.765174390665473547e+00 6.339485939741134501e+01
-2.931845570062966999e+02 -2.950252097523526231e+02 5.905304278289387199e+00 6.342064194679259970e+01
-1.948992077642547258e+02 -1.964515896784726294e+02 4.089015453337263573e+00 6.338553109169006206e+01
-6.806480222989497975e+01 -9.937565348803713050e+01 4.990640451574763858e+01 6.327494159936905049e+01
2.969018544534885677e+02 2.683662638254985495e+02 1.711463296434517360e+02 6.328614500761032247e+01
2.017879651080432382e+02 2.014809631523109203e+02 1.493348047424694069e+00 6.347086780071258261e+01
3.025612745325936999e+02 3.022666699243454218e+02 1.943045627017073063e+00 6.331702769994736002e+01
4.051856930472784484e+02 4.041258589419504688e+02 2.910859980747866782e+00 6.337889505624771402e+01
5.001538818358914114e+02 5.000852017251911548e+02 1.594864450161384839e-01 6.332244474887848185e+01
6.004390076402756904e+02 6.004059124410657660e+02 3.096370658953843669e-01 6.326424989700317525e+01
8.000000000000000000e+02 8.000000000000000000e+02 5.477225575051661366e+01 6.336518089771270468e+01
9.556150799008512422e+02 9.176963182320296255e+02 1.171604473646683857e+02 6.335465040206909038e+01
1.162478072896929461e+03 1.182490187298221144e+03 1.138992088339995945e+02 6.332836279869079732e+01
1.067348850073328322e+03 1.081482278426470202e+03 3.765159278772796370e+01 6.419158905744552612e+01
1.188123202405475695e+03 1.204147874941249938e+03 3.795560343756468313e+01 6.418374940156937214e+01
1.240685327922014039e+03 1.227957805025112066e+03 5.240981264335593437e+01 6.430035799741744995e+01
1.472201186804384406e+03 1.443100740350578462e+03 9.320302493304848213e+01 6.420549089908600138e+01
1.450000000000000000e+03 1.450000000000000000e+03 5.000000000000000000e+01 6.631237865686416910e+01
