-1.400000000000000000e+03 -1.400000000000000000e+03 0.000000000000000000e+00 5.105521144866943217e+01
4.083482585640904290e+03 1.418052034171612149e+03 5.251851160915916807e+03 5.124631299972534038e+01
-1.200000000000000000e+03 -1.200000000000000000e+03 0.000000000000000000e+00 5.109781399965286397e+01
-1.100000000000000000e+03 -1.100000000000000000e+03 0.000000000000000000e+00 5.111110684871673726e+01
-9.999999999999417923e+02 -9.999999999999847660e+02 7.710231360273482886e-11 5.110875830650329732e+01
-8.999468759776258366e+02 -8.999884750685992003e+02 1.205450382583197200e-01 5.115995534658431865e+01
-7.916477050805125373e+02 -7.989342647755478311e+02 1.274580762134083400e+01 5.116438095569610311e+01
-6.837335832906985615e+02 -6.799962789853905178e+02 6.875607234100772125e+00 5.112923660278320170e+01
-5.992429437068942661e+02 -5.990139334166913159e+02 3.911826518886032944e-01 5.165208270549774028e+01
-4.916215101690801816e+02 -4.942317952817883793e+02 8.189439453575101169e+00 5.120588519573211528e+01
-3.989552932419430817e+02 -3.990050409429067031e+02 9.684885190596493887e-01 5.120873935222626017e+01
-2.961196662333166501e+02 -2.970151253476294642e+02 3.890518319541758974e+00 5.122447685003280782e+01
-1.951506577422856594e+02 -1.964515896784726294e+02 3.640063211742087912e+00 5.120499655008315898e+01
-5.170907323659660904e+01 -8.293060655983634888e+01 5.640098357226282388e+01 5.106185315847396566e+01
2.019179517468981544e+02 2.173850362087173380e+02 8.690913634549258404e+01 5.115570960044860982e+01
2.018692923191013335e+02 2.016087464675294711e+02 1.430211121443375033e+00 5.125724290609359457e+01
3.022200172051678919e+02 3.021123584540155207e+02 1.114728320456871868e+00 5.113777149915695475e+01
4.043355038248915321e+02 4.034161763651549109e+02 2.055726324273602579e+00 5.123778915405273438e+01
5.000809226271670695e+02 5.000493233602564374e+02 7.450640084123331952e-02 5.112708164453506754e+01
6.002287887187478646e+02 6.000744481502149483e+02 2.568609193524831191e-01 5.110418235063552572e+01
7.850000000000000000e+02 8.000000000000000000e+02 3.570714214271425391e+01 5.118168364763259603e+01
9.247864809104482902e+02 8.906560743320666234e+02 1.113044617674407846e+02 5.116466089487075664e+01
1.154493125636531886e+03 1.182490187298221144e+03 9.126184370178171434e+01 5.115830090045928813e+01
1.053104560781213422e+03 1.056760515688361465e+03 3.338495475420840108e+01 5.173632140159607218e+01
1.178238042964956094e+03 1.202061082558944463e+03 4.569367436276843364e+01 5.173898899555206299e+01
1.229597695879567709e+03 1.220505185779444673e+03 3.600482341113620777e+01 5.181926774978637695e+01
1.439767649808112083e+03 1.441482073454074452e+03 7.726531863296432334e+01 5.178795830011367940e+01
1.460000000000000000e+03 1.450000000000000000e+03 7.348469228349533466e+01 5.128270494937896729e+01
