-1.399999999999999773e+03 -1.399999999999999773e+03 0.000000000000000000e+00 1.259057278549671082e+03
8.639118930312605808e+05 8.372282071864096215e+05 2.616302051993938803e+05 1.395663134551048188e+03
1.852069554128807038e+07 1.777821729975630064e+06 3.791716594979160279e+07 1.394254154801368713e+03
5.596086714596597631e+03 5.373577557050245559e+03 1.254151411152390892e+03 1.399029147601127534e+03
-9.999996237879880709e+02 -9.999996251440582000e+02 3.302681077649346743e-05 1.384048299849033356e+03
-8.562686425863846580e+02 -8.565526684650293419e+02 1.238040102374187823e+00 1.352649427103996231e+03
-7.815537806649537060e+02 -7.804200621685217811e+02 6.339869894673059392e+00 1.288841026496887253e+03
-6.788865902154938112e+02 -6.788651901103708042e+02 5.704368873808958462e-02 1.353554997360706238e+03
-5.590424570111498497e+02 -5.652816065834708752e+02 1.365844098539641038e+01 1.737541026151180176e+03
-4.999666161300385170e+02 -4.999716452271961771e+02 2.029082487616960112e-02 1.292642331600189209e+03
-3.373936128953297384e+02 -3.382895282444743543e+02 1.550227835689716649e+01 1.328174173796177001e+03
-2.361515677382083993e+02 -2.348302498163851340e+02 1.285142935896965177e+01 1.294905114352703094e+03
-3.518519418310149405e+01 -4.587345824170992614e+01 4.269121378898262265e+01 1.371264786100387482e+03
2.264292596008511282e+03 2.294033186773449415e+03 4.369143656184470501e+02 1.273806271588802247e+03
8.265074526619539029e+03 7.685294965936178414e+03 1.947778305990360877e+03 1.339138285648822830e+03
2.031633693321896033e+02 2.032240709149986628e+02 4.031445209446574141e-01 1.459076527500152679e+03
4.141862532835747288e+02 4.107293807019716496e+02 1.586300989268345241e+01 1.238628559303283737e+03
5.472055977824053343e+02 5.102370817806096852e+02 9.838588616840311829e+01 1.384484072697162674e+03
5.050302612589674709e+02 5.051678612225454685e+02 9.433616912695133028e-01 1.387765422749519303e+03
6.201409738283844035e+02 6.201164533194050819e+02 7.505844507538965704e-01 1.396596555995941117e+03
1.208276706362973073e+03 9.000000000000004547e+02 4.257056536875822985e+02 1.355377140903472991e+03
3.650427881162168887e+03 3.637040951906463306e+03 5.392569817558539853e+02 1.357306644248962357e+03
8.580050669451347858e+03 8.433747547708864658e+03 1.786822951025098291e+03 1.340484613859653564e+03
1.267306849557669693e+03 1.266268312531167339e+03 8.052371907261894890e+00 1.775315330553054764e+03
1.391426973164555875e+03 1.390381029496768633e+03 8.378590336083483692e+00 1.772859688699245453e+03
1.566990134250306710e+03 1.564761819280388636e+03 1.994436129017676862e+01 1.793748722791671753e+03
2.249224005852264327e+03 2.256064592201475534e+03 1.289883857067609370e+02 1.789448122704029174e+03
3.135642032283750268e+03 1.800000000000000909e+03 1.476656145657678735e+03 1.435687104344367981e+03
