-1.399999999999999773e+03 -1.399999999999999773e+03 0.000000000000000000e+00 1.780500759994983582e+03
1.244265967930768151e+06 1.231016914128279081e+06 2.760536890317877987e+05 1.828986123943328948e+03
4.391332929768571854e+08 3.099460805973460674e+08 4.279083373053887486e+08 1.836124760651588531e+03
2.272734384355795555e+03 2.016841600554158731e+03 1.071124838722980485e+03 1.846009037148952530e+03
-9.999999999433633775e+02 -9.999999999473523076e+02 2.392051836730493018e-08 1.812035733151435807e+03
-8.562654177582877537e+02 -8.565526684649180424e+02 1.242020173669117655e+00 1.823742697942256882e+03
-6.992461200770442247e+02 -6.990588064421247054e+02 2.732553692970989445e+01 1.831714796102046876e+03
-6.788692915095653007e+02 -6.788632445427401763e+02 4.034959711046983560e-02 1.705763773655891328e+03
-5.606450671406867059e+02 -5.614896196993120157e+02 5.274034824906934205e+00 2.193874104595184235e+03
-4.999310020565486639e+02 -4.999383950225719673e+02 3.299566204607106562e-02 1.818608141493797348e+03
-3.317810616753403110e+02 -3.308042671428936501e+02 1.569031459654266669e+01 1.785095824801921935e+03
-9.614603323941882707e+01 -8.234374184939093766e+01 5.292293623305378247e+01 1.773156979501247406e+03
1.289801263321390650e+02 1.181679923302762916e+02 6.277853267105592039e+01 1.708173978650570007e+03
1.757413094125774933e+03 1.644702258745253857e+03 5.231397803362785908e+02 1.760116540896892502e+03
7.365313829595205789e+03 7.320068045282189814e+03 7.760417751465831770e+02 1.756967894148826645e+03
2.003628102966806068e+02 2.003218363282653627e+02 1.691217703380119841e-01 1.902310006248950913e+03
4.149876528684529831e+02 4.131363844220148280e+02 1.240257104812612177e+01 1.758207545208930924e+03
5.803276005180327957e+02 5.725606129544758005e+02 3.792163032185274574e+01 1.829837771153449921e+03
5.056882623386323985e+02 5.057789434760322820e+02 1.081269257664894345e+00 1.820968994092941330e+03
6.221035414368790271e+02 6.221749093649527822e+02 1.326870866452005693e+00 1.835038329052925064e+03
1.463274636251974925e+03 1.495956523400504921e+03 3.554892141497106195e+02 1.799714867258071990e+03
3.000910289649122660e+03 2.976094545521921646e+03 4.653997165410368098e+02 1.804138767051696732e+03
9.170194291911846449e+03 8.800704883774387781e+03 1.128604482575949987e+03 1.807698981046676636e+03
1.322164077126082248e+03 1.324483590117911717e+03 1.339628802713972178e+01 2.223345020902156648e+03
1.450892040809935907e+03 1.450812785748926672e+03 1.106643377932587136e+01 2.221944180548191071e+03
1.593187472437893575e+03 1.604326943088500684e+03 4.678402413798757209e+01 2.238085259449481782e+03
2.712794893339204464e+03 2.712047053100512130e+03 1.073195219575015216e+02 2.235028161251545043e+03
3.029965361171475251e+03 1.800000000000000909e+03 1.506611252301711374e+03 1.915315614449977829e+03
