-1.399999540229253853e+03 -1.399999744241968529e+03 4.728249487177802780e-04 3.389357495307922363e+01
2.407897146941877509e+03 1.927934342891108145e+03 3.444374882351185988e+03 3.412571034431457662e+01
-1.106527030366949020e+03 -1.197582145153628971e+03 3.474852230250804723e+02 3.397231990098953247e+01
-1.062920243143536482e+03 -1.092629124409371343e+03 5.855205378852576814e+01 3.405780725479125692e+01
-9.999883831544015038e+02 -9.999891920834401162e+02 6.594118762173500035e-03 3.400093294382095621e+01
-8.999965616445011847e+02 -8.999987466336776833e+02 4.138440662365057074e-03 3.388750904798507690e+01
-7.993270677597221265e+02 -7.994568211845448786e+02 5.611526765144680962e-01 3.415661674737930298e+01
-6.936827611462658751e+02 -6.972602301857109524e+02 8.071009684451635025e+00 3.413997479677200175e+01
-5.995821168678451158e+02 -5.996176058545194110e+02 3.550832189463631883e-01 3.513049310445785522e+01
-4.997608928993925588e+02 -4.997722114273663010e+02 1.645768863176407526e-01 3.407337665557861328e+01
-3.999987254521594764e+02 -3.999995196033601701e+02 2.026628505143989942e-03 3.414874014854431294e+01
-2.993812255251077090e+02 -2.990043025479242829e+02 4.938658698456840912e-01 3.418000584840774536e+01
-1.995215108675596980e+02 -1.999818605335631787e+02 9.072636467759932488e-01 3.419430680274963663e+01
-9.996414479851802071e+01 -9.998318960986750881e+01 6.328092469313691126e-02 3.408372424840926840e+01
1.262849919955594942e+02 1.017737087388027248e+02 4.095995155827237966e+01 3.408315685987472676e+01
2.004156863653139737e+02 2.003024751878322718e+02 2.703891088116586738e-01 3.444243830442428589e+01
3.014269763535542097e+02 3.020233455930227819e+02 9.229190103792206390e-01 3.407656534910201884e+01
4.015537191679677562e+02 4.020617930336771906e+02 7.765907625158366967e-01 3.409945125579834269e+01
5.000140689026973746e+02 5.000103739086521273e+02 1.575072846867989901e-02 3.392968825101852559e+01
6.000185262630782290e+02 6.000194331160589627e+02 4.065040609044838667e-03 3.405494985580444478e+01
7.205044656441045845e+02 7.007263206827046815e+02 3.981775852059563903e+01 3.428570544719696045e+01
8.050935023936988273e+02 8.000626754853465172e+02 2.180463924934844400e+01 3.427720389366150044e+01
9.644557238303957547e+02 9.164530904955154256e+02 8.469187190116953445e+01 3.429355961084365845e+01
1.001719485440849667e+03 1.001753810714243855e+03 1.608578895453568025e+00 3.529025059938430786e+01
1.103538541391804301e+03 1.100180416898977455e+03 6.606427696004326222e+00 3.531589919328689575e+01
1.200595750807974582e+03 1.200409336405174372e+03 9.057360448268526598e-01 3.538844619989394857e+01
1.337618391789261977e+03 1.318680846764878424e+03 3.816992855997784062e+01 3.535887055397033407e+01
1.405218475611659414e+03 1.400198903666732122e+03 2.175087364586695671e+01 3.452231919765472412e+01
