-1.400000000000000000e+03 -1.400000000000000000e+03 0.000000000000000000e+00 2.868588445186615132e+01
3.313911710048766054e+03 3.308586326653277411e+03 3.634557333549744726e+03 2.874738814830779887e+01
-1.200000000000000000e+03 -1.200000000000000000e+03 0.000000000000000000e+00 2.869024809598922587e+01
-1.100000000000000000e+03 -1.100000000000000000e+03 0.000000000000000000e+00 2.874400944709777761e+01
-9.999999999999881766e+02 -9.999999999999939746e+02 1.479368950839437937e-11 2.869585549831390381e+01
-9.000000000000000000e+02 -9.000000000000000000e+02 1.952635561487757931e-13 2.863186684846878194e+01
-7.999999885256562493e+02 -7.999999999999981810e+02 5.001547771231537197e-05 2.865812774896621562e+01
-6.919995937258649974e+02 -6.999999999999529336e+02 9.798456572549337551e+00 2.867077740430831767e+01
-5.996605981696594654e+02 -5.999999999999938609e+02 4.296134650185700621e-01 2.948670430183410573e+01
-4.999485837231810592e+02 -4.999605413118046044e+02 3.548236615266974620e-02 2.871447889804840159e+01
-4.000000000000000000e+02 -4.000000000000000000e+02 0.000000000000000000e+00 2.883861130475997925e+01
-2.996020163771627267e+02 -3.000000000000000000e+02 4.874284009678506724e-01 2.884064345359802317e+01
-1.997532330184594116e+02 -2.000000000000000000e+02 7.516624279351155069e-01 2.884388644695281911e+01
-9.903726968839832523e+01 -1.000000000000000000e+02 3.627960561121980732e+00 2.871645749807357717e+01
1.255978363942769818e+02 1.006243465119628127e+02 4.565249888877291795e+01 2.863748059272766255e+01
2.002211907999423488e+02 2.000000000001932960e+02 5.640859427756593769e-01 2.894089915752410747e+01
3.013246263468178654e+02 3.020196068559067726e+02 9.648344242773079227e-01 2.876660645008087158e+01
4.017963858260602592e+02 4.021048120609088983e+02 8.559100134507797719e-01 2.876207474470138692e+01
5.000098674601580342e+02 5.000000000000000000e+02 1.764646601191457997e-02 2.877066435813903666e+01
6.000212110452905563e+02 6.000194318197550274e+02 1.292493591117913933e-02 2.879432244300842214e+01
7.750000000000515001e+02 8.000000000000003411e+02 4.330127018915210613e+01 2.880522135496139668e+01
8.190656074332100616e+02 8.000000000000014779e+02 3.830255721517349343e+01 2.877602519989013530e+01
9.964401322388723656e+02 9.474497725993883250e+02 1.141942774063474104e+02 2.879081749916076660e+01
1.001097235384768510e+03 1.000000000000000796e+03 4.119454532020849769e+00 2.960383039712905884e+01
1.120000000000000909e+03 1.100000000000001364e+03 3.999999999999941025e+01 2.963574634790420603e+01
1.205425633509006502e+03 1.200258041854941439e+03 2.171633929527845552e+01 2.978041568994522237e+01
1.359826175529943157e+03 1.358241260216384262e+03 5.758642346150301705e+01 2.969326264858245779e+01
1.410000000000041155e+03 1.400000000000017735e+03 2.999999999998657074e+01 2.889895845651626516e+01
