-1.400000000000000000e+03 -1.400000000000000000e+03 0.000000000000000000e+00 5.763732780218124674e+01
4.206647301548100586e+03 4.465656626229387257e+03 3.897118547741742532e+03 5.772253459692001343e+01
-1.200000000000000000e+03 -1.200000000000000000e+03 0.000000000000000000e+00 5.762566854953765727e+01
-1.100000000000000000e+03 -1.100000000000000000e+03 0.000000000000000000e+00 5.762563869953155660e+01
-9.999999999999827196e+02 -9.999999999999930651e+02 2.571684473055422015e-11 5.771086339950561239e+01
-8.999999999999985221e+02 -8.999999999999996589e+02 2.849891162747279294e-12 5.768229705095291138e+01
-7.999999002820812848e+02 -8.000000000000000000e+02 2.944238993393480928e-04 5.769856574535369731e+01
-6.919996559191224605e+02 -7.000000000000000000e+02 9.798380391959927493e+00 5.764989520311355875e+01
-5.995599382916875584e+02 -5.994907404591855311e+02 4.201270468384687984e-01 5.848726079463958882e+01
-4.999081380760513866e+02 -4.999716452271962908e+02 1.351394859692611194e-01 5.769412925243377543e+01
-4.000000000000000000e+02 -4.000000000000000000e+02 0.000000000000000000e+00 5.778871400356293009e+01
-2.988557975881246307e+02 -2.990050409429067031e+02 1.416723910282272181e+00 5.781472424268722676e+01
-1.988617154325409331e+02 -1.990050409429067031e+02 1.172149354801655718e+00 5.777572920322418071e+01
-9.358285097149459375e+01 -9.968782674401859367e+01 1.357853549410463145e+01 5.764254819154739096e+01
1.385604666294982792e+02 1.170693934401635943e+02 4.761321171900321048e+01 5.765077155828475952e+01
2.001915787440972849e+02 2.000000000000003979e+02 5.184899108746352514e-01 5.792371259927749350e+01
3.016299857650861895e+02 3.020197639804966911e+02 8.090086430846931131e-01 5.774831815958022929e+01
4.021225798773186852e+02 4.021546976250172065e+02 4.708595247626785052e-01 5.777922430038452006e+01
5.000113723081213948e+02 5.000099204341493078e+02 1.097876219148225495e-02 5.771065639257430746e+01
6.000165170467919324e+02 6.000194318197550274e+02 6.938547500843659718e-03 5.771078450679779337e+01
7.550000000000000000e+02 8.000000000000000000e+02 4.974937185533099893e+01 5.776377080678939535e+01
8.350000000000000000e+02 8.000000000000000000e+02 7.262919523166975466e+01 5.776115936040878296e+01
1.025392067145170131e+03 9.580660550046811750e+02 1.318785332652908266e+02 5.776826249361037924e+01
1.005337981595144242e+03 1.000000000000000000e+03 1.231542117390998925e+01 5.862479119300842001e+01
1.125139941596909466e+03 1.100000000000000000e+03 4.354725397653462693e+01 5.862769055366516113e+01
1.203799581597119186e+03 1.200080948985142413e+03 9.929003968385027079e+00 5.874647489786148213e+01
1.385904318356514977e+03 1.400000000000000000e+03 5.072579871402204077e+01 5.872622150182723999e+01
1.445000000000000000e+03 1.400000000000000000e+03 4.974937185533099893e+01 5.859981484413147257e+01
