-1.400000000000000000e+03 -1.400000000000000000e+03 0.000000000000000000e+00 2.254161274433135986e+01
1.434898946546844400e+03 2.437526040050711913e+02 2.821212322170121752e+03 2.267627190351486277e+01
-1.199999999999998636e+03 -1.199999999999999773e+03 2.748777529700987491e-12 2.255281194448470927e+01
-1.099999999999998636e+03 -1.099999999999999545e+03 1.805438617439478166e-12 2.258556820154189992e+01
-9.999999999422116161e+02 -9.999999999798021690e+02 1.091807347079983169e-07 2.264554309844970703e+01
-9.000000000000000000e+02 -9.000000000000000000e+02 1.296229385274202799e-13 2.255983690023422383e+01
-7.999999993280860053e+02 -7.999999994702468484e+02 5.407673964846955141e-07 2.263077805042266988e+01
-6.939998723234211866e+02 -6.999999988408097806e+02 9.165344310107885306e+00 2.261615769863128733e+01
-5.997367632246574658e+02 -5.999999753170570784e+02 4.080727418990274247e-01 2.338525614738464498e+01
-4.999672007043814119e+02 -4.999901353278314673e+02 3.537948007535018230e-02 2.259156579971313406e+01
-4.000000000000000000e+02 -4.000000000000000000e+02 4.215620769568694871e-14 2.265662369728088521e+01
-2.995522684243072717e+02 -2.999999999999982379e+02 5.865197141093348998e-01 2.265974924564361714e+01
-1.999999999999996305e+02 -1.999999999999999432e+02 1.151728186805613324e-12 2.267166454792022634e+01
-9.995317401160238546e+01 -9.999999999999977263e+01 1.114681482447116984e-01 2.259855349063873220e+01
1.142215009466858646e+02 1.006243465119770235e+02 2.793522496331424065e+01 2.261199574470520091e+01
2.000000243801259501e+02 2.000000218716714642e+02 2.172446992246811621e-05 2.280383369922638082e+01
3.016179651388911793e+02 3.020196068559425839e+02 8.090393043237198434e-01 2.261858820915222168e+01
4.013882191582729320e+02 4.020188263731624829e+02 9.185113136945467494e-01 2.263546420335769582e+01
5.000054255696310861e+02 5.000000000000000000e+02 1.227150929796015644e-02 2.268021849393844747e+01
6.000116590918531756e+02 6.000194318197550274e+02 9.519608634710222464e-03 2.259168599843978953e+01
7.400000011194828176e+02 7.000000027236701499e+02 4.898979402821724705e+01 2.270981699228286743e+01
8.000000001381407628e+02 8.000000000820907644e+02 1.502751148034973370e-07 2.270093500614166260e+01
1.011180197184338795e+03 1.000000000031649506e+03 1.199769273459291838e+02 2.270736045837402273e+01
1.004363699326720962e+03 1.000000000063535254e+03 1.902092386524585521e+01 2.348655029535293437e+01
1.100000000433753939e+03 1.100000000097531938e+03 8.931327337226774118e-07 2.350530844926834106e+01
1.200799185559399575e+03 1.200080948985186751e+03 1.491880804039068531e+00 2.354604904651641917e+01
1.341991552315142599e+03 1.303764311894901766e+03 4.851321443683509216e+01 2.352564715147018504e+01
1.410000000782409643e+03 1.400000000565730261e+03 2.999999975596252710e+01 2.277344505786895823e+01
