-1.399998556011717710e+03 -1.399999229747955269e+03 1.409552245408852208e-03 4.774883484840393066e+01
3.197414642739124247e+03 1.271149017343721198e+03 5.035822106302916836e+03 4.790023089647293375e+01
-1.185581982261923031e+03 -1.198541816129812787e+03 2.800056920296237095e+01 4.779634310007095621e+01
-1.047316048415505520e+03 -1.082915682237083274e+03 1.282817208618363622e+02 4.781761959791183614e+01
-9.999904366856802653e+02 -9.999936680085168064e+02 1.231290894352932846e-02 4.778846005201339864e+01
-8.999925375188240650e+02 -8.999969562235928606e+02 9.657501192787564318e-03 4.771820335388183310e+01
-7.992837395452743294e+02 -7.996918424420036899e+02 7.929853815178410370e-01 4.789114094972610758e+01
-6.926689357885032905e+02 -6.977110415307731728e+02 8.396304226388567216e+00 4.787075220346450521e+01
-5.995070300339233427e+02 -5.995584102029163205e+02 3.571177381449152644e-01 4.871270740032196045e+01
-4.996665566894818653e+02 -4.996970848396488236e+02 2.367789142428403382e-01 4.784260879755019857e+01
-3.999974382428152921e+02 -3.999993745149195092e+02 4.245064591980552034e-03 4.794506684541702413e+01
-2.991696013875380231e+02 -2.990006489923376876e+02 6.855326576441164166e-01 4.795404309034347534e+01
-1.998911389188053818e+02 -1.999976796932017464e+02 4.319695442513399319e-01 4.799512810707092569e+01
-9.994608217599561328e+01 -9.998222762243131001e+01 8.250506263525902995e-02 4.786545170545578287e+01
1.234614821110639298e+02 1.170272570008181674e+02 3.884540640864479855e+01 4.786832705736160420e+01
2.004488356226864596e+02 2.003835730548120750e+02 2.855365602503190936e-01 4.816409579515457295e+01
3.013279389757869353e+02 3.020235057624505544e+02 9.560950675361371554e-01 4.788370970487594747e+01
4.016930741022032976e+02 4.021387467378518181e+02 8.432548245481519267e-01 4.788235805034637593e+01
5.000253963313933809e+02 5.000166921586366016e+02 2.025453213647282133e-02 4.778983789682388306e+01
6.000186266136989843e+02 6.000194347385865967e+02 3.721197708222732069e-03 4.782608865499496176e+01
7.403591407554562238e+02 7.007359448193067237e+02 4.880782436071793029e+01 4.804120084047317363e+01
8.050688277204757242e+02 8.000733103013089931e+02 2.180962416854206154e+01 4.803446969985962056e+01
9.605770197448207455e+02 9.072160439651165689e+02 9.867343196278152107e+01 4.803554250001907633e+01
1.007411442645080001e+03 1.003148056790544956e+03 9.272463085557587803e+00 4.886213400363921977e+01
1.103585724969203966e+03 1.100196968919656229e+03 6.613899715421999836e+00 4.885579574108123779e+01
1.201016925938346048e+03 1.200464029432486313e+03 1.347657619084945413e+00 4.892504099607467793e+01
1.338435891577528537e+03 1.313639574201899450e+03 4.046702676572298429e+01 4.889477559328079082e+01
1.420485222722244544e+03 1.400527768273033416e+03 3.980465489567679072e+01 4.811459820270538046e+01
