-1.400000000000000000e+03 -1.400000000000000000e+03 0.000000000000000000e+00 2.676384639978408586e+02
1.563312068761256523e+05 1.314274201652090123e+05 1.086293027256229252e+05 2.747504302978515511e+02
1.985649034062080085e+07 4.412507007463884540e+06 2.828441312880214304e+07 2.740408168077468645e+02
1.115219759834989782e+04 7.711467728613282816e+03 7.760724015835101454e+03 2.745339765071868783e+02
-9.999999999999432703e+02 -9.999999999999531610e+02 3.965634989586172999e-11 2.715473312020301933e+02
-8.844424438211950701e+02 -8.901875534013227025e+02 2.434425451074876534e+01 2.737325430989265556e+02
-7.336981376576165985e+02 -7.377486012180015678e+02 3.576715464004008282e+01 2.756437312483787423e+02
-6.795419957806749380e+02 -6.795541765933836587e+02 1.417141371394665395e-01 2.698004766583442802e+02
-5.930571174454507855e+02 -5.931363153573562386e+02 1.441741789242848570e+00 2.880049096465110665e+02
-4.989349781258326288e+02 -4.990821172317509991e+02 7.848278741097075573e-01 2.711481444954872018e+02
-3.985075616662510356e+02 -3.990050409429067031e+02 1.737620786533531358e+00 2.710128508448600542e+02
-2.595319290562067636e+02 -2.594551949556674799e+02 1.849708306939093916e+01 2.706921158909797782e+02
-1.478789605403903806e+02 -1.536240623327295509e+02 1.855763533309717417e+01 2.669062498927116280e+02
6.382402969424340711e+01 6.706696791103263422e+01 9.972002191358865275e+01 2.695133296489715349e+02
1.298126287820100970e+03 1.327178701717384456e+03 2.419893346784001835e+02 2.696280305981636047e+02
2.006597702243764445e+02 2.005475939047429392e+02 2.885936390839365928e-01 2.773142102956771851e+02
3.106874390754792330e+02 3.116165408400004253e+02 3.046687311983877766e+00 2.699558892011642683e+02
4.431459449427056825e+02 4.357877611413944123e+02 1.899269973472157247e+01 2.747615729093551522e+02
5.007488784237859250e+02 5.008013495639252142e+02 3.040514309116633673e-01 2.738952157497406006e+02
6.037245612009228353e+02 6.037924994097900253e+02 3.971278383677250834e-01 2.747003890514373552e+02
9.900000000000000000e+02 1.000000000000000114e+03 4.358898943540673798e+01 2.730148845553397905e+02
9.894583900088612154e+02 9.420253097194381553e+02 1.501868442880950454e+02 2.727407131433486711e+02
2.309133265685661627e+03 2.334905843848623590e+03 3.256019747335176362e+02 2.727553148031234969e+02
1.220409716335543180e+03 1.220861001501354622e+03 4.118459169729235647e+00 2.886565359473228227e+02
1.320780392297748222e+03 1.320935023688592992e+03 3.800570293991263782e+00 2.885330817461014021e+02
1.426038729392899768e+03 1.400032340737677714e+03 5.523314059919529484e+01 2.901588051557540666e+02
1.878401349732949257e+03 1.880278838522463957e+03 5.028454438852766373e+01 2.890165015459060669e+02
1.858720639356668471e+03 1.700000000000000227e+03 2.272050111305067901e+02 2.755474331498145943e+02
