-1.400000000000000000e+03 -1.400000000000000000e+03 0.000000000000000000e+00 3.063804305076599235e+02
1.144052144599293824e+05 7.911238689457718283e+04 6.623341955009421508e+04 3.108437001585960502e+02
3.924133138050056994e+06 4.744820521861960151e+04 1.124089816508338600e+07 3.101442671418190002e+02
5.460353871743403943e+03 3.929127739871135873e+03 3.406108064571802970e+03 3.113800590991974104e+02
-9.999999999808562734e+02 -9.999999999998753992e+02 5.411462780492762970e-08 3.095953494071960677e+02
-8.870429766647139331e+02 -8.901875756660504067e+02 2.049161155723099625e+01 3.087018772482871896e+02
-7.831182907087734293e+02 -7.902564045075246213e+02 1.970462676643649758e+01 3.102399985432624590e+02
-6.796242514066072999e+02 -6.796110634232745724e+02 1.226323721931276006e-01 3.041898177385330087e+02
-5.962804420302684321e+02 -5.965843211448008105e+02 1.582669467537505037e+00 3.275529394984245073e+02
-4.997589132111576760e+02 -4.998203308601638355e+02 1.607970344003114005e-01 3.085753914475441206e+02
-3.957216765582807056e+02 -3.960201637716268124e+02 2.089412772436119337e+00 3.083926195979118461e+02
-2.748605883849323845e+02 -2.770817020853034478e+02 1.220337772977085322e+01 3.079712013006210327e+02
-1.538788634551270604e+02 -1.553909589843111689e+02 1.545360605423264211e+01 3.025676226973533858e+02
4.063959821316029775e+01 5.677667036789102895e+01 8.524322057189429813e+01 3.076094584465026855e+02
9.982223549479015219e+02 1.032254506625940394e+03 3.011045352440714282e+02 3.062137274026870841e+02
2.004763659217799159e+02 2.004506470436897416e+02 2.316776608475587806e-01 3.149617798566818010e+02
3.134958653253860348e+02 3.133338694381719165e+02 2.286865468687010239e+00 3.082636981964111555e+02
4.230809560684808162e+02 4.228571825952798235e+02 9.040990435216537335e+00 3.104656584024429549e+02
5.006749440175760242e+02 5.007003156642969657e+02 2.124550900105538487e-01 3.093475581526756173e+02
6.035356711128190454e+02 6.035648032626531858e+02 3.564566963210199502e-01 3.098805505990982283e+02
1.000000000000008527e+03 1.000000000000003183e+03 1.149519542747890552e-11 3.111616647481918108e+02
1.071240021711382724e+03 1.083164277936578628e+03 1.243209429024576735e+02 3.096413770556449663e+02
2.050444177002420020e+03 2.185148142154374455e+03 4.013474591950715649e+02 3.095806477546692008e+02
1.215736169839733066e+03 1.214631578789744481e+03 4.328652354926991741e+00 3.287368189454078902e+02
1.316438035148575636e+03 1.317235535719135896e+03 4.151679658336428602e+00 3.287422485947608948e+02
1.401366502695452482e+03 1.400025758983399555e+03 5.752181062949384938e+01 3.295544667005539168e+02
1.807187322304183908e+03 1.835748227424209745e+03 8.962999411901603253e+01 3.288647052526474113e+02
1.700000000000015007e+03 1.700000000000002501e+03 2.671108482293820636e-11 3.137534564018249625e+02
