-1.400000000000000000e+03 -1.400000000000000000e+03 0.000000000000000000e+00 6.422863869667052938e+01
4.654914271326628295e+03 2.861273901278653284e+03 5.181778240121228009e+03 6.421507344245910076e+01
-1.200000000000000000e+03 -1.200000000000000000e+03 0.000000000000000000e+00 6.418734480142593668e+01
-1.100000000000000000e+03 -1.100000000000000000e+03 0.000000000000000000e+00 6.418191524744034382e+01
-9.999999999999712372e+02 -9.999999999999838565e+02 4.381683788572592954e-11 6.427235230207443806e+01
-8.999996995104477264e+02 -8.999999997558700215e+02 1.267348044630462909e-03 6.411551364660263630e+01
-7.999999856421193272e+02 -7.999999999996489350e+02 5.009865685261043720e-05 6.420483889579773518e+01
-6.919997446381413511e+02 -6.999999999945395075e+02 9.798271734220650231e+00 6.417084324359893799e+01
-5.997863451932524868e+02 -5.999999999264537109e+02 3.396708678912255808e-01 6.485635575056076618e+01
-4.999045644726837736e+02 -4.999433003095757044e+02 1.141185196847613603e-01 6.417782040834427448e+01
-4.000000000000000000e+02 -4.000000000000000000e+02 0.000000000000000000e+00 6.431257295608520508e+01
-2.985075619181420166e+02 -2.990050409429066463e+02 1.238712822550328774e+00 6.428146994113922119e+01
-1.989167380075375888e+02 -2.000000000000000000e+02 1.230745600343778445e+00 6.428755019903182699e+01
-9.990634802320556673e+01 -1.000000000000000000e+02 1.738107129682062157e-01 6.418498064279556559e+01
1.396131270274485701e+02 1.088468699760633740e+02 5.056668207436914741e+01 6.418145724534988972e+01
2.002109402768122948e+02 2.000000009594941162e+02 5.681996383639786874e-01 6.438524709939956381e+01
3.014150454571559408e+02 3.020197639804966911e+02 9.252767045843777183e-01 6.423132085800170898e+01
4.019441208776755161e+02 4.021259630101640710e+02 7.081164104951206406e-01 6.420302209854125408e+01
5.000274867743860341e+02 5.000197293441220268e+02 3.478330389961987318e-02 6.422118960618972494e+01
6.000220186798380837e+02 6.000194318197550274e+02 1.877836945766698032e-02 6.429072500467300699e+01
7.450000000010753638e+02 7.000000000021518645e+02 4.974937185520003879e+01 6.426537245512008667e+01
8.250000000003801688e+02 8.000000000000857199e+02 6.224949798986217075e+01 6.427210509777069092e+01
1.037966265513378630e+03 1.005320053078421324e+03 1.271627835892885798e+02 6.429229384660720825e+01
1.008469765434981696e+03 1.001570000145572749e+03 1.483041950705756484e+01 6.498874214887618450e+01
1.130208023158697188e+03 1.100000000001176431e+03 4.615133195348365547e+01 6.498360980749130533e+01
1.206388619851619069e+03 1.200435134724740237e+03 1.176331535355547508e+01 6.504264119863509563e+01
1.384035473185659839e+03 1.400000000000802629e+03 4.564765530387519021e+01 6.501250425577163128e+01
1.455000000001328317e+03 1.500000000000028649e+03 4.974937185422504626e+01 6.436992394924163818e+01
