-1.399999999999999773e+03 -1.399999999999999773e+03 7.190186943645083856e-14 2.130768877005576996e+03
3.908468080938514322e+06 3.827241142289895564e+06 1.166265397569391876e+06 2.163455721652507691e+03
2.769810495642254829e+09 2.156684732666879654e+09 3.045604431754998684e+09 2.164973923397064027e+03
5.730563179593773384e+04 5.940036289436723746e+04 1.464649922807965777e+04 2.161497128200530824e+03
-9.999999999994803375e+02 -9.999999999994744257e+02 9.387926307832308031e-11 2.137565060853958130e+03
-8.515093406460913457e+02 -8.565462217469450934e+02 2.012540941597288935e+01 2.160537106800079528e+03
-5.970957473559803930e+02 -5.942028942477638793e+02 4.597570753795771026e+01 2.177186472392082123e+03
-6.788169569887551233e+02 -6.788179586309512388e+02 5.905069432953202746e-02 2.111584002554416656e+03
-5.346974267503203464e+02 -5.343013662289870354e+02 4.166082933235665031e+00 2.471692900300025940e+03
-4.997505101566447365e+02 -4.997535985351586305e+02 1.094834623012922309e-01 2.166044165897369567e+03
-3.948262129031148220e+02 -3.950252047145335155e+02 2.429004613157441650e+00 2.141064545297622772e+03
5.022287608827606959e+02 4.675313710656546959e+02 2.012862685930180646e+02 2.124980692601203828e+03
6.711336658479939388e+02 6.452198526901129298e+02 1.910769028053231295e+02 2.092347132945060821e+03
3.029120789791304560e+02 2.739175939628457854e+02 1.844107341955119068e+02 2.122260203802585693e+03
9.218574968560074922e+03 9.010120542697668498e+03 1.074082306828617902e+03 2.142656126952171235e+03
2.017847835317940053e+02 2.016171474539699204e+02 7.042329197396187679e-01 2.192157692742347535e+03
3.550395518564225767e+02 3.546946578561094725e+02 1.753371714233525447e+00 2.123648965799808593e+03
1.049736513694584801e+03 1.030180431571859572e+03 1.367785204698732286e+02 2.167370774304866700e+03
5.034753590393217451e+02 5.031961517821941925e+02 6.056432512525821155e-01 2.161597863793373108e+03
6.245493608122325213e+02 6.245097159098763768e+02 2.317609474980011353e-01 2.125426120996475220e+03
1.440342439857099180e+03 1.828262933976496470e+03 4.468868957639265886e+02 2.140911986243724641e+03
1.201117368370890290e+03 1.161499945162371887e+03 1.479057777195849610e+02 2.138023043596744628e+03
1.256664505347775048e+04 1.298845764419759871e+04 1.329266526298676126e+03 2.157258164703845978e+03
1.389728483592334442e+03 1.387145837412571382e+03 1.636098195572356317e+01 2.504000058901309785e+03
1.518906796324417655e+03 1.515001268328486049e+03 1.711981093457486836e+01 2.502323831450938997e+03
1.617355696456598935e+03 1.668851334719534862e+03 1.091442340554031318e+02 2.526870388150215149e+03
3.375250248518625995e+03 3.378920421616953718e+03 1.357431610264924586e+02 2.521039506900310698e+03
3.948366007855303906e+03 5.326968519042955450e+03 1.958314802527434949e+03 2.196289314794540587e+03
