-1.393285742941312265e+03 -1.399999999999999091e+03 2.893028923621073645e+01 3.030249835968017464e+02
3.391267613566109445e+06 3.501717160272551235e+06 2.373467774649434723e+06 3.050225615501403809e+02
1.754378148735649109e+09 6.424524097938315868e+08 2.797382878096253395e+09 3.040419752478599662e+02
4.974122503820570273e+04 4.866931250418564014e+04 2.308427527219202238e+04 3.045325935482978821e+02
-9.570591201725167139e+02 -9.999999984704695635e+02 1.588782824323384091e+02 3.037856892943382263e+02
-8.833780290799146542e+02 -8.901739227254277012e+02 2.265208565786486261e+01 3.037195696949958688e+02
-5.638097271840291569e+02 -6.098160060300330088e+02 1.639294268162523736e+02 3.062382382988929521e+02
-6.793344155224145879e+02 -6.792955440856796940e+02 1.690156500551870111e-01 3.026567784547805786e+02
-5.892550444700793832e+02 -5.893978731320094084e+02 1.963206782016915453e+00 3.210650440454483032e+02
-4.861676832860989634e+02 -4.941939348374925203e+02 1.715221150425571395e+01 3.051132005453109741e+02
-3.718908103479489569e+02 -3.796033720981305351e+02 1.876888882110447199e+01 3.053272292494773978e+02
-1.917646644259254458e+02 -2.015000069348857039e+02 5.994185993151386072e+01 3.044628819108009452e+02
-4.071973952022290177e+01 -4.852194731439703901e+01 6.871153444025611634e+01 3.015355140447616691e+02
4.519503956045808764e+02 3.401278839234576026e+02 2.839211008718596077e+02 3.035634147524833679e+02
1.668541632381571617e+03 1.570533458976688735e+03 4.725104889916087814e+02 3.020910854101181258e+02
2.014720983062802020e+02 2.013807497312314467e+02 6.325507985467596628e-01 3.088985376000404131e+02
3.254862824807059951e+02 3.224730041255875221e+02 1.301053061911896336e+01 3.041330303430557365e+02
5.561721020667391713e+02 5.133482049753466754e+02 1.085565833551807913e+02 3.053597288012504691e+02
5.028785461464220816e+02 5.020814755143013599e+02 2.140716987200106836e+00 3.043229511976242065e+02
6.046390447310236596e+02 6.045738072164290315e+02 3.091068330436301803e-01 3.052000874042511214e+02
9.863223069728408063e+02 1.000000000000001137e+03 4.835810643247103968e+01 3.043709156990051383e+02
1.572638798709573621e+03 1.521303832188440992e+03 3.252132644660828760e+02 3.045017674088477975e+02
2.921273176381565008e+03 3.007046909412843888e+03 4.959781988498189662e+02 3.050642133474349862e+02
1.232428984627356385e+03 1.232358260191133468e+03 5.606594124793457645e+00 3.217560714483261108e+02
1.332309755676123586e+03 1.331598173815878454e+03 5.699367016091711591e+00 3.218373733520508040e+02
1.450455227616783759e+03 1.426501741763103155e+03 7.761712780272210921e+01 3.234130337953567391e+02
1.971272552913503660e+03 1.945773829402224692e+03 1.014354020389247637e+02 3.224834977984428406e+02
2.150879128443033096e+03 2.235271471151148035e+03 2.936631703224426246e+02 3.073456208467483748e+02
