-1.400000000000000000e+03 -1.399999999999999773e+03 2.216164453968522898e-13 7.327410478115082242e+02
5.308834176161742071e+05 5.089309227141391602e+05 1.621862082614388783e+05 8.566977777481079102e+02
2.598797997714077681e+07 7.810634994938906282e+06 3.736155194931757450e+07 8.417210461497306824e+02
1.294006227621169455e+04 1.373178288146583145e+04 3.988550015526332572e+03 8.560662539005279541e+02
-9.999998914979516940e+02 -9.999998894170944368e+02 1.495307557516002236e-05 8.527905769467354276e+02
-8.862738559438778339e+02 -8.903478268491169274e+02 7.327988884592211427e+00 8.492029989480972745e+02
-7.693023238168887019e+02 -7.756773277375978068e+02 1.763111542301263057e+01 8.249253982067108382e+02
-6.790758982575669052e+02 -6.790823502508924321e+02 4.629533275154981697e-02 8.292841787457466580e+02
-5.727629829883668435e+02 -5.738433064546261448e+02 8.068928772833643848e+00 9.681236143469810713e+02
-4.999120098720642318e+02 -4.999149467404117786e+02 4.335962318214933719e-02 7.479351164102554321e+02
-3.563743301961256975e+02 -3.557243925569728162e+02 1.282961154647130897e+01 7.403038516044616699e+02
-2.496192380707710186e+02 -2.487596766156912054e+02 1.370909377628411718e+01 7.452156100511550676e+02
-9.373192014145763551e+01 -9.411315657205888385e+01 1.881853148734031933e+01 8.042485663533210527e+02
1.824361833177189737e+03 1.832708714092239461e+03 3.603669610675758577e+02 7.446385177016258012e+02
5.433492909725490790e+03 5.034588746292416545e+03 1.527831157030688701e+03 7.496846280455589522e+02
2.021098457934809005e+02 2.022701813277736846e+02 6.235538712306301079e-01 8.084628255009650957e+02
3.702749595844358623e+02 3.691035944620739429e+02 8.141834231780393338e+00 7.454301007509232022e+02
4.797241559954544527e+02 4.713964834215157680e+02 3.676920525662848860e+01 7.766790353536605380e+02
5.029699388233313471e+02 5.028731020169868771e+02 7.412914243800100556e-01 8.558244808554649126e+02
6.142748687615074914e+02 6.150000000000000000e+02 1.291415888215053043e+00 7.576523269414901733e+02
1.005788441627382099e+03 1.000000000000000455e+03 8.994300506427644848e+01 7.541972796559333574e+02
2.394314345299665547e+03 2.316626168721373688e+03 4.611482083040168618e+02 7.564015205502510071e+02
5.739272558717676475e+03 5.594258085918072538e+03 1.163136929155352846e+03 7.679511405944824673e+02
1.252017170776019611e+03 1.253388629579538701e+03 7.697275034304533747e+00 9.838081733465194247e+02
1.365813487681856714e+03 1.366204250639223119e+03 7.501331520657879892e+00 9.809464790582657088e+02
1.542353835039822570e+03 1.555939175308981248e+03 4.990569830908973614e+01 9.869959861993789900e+02
2.209424164037819082e+03 2.210863065368186199e+03 1.147437099879827400e+02 9.855291799426079251e+02
1.700000000000000455e+03 1.700000000000000909e+03 5.308091899646002584e-13 7.746672015428542863e+02
