-1.400000000000000000e+03 -1.400000000000000000e+03 5.084229945850414966e-14 5.433516839742660665e+01
2.598006898009889483e+03 5.404838889528413119e+02 3.808046038587251132e+03 5.451437389850616455e+01
-1.200000000000000000e+03 -1.200000000000000000e+03 0.000000000000000000e+00 5.434724539518356323e+01
-1.100000000000000000e+03 -1.100000000000000000e+03 0.000000000000000000e+00 5.440686585903167583e+01
-9.999999999995452526e+02 -9.999999999999822649e+02 1.599281639227878957e-09 5.423740659952163412e+01
-9.000000000000000000e+02 -9.000000000000000000e+02 0.000000000000000000e+00 5.436311384439468242e+01
-7.999999999335661869e+02 -7.999999999977449079e+02 1.274342741794230612e-07 5.450528764724731445e+01
-6.969997703750979099e+02 -6.999999999729078581e+02 7.141974413438857638e+00 5.438600454330444478e+01
-5.998500143101516642e+02 -5.999999997197251105e+02 2.999624778305363115e-01 5.536797409057616903e+01
-4.999898909284858064e+02 -4.999926039596658711e+02 9.515441413125477754e-03 5.442899194955825948e+01
-4.000000000000000000e+02 -4.000000000000000000e+02 0.000000000000000000e+00 5.452881804704666280e+01
-2.998010081885813634e+02 -3.000000000000000000e+02 3.979836228373159757e-01 5.455982769727707193e+01
-2.000000000000000000e+02 -2.000000000000000000e+02 0.000000000000000000e+00 5.453737344741821147e+01
-9.990634802319964081e+01 -9.999999999999994316e+01 1.430557575437142737e-01 5.442046805620193339e+01
1.048350789868816690e+02 1.003121732559814063e+02 1.421963183200161751e+01 5.446730470657348633e+01
2.000697222417024363e+02 2.000000001037008985e+02 1.657436091710514647e-01 5.469953570365905904e+01
3.011814887159774230e+02 3.015872789038574524e+02 9.181580316569976086e-01 5.444041390419006632e+01
4.015999802177741458e+02 4.020292249841822922e+02 8.038060651864555872e-01 5.449893014430999472e+01
5.000000000000000000e+02 5.000000000000000000e+02 0.000000000000000000e+00 5.441793035268783285e+01
6.000136022738286101e+02 6.000194318197550274e+02 8.904778491815127164e-03 5.445335779190063619e+01
7.400000008012409580e+02 7.000000037798711219e+02 4.898979422746830181e+01 5.462859050035476827e+01
8.081321407653884989e+02 8.000000000058056457e+02 2.510128276945435033e+01 5.460127500295639180e+01
9.830050709999688934e+02 9.813122476751118484e+02 9.646209144026124704e+01 5.453516640663146831e+01
1.000000000002919819e+03 1.000000000000835939e+03 6.324461633918623724e-09 5.554104670286178447e+01
1.105000000071262093e+03 1.100000000003625928e+03 2.179449470160673030e+01 5.555504690408706381e+01
1.200091871759482046e+03 1.200000000000009550e+03 2.121341354945731339e-01 5.560871449708938741e+01
1.355797941478586608e+03 1.400000000000007276e+03 4.887557573667103128e+01 5.558852039575576498e+01
1.405000000395940333e+03 1.400000000079867277e+03 2.179449462687614059e+01 5.469136724472046041e+01
