-1.399999999999990450e+03 -1.399999999999999545e+03 3.481056812837365421e-11 6.195892469882964804e+01
7.331772953900210723e+02 -4.430536215908021518e+02 2.665045194681529665e+03 6.216290645599364950e+01
-1.199999999999850615e+03 -1.199999999999902229e+03 1.626503009842859089e-10 6.199034860134124614e+01
-1.099999999999735337e+03 -1.099999999999856300e+03 2.989303813621803096e-10 6.200935004949569418e+01
-9.999999985270427487e+02 -9.999999989963557709e+02 2.144812652231863343e-06 6.207000739574432657e+01
-8.999999999999993179e+02 -8.999999999999997726e+02 2.469648668914561204e-12 6.197873649597168111e+01
-7.999999884443506062e+02 -7.999999954164002247e+02 1.125610929524142816e-05 6.207896515130996562e+01
-6.919998064439844256e+02 -6.999999707836020661e+02 9.798178332974245563e+00 6.206599919795989706e+01
-5.998873545693710412e+02 -5.999998455095285408e+02 2.677295084702298045e-01 6.277807140350341797e+01
-4.999889034652707664e+02 -4.999926039571824390e+02 1.378601593304262102e-02 6.204493548870086528e+01
-3.999999999999894271e+02 -3.999999999999980105e+02 2.365204727318063605e-11 6.211587934494018270e+01
-2.998010081883901989e+02 -2.999999999999856755e+02 3.979836230680703357e-01 6.214510475397109701e+01
-1.999999999999569411e+02 -1.999999999999803890e+02 6.141735767160079842e-11 6.216532180309295796e+01
-9.995317401140074764e+01 -9.999999999992405719e+01 1.114681484401678080e-01 6.206243779659271098e+01
1.072706187059025780e+02 1.003121732595297431e+02 1.685954066800195861e+01 6.207641359567642070e+01
2.000244828431055453e+02 2.000001368614536261e+02 1.055421696211014809e-01 6.230697615146637247e+01
3.008108815099660660e+02 3.000000000009054020e+02 9.921466232308807642e-01 6.207799079418182231e+01
4.013850743772818532e+02 4.020387873999713975e+02 9.507486899629258303e-01 6.207669734954833984e+01
5.000009864672062463e+02 5.000000000000000000e+02 4.299910863268355775e-03 6.210959005355834961e+01
6.000106875008689258e+02 6.000194318197550274e+02 9.667208264264856576e-03 6.202370209693908976e+01
7.100000462734558369e+02 7.000000275647892067e+02 2.999998614781853945e+01 6.219821419715881206e+01
8.000000020951615625e+02 8.000000012837301711e+02 2.396158512150632832e-06 6.218636513948440836e+01
9.764980423137064918e+02 9.000000167362675256e+02 1.100372248693411308e+02 6.216764245033264302e+01
1.000000000803340527e+03 1.000000000267574023e+03 9.552762769533915979e-07 6.289227285385131694e+01
1.100000005588258773e+03 1.100000004774343779e+03 3.887237492020936828e-06 6.292523474693298624e+01
1.200623287905744291e+03 1.200080948986896829e+03 1.251756520561760455e+00 6.299509005546569540e+01
1.336702480422601184e+03 1.301224194182993415e+03 4.877359868544048283e+01 6.296653009653091715e+01
1.400000108261507648e+03 1.400000010735437172e+03 3.772053462083750424e-04 6.225314985513686850e+01
