-1.400000000000000000e+03 -1.400000000000000000e+03 0.000000000000000000e+00 2.385301889181137014e+01
3.086586575491698568e+03 1.016471539910718775e+03 4.176085991637962252e+03 2.386935390233993459e+01
-1.200000000000000000e+03 -1.200000000000000000e+03 0.000000000000000000e+00 2.380446205139160298e+01
-1.100000000000000000e+03 -1.100000000000000000e+03 0.000000000000000000e+00 2.382566845417022705e+01
-9.999999999999869260e+02 -9.999999999999929514e+02 1.767892469409492911e-11 2.389479185342788625e+01
-8.999999999999997726e+02 -9.000000000000000000e+02 5.586872419055732685e-13 2.385066549777984690e+01
-7.999999999999987494e+02 -8.000000000000000000e+02 2.898791437962096323e-12 2.378947744369506978e+01
-6.939998024941527319e+02 -6.999999999999996589e+02 9.165453093422433639e+00 2.378658404350280620e+01
-5.998875134034223038e+02 -6.000000000000000000e+02 2.677716595241696473e-01 2.439108794927597046e+01
-4.999673270927552835e+02 -4.999815049717718125e+02 3.153843444712839394e-02 2.388966225385665965e+01
-4.000000000000000000e+02 -4.000000000000000000e+02 0.000000000000000000e+00 2.397281264066696238e+01
-2.993035286600347149e+02 -2.990050409429067031e+02 7.105428895562257985e-01 2.396730270385742045e+01
-1.994351451053703670e+02 -2.000000000000000000e+02 1.156535379919012563e+00 2.396036319732666087e+01
-9.978147872081301273e+01 -9.968782674401859367e+01 2.229362964896399735e-01 2.387295875549316548e+01
1.328913473518403805e+02 1.086907833480725003e+02 5.917925153512753411e+01 2.380404754877090312e+01
2.000852765136810660e+02 2.000000000000018474e+02 2.602330540498246081e-01 2.399238145351409912e+01
3.013210247855173520e+02 3.020196068559067726e+02 9.674414610865273989e-01 2.391492540836334157e+01
4.017626414671900648e+02 4.020784142760243185e+02 7.703408071491372189e-01 2.391219954490661692e+01
5.000103662699722804e+02 5.000000000000000000e+02 1.511395016237857339e-02 2.389908479452133250e+01
6.000155454558041583e+02 6.000194318197550274e+02 7.772727902010956487e-03 2.389609525203704976e+01
7.450000000000006821e+02 7.000000000000029559e+02 4.974937185533116946e+01 2.390382329225540303e+01
8.148119165857591497e+02 8.000000000000000000e+02 3.565938558934495006e+01 2.390020159482956075e+01
1.026245337864457497e+03 1.000000000000000000e+03 1.229373458452350434e+02 2.392717390060424876e+01
1.009323034931429220e+03 1.000000000000000114e+03 2.124586590810713105e+01 2.450367590188979960e+01
1.110000000000000000e+03 1.100000000000000000e+03 2.999999999999995737e+01 2.449020010232925415e+01
1.200485923041580918e+03 1.200080948985142413e+03 9.310400748101714807e-01 2.459230464696884155e+01
1.356345538156271459e+03 1.356780335042181605e+03 5.100214701636230785e+01 2.454042954444885183e+01
1.420000000000002274e+03 1.400000000000000455e+03 3.999999999999898392e+01 2.400199815034866191e+01
