-1.399999999999995680e+03 -1.399999999999998181e+03 7.179213534942132256e-12 5.312945575714111612e+01
1.457471731208019889e+02 -9.160823122836673065e+02 2.612749105903193595e+03 5.334911904335022115e+01
-1.199999999998947487e+03 -1.199999999999462261e+03 1.273842186419785760e-09 5.318310924768447734e+01
-1.099999999997223767e+03 -1.099999999999798774e+03 8.265621673974187635e-09 5.320542290210723735e+01
-9.999999974571579742e+02 -9.999999995260989181e+02 7.593436676832982006e-06 5.326768939495086386e+01
-8.999999999999996589e+02 -8.999999999999998863e+02 8.365837354397276495e-13 5.313271379470825195e+01
-7.999999812996055653e+02 -7.999999825750282980e+02 1.506915231142937792e-05 5.330702844858169698e+01
-6.959999168817282680e+02 -6.999999915885478003e+02 8.000141329957356717e+00 5.326390604972839071e+01
-5.998873518965677931e+02 -5.999998299860312727e+02 2.677284040480207850e-01 5.426945635080337382e+01
-4.999887800078786313e+02 -4.999926038946869085e+02 1.466174072306788284e-02 5.325801494121551372e+01
-3.999999999999845954e+02 -3.999999999999982947e+02 2.585110951422481235e-11 5.332659540176391744e+01
-2.998010081883376188e+02 -2.999999999997268105e+02 3.979836228179337021e-01 5.334517744779586934e+01
-1.998560307634548394e+02 -1.999999999999373017e+02 6.275473525138253184e-01 5.333612750768661215e+01
-9.996878267430000164e+01 -9.999999999995276312e+01 9.365197678485705224e-02 5.327997144460677958e+01
1.141590663014419107e+02 1.003121732607306740e+02 2.840678413222301302e+01 5.329384765625000142e+01
2.000003812457636627e+02 2.000003173772989840e+02 4.715462510487439013e-04 5.358142799139022827e+01
3.015149446999380416e+02 3.020196854187422559e+02 8.746540185596753947e-01 5.325872130393982218e+01
4.017777747453822030e+02 4.020449463882185910e+02 7.436481229580013119e-01 5.326555376052856161e+01
5.000029594017508998e+02 5.000000000000000000e+02 7.044785265003472748e-03 5.328051099777221822e+01
6.000136022738304291e+02 6.000194318197550274e+02 8.904778489127124566e-03 5.321961410045624064e+01
7.150000539487213018e+02 7.000000489973378990e+02 3.570712394194296024e+01 5.343306649923324869e+01
8.000000017198912019e+02 8.000000010328758435e+02 1.370635747281872263e-06 5.342257540225982382e+01
9.623735305457239519e+02 9.000000036647593333e+02 1.003974534808438364e+02 5.343114800453186319e+01
1.000000000998743417e+03 1.000000000785355383e+03 1.093239087586812552e-06 5.443299790620803691e+01
1.100000006034388434e+03 1.100000003194815690e+03 7.133851997731404311e-06 5.441267499923706197e+01
1.200540308418696668e+03 1.200040474596238937e+03 1.275111048761927712e+00 5.450131134986877157e+01
1.341135945728170100e+03 1.303082003832554619e+03 4.808586118243730567e+01 5.449096260070800923e+01
1.410000022803700176e+03 1.400000017860145590e+03 2.999999292498818093e+01 5.363063415288925029e+01
