-1.400000000000000000e+03 -1.400000000000000000e+03 0.000000000000000000e+00 4.651313254833221578e+01
4.086923628809227921e+03 3.733123737022461228e+03 4.547421708994538676e+03 4.653586109876632548e+01
-1.200000000000000000e+03 -1.200000000000000000e+03 0.000000000000000000e+00 4.650321459770202637e+01
-1.100000000000000000e+03 -1.100000000000000000e+03 0.000000000000000000e+00 4.651701320409775064e+01
-9.999999999999881766e+02 -9.999999999999943157e+02 1.417898666836241726e-11 4.660364120006560995e+01
-8.999999999987730916e+02 -9.000000000000000000e+02 5.347562657440418995e-09 4.647052659988403178e+01
-7.999999508604817038e+02 -8.000000000000000000e+02 2.141941918158287805e-04 4.651984795331954814e+01
-6.909996817020588651e+02 -6.999999999999990905e+02 9.950226269655681577e+00 4.648093459606170796e+01
-5.997884336626366348e+02 -5.999999999999995453e+02 3.555823694216803665e-01 4.736443134546279765e+01
-4.999404456153271781e+02 -4.999815049717718125e+02 8.296781665847059728e-02 4.657592660188674927e+01
-4.000000000000000000e+02 -4.000000000000000000e+02 0.000000000000000000e+00 4.669624855518340922e+01
-2.990547891476524001e+02 -2.990050409429067031e+02 1.154966177124045812e+00 4.671875134706497334e+01
-1.993657986399061315e+02 -2.000000000000000000e+02 1.118370837467806966e+00 4.671693065166473247e+01
-9.905287835119739270e+01 -1.000000000000000000e+02 3.631395800682585051e+00 4.656524615287780478e+01
1.331878917792079449e+02 1.085346967200817971e+02 4.629745226204590836e+01 4.649741835594177530e+01
2.000953123451224087e+02 2.000000000000047180e+02 2.978779022780538299e-01 4.679447329044342041e+01
3.013201234899501628e+02 3.020197639804966911e+02 9.666800309316105899e-01 4.662965270280837871e+01
4.019794145317786729e+02 4.020543807974606807e+02 6.727793764443569247e-01 4.661501735448837280e+01
5.000098842429990214e+02 5.000000000000000000e+02 1.172186416668817913e-02 4.660520390272140645e+01
6.000165170467920461e+02 6.000194318197550274e+02 6.938547500843658851e-03 4.660119664669036865e+01
7.500000000000006821e+02 7.500000000000047748e+02 4.999999999999960210e+01 4.664436414241790629e+01
8.343964221672052872e+02 8.000000000000000000e+02 5.390273158561665667e+01 4.663383480310439921e+01
1.000600974765255160e+03 9.787675017461408515e+02 1.132408721565793996e+02 4.662500134706497334e+01
1.001411235413107761e+03 1.000000000000000000e+03 4.143453380660587548e+00 4.752526149749756001e+01
1.130208024776399725e+03 1.100000000000000455e+03 4.615133454776974986e+01 4.754275050163268901e+01
1.202047891934443669e+03 1.200080948985145824e+03 6.499440797641237388e+00 4.765267645120620443e+01
1.382847827617850044e+03 1.400000000000000000e+03 4.733048187194592060e+01 4.759250880479812906e+01
1.425000000000000455e+03 1.400000000000000000e+03 4.330127018922174642e+01 4.689420715570449971e+01
