-1.399999999999999773e+03 -1.399999999999999773e+03 0.000000000000000000e+00 1.060887297308444886e+03
1.404670808613928035e+06 1.293042805901835207e+06 6.912822167335477425e+05 1.118951163351535797e+03
4.435228425707448721e+08 2.679961265907584727e+08 5.773846292855015993e+08 1.119343373644351914e+03
1.965565005550856540e+03 1.523694507157960970e+03 1.717142355806472779e+03 1.119270116460323379e+03
-9.999999999998574367e+02 -9.999999999998824478e+02 6.587671094714366705e-11 1.105475052595138550e+03
-8.806514803596955971e+02 -8.853764310427499140e+02 1.333517206994024562e+01 1.113238693809509186e+03
-6.268967536522642376e+02 -6.141545200877692423e+02 3.844855924832589267e+01 1.133195509052276520e+03
-6.790162570234296027e+02 -6.790080551535361337e+02 9.332575501375896254e-02 1.058392598855495407e+03
-5.690874910503803221e+02 -5.689174755922896338e+02 2.572831236314163217e+00 1.255161456549167724e+03
-4.998522607674690335e+02 -4.998644345126620010e+02 8.327913848542274622e-02 1.091294194805622055e+03
-3.841801562819267133e+02 -3.850756191814195972e+02 7.180951779534474611e+00 1.072756574153900146e+03
-5.184196869657831996e+01 -7.378583651374287911e+01 7.311239811228935537e+01 1.072506726849079087e+03
1.330253845406199105e+02 1.311075535886900525e+02 6.986525429007093635e+01 1.047035796701908112e+03
9.355599230860455009e+02 9.417911496722190350e+02 2.069917584596608151e+02 1.066042171442508788e+03
4.231774635090613629e+03 4.200880322132273250e+03 6.981444752142352854e+02 1.084961822497844651e+03
2.010127065028174513e+02 2.009248803955347285e+02 3.786943835898078925e-01 1.142941081202030091e+03
3.376304286954129452e+02 3.405163494915722140e+02 1.080966772710289270e+01 1.071668255400657699e+03
5.882760098240003117e+02 5.817853797017722854e+02 4.218954095905844781e+01 1.123040829753875641e+03
5.026415283900831810e+02 5.023818184662026169e+02 6.405610697042891655e-01 1.114821291100978897e+03
6.147725481105233030e+02 6.150000000000000000e+02 5.251668978302207469e-01 1.058890503644943237e+03
1.005788441627382099e+03 1.000000000000000455e+03 8.994300506427654796e+01 1.098862106847763016e+03
1.737310220249103168e+03 1.781010808248825924e+03 2.017002773437623375e+02 1.092941891801357315e+03
6.330957651793216428e+03 6.356630614293240797e+03 8.496515234178076525e+02 1.115513662195205598e+03
1.286582061458946100e+03 1.285284533050672962e+03 8.730016153084125818e+00 1.267911718702316193e+03
1.397895208028896377e+03 1.397020271485296689e+03 7.292332298445622918e+00 1.269209309446811631e+03
1.551311727957077665e+03 1.575886666530951516e+03 6.404263773765021028e+01 1.276489450943470047e+03
2.383757637219986464e+03 2.359188072360390834e+03 9.544816755280831444e+01 1.273433723950386138e+03
1.827834029237379582e+03 1.700000000000000909e+03 3.836146442821336677e+02 1.133900181996822312e+03
