-1.400000000000000000e+03 -1.399999999999999773e+03 1.969113790856769348e-13 6.304920401930809248e+02
3.500979592778249644e+05 3.309543123486298136e+05 1.235097492350114626e+05 7.805845586419105757e+02
4.188400328759643249e+06 8.529843113709548488e+05 5.863157821182098240e+06 7.572197974920272827e+02
1.539530347410009199e+04 1.419741449799694419e+04 4.116986167090037270e+03 7.803142183423042297e+02
-9.999997468400773641e+02 -9.999997403850396722e+02 3.248257890617278711e-05 7.773566662549972079e+02
-8.893212367613292599e+02 -8.910593363633633999e+02 5.244535321518646320e+00 7.754116016030311584e+02
-7.933441730481612240e+02 -7.943356023002709208e+02 5.054583078219327064e+00 6.998825482964515459e+02
-6.790472554034574841e+02 -6.790527073508260401e+02 5.053697482585430695e-02 7.469765556454658508e+02
-5.686999882630767615e+02 -5.641317751557380689e+02 8.348451596049249801e+00 9.010512243986129306e+02
-4.999744878405886084e+02 -4.999765849452240332e+02 1.491809494372338396e-02 6.567550827980041959e+02
-3.686122970861950989e+02 -3.726386511417489373e+02 1.076561026770796836e+01 6.509512319445609592e+02
-2.675154443637131862e+02 -2.681452794866838758e+02 7.052697939413386408e+00 6.593082064032554399e+02
-9.952077332379067798e+01 -9.849292908789490752e+01 2.114926081543974590e+01 7.416665458440780867e+02
1.260402941720074068e+03 1.281821513713825880e+03 2.854748750229202869e+02 6.521711021423340071e+02
5.803408730553135683e+03 6.495624872698348554e+03 1.635207075597845460e+03 6.487909853458404541e+02
2.022921810212443745e+02 2.023246731722875893e+02 2.712223342009152938e-01 7.387455641508101962e+02
3.514498314158523158e+02 3.537260089091712985e+02 1.536265416753989044e+01 6.386691814422607649e+02
5.194488819342484476e+02 4.671910915326963050e+02 7.108206399819572141e+01 6.886761413931847073e+02
5.024444773655236531e+02 5.025352619922954887e+02 5.064066116761196668e-01 7.791493373990058444e+02
6.124616985866406367e+02 6.115453663811631486e+02 2.159859777674325354e+00 7.218350880026816867e+02
9.671576883254765562e+02 1.000000000000000227e+03 6.281745463775707350e+01 6.975903893470764388e+02
2.371508962472483290e+03 2.391055047095591362e+03 2.917072902358345345e+02 7.080472120523452304e+02
5.240570681331409105e+03 5.119040383137835306e+03 1.414725555275756733e+03 7.031485553979873657e+02
1.241091717157661606e+03 1.242973640539398275e+03 6.057689097473063278e+00 9.111506562471389543e+02
1.355515381254428576e+03 1.351380658938708166e+03 1.106079996728705872e+01 9.122175498604774475e+02
1.535248171537849885e+03 1.553189459197124961e+03 5.962642709096270721e+01 9.179052908539772488e+02
2.139432250289664353e+03 2.066480556585951490e+03 2.048192929626356715e+02 9.151035132884978793e+02
1.700000000000000455e+03 1.700000000000000455e+03 2.690321608997517573e-13 7.274772208452225186e+02
