-1.399999999999999773e+03 -1.399999999999999773e+03 0.000000000000000000e+00 1.351828345596790314e+03
7.934920245455588447e+05 8.027435700855401810e+05 3.098862181877385010e+05 1.642614694201946349e+03
4.559475717009683698e+07 8.959925739095326513e+06 7.750479740441274643e+07 1.601499998152256012e+03
8.865291931288109481e+03 8.536973526554229466e+03 2.267143316718320420e+03 1.647218420147895813e+03
-9.999996671476061465e+02 -9.999996694207754899e+02 2.222415453318181297e-05 1.634161698591709182e+03
-8.565526684650285461e+02 -8.565526684650287734e+02 3.205485013466314830e-13 1.474068982052802994e+03
-7.645687089444598996e+02 -7.669662073834144849e+02 1.136616352723430268e+01 1.481433514297008514e+03
-6.788640464038962818e+02 -6.788539850046868196e+02 3.304950282026162395e-02 1.580496360158920197e+03
-5.466991265037345329e+02 -5.429723463524387626e+02 1.341167617842333826e+01 2.008384151196479706e+03
-4.999420791326195399e+02 -4.999433101320256014e+02 3.125749675719575321e-02 1.400224694955348923e+03
-3.139136016195442380e+02 -3.148177265949235561e+02 1.495379443554663546e+01 1.372090957450866654e+03
-2.194270832406658087e+02 -2.240720924974082777e+02 1.950610682489795877e+01 1.415101416099071457e+03
-5.531439576237905165e+00 -1.242841185019753425e+01 4.970111849371777879e+01 1.564233245801925705e+03
3.235481705429493559e+03 3.302565246074993411e+03 5.642687555226110590e+02 1.363204889392852692e+03
9.422091787998493601e+03 8.478256595012277103e+03 2.751147931029767278e+03 1.394637897300720169e+03
2.029970721465545012e+02 2.029800045362533751e+02 4.085537115677553288e-01 1.648911151993274643e+03
4.194370786180041364e+02 4.229381202016595580e+02 2.162796032269303836e+01 1.369610809695720718e+03
5.650192718033827077e+02 5.183576832273947730e+02 1.053577184101524864e+02 1.490120632505416779e+03
5.054901274933416175e+02 5.054848814579563054e+02 8.398758259527483450e-01 1.636818506491184280e+03
6.218068108070744984e+02 6.211751413528238572e+02 2.049073999216375785e+00 1.580697951900958969e+03
1.410544613687071433e+03 1.828262933976492604e+03 4.618049788191710263e+02 1.437584642446041016e+03
4.191641100797436593e+03 4.135544079253145355e+03 5.798221739538864767e+02 1.442984075450897308e+03
9.176251537079291666e+03 8.799016258772608126e+03 1.967967205681219866e+03 1.444931476247310684e+03
1.278240968055924441e+03 1.276795042066333281e+03 8.884101157674663796e+00 2.043191810846328735e+03
1.405462716809438461e+03 1.404152202846952605e+03 1.081210086819311122e+01 2.042475496292114258e+03
1.584348817286592293e+03 1.577551419807806724e+03 3.223539430898703273e+01 2.061796389555931000e+03
2.445042913211103951e+03 2.389324844338124876e+03 2.791626644133963282e+02 2.055562794506549835e+03
3.287370863924817968e+03 3.271186755146156429e+03 1.487504383597618244e+03 1.626191600251197769e+03
