-1.400000000000000000e+03 -1.400000000000000000e+03 8.806144583576081053e-14 3.025376569509506339e+02
2.175234503433617647e+05 2.178211605658639164e+05 1.095950082227563107e+05 3.109675475955009460e+02
2.155566867939605191e+07 5.856448827211396769e+06 2.948470688999026269e+07 3.103729355454444772e+02
1.943845551895389508e+04 1.638565382618779404e+04 1.346701687638240219e+04 3.104327690482139701e+02
-9.999999999999474767e+02 -9.999999999999577085e+02 3.460130391497900843e-11 3.056689753532409668e+02
-8.821270690018242249e+02 -8.901875663288477654e+02 2.403195976623601027e+01 3.094657779574393999e+02
-7.099462169058417658e+02 -7.192666187414524757e+02 3.817866107213404092e+01 3.114010826945304871e+02
-6.794643457907418451e+02 -6.794183805235072668e+02 1.667561571409749144e-01 3.059140374064445496e+02
-5.932880202968610774e+02 -5.927960604048364530e+02 1.615247128703986679e+00 3.230587079048156625e+02
-4.980998032983704320e+02 -4.982854075695970550e+02 1.017748005645711995e+00 3.056897430539131051e+02
-3.980598300905591032e+02 -3.985075614143600546e+02 2.001697751246804380e+00 3.052504281044006120e+02
-2.457657324372641199e+02 -2.437850507122954298e+02 2.168881781037345391e+01 3.052824284434318542e+02
-1.335221292310072272e+02 -1.366895492690218248e+02 1.772174437478622266e+01 3.025653345465660209e+02
6.007626018784235100e+01 3.375080655551960263e+01 1.436834111569123422e+02 3.045634462475776445e+02
1.381907682443558315e+03 1.360743007938043093e+03 3.071877035665000335e+02 3.042960119962692147e+02
2.007027013146655747e+02 2.005959095076373728e+02 4.150817899090885610e-01 3.119302194476127852e+02
3.108465507653958184e+02 3.112622154987287786e+02 3.350540337934327262e+00 3.047086185455322038e+02
4.611908693527834657e+02 4.586792829705539134e+02 2.796818862980588705e+01 3.109260803937912101e+02
5.009039936954411019e+02 5.007610375811740369e+02 4.498279675582284587e-01 3.102585871100425834e+02
6.040209223085487338e+02 6.040716720282476899e+02 2.785614776438475326e-01 3.107486726045608521e+02
9.900000000000002274e+02 1.000000000000000227e+03 4.358898943540675930e+01 3.072405390024185294e+02
1.087522086984199177e+03 1.085763275576260639e+03 1.654815831005751363e+02 3.075229041934013594e+02
2.432666317439747218e+03 2.359441614363570352e+03 3.087275423188397099e+02 3.073753132581711043e+02
1.221802265008517679e+03 1.222644338986842513e+03 4.336052607675412673e+00 3.240052284955978621e+02
1.323153905100967222e+03 1.323439415514135362e+03 3.537378653804867490e+00 3.236915400981903304e+02
1.434719327023856295e+03 1.400032609388824540e+03 5.695680587760331548e+01 3.254274291992187500e+02
1.897834382642766968e+03 1.899990449678838559e+03 3.614087668363718819e+01 3.239611225962638628e+02
1.823612645340759627e+03 1.700000000000000227e+03 2.168900118471820235e+02 3.104207862973213423e+02
