-1.399999999999767397e+03 -1.399999999999932697e+03 4.869332836430670174e-10 6.042471594810486124e+01
1.777715002838182045e+03 1.084349902729143423e+03 2.750092066072127182e+03 6.060805704593658305e+01
-1.199999999982516329e+03 -1.199999999998673502e+03 3.071186074139704545e-08 6.032561554908752299e+01
-1.099999999835209337e+03 -1.099999999991503955e+03 4.416066176805204630e-07 6.040021845102310039e+01
-9.999999948275069528e+02 -9.999999968644121964e+02 6.871201249513807794e-06 6.042290934324264384e+01
-8.999999999999548663e+02 -8.999999999999988631e+02 9.514782152466695403e-11 6.049672890901565836e+01
-7.999998670606552196e+02 -7.999999681953130448e+02 2.259188197526245604e-04 6.051928570270538188e+01
-6.979998286404677401e+02 -6.999998664563589728e+02 6.000143453026636209e+00 6.047304489612579204e+01
-5.998616788480333071e+02 -5.999996033390870025e+02 3.316348900666453714e-01 6.143396810293197774e+01
-4.999923557698946865e+02 -4.999926039343862385e+02 8.989635305891316777e-03 6.052120199203491069e+01
-3.999999999969714963e+02 -3.999999999988558557e+02 4.384327715231968484e-09 6.057268965244293213e+01
-2.999502520393814393e+02 -2.999999999977371772e+02 2.168462975256875980e-01 6.057733174562454082e+01
-1.999999999954588077e+02 -1.999999999994653592e+02 8.943754462630122366e-09 6.058961374759674356e+01
-9.903726964202103034e+01 -9.999999981207474775e+01 3.626617231435457001e+00 6.050626034736633585e+01
1.026852783399849187e+02 1.003121732565306274e+02 5.957885866444514456e+00 6.056164909601211832e+01
2.000607054827115974e+02 2.000003006696591115e+02 1.480031725990507419e-01 6.073776389360428141e+01
3.015259754066101436e+02 3.020197640124085865e+02 8.790677194732116062e-01 6.049796664714813232e+01
4.012281410342540084e+02 4.020098188155551497e+02 9.878658950645826664e-01 6.054622524976730347e+01
5.000000000000000000e+02 5.000000000000000000e+02 0.000000000000000000e+00 6.050092165470123007e+01
6.000068011405434163e+02 6.000000000101084652e+02 9.268384646566957263e-03 6.048331599235534384e+01
7.050013662626665791e+02 7.000007032199453079e+02 2.179423690271416802e+01 6.062593464851379110e+01
8.031322591755736084e+02 8.000000669364782198e+02 1.365265781084979402e+01 6.063770949840545654e+01
9.564027500766984531e+02 9.500001595276809212e+02 5.923864121935476845e+01 6.064499624967574931e+01
1.000000043792284146e+03 1.000000007853900456e+03 9.274728939418009949e-05 6.163296960592269613e+01
1.100000093378586371e+03 1.100000041076485104e+03 1.197436789629627112e-04 6.159170749187469340e+01
1.200054136451732802e+03 1.200000000315075795e+03 9.569462756475043130e-02 6.168915485143661215e+01
1.345492664681616588e+03 1.301938269311350723e+03 4.930688622327232906e+01 6.167428544759750508e+01
1.400000695953558989e+03 1.400000391798688952e+03 8.708376651106052198e-04 6.086453589200973369e+01
