-1.399999955528093324e+03 -1.399999956606486194e+03 1.344736271376942519e-05 7.844230156898498763e+02
6.483118007206234615e+05 5.828553623786487151e+05 2.535886391854515241e+05 7.962666768550873257e+02
7.203228998767248122e+05 2.738037954971777071e+04 2.228330765111629851e+06 7.938562768578528903e+02
-9.715808426800455209e+02 -9.708293436872492066e+02 6.888856770238227512e+01 8.005997775554657210e+02
-9.999992626411773244e+02 -9.999992772984983276e+02 1.298324011234409405e-04 7.837180056452750705e+02
-8.824421475588621888e+02 -8.868905219275015952e+02 6.503344688908564208e+00 7.840649531006813504e+02
-7.992555739115983897e+02 -7.995954400780696005e+02 9.223131693086914495e-01 8.088268599390983127e+02
-6.790543146005245490e+02 -6.790426047086189101e+02 5.270038628785607415e-02 8.001575585961342085e+02
-5.877207116046769215e+02 -5.875162058496252939e+02 3.350448743010832064e+00 9.205824317574500810e+02
-4.999938464550922390e+02 -4.999920148073429118e+02 5.303209478747575138e-03 7.927325057983398438e+02
-3.758722228911207139e+02 -3.756234825310272640e+02 5.731808629858814896e+00 7.912657231450081099e+02
-2.698527414614389954e+02 -2.716436563291584889e+02 1.017630815056695681e+01 8.016725548982619785e+02
-1.287617994492143794e+02 -1.329211058130435106e+02 1.861193626308675775e+01 8.029915017008781888e+02
1.108752025987005254e+03 1.126876837228749537e+03 2.150463181405008584e+02 7.763146570920944214e+02
3.959252399952633368e+03 3.862721336142843029e+03 9.053301872204222036e+02 7.966380490899085771e+02
2.017869177725348493e+02 2.020054766242894004e+02 8.090254249929837993e-01 8.423018192052841187e+02
3.512153649195157641e+02 3.522800336878956386e+02 1.168074986556405115e+01 7.865894621014595032e+02
4.725516088671637362e+02 4.572952059294352694e+02 4.339819447107063866e+01 8.041597674489021301e+02
5.023949556428266874e+02 5.023295090211045135e+02 4.540433353568165686e-01 7.877937877058982394e+02
6.098591999318432499e+02 6.100773822138523883e+02 6.473988440638910324e-01 7.974852270960807346e+02
9.815605624443420538e+02 1.000090029195744592e+03 8.201159047943387748e+01 8.017992849588393938e+02
1.917220119814056261e+03 1.863415723714266278e+03 2.901998476235201565e+02 7.998979785561562039e+02
4.138792864945445217e+03 4.160733877177887734e+03 8.776967764164569417e+02 8.080852004408836819e+02
1.238465141025845924e+03 1.240081870132886024e+03 6.332421894309777421e+00 9.291606045484543301e+02
1.348436687920592476e+03 1.347068325444645779e+03 7.617302208746931313e+00 9.276791750550270308e+02
1.471100659099954555e+03 1.516916567850231786e+03 6.455277709066771763e+01 9.375706411480903171e+02
1.893785536662755021e+03 1.888969354202128898e+03 6.327727465258675466e+01 9.338979580044746172e+02
1.700214555089128453e+03 1.700211048614870833e+03 4.557060157397981037e-02 8.183977541565894853e+02
