-1.400000000000000000e+03 -1.400000000000000000e+03 0.000000000000000000e+00 4.678081968545913583e+02
6.760885073931906663e+04 5.224297669624125410e+04 5.766528044581668655e+04 4.681938203454017753e+02
7.203267183229603688e+03 -1.199968763429966202e+03 3.454812217637390859e+04 4.674686491608619576e+02
9.648786189468828525e+03 8.249121086647130142e+03 6.029593375132760229e+03 4.684316632986068498e+02
-9.999999998204672238e+02 -9.999999998577931137e+02 1.196072356110308795e-07 4.653497371435165633e+02
-8.860992707125458310e+02 -8.901875770334886511e+02 2.010401711091766686e+01 4.659007727503776550e+02
-7.999243794448268545e+02 -7.999972337432618588e+02 1.752263036046369515e-01 4.682810307502746809e+02
-6.796866734928187270e+02 -6.796857488775613092e+02 1.208454772135180572e-01 4.648271489024162406e+02
-5.974297259487336760e+02 -5.972531155208364453e+02 1.656362415038390878e+00 4.748421414494514465e+02
-4.998930279228524114e+02 -4.999175615771216599e+02 6.420831564353328413e-02 4.680734745502471696e+02
-3.949257100682789883e+02 -3.955226842430801639e+02 2.266670823212753927e+00 4.682336480021476746e+02
-2.887072260438998228e+02 -2.895529374572490724e+02 4.474818518287043467e+00 4.683966732025146484e+02
-1.787379151830280364e+02 -1.786378385021142776e+02 8.603715048819415401e+00 4.678570589542388802e+02
1.479732804334979051e+02 9.782154254633633172e+01 1.678944583138197970e+02 4.672011059999466056e+02
9.145344604317375570e+02 9.621015013881092273e+02 3.211578034161748860e+02 4.671350786089897156e+02
2.002166699943009576e+02 2.001825508191042218e+02 1.748877164524902383e-01 4.698134621977806091e+02
3.145616462001160585e+02 3.143966448561038760e+02 2.163185618868199267e+00 4.676303116440773238e+02
4.185219230212426851e+02 4.180578827277751657e+02 4.585344324005018457e+00 4.681709998965263253e+02
5.007247233475520147e+02 5.006696431071719644e+02 2.395235993879566982e-01 4.672386498093604814e+02
6.028619577049497593e+02 6.030291520934965774e+02 5.257622421590670836e-01 4.677198780536651839e+02
1.000000000018020160e+03 1.000000000007900667e+03 2.182045878189128280e-08 4.677034747481346244e+02
1.093266175214292844e+03 1.083597535237276361e+03 1.358187034964202553e+02 4.676079625010490304e+02
1.663840754932120717e+03 1.624511968911631129e+03 3.567842599538728905e+02 4.680747650504112016e+02
1.211824147138177068e+03 1.212491528195836736e+03 3.749810300430171495e+00 4.754174409031867867e+02
1.310542726774917810e+03 1.309809725865477049e+03 4.894093190608391986e+00 4.754380433440208549e+02
1.404112309304874998e+03 1.400023348073440047e+03 5.562086127584418449e+01 4.762435459494590759e+02
1.818280609154961439e+03 1.815240643301779528e+03 2.064256715838907041e+01 4.753864415407180672e+02
1.700000000101019850e+03 1.700000000033633569e+03 1.471232101442722440e-07 4.685900653004646301e+02
