-1.400000000000000000e+03 -1.400000000000000000e+03 5.084229945850414966e-14 4.301481580734252930e+01
5.599870118767576059e+03 5.022061535582195575e+03 5.104248310889891400e+03 4.313461405038833618e+01
3.444273881036646664e+06 -1.200000000000000000e+03 1.501847246004762128e+07 4.301112924814223959e+01
-1.100000000000000000e+03 -1.100000000000000000e+03 0.000000000000000000e+00 4.304143279790878296e+01
-9.999999999998051408e+02 -9.999999999999001830e+02 2.636928558308107428e-10 4.303402419090271280e+01
-8.993778199176861108e+02 -8.999504287951740480e+02 1.376461994386819043e+00 4.300797874927521036e+01
-7.916002390046465962e+02 -7.952848701517316385e+02 1.042896139547249490e+01 4.313514585494995401e+01
-6.838863931439389034e+02 -6.799854481876943737e+02 7.878356270609945256e+00 4.303663709163665629e+01
-5.991699427110615943e+02 -5.992357304066114239e+02 6.148465601886209386e-01 4.386627575159072734e+01
-4.744498517479081556e+02 -4.840883330618186164e+02 2.850362908964184427e+01 4.306257644891739034e+01
-3.989055465508150746e+02 -3.995025204714533515e+02 2.154717690808735320e+00 4.318555690050125406e+01
-2.938629596736973895e+02 -2.950252097523526231e+02 4.646454805769586471e+00 4.318223154544830322e+01
-1.949939946835775686e+02 -1.967861024750166337e+02 6.594588285964480434e+00 4.317322459220886088e+01
-6.573508507785511767e+01 -9.130921665192744285e+01 5.237988573480769361e+01 4.299075654745102071e+01
2.630548934413535562e+02 2.226585874277813559e+02 1.073312991851829992e+02 4.307459695339203165e+01
2.022841816448782879e+02 2.020881067219775673e+02 1.359649764998696497e+00 4.327261440753936483e+01
3.022735341019046018e+02 3.023364412736796112e+02 1.216817643120284842e+00 4.311064879894256308e+01
4.043595416700786700e+02 4.044384555783225323e+02 2.231057303523456437e+00 4.310704579353332377e+01
5.002062826724928755e+02 5.000986467203184134e+02 4.247477998536363097e-01 4.304618120193481445e+01
6.002759576200188576e+02 6.002507141584394503e+02 2.510214950597929873e-01 4.306407870054245279e+01
8.000000000000001137e+02 8.000000000000000000e+02 4.994463469413130552e-13 4.311221690177917765e+01
9.608825368859399987e+02 9.574630915255247601e+02 1.273555660716791351e+02 4.313439840078353882e+01
1.145589999478095933e+03 1.147512811324115773e+03 8.815026512645363255e+01 4.312670159339904785e+01
1.075193395200306213e+03 1.087268047258716706e+03 3.446628050209390182e+01 4.398762454986572124e+01
1.200819277002944546e+03 1.208522918420799215e+03 2.464243218221275455e+01 4.398702560663222982e+01
1.257912221309967435e+03 1.257040521207040001e+03 4.402694192863947364e+01 4.406839189529419087e+01
1.473075074565341083e+03 1.446691503511485735e+03 8.849192817146115431e+01 4.402481535673141622e+01
1.470000000000000000e+03 1.500000000000000000e+03 7.141428428542849360e+01 4.389490255117416240e+01
