-1.400000000000000000e+03 -1.400000000000000000e+03 0.000000000000000000e+00 5.597490445375442647e+01
3.568463627784806704e+03 1.463390715136204562e+03 5.033939477227061616e+03 5.599691519737243794e+01
-1.200000000000000000e+03 -1.200000000000000000e+03 0.000000000000000000e+00 5.597985055446624614e+01
-1.100000000000000000e+03 -1.100000000000000000e+03 0.000000000000000000e+00 5.598448535203933574e+01
-9.999999999999650981e+02 -9.999999999999741931e+02 3.592285506006513596e-11 5.604054645299911641e+01
-8.999456251962407123e+02 -8.999987877926679403e+02 1.284411354299380137e-01 5.589175190925598002e+01
-7.999114888384872302e+02 -7.999999999958502030e+02 2.689348900125098085e-01 5.598451029062270834e+01
-6.870008189667887564e+02 -6.799999796512602188e+02 9.538792752704328137e+00 5.598780059814453125e+01
-5.996063837737922313e+02 -5.999874489376499014e+02 4.423442880589535386e-01 5.660250335931777954e+01
-4.997981578276763912e+02 -4.998545084078228911e+02 2.402985928024909124e-01 5.593577795028686239e+01
-4.000000000000000000e+02 -4.000000000000000000e+02 0.000000000000000000e+00 5.609058355093002035e+01
-2.984080657605417173e+02 -2.985075614143600546e+02 7.311417787797406254e-01 5.607714780569076396e+01
-1.989416111422892186e+02 -2.000000000000000000e+02 1.337246746251790075e+00 5.610425169467926310e+01
-9.903726968839832523e+01 -1.000000000000000000e+02 3.698035724204251196e+00 5.596004649400710917e+01
1.734516787928041879e+02 1.583484539015558994e+02 6.829945339384849490e+01 5.594467419385910034e+01
2.002129700333055382e+02 2.000964284612631445e+02 2.977189091846845215e-01 5.615270389318466471e+01
3.015256198182183880e+02 3.020211382353943463e+02 8.775049739523494985e-01 5.601725200414657735e+01
4.022561044964728012e+02 4.023394620965157173e+02 7.463518414301816284e-01 5.598529034852981567e+01
5.000408493469063842e+02 5.000197293441220268e+02 4.885874431190027206e-02 5.600328924655914165e+01
6.000202394543027822e+02 6.000194318197550274e+02 1.372760427753669590e-02 5.606742024421691895e+01
7.900000000000775344e+02 8.000000000000457021e+02 2.999999999996953548e+01 5.605827175378799154e+01
8.500000000000540012e+02 8.000000000001014087e+02 8.062257748295911597e+01 5.605318605899810791e+01
1.014431768340477674e+03 9.838570783478821795e+02 1.138736792057804337e+02 5.607543339729308940e+01
1.023208239893851555e+03 1.003140010521891327e+03 3.245548826836075307e+01 5.671268110275268270e+01
1.132013916790437861e+03 1.100000000000739874e+03 4.553804590291096588e+01 5.671186845302581503e+01
1.208029750122041605e+03 1.200435134724740237e+03 1.308806073329325947e+01 5.677090265750884868e+01
1.384177320069620009e+03 1.405328650858608853e+03 6.246699172640772701e+01 5.673216675519942953e+01
1.440000000000934733e+03 1.400000000003150717e+03 4.898979485498836084e+01 5.610657565593719198e+01
