-1.400000000000000000e+03 -1.400000000000000000e+03 0.000000000000000000e+00 4.972591209411621094e+01
2.706813559176371200e+03 1.777360942177233483e+03 3.637711109991091234e+03 4.991965304613113119e+01
-1.200000000000000000e+03 -1.200000000000000000e+03 0.000000000000000000e+00 4.962770885229110718e+01
-1.100000000000000000e+03 -1.100000000000000000e+03 0.000000000000000000e+00 4.964713085889816568e+01
-9.999999999999929514e+02 -9.999999999999940883e+02 8.066920324283714407e-12 4.974153165817260458e+01
-9.000000000000000000e+02 -9.000000000000000000e+02 7.626344918775622765e-14 4.972587710618972778e+01
-7.999999999999927240e+02 -8.000000000000000000e+02 3.150320531590358764e-11 4.981767890453338765e+01
-6.949998418557995592e+02 -6.999999999999996589e+02 8.660527953557078717e+00 4.971255614757537700e+01
-5.998875134034290113e+02 -6.000000000000000000e+02 2.677716595269850064e-01 5.058327380418777608e+01
-4.999794090985315052e+02 -4.999901353279390150e+02 2.171433372103198992e-02 4.976654405593872355e+01
-4.000000000000000000e+02 -4.000000000000000000e+02 0.000000000000000000e+00 4.984645909070968628e+01
-2.996517643300173290e+02 -3.000000000000000000e+02 5.693913456781058979e-01 4.984826945066451742e+01
-1.995097678763281124e+02 -2.000000000000000000e+02 9.990467153466864314e-01 4.985466920137405111e+01
-9.810575670239479962e+01 -9.968782674401859367e+01 5.011272582882860149e+00 4.976780260801315592e+01
1.183682047502715733e+02 1.003121732559814063e+02 3.616464906549948921e+01 4.973500664234161661e+01
2.000469178404190416e+02 2.000000000000006253e+02 1.408371225179994302e-01 5.005839990377425863e+01
3.017286320306621974e+02 3.020257323738570108e+02 7.248918276936909821e-01 4.980456041097640707e+01
4.016232590560472318e+02 4.020833513605540475e+02 8.840900497018834292e-01 4.979048739671706869e+01
5.000108567154709931e+02 5.000000000000000000e+02 1.789259487099760515e-02 4.970177669525146769e+01
6.000165170467919324e+02 6.000194318197550274e+02 6.938547500843657984e-03 4.964742670059204244e+01
7.500000000000668479e+02 7.500000000002812612e+02 4.999999999993482902e+01 4.992873560190200521e+01
8.161556442610788054e+02 8.000000000000002274e+02 7.042082070182571840e+01 4.994635080099105551e+01
9.918580296314369207e+02 9.419285391740031628e+02 1.101567789131716921e+02 4.988394069671630859e+01
1.001097235384756800e+03 1.000000000000000000e+03 4.119454532011572745e+00 5.076486489772796773e+01
1.105000000000001364e+03 1.100000000000000227e+03 2.179449471770298885e+01 5.074438940286636068e+01
1.200909644993092570e+03 1.200000000000000000e+03 3.228128795219976421e+00 5.083354240655899048e+01
1.365566577164679984e+03 1.400000000000000000e+03 5.101609089411162046e+01 5.080843999385833598e+01
1.405000000000260798e+03 1.400000000000000909e+03 2.179449471764353063e+01 5.001958765983581401e+01
