-1.399993967686237056e+03 -1.399997320645420587e+03 1.253131840804721717e-02 5.560059889554977275e+01
3.177772091937242749e+03 1.431380397550472935e+03 4.709276692224959334e+03 5.573546054363250590e+01
-1.088801447155415644e+03 -1.182951364429334262e+03 2.962752793214293092e+02 5.563702324628830098e+01
-4.755504362661704363e+02 -9.645922975291950934e+02 1.247840754861752202e+03 5.569248985052108480e+01
-9.999596033398014470e+02 -9.999675204320869852e+02 3.973906477000938714e-02 5.566435605287551880e+01
-8.999854700559820913e+02 -8.999961965046874184e+02 2.103019785028126601e-02 5.560840075016021444e+01
-7.983029848233654775e+02 -7.992550743294559652e+02 2.247492242795376516e+00 5.576050530672073080e+01
-6.927336297249091785e+02 -6.977540097566130726e+02 8.544259692792270044e+00 5.572327505350112631e+01
-5.995021770446840037e+02 -5.994335893851982746e+02 3.096974991341205907e-01 5.657176090478897379e+01
-4.993085708112537873e+02 -4.995213607827896567e+02 5.900608722462179490e-01 5.569369114637375162e+01
-3.999765588340544014e+02 -3.999948766900756709e+02 4.195275408577868459e-02 5.577755155563354350e+01
-2.982657801631294774e+02 -2.987852422810824464e+02 1.423271695260133418e+00 5.577810335159301758e+01
-1.988976914707739354e+02 -1.996906118195870761e+02 1.140049128939943479e+00 5.578754789829254435e+01
-9.976314964894854143e+01 -9.985295916524665927e+01 2.227543187325656815e-01 5.572297579050064087e+01
1.680360987778640833e+02 1.686016896598718517e+02 5.945477326084505876e+01 5.570838375091553019e+01
2.006178724865355321e+02 2.006401881925142447e+02 2.431258932921198102e-01 5.599379274845123433e+01
3.014075589774363380e+02 3.020450234929578528e+02 9.117365708391323986e-01 5.573098053932189799e+01
4.020425414870367149e+02 4.022881034428648377e+02 7.607777002672352351e-01 5.569329065084457397e+01
5.000704836011232146e+02 5.000603824143866518e+02 5.308711236572474790e-02 5.563903079032898091e+01
6.000655714943641215e+02 6.000196108318953065e+02 1.152084195323211102e-01 5.567743710279464864e+01
7.460416457433639152e+02 7.033488467484050943e+02 4.902931996950380977e+01 5.583325304985046245e+01
8.207130513952461115e+02 8.005716069614543358e+02 5.093786074263365293e+01 5.584183155298232748e+01
1.056389907911338469e+03 1.034683245122590279e+03 1.108890485422559067e+02 5.583885455131530762e+01
1.021439480457022000e+03 1.019187640913960877e+03 2.240882859834007235e+01 5.672615455389022543e+01
1.135068523458812251e+03 1.116819623122240046e+03 4.075005674717293402e+01 5.674485630989074991e+01
1.205663760215837783e+03 1.201800032574445595e+03 9.857077194432010359e+00 5.678397386074065878e+01
1.352202509475043826e+03 1.331186034876780013e+03 4.092923115435770143e+01 5.674704504013061523e+01
1.430925580100089519e+03 1.401690022849404158e+03 4.534043503069150205e+01 5.592318766117095663e+01
