-1.400000000000000000e+03 -1.399999999999999773e+03 2.033691978340165987e-13 9.331945475459099271e+02
3.271205843579604407e+05 2.856690567154415185e+05 1.545703827349797939e+05 1.112693964755535035e+03
3.493400044916173816e+07 3.286889983558385819e+07 3.159293482950400561e+07 1.072274953103065400e+03
3.910082575203567103e+04 1.371440761897555421e+04 4.745435410910836072e+04 1.062177439844608216e+03
-9.999997072049269491e+02 -9.999996999012359993e+02 2.622510525392283663e-05 1.112555002593994232e+03
-8.876861907125073685e+02 -8.909733529522854951e+02 7.053370428424281968e+00 1.107619935953617187e+03
-7.760555195319095674e+02 -7.754021160792797218e+02 1.278593405484543410e+01 1.098420873594284103e+03
-6.790512193947226933e+02 -6.790472089173978247e+02 3.905646355933339170e-02 1.055818526244163422e+03
-5.619486922372312847e+02 -5.596039725170700194e+02 5.621661670753383078e+00 1.179519804453849702e+03
-4.998675146269238212e+02 -4.998928115056964998e+02 7.298846288150630246e-02 9.516188317060471036e+02
-3.633855518374867870e+02 -3.646789963400884744e+02 1.182533443585512067e+01 9.408316077947616805e+02
-2.385880166260702993e+02 -2.558430657833066562e+02 5.032866447547381483e+01 9.527675180554390408e+02
-7.199336913240640001e+01 -8.653160853450572176e+01 4.412955823165026459e+01 9.844266701579093706e+02
1.796515548913858311e+03 1.866725403795227066e+03 4.333144983523013707e+02 9.477316686511039734e+02
7.783724112061298911e+03 7.789287892856372309e+03 2.874682951286217190e+02 9.586983359932899020e+02
2.026172071915317474e+02 2.026339603309241966e+02 4.217211726856684995e-01 1.015150828003883362e+03
3.648408016361036630e+02 3.645245362775092417e+02 1.298766239319175853e+01 9.567437915444373857e+02
5.763398518112386455e+02 6.017357602498591405e+02 5.451744810371551608e+01 9.507872293591499329e+02
5.026410206591501151e+02 5.026574385808434045e+02 5.411381186111804409e-01 1.113742931902408600e+03
6.138533580789344342e+02 6.150000000000000000e+02 1.465431066704212748e+00 9.669167922019958041e+02
9.793153766509531124e+02 1.000000000000000682e+03 7.156428189742754853e+01 9.619172327518463135e+02
2.687483360858684136e+03 2.609417341026506165e+03 5.545055515595158795e+02 9.661012915492058255e+02
7.982625050179676691e+03 8.520660075704185147e+03 1.547269889293536835e+03 9.713187207579612732e+02
1.263176561723869327e+03 1.262143267620587494e+03 1.795618955499191216e+01 1.259040643894672485e+03
1.371527687743350043e+03 1.367739838479982154e+03 1.262139237861837238e+01 1.265530985200405212e+03
1.547521508398152037e+03 1.560012637060569887e+03 6.714952736989003768e+01 1.242138299906253906e+03
2.371251432245762771e+03 2.394086101725120898e+03 1.709330569833514062e+02 1.272355347704887436e+03
1.700000000000000682e+03 1.700000000000001364e+03 6.933965179076452516e-13 9.811638637065886996e+02
