-1.400000000000000000e+03 -1.399999999999999773e+03 1.833145176601317471e-13 6.876971132993697893e+02
3.272830462610256509e+05 3.140764502127089072e+05 1.628157833210913814e+05 8.101333891034125827e+02
8.755086254790412262e+06 2.840471723789245822e+06 1.172357315884901583e+07 7.768042637944221269e+02
1.445411768702233348e+04 1.244268312157657419e+04 5.993297019783411088e+03 8.135689650058745883e+02
-9.999998536402551963e+02 -9.999998509715719592e+02 1.521890871701774138e-05 8.029505105018615723e+02
-8.847693314179356321e+02 -8.905705708304590189e+02 8.204205515108050406e+00 7.959746225476264954e+02
-7.917807038616695081e+02 -7.912834671972054821e+02 5.654688115052861619e+00 7.222630610466003418e+02
-6.790657401032809730e+02 -6.790590595795479203e+02 5.301488278826999023e-02 7.827009187459946133e+02
-5.807178385890774734e+02 -5.834761353997751030e+02 8.348793231568272688e+00 9.346206757426261902e+02
-4.999703050593523699e+02 -4.999728906097586218e+02 1.949698396789747643e-02 7.067252196073532104e+02
-3.655247064848953187e+02 -3.676638482768347558e+02 1.056845091371675771e+01 7.000289958477020491e+02
-2.638920006507606786e+02 -2.666689043559177890e+02 1.051114842565572438e+01 7.021610957980155945e+02
-1.103732119633309594e+02 -1.126951603868290874e+02 1.892476639529185434e+01 7.766216383576393127e+02
1.400600049492413291e+03 1.536625857319068928e+03 3.524382096412974761e+02 6.964935298442840121e+02
4.414813066741180592e+03 4.277357295616864576e+03 8.294977277705343113e+02 6.992119730472564925e+02
2.017998623467074140e+02 2.018203931948763170e+02 6.062601853625858572e-01 8.010662311553954851e+02
3.622802070759523190e+02 3.639075822336405963e+02 1.413045182735350380e+01 6.935030782461166154e+02
4.570684206273654127e+02 4.609221253600432533e+02 1.571837731357007328e+01 7.441298622012138821e+02
5.030017748067053844e+02 5.029035436409033082e+02 6.731815495478311595e-01 8.052347187995910645e+02
6.131938927522706990e+02 6.126867234948401801e+02 1.734085312271465451e+00 7.429629446029663313e+02
9.893153766509528850e+02 1.000000000000000227e+03 6.659683859219913415e+01 7.459189670562743686e+02
2.424174328180918110e+03 2.431643768087807075e+03 4.184987089675624361e+02 7.375912731528281938e+02
5.123202160610502688e+03 5.165498899055110087e+03 7.089676616582331690e+02 7.232808001518249057e+02
1.244910309489574274e+03 1.243821036556911167e+03 7.935344654187074021e+00 9.434224645495414734e+02
1.353439472998777092e+03 1.352784479060464037e+03 6.460466858240116572e+00 9.434769189953804016e+02
1.499824214669456978e+03 1.530542027602147300e+03 5.782447841615500295e+01 9.500187397956848372e+02
1.993387211720154937e+03 2.002275270289897435e+03 5.983896107049048396e+01 9.464089597940444492e+02
1.700000000000000455e+03 1.700000000000000455e+03 1.833145176601317471e-13 7.745668105483055115e+02
