-1.400000000000000000e+03 -1.400000000000000000e+03 0.000000000000000000e+00 6.708287345170974447e+01
3.203975449251631289e+03 1.024600032571078145e+03 4.827626675535616414e+03 6.753211960792540935e+01
-1.200000000000000000e+03 -1.200000000000000000e+03 0.000000000000000000e+00 6.718443955183029459e+01
-1.100000000000000000e+03 -1.100000000000000000e+03 0.000000000000000000e+00 6.721048790216445923e+01
-9.999999999999857891e+02 -9.999999999999920419e+02 1.557800090537115410e-11 6.721501489877701374e+01
-8.999998442196672386e+02 -8.999999999977798097e+02 6.616471925964227674e-04 6.737436959743499187e+01
-7.985965811360322277e+02 -7.999836480996715409e+02 4.496068018529546073e+00 6.729538024663925455e+01
-6.854200978156238762e+02 -6.799999300836648217e+02 8.410768437997804270e+00 6.723932476043701456e+01
-5.995817610670316071e+02 -5.996991769900341751e+02 4.226543835106953417e-01 6.829714764356613443e+01
-4.993665760094903590e+02 -4.998138055483447033e+02 9.074806048908675704e-01 6.733303949832915691e+01
-3.994030245657440332e+02 -3.995025204714533515e+02 6.599811748288522129e-01 6.737062759399414347e+01
-2.971643702160293969e+02 -2.980100818858134062e+02 2.360271072958545879e+00 6.737738530635833456e+01
-1.971312700526700610e+02 -1.971206152715606379e+02 8.762174754869324067e-01 6.738034160137176798e+01
-9.513370368752023865e+01 -9.968782674401859367e+01 1.648852548857049527e+01 6.722724364995956137e+01
1.495341861048451051e+02 1.252919169042640419e+02 5.197036442927792876e+01 6.721853399276733398e+01
2.014137758562040972e+02 2.010398544357828996e+02 9.974661636126214148e-01 6.755391135215759846e+01
3.018725943887283734e+02 3.021283177733871526e+02 1.121969408443841187e+00 6.726659665107726482e+01
4.027775130312361398e+02 4.024776202355993746e+02 2.065458183234903711e+00 6.738307675123215290e+01
5.000512377693523263e+02 5.000197293441223110e+02 5.744420204712518546e-02 6.731781854629517170e+01
6.000678277067938780e+02 6.000194318197550274e+02 8.219021671757195668e-02 6.727254273891449543e+01
7.750000000000000000e+02 8.000000000000000000e+02 4.330127018922193827e+01 6.738211075067519573e+01
8.465666196377860615e+02 8.119064486507387528e+02 6.756173018020396626e+01 6.740362174510956095e+01
1.092586140519081255e+03 1.182490187298213414e+03 1.204914028594549933e+02 6.733632410764694498e+01
1.031795738057845028e+03 1.018955138968199890e+03 2.964599593129544175e+01 6.848705124855041504e+01
1.126058434164906430e+03 1.100000000000000000e+03 4.517476380788975376e+01 6.850752179622649862e+01
1.206827373176590072e+03 1.200258041854945986e+03 2.045344136232491294e+01 6.854710235595703693e+01
1.356969600798908687e+03 1.307319476998249229e+03 7.441820402657992872e+01 6.855422465801238729e+01
1.445000000000000000e+03 1.400000000000000000e+03 4.974937185533099893e+01 7.015808094739914225e+01
