-1.399833856002151606e+03 -1.399837771684251720e+03 3.191381305875322372e-02 1.014516670060157821e+03
1.534466014903947245e+06 1.491579905143084470e+06 5.122053900459350552e+05 1.018902140450477646e+03
2.364450885842184653e+05 1.050600232398406952e+05 3.430459164571638685e+05 1.019838247346878006e+03
-1.083930439297512748e+03 -1.096571535398407832e+03 2.925635107188479012e+01 1.017451991808414505e+03
-9.998448424801587180e+02 -9.998510755999745925e+02 2.730464985720918586e-02 1.015581075692176796e+03
-8.837068791418575984e+02 -8.848181729152231583e+02 3.394404353199633739e+00 1.010676502549648262e+03
-7.990776280676801662e+02 -7.992032898717274065e+02 8.168994965785468798e-01 1.031339631557464600e+03
-6.790547680507511359e+02 -6.790393875731733715e+02 6.180365330093246651e-02 1.009756526648998260e+03
-5.794160100392672348e+02 -5.790761540022205054e+02 8.534709030712637201e+00 1.161523050451278777e+03
-4.990276799425126910e+02 -4.990117220900170878e+02 5.347517437794158807e-02 1.021142410039901733e+03
-3.786249140340884765e+02 -3.799056894443648389e+02 5.506310239969733011e+00 1.020573574757576012e+03
-2.240556584315995678e+02 -2.700055995162622366e+02 6.959618145148745327e+01 1.024821784102916808e+03
-7.473373655302280838e+01 -4.258358637002685043e+01 5.108226911692017325e+01 1.023358841049671128e+03
1.053301051384258699e+03 1.053976221819229067e+03 2.937126831838450585e+02 1.001963460958004021e+03
6.783998088541973630e+03 7.112928103709435163e+03 1.135264277583215289e+03 1.009719109201431252e+03
2.023962991555433462e+02 2.023904410123668072e+02 3.180549709515967938e-01 1.060450746548175857e+03
3.554586222058539420e+02 3.571786546980853245e+02 7.455230207786268437e+00 1.016729577803611733e+03
5.909541812676671952e+02 5.945516649125753474e+02 1.407538794149746586e+01 1.022876170706749008e+03
5.027875541769531083e+02 5.027639274319286073e+02 3.783184092971883516e-01 1.016257466542720749e+03
6.104652352232567409e+02 6.107621355227666982e+02 8.581664038588145971e-01 1.012358698153495766e+03
9.729424017606874031e+02 1.005397301874062123e+03 6.190689741066373841e+01 1.028970109200477509e+03
1.753308279639383272e+03 1.731937081357471470e+03 3.259567839990016864e+02 1.024749587750434785e+03
7.402270329065182523e+03 7.764639581176028514e+03 1.398805158713846595e+03 1.026638154697418258e+03
1.233648473781119719e+03 1.232882843419388337e+03 4.233813144327942091e+00 1.174070604407787414e+03
1.346641479716484810e+03 1.346978804114804461e+03 4.879006742791137441e+00 1.170304794502258346e+03
1.445729949970504549e+03 1.400132491152311559e+03 6.249168448631797190e+01 1.186308450007438751e+03
1.884441384814301273e+03 1.880591084844736997e+03 6.645122005023250722e+01 1.180808644497394653e+03
1.712390719107131417e+03 1.711952832166673488e+03 1.582408597646222326e+00 1.045031074798107056e+03
