-1.400000000000000000e+03 -1.400000000000000000e+03 0.000000000000000000e+00 3.045323495984077340e+02
7.451705801230283396e+04 5.606664184359303908e+04 6.793780578789509309e+04 3.212544090509414900e+02
1.931757805604859414e+03 -1.199999999894898792e+03 1.362233928240271780e+04 3.157921335458755721e+02
1.563771965985786846e+04 1.323671815077397332e+04 8.304702424158454960e+03 3.207980401039123421e+02
-9.999999505997013785e+02 -9.999999546060132616e+02 1.607699261052717940e-05 3.198421846032142639e+02
-8.906570720539250487e+02 -8.901875771402818600e+02 2.046480937074031559e+00 3.192714114427566301e+02
-7.999808741163642480e+02 -7.999963093500970217e+02 4.329094692733042454e-02 3.137404042482376099e+02
-6.796691648144171722e+02 -6.796496021708012449e+02 8.605406085752650980e-02 3.143763980984687691e+02
-5.948738212900136659e+02 -5.949030533601323896e+02 2.456032714268118866e+00 3.362333577394485360e+02
-4.999080665320836374e+02 -4.999274335428548284e+02 7.066158770068177442e-02 3.069769533038139571e+02
-3.955226849987530500e+02 -3.960201637716268124e+02 2.301345605246670978e+00 3.062171995997429121e+02
-2.913936086901802582e+02 -2.925378070718003300e+02 3.779203286414432483e+00 3.070211672067642326e+02
-1.747807594344058657e+02 -1.762969151926303084e+02 1.172374989696569081e+01 3.071436586976051331e+02
6.463469296959291910e+01 6.581811300013191612e+01 1.244851142619408932e+02 3.060454016566276323e+02
1.147698939038379194e+03 1.129130360336172544e+03 3.321293320184222466e+02 3.099304589033126831e+02
2.006862763360781514e+02 2.006664717148200907e+02 3.634221604574346953e-01 3.200269855022430647e+02
3.147419227815140630e+02 3.147309212373831997e+02 3.209269950878416822e+00 3.062227197408676034e+02
4.164076658933076942e+02 4.161581505801951835e+02 3.108933689810343015e+00 3.110555908441543806e+02
5.006422098812134323e+02 5.006352554790861404e+02 1.227864404964860157e-01 3.182293963074683916e+02
6.033857576172497375e+02 6.035186079552822775e+02 3.283994852160460054e-01 3.208674822926521415e+02
1.000000000000000000e+03 1.000000000000000114e+03 1.078528041546762515e-13 3.115350391507148515e+02
1.124652264546836477e+03 1.094356862332238961e+03 1.224367328611769352e+02 3.090351746559143180e+02
1.930076818877600090e+03 1.885416097628954276e+03 3.758431118248588518e+02 3.121121635556220895e+02
1.211557028274169170e+03 1.211147805222964962e+03 3.128781176953604692e+00 3.379691797018051034e+02
1.308987203056098451e+03 1.309825622425473284e+03 4.550364125818691541e+00 3.361215499043464661e+02
1.416193735551863483e+03 1.400022451754213307e+03 3.850317969911210270e+01 3.395269559979439009e+02
1.816003397494907404e+03 1.814180754851302027e+03 1.275278978933443774e+01 3.359006873965263367e+02
1.700000000000000000e+03 1.700000000000000000e+03 1.525268983755124553e-13 3.144532761573791504e+02
