-1.400000000000000000e+03 -1.400000000000000000e+03 0.000000000000000000e+00 5.822377305030822470e+01
2.040893209954580470e+03 6.633087337264552161e+02 3.477582530086365296e+03 5.834417150020599507e+01
-1.200000000000000000e+03 -1.200000000000000000e+03 0.000000000000000000e+00 5.821539554595947408e+01
-1.100000000000000000e+03 -1.100000000000000000e+03 0.000000000000000000e+00 5.823858624696731567e+01
-9.999999999758049398e+02 -9.999999999986462171e+02 5.149061853747583467e-08 5.825583080053329610e+01
-9.000000000000000000e+02 -9.000000000000000000e+02 0.000000000000000000e+00 5.821482305526733114e+01
-7.999999999128832542e+02 -7.999999999910990027e+02 1.373374910081401605e-07 5.823926479816437052e+01
-6.929998580085159574e+02 -6.999999999351775841e+02 9.539585453366358436e+00 5.819410769939422323e+01
-5.997000347483592577e+02 -5.999999953247107669e+02 3.673789696888457024e-01 5.890455075502395488e+01
-4.999780533220597931e+02 -4.999815049717717557e+02 2.148385122745975762e-02 5.822231360673904277e+01
-4.000000000000000000e+02 -4.000000000000000000e+02 0.000000000000000000e+00 5.832654819488525533e+01
-2.997512602357266474e+02 -3.000000000000000000e+02 4.308299095841001680e-01 5.830823163986205770e+01
-2.000000000000000000e+02 -2.000000000000000000e+02 2.377930816618560251e-14 5.832900054454803751e+01
-9.908409567679544239e+01 -9.999999999999988631e+01 3.636716062772989755e+00 5.824078055620193339e+01
1.224100421838261354e+02 1.167572201841823016e+02 3.106259836100534599e+01 5.824214495420456217e+01
2.000000004900740009e+02 2.000000002515599249e+02 6.438202662508932925e-07 5.844336224794388102e+01
3.015231749079134147e+02 3.020197639804966911e+02 8.783930841425768854e-01 5.824859050512313985e+01
4.014646238334085524e+02 4.020267436707217144e+02 9.282507542585943794e-01 5.827497539520263814e+01
5.000044391024250103e+02 5.000000000000000000e+02 1.186839352894871434e-02 5.830845669507980489e+01
6.000145738648164979e+02 6.000194318197550274e+02 8.414224774807013349e-03 5.827587355375290201e+01
7.150000008501453976e+02 7.000000001560033525e+02 3.570714180734407961e+01 5.835078300237655924e+01
8.000000000110909468e+02 8.000000000039115093e+02 1.817171406766329505e-08 5.833336529731750630e+01
9.870025617190079856e+02 1.000000000002508841e+03 9.067520810763292616e+01 5.835322690010070801e+01
1.000947613398701833e+03 1.000000000003708919e+03 4.130551004065232235e+00 5.901407029628753520e+01
1.105000000046450396e+03 1.100000000014930038e+03 2.179449470709525372e+01 5.903636289834976481e+01
1.200366141343671870e+03 1.200080948985142641e+03 9.230447779062095348e-01 5.908502429723739624e+01
1.350905484262274058e+03 1.351002065387753419e+03 5.021291384419620130e+01 5.907592689990997314e+01
1.400000000229725629e+03 1.400000000073195679e+03 4.284462685252660582e-07 5.841059145927429341e+01
