-1.400000000000000000e+03 -1.400000000000000000e+03 5.332385353339566030e-13 6.546643400192260742e+01
3.177505551716905757e+03 8.771501729871467887e+02 4.407805934712760973e+03 6.561578199863433269e+01
-1.199999999999840156e+03 -1.199999999999939973e+03 1.868715823162870528e-10 6.549142160415649982e+01
-1.099999999999757392e+03 -1.099999999999914053e+03 4.065453938179048458e-10 6.550845849514007568e+01
-9.999999998126966148e+02 -9.999999998644539119e+02 1.914550687820933115e-07 6.558715904951095865e+01
-8.999999999998966587e+02 -8.999999999999947704e+02 2.118557652592136245e-10 6.546024674177169800e+01
-7.999999880960724568e+02 -7.999999938874017289e+02 1.170147047118506128e-05 6.556511495113372234e+01
-6.899996365828709486e+02 -6.899999660931985090e+02 1.000035470840547625e+01 6.557682235240936564e+01
-5.996367895866467279e+02 -5.999995455718142239e+02 4.141720682684070787e-01 6.626631189584732340e+01
-4.999568442547476366e+02 -4.999728746121023732e+02 4.168144519573006856e-02 6.554957134723663614e+01
-3.999999999999987494e+02 -3.999999999999998863e+02 3.362541681012681044e-12 6.560900124311447712e+01
-2.994527725185652116e+02 -2.995025204714410734e+02 5.865197141315878770e-01 6.559746379852295206e+01
-1.996504352733359724e+02 -1.999999999999972147e+02 8.456017849140143872e-01 6.561362454891204266e+01
-9.914653032798335630e+01 -9.999999999999596412e+01 3.649203137822533805e+00 6.556952265501021770e+01
1.308435035777217195e+02 1.169133068122398527e+02 3.772107411944818978e+01 6.557048840522766397e+01
2.000703436683261032e+02 2.000001478763776959e+02 2.105586433643013844e-01 6.578192360401153849e+01
3.017178477804004615e+02 3.020197639805132894e+02 7.216435867758612677e-01 6.555563920736312866e+01
4.019769431584072663e+02 4.020826759626881994e+02 5.451298369449676384e-01 6.555888545513153076e+01
5.000148025843155892e+02 5.000197293441220836e+02 1.722632068307488121e-02 6.554772119522094442e+01
6.000155454558043857e+02 6.000194318197550274e+02 7.772727901738109638e-03 6.555147900581360432e+01
7.600000035116302115e+02 8.000000003174371841e+02 4.898979225742961319e+01 6.566844855546951010e+01
8.100000005332301498e+02 8.000000005228454256e+02 2.999999995915617745e+01 6.565769510269164755e+01
9.886121031204093015e+02 9.393837507783863430e+02 1.045784239308076025e+02 6.569387855529785725e+01
1.004108157183835829e+03 1.000000000646028184e+03 1.351329986311638365e+01 6.637996674776077555e+01
1.115000001506892204e+03 1.100000001744883320e+03 3.570714152109074746e+01 6.638264734745025919e+01
1.200710901109839369e+03 1.200435134724743875e+03 1.238422754022679984e+00 6.640408129692077921e+01
1.353534574024987251e+03 1.356604734786628342e+03 5.093103921858478600e+01 6.640690565109252930e+01
1.440000004716773901e+03 1.400000013033706182e+03 4.898979175413646914e+01 6.574859580993651775e+01
