-1.400000000000000000e+03 -1.400000000000000000e+03 5.084229945850414966e-14 5.753470194339752197e+01
2.160052375853995841e+02 -1.086184416599232918e+03 2.698195333801639663e+03 5.768553519248962402e+01
-1.199999999999999318e+03 -1.200000000000000000e+03 2.045731387947957077e-12 5.751254864931106425e+01
-1.099999999999999773e+03 -1.100000000000000000e+03 5.729636163029750633e-13 5.758121404647827291e+01
-9.999999999661486072e+02 -9.999999999995957296e+02 1.207189914725638413e-07 5.747280019521713257e+01
-9.000000000000000000e+02 -9.000000000000000000e+02 0.000000000000000000e+00 5.756104110479354574e+01
-7.999999991385360545e+02 -7.999999997061183876e+02 1.545254354566474103e-06 5.764197404384613321e+01
-6.909998550938354356e+02 -6.999999968874444676e+02 9.950033705143654927e+00 5.750791139602661417e+01
-5.998372523906114111e+02 -5.999999758771191409e+02 3.291728143971131004e-01 5.838702005147933960e+01
-4.999940821822428916e+02 -4.999926039596658711e+02 6.354258597440824025e-03 5.761082060337066935e+01
-3.999999999999998863e+02 -4.000000000000000000e+02 3.890764891968411562e-13 5.771248164176940776e+01
-2.999502520471411913e+02 -3.000000000000000000e+02 2.168462991405442075e-01 5.772029180526733683e+01
-1.999999999999995737e+02 -2.000000000000000000e+02 1.411803894583694386e-12 5.771202545166015341e+01
-9.979708738356093534e+01 -9.984391337169284952e+01 2.267289235102957490e-01 5.760550035238266275e+01
1.096205519020290211e+02 1.003121732559843622e+02 2.634749682355962364e+01 5.763948724269867085e+01
2.000133344841915175e+02 2.000000007611112665e+02 5.809376460016538180e-02 5.784818530082702637e+01
3.014237835281268190e+02 3.020225124902920015e+02 9.322541969698510123e-01 5.759879064559936523e+01
4.014170998184654309e+02 4.020034971622949911e+02 8.944485573415810187e-01 5.763915114402770712e+01
5.000004960217073631e+02 5.000000000000000000e+02 2.162108496359181446e-03 5.754560655355453491e+01
6.000106875008657425e+02 6.000194318197550274e+02 9.667208267765197219e-03 5.757437750101089335e+01
7.200000047335364570e+02 7.000000026452903512e+02 3.999999788244784327e+01 5.775939104557037496e+01
8.000000001910914307e+02 8.000000000613197244e+02 2.768844632070144470e-07 5.774149085283279703e+01
9.881751517280321195e+02 1.000000000413602720e+03 9.806349438033305432e+01 5.772214330434799479e+01
1.000000000072650664e+03 1.000000000040257532e+03 1.043243410617188914e-07 5.851202274560928629e+01
1.115000000908801212e+03 1.100000000249221557e+03 3.570714178458757004e+01 5.852132143974304057e+01
1.200158872562390343e+03 1.200080948985143550e+03 1.839990105696758804e-01 5.857820334434509135e+01
1.347144172864726670e+03 1.304341786185419323e+03 4.997132843991196438e+01 5.854369224309921549e+01
1.400000006441948017e+03 1.400000002687139613e+03 7.657335541339586104e-06 5.785127325057983683e+01
