-1.400000000000000000e+03 -1.399999999999999773e+03 1.686248307827477949e-13 8.521794013500214078e+02
1.992527901788350195e+06 1.920244400777356466e+06 8.807062338042644551e+05 8.193993348002434232e+02
1.571198960166132689e+09 7.448290109028842449e+08 2.021583433091784716e+09 8.201433037519454956e+02
3.798417438584691990e+04 3.691778767729438550e+04 1.217766585582459993e+04 8.152435587525367282e+02
-9.999999999998977955e+02 -9.999999999998965450e+02 4.106227883911599662e-11 8.294338383436203230e+02
-8.724889424271998450e+02 -8.788848361930561168e+02 2.061880580633687288e+01 8.120669846534729004e+02
-6.241400042322245554e+02 -6.257323774912672434e+02 2.940020439813000408e+01 8.405013480424880754e+02
-6.790804436543996871e+02 -6.790460083274822409e+02 8.864139047436007945e-02 8.263812698006629489e+02
-5.656260477444786829e+02 -5.640136833176495657e+02 4.356740280279095323e+00 1.013186375343799568e+03
-4.997787005711899155e+02 -4.997880068073478128e+02 7.650692586937676842e-02 8.205537985920906294e+02
-4.000000000000000000e+02 -4.000000000000000000e+02 2.542114972925207483e-14 8.588268408417701494e+02
-4.542836566040033119e+01 -5.972912906378070375e+01 4.771432254659072214e+01 8.319723695993423007e+02
1.385504421169045486e+02 1.271946517929963250e+02 7.009156636926095985e+01 8.294358694434165500e+02
6.209890793306431078e+01 3.596119349069886084e+01 1.414368465602936737e+02 8.425623861432075046e+02
5.135786886906259497e+03 4.990692906672749814e+03 7.980200193829596174e+02 8.259170371413231351e+02
2.012214947851040563e+02 2.011905118549146039e+02 4.531702317104854827e-01 9.052877364039420627e+02
3.290675596086329051e+02 3.305667842762567261e+02 6.604842516998930435e+00 8.269898955464362871e+02
6.414615559721546560e+02 6.220459363572152824e+02 6.335116656507203459e+01 8.254494167566299438e+02
5.012469982066673992e+02 5.012314749940040883e+02 3.212215369694759182e-01 8.153069782018661726e+02
6.147066365114499149e+02 6.147548579549387568e+02 3.208158412330004428e-01 8.978610156536102522e+02
1.015788441627631300e+03 1.000000000000385853e+03 8.290944052052934410e+01 8.386649893999099277e+02
1.003335369118910421e+03 9.599267258945230878e+02 1.117752379671567837e+02 8.470166692495346297e+02
6.718113206299129160e+03 6.553172809555410822e+03 8.914461667312006057e+02 8.518514036059380032e+02
1.298935781926514665e+03 1.298957308008041537e+03 8.047715362950185636e+00 1.024844324457645371e+03
1.413879697635176399e+03 1.412027442370708059e+03 9.865638719397733070e+00 1.024990361952781768e+03
1.559715615005317431e+03 1.587094845331569104e+03 6.767563969618444730e+01 1.031266373348236129e+03
2.508576558137795928e+03 2.499255702464481146e+03 9.179240761394062531e+01 1.029298353195190430e+03
2.132672695077837488e+03 1.700000000001709623e+03 6.914101522174630645e+02 8.692045148015022278e+02
