-1.400000000000000000e+03 -1.400000000000000000e+03 0.000000000000000000e+00 6.544002134799957560e+01
4.185106050340313232e+03 4.012987090311411066e+03 4.219144061535989749e+03 6.543103319406509399e+01
-1.200000000000000000e+03 -1.200000000000000000e+03 0.000000000000000000e+00 6.540265015363692669e+01
-1.100000000000000000e+03 -1.100000000000000000e+03 0.000000000000000000e+00 6.541981309652328491e+01
-9.999999999999924967e+02 -9.999999999999986358e+02 1.382478224690544470e-11 6.550645184516906738e+01
-8.999999999999993179e+02 -8.999999999999994316e+02 1.096061400087860553e-12 6.539050674438476562e+01
-7.999999985611166267e+02 -8.000000000000000000e+02 6.271946913380484938e-06 6.543109470605850220e+01
-6.919997508080449506e+02 -6.999999999999982947e+02 9.798264171897733021e+00 6.536466964483261677e+01
-5.998714756558226782e+02 -6.000000000000000000e+02 3.006994983432962343e-01 6.609092079401015951e+01
-4.998858235672589103e+02 -4.999223366498450787e+02 1.324045024942056836e-01 6.547658644914626791e+01
-4.000000000000000000e+02 -4.000000000000000000e+02 0.000000000000000000e+00 6.555340385437011719e+01
-2.995522684243080676e+02 -3.000000000000000000e+02 5.865197141093928535e-01 6.556273845434188274e+01
-1.995097678763281124e+02 -2.000000000000000000e+02 9.990467153466864314e-01 6.555004299879074381e+01
-9.809014803959573214e+01 -9.968782674401859367e+01 4.952321461104759237e+00 6.541370544433593182e+01
1.313890448907174289e+02 1.170693934401635943e+02 4.006729142601183469e+01 6.537068529129028605e+01
2.001035866889623378e+02 2.000000000000021600e+02 3.509503767598819435e-01 6.557285174131394001e+01
3.013222966035478976e+02 3.020196068559067726e+02 9.673188984784696354e-01 6.549749400615692707e+01
4.018101017287308991e+02 4.020904845107410210e+02 7.794343914860365485e-01 6.549573404788971231e+01
5.000223777260848692e+02 5.000099204341494215e+02 3.028002531903494984e-02 6.546613345146178631e+01
6.000221826362783304e+02 6.000194318197550274e+02 1.199053123596169855e-02 6.546608544588089273e+01
7.700000000000000000e+02 8.000000000000000000e+02 5.567764362830021696e+01 6.545677199363709065e+01
8.262633555888148749e+02 8.000000000000000000e+02 5.164889945925092007e+01 6.546823260784148601e+01
1.048815231556784966e+03 1.026663597335255872e+03 1.096193221245349605e+02 6.547844794988631634e+01
1.003299086920007198e+03 1.000000000000000000e+03 6.626929249607258043e+00 6.620321555137634562e+01
1.115000000000000000e+03 1.100000000000000000e+03 3.570714214271421127e+01 6.619956589937210367e+01
1.202375774328989110e+03 1.200675870639359346e+03 6.862857382805066742e+00 6.632217804193496136e+01
1.390372309915526330e+03 1.410275624686311403e+03 4.208928329094056409e+01 6.626639845371246906e+01
1.425000000000000000e+03 1.400000000000000000e+03 4.330127018922193116e+01 6.568636734485626505e+01
