-1.400000000000000000e+03 -1.400000000000000000e+03 0.000000000000000000e+00 6.067293025255203531e+01
3.609962038547810607e+03 3.080142005456159495e+03 4.357660409018902101e+03 6.083349964618683003e+01
-1.200000000000000000e+03 -1.200000000000000000e+03 0.000000000000000000e+00 6.063238600492477559e+01
-1.100000000000000000e+03 -1.100000000000000000e+03 0.000000000000000000e+00 6.064816899299621866e+01
-9.999999999999730562e+02 -9.999999999999885176e+02 3.117187569575776646e-11 6.078516340255737305e+01
-8.999999999999970441e+02 -8.999999999999996589e+02 8.372014824210355885e-12 6.071191405057906820e+01
-7.999999393861445469e+02 -8.000000000000000000e+02 2.173775819838335102e-04 6.069625644683837606e+01
-6.919997153954113855e+02 -7.000000000000000000e+02 9.798307545585238643e+00 6.067237689495086528e+01
-5.998244217769740771e+02 -6.000000000000000000e+02 3.554996911013511007e-01 6.157493904829025411e+01
-4.998943280278597854e+02 -4.999605413118046044e+02 1.144202953102325948e-01 6.073812969923019267e+01
-4.000000000000000000e+02 -4.000000000000000000e+02 0.000000000000000000e+00 6.084144309759140157e+01
-2.993035286600347149e+02 -2.990050409429067031e+02 7.105428895562257985e-01 6.082945549488067627e+01
-1.991516250047660890e+02 -2.000000000000000000e+02 1.338343059887853848e+00 6.083615465164184855e+01
-9.807453937679665046e+01 -9.968782674401859367e+01 4.947751163360453397e+00 6.066490595340728476e+01
1.227534125995903622e+02 1.167572201841821879e+02 3.062786257534581225e+01 6.067411339282989502e+01
2.000837334648905710e+02 2.000000000000009379e+02 3.053587742830971008e-01 6.094909304380416870e+01
3.014295633668018581e+02 3.020197639804966911e+02 9.231011245179117086e-01 6.075334435701370239e+01
4.020903506754399359e+02 4.021698835142381654e+02 1.027589031813570086e+00 6.078669179677963541e+01
5.000297874367095687e+02 5.000197293441220268e+02 4.256039698835296925e-02 6.071964794397354126e+01
6.000184602287674807e+02 6.000194318197550274e+02 4.235066930063082977e-03 6.068205699920654439e+01
7.700000000000000000e+02 8.000000000000000000e+02 4.582575694955839651e+01 6.077657824754714966e+01
8.171977481556083376e+02 8.000000000000000000e+02 3.508599214064950900e+01 6.076746575832366659e+01
1.044173655845362418e+03 1.002660026539210662e+03 1.189006637380852140e+02 6.076658170223235800e+01
1.010302441721794594e+03 1.000000000000000000e+03 2.323339931570493277e+01 6.172746185064315938e+01
1.126873978142309625e+03 1.100000000000000000e+03 4.298853040535932024e+01 6.171031159162521362e+01
1.202062835328147230e+03 1.200080948985142413e+03 7.260613087743756466e+00 6.180279444456100180e+01
1.353231883055206026e+03 1.322867700793822223e+03 5.366616794241585353e+01 6.174242349863052226e+01
1.435000000000000000e+03 1.400000000000000000e+03 4.769696007084728251e+01 6.271008249521255351e+01
