-1.400000000000000000e+03 -1.400000000000000000e+03 0.000000000000000000e+00 2.859906940460205078e+02
1.024495091674173018e+05 8.143388077294631512e+04 6.225338097304925759e+04 3.054437241077422982e+02
1.797722821673264029e+06 -1.355516324258106806e+02 5.346183525679600425e+06 3.038324768066406136e+02
1.272111655888631685e+04 1.062769997385719398e+04 7.312286600702635951e+03 3.050632505893707389e+02
-9.999999915949841807e+02 -9.999999923060121318e+02 4.116997878342990598e-06 3.041684120416641122e+02
-8.911528303660672918e+02 -8.901875764766716657e+02 2.895762003805526508e+00 3.042020999550819624e+02
-7.907275426773161371e+02 -7.922324573512219104e+02 1.079266707166368811e+01 2.974318401932716256e+02
-6.796247031700130492e+02 -6.796323983273897511e+02 9.020627533978127499e-02 2.947367970466613656e+02
-5.952073389298766415e+02 -5.959501175197660814e+02 2.099924728050882372e+00 3.191698327064514160e+02
-4.998477464176901890e+02 -4.998534152363029079e+02 6.631771585345573594e-02 2.898380927085876237e+02
-3.947764672172787641e+02 -3.960201637716268124e+02 3.515948853299271537e+00 2.886354538440704118e+02
-2.866137144092100471e+02 -2.875630193430624786e+02 7.267973818844007283e+00 2.894344708085060347e+02
-1.740556692260784644e+02 -1.746134453157121129e+02 1.235731233349180336e+01 2.895657463908195268e+02
1.380484320970608678e+02 6.880774714730841879e+01 1.951246516613043980e+02 2.880690604925155753e+02
1.128499107738195107e+03 1.116891453430622960e+03 2.781982041507268946e+02 2.897882584929466248e+02
2.006467250851894732e+02 2.005969939900100485e+02 3.007089015322401138e-01 3.010731272459030379e+02
3.155737705776316488e+02 3.148396757019766028e+02 2.404047149702484010e+00 2.884294237494468689e+02
4.185737596155752840e+02 4.163402226862081648e+02 5.917134323969219345e+00 2.960458682417869340e+02
5.007047561695526383e+02 5.006731728950327351e+02 2.652031265234681134e-01 3.013305199027061576e+02
6.036017504468502466e+02 6.035831522782859793e+02 3.378826169430505511e-01 3.050535204529762154e+02
1.000000000000000000e+03 1.000000000000000114e+03 1.460333871667117922e-13 2.913975937962532043e+02
1.127020359226524988e+03 1.133077306397702614e+03 1.204127077664065695e+02 2.915239843487739790e+02
2.219220195313469048e+03 2.242707915235909240e+03 3.252531198607445049e+02 2.943094731450080985e+02
1.215027719424213956e+03 1.215259911898326664e+03 4.240699661548161359e+00 3.229993194460868722e+02
1.313170388614850935e+03 1.313190929095222145e+03 4.536135048874134768e+00 3.211175248503685111e+02
1.398798816697907341e+03 1.400022471326815776e+03 6.071773462392481235e+01 3.224270993947982902e+02
1.820035184465277780e+03 1.818611877872058585e+03 1.929050501857009792e+01 3.191557298064232100e+02
1.700000000000000000e+03 1.700000000000000000e+03 2.490753820462332780e-13 2.948123024940490495e+02
