-1.400000000000000000e+03 -1.400000000000000000e+03 7.190186943645083856e-14 2.330634949207306050e+01
2.041518097187213016e+03 6.461217725707779209e+02 3.877190123068507546e+03 2.346344009637832784e+01
-1.199999999999999091e+03 -1.199999999999999773e+03 2.068975512170677678e-12 2.334421775341034078e+01
-1.099999999999997726e+03 -1.099999999999999545e+03 3.953949111616413205e-12 2.339796414375305034e+01
-9.999999998981290901e+02 -9.999999999737705139e+02 1.902933473860324171e-07 2.342954934835433889e+01
-9.000000000000000000e+02 -9.000000000000000000e+02 0.000000000000000000e+00 2.334410735368728496e+01
-7.999999992599192637e+02 -7.999999996313963493e+02 1.310880555237760770e-06 2.343109619617462158e+01
-6.949998890446314590e+02 -6.999999993382550656e+02 8.660444452007395100e+00 2.340097314119338989e+01
-5.996872663737129869e+02 -5.999999537887599672e+02 3.866735014339115484e-01 2.397612559795379639e+01
-4.999679412937555867e+02 -4.999901353264525596e+02 3.916507688433832485e-02 2.337261660099029470e+01
-4.000000000000000000e+02 -4.000000000000000000e+02 4.755861633237120501e-14 2.344215879440307759e+01
-2.996020163771596572e+02 -2.999999999999960778e+02 5.801558399262181087e-01 2.346381319761276174e+01
-1.999999999999994031e+02 -1.999999999999999432e+02 1.385525540063976063e-12 2.345597530603408742e+01
-9.998439133720053462e+01 -9.999999999999977263e+01 6.803658378490456959e-02 2.337649049758910991e+01
1.205706703391612962e+02 1.003121732569383084e+02 3.736159056588034844e+01 2.339701024293899678e+01
2.000000122243278042e+02 2.000000068876107662e+02 1.243259550293256482e-05 2.358712465763091970e+01
3.013144446556789262e+02 3.020196068559076252e+02 9.613986349765166750e-01 2.339880554676055979e+01
4.012960747775713344e+02 4.020149860786442559e+02 9.712845919229214919e-01 2.341623054742813181e+01
5.000034526352190483e+02 5.000000000000000000e+02 1.136579756860398895e-02 2.345874420404434346e+01
6.000155454558042720e+02 6.000194318197550274e+02 7.772727901988219466e-03 2.340058679580688406e+01
7.350000017293735937e+02 7.000000043626525894e+02 4.769695898898895337e+01 2.349401084184646749e+01
8.050000001413895916e+02 8.000000000927781230e+02 2.179449475987630436e+01 2.348963844776153564e+01
9.840765995237692323e+02 9.419285403388946634e+02 1.069862984796903618e+02 2.348684704303741455e+01
1.000314000145577324e+03 1.000000000071749696e+03 9.420001722364469421e-01 2.407513355016708445e+01
1.105000000561587967e+03 1.100000000305946742e+03 2.179449458924536032e+01 2.409253814220428325e+01
1.200216634133668322e+03 1.200080948985149007e+03 2.928011516696582550e-01 2.412634325027465820e+01
1.352931801610251568e+03 1.352224694091655920e+03 5.143178389441385434e+01 2.411119810342788838e+01
1.400000001594555897e+03 1.400000000646982471e+03 2.139369949163839835e-06 2.355215600728988790e+01
