-1.399999982032242769e+03 -1.399999992968859715e+03 2.589817351740907121e-05 2.378187564611435079e+01
-8.872154019691248550e+02 -1.121841722972866592e+03 7.668638955731762508e+02 2.393646910190582133e+01
-1.199998365994627420e+03 -1.199999854987763456e+03 3.579828039040233462e-03 2.377110334634780742e+01
-1.099995523933097729e+03 -1.099999371627509163e+03 7.271103154044541127e-03 2.381867979764938426e+01
-9.999993524766947530e+02 -9.999995772773296494e+02 8.671309083211176756e-04 2.383049129247665476e+01
-8.999999996806934632e+02 -8.999999999360661604e+02 5.068415357227084826e-07 2.384157304763794016e+01
-7.999926048582030944e+02 -7.999931915649704024e+02 5.055870716729735093e-03 2.390434764623642039e+01
-6.949863212310283416e+02 -6.999791362516649542e+02 8.652642080872311681e+00 2.387321300506591726e+01
-5.999146940393718523e+02 -5.999883155219542914e+02 2.228773547098452934e-01 2.445556205511093140e+01
-4.999930705532448201e+02 -4.999921309777415672e+02 7.190258883848587787e-03 2.388274935483932637e+01
-3.999999689429422460e+02 -3.999999900178219150e+02 5.493975779950183006e-05 2.393277499675750875e+01
-2.999999668827899200e+02 -2.999999782977537279e+02 3.927008473830917868e-05 2.395015056133270193e+01
-1.999999700715960103e+02 -1.999999892977119771e+02 5.149035343355058410e-05 2.393866080045700073e+01
-9.993709683834399016e+01 -9.999963804730452921e+01 1.248011499891760884e-01 2.388633279800415110e+01
1.009637297600364434e+02 1.000020226397983834e+02 3.627953203716940411e+00 2.391393795013427592e+01
2.000960730778991490e+02 2.000652183276365008e+02 1.020266043618582030e-01 2.403578895330429077e+01
3.006067787079927029e+02 3.000007558884119589e+02 9.255015372739102686e-01 2.390084670782089304e+01
4.005223210461065833e+02 4.000064006079570618e+02 8.670552602153205335e-01 2.391449944972992014e+01
5.000009865510539271e+02 5.000000000000702016e+02 4.300267904679080759e-03 2.383448100090026855e+01
6.000029848635325607e+02 6.000000134021195208e+02 6.911952857785051176e-03 2.388055164813995290e+01
7.000976433962678129e+02 7.000831388594885993e+02 8.340889069492302133e-02 2.400056259632110667e+01
8.000101091456191398e+02 8.000079428658422103e+02 8.175680105723616767e-03 2.398627309799194407e+01
9.482561301291132168e+02 9.000124592562383441e+02 8.747411273812073773e+01 2.399495315551757812e+01
1.000002612804371324e+03 1.000002095224715049e+03 1.825505567883808173e-03 2.458388620615005493e+01
1.105010328369460240e+03 1.100008473518204937e+03 2.179228894435209085e+01 2.457625659704208232e+01
1.200043790687674345e+03 1.200000071515827130e+03 1.305074109030954499e-01 2.461303969621658183e+01
1.325520316490452160e+03 1.300913035760878529e+03 4.300277066454460595e+01 2.460150959491729594e+01
1.400063362865234012e+03 1.400064157215399064e+03 3.947609952688370394e-02 2.405142735242843699e+01
