-1.400000000000000000e+03 -1.400000000000000000e+03 0.000000000000000000e+00 2.729936594963073659e+01
5.820754378221340630e+03 7.569660876932781321e+03 4.820265425618225891e+03 2.755875090360641622e+01
-1.200000000000000000e+03 -1.200000000000000000e+03 0.000000000000000000e+00 2.728491399288177632e+01
-1.100000000000000000e+03 -1.100000000000000000e+03 0.000000000000000000e+00 2.732058985233306814e+01
-9.999999999999863576e+02 -9.999999999999981810e+02 2.886058549682234987e-11 2.740894049406051636e+01
-8.999999999998635758e+02 -8.999999999999996589e+02 5.910671310347923399e-10 2.742301759719848775e+01
-7.999995853199857265e+02 -8.000000000000000000e+02 1.638390873548256502e-03 2.742103004455566406e+01
-6.909956658041071478e+02 -7.000000000000000000e+02 9.954681789240645173e+00 2.733710594177246023e+01
-5.996231675755580000e+02 -5.999992285172518223e+02 4.246261634728892842e-01 2.828301969766616963e+01
-4.998722584114469214e+02 -4.999112179517425716e+02 1.342239008250150079e-01 2.742132210731506348e+01
-3.999502520471453408e+02 -4.000000000000000000e+02 2.168462991415098240e-01 2.752529900074005198e+01
-2.982588224057596449e+02 -2.985075614143600546e+02 1.537363092936957276e+00 2.751828299760818552e+01
-1.988898904067017668e+02 -2.000000000000000000e+02 1.282243460416900183e+00 2.747932595014572144e+01
-9.990634802320558094e+01 -1.000000000000000000e+02 1.430557575475620846e-01 2.738044995069503784e+01
1.338562261233017807e+02 1.086907833480725003e+02 4.564578489727988142e+01 2.733520829677581787e+01
2.003663856990821444e+02 2.000000251084906893e+02 7.134685866649510544e-01 2.768045719861984111e+01
3.012568496249030545e+02 3.020225124902920015e+02 1.029848691826450890e+00 2.738538661003112651e+01
4.023103989646099876e+02 4.021974549148706046e+02 5.486444524005822387e-01 2.738656125068664693e+01
5.000194106422874256e+02 5.000099204341485120e+02 3.165111055079573160e-02 2.733986600637435771e+01
6.000173246813394599e+02 6.000194318197550274e+02 1.553379230286520800e-02 2.733850765228271484e+01
7.650000000000000000e+02 8.000000000000000000e+02 4.769696007084728251e+01 2.754849945306778025e+01
8.281321407224016866e+02 8.000000000000000000e+02 5.389609233027505297e+01 2.754800274372100688e+01
9.853669861483413115e+02 9.080660550046812887e+02 1.176881259593908027e+02 2.748720530271530293e+01
1.011449554950423590e+03 1.000000000000000000e+03 2.514124464274243564e+01 2.840251154899597097e+01
1.128921180488513983e+03 1.100000000000000000e+03 4.460686671759588506e+01 2.842773450613021780e+01
1.204967488109389933e+03 1.200040474492571320e+03 1.101402588607373367e+01 2.846315550804138184e+01
1.359341305572950887e+03 1.318712377609107762e+03 5.985949567135231320e+01 2.844390934705734253e+01
1.420000000000000000e+03 1.400000000000000000e+03 4.000000000000000000e+01 2.886649024486541748e+01
