-1.399999999999999773e+03 -1.400000000000000000e+03 1.010470716359530875e-12 5.046597775220870830e+01
1.911682198106494525e+03 8.557892207536067417e+02 3.438907133677083493e+03 5.059169800281524942e+01
-1.199999999999980218e+03 -1.200000000000000000e+03 5.779937667596682524e-11 5.040829374790191508e+01
-1.099999999999999773e+03 -1.100000000000000000e+03 6.589915186027355678e-13 5.045724029541015909e+01
-9.999999999607820200e+02 -9.999999999900056764e+02 7.861865122675307779e-08 5.042939680814743042e+01
-8.999999999999996589e+02 -9.000000000000000000e+02 1.311346996532694088e-12 5.050555554628372334e+01
-7.999999987935268564e+02 -7.999999995637660959e+02 2.160731365297941379e-06 5.061314814090728476e+01
-6.939999144975689660e+02 -6.999999982563351750e+02 9.165274258171310251e+00 5.047232564687728740e+01
-5.997997500228185572e+02 -5.999999733207572490e+02 3.505205331855276163e-01 5.124237675666809366e+01
-4.999930962068921758e+02 -4.999926039596656437e+02 5.814594364808305278e-03 5.054947670698165751e+01
-3.999999999999939746e+02 -3.999999999999994316e+02 2.181076870664318244e-11 5.060112419128417827e+01
-2.999999999999959073e+02 -2.999999999999999432e+02 1.340780097131370680e-11 5.062364150285721109e+01
-1.999999999999988347e+02 -1.999999999999998863e+02 3.776971435321810327e-12 5.062999445199966431e+01
-9.990634802307587847e+01 -9.999999999999636202e+01 1.430557577150181892e-01 5.053662270307540894e+01
1.019566779491663766e+02 1.003121732559880002e+02 4.937463115633531352e+00 5.055262689590453817e+01
2.000509061028292592e+02 2.000000187382314039e+02 1.274834028838510436e-01 5.075243535041808940e+01
3.013783231820704032e+02 3.020197639805709287e+02 9.237742401598250108e-01 5.049031200408935405e+01
4.014915286755000352e+02 4.020240576731465580e+02 8.617635386241385698e-01 5.056869944334030009e+01
5.000000000000000000e+02 5.000000000000000000e+02 0.000000000000000000e+00 5.051602175235748149e+01
6.000077727279048077e+02 6.000000000000115961e+02 9.519608632449938490e-03 5.052511330842971660e+01
7.150000276632656551e+02 7.000000132918750069e+02 3.570713210097834178e+01 5.065867669582367228e+01
8.000000012306577446e+02 8.000000004915239060e+02 1.664247695100108488e-06 5.067340219020843506e+01
9.864980380422130111e+02 9.500000006875513918e+02 1.071365048926402892e+02 5.060085459947585917e+01
1.000000000433945957e+03 1.000000000175254172e+03 6.051094249651028005e-07 5.136806685924530314e+01
1.110000001031180091e+03 1.100000000853252914e+03 2.999999968926912786e+01 5.138237334489822672e+01
1.200140952171669369e+03 1.200000000000622094e+03 2.463018140378332999e-01 5.143720004558563375e+01
1.350689750267581530e+03 1.353567293715160758e+03 4.932970218240012628e+01 5.142614544630050943e+01
1.400000021771331603e+03 1.400000009127305020e+03 3.412463972832638413e-05 5.076205149888992452e+01
