-1.400000000000000000e+03 -1.400000000000000000e+03 0.000000000000000000e+00 2.300958164930343486e+01
2.091442022322394678e+03 6.676179178294179337e+02 3.882214886201225454e+03 2.311817929744720601e+01
-1.200000000000000000e+03 -1.200000000000000000e+03 0.000000000000000000e+00 2.303083884716033936e+01
-1.100000000000000000e+03 -1.100000000000000000e+03 0.000000000000000000e+00 2.306723375320434499e+01
-9.999999999830833985e+02 -9.999999999999930651e+02 7.358361887837084655e-08 2.304647690057754517e+01
-9.000000000000000000e+02 -9.000000000000000000e+02 0.000000000000000000e+00 2.304718924760818410e+01
-7.999999999995836788e+02 -7.999999999999552074e+02 6.548621072374864578e-10 2.302284004688262797e+01
-6.969998949687090999e+02 -6.999999999998517524e+02 7.141678454999086156e+00 2.298511049747467183e+01
-5.998500178711465196e+02 -5.999999999999934062e+02 2.999642574761366975e-01 2.383690479993820333e+01
-4.999754632297494936e+02 -4.999901353279390150e+02 3.567416942000266322e-02 2.305904319286346293e+01
-4.000000000000000000e+02 -4.000000000000000000e+02 0.000000000000000000e+00 2.316154553890228129e+01
-2.998507561414360225e+02 -3.000000000000000000e+02 3.552714447781128992e-01 2.315482535362243510e+01
-1.998972022548813925e+02 -2.000000000000000000e+02 4.480849825959483668e-01 2.315776389837265015e+01
-9.889679172320668954e+01 -9.968782674401859367e+01 3.596557086448848306e+00 2.305385495424270559e+01
1.169153781147527980e+02 1.006243465119628127e+02 2.457531985772611804e+01 2.305422865152359080e+01
2.000226911956998492e+02 2.000000000001017497e+02 9.890862549777107438e-02 2.326405370235443115e+01
3.015228690549521389e+02 3.020197639804966911e+02 8.793711119141734978e-01 2.307996640205383443e+01
4.016611080906635607e+02 4.020618987411290277e+02 9.140921621511068906e-01 2.311517205238342143e+01
5.000103662699771121e+02 5.000099204341480004e+02 9.080961269753023979e-03 2.310875250101089406e+01
6.000155454558042720e+02 6.000194318197550274e+02 7.772727902010957354e-03 2.313022145032882548e+01
7.450000000011500561e+02 7.000000000092016990e+02 4.974937185450419008e+01 2.313657020330429148e+01
8.100000000000511591e+02 8.000000000000210321e+02 3.000000000001623235e+01 2.312395224571228169e+01
1.021983753414507191e+03 1.005320053078421211e+03 1.144425326983818110e+02 2.314637870788574148e+01
1.000947613389442495e+03 1.000000000000004547e+03 4.130551002011330297e+00 2.396645205020904612e+01
1.115000000000349928e+03 1.100000000000098680e+03 3.570714214256727104e+01 2.395925279855728007e+01
1.200329465264053852e+03 1.200435134724740237e+03 2.679154645552342395e-01 2.410236899852752757e+01
1.348695990023742070e+03 1.304395587702849298e+03 5.186520349899886639e+01 2.400148155689239360e+01
1.415000000004712774e+03 1.400000000000227828e+03 3.570714214077072057e+01 2.319815034866332937e+01
