-1.400000000000000000e+03 -1.400000000000000000e+03 0.000000000000000000e+00 5.329490435123443604e+01
3.438890966763494362e+03 1.555040232247907625e+03 4.000002574408080818e+03 5.346904094219208048e+01
-1.200000000000000000e+03 -1.200000000000000000e+03 0.000000000000000000e+00 5.327669434547424032e+01
-1.100000000000000000e+03 -1.100000000000000000e+03 0.000000000000000000e+00 5.327500209808349751e+01
-9.999999999999887450e+02 -9.999999999999942020e+02 1.489356152096931031e-11 5.337333179712295816e+01
-9.000000000000000000e+02 -9.000000000000000000e+02 1.164943428871038043e-13 5.336412119865417480e+01
-7.999999393861444332e+02 -8.000000000000000000e+02 2.173775819838335102e-04 5.338653745651244975e+01
-6.869995072420880433e+02 -6.799997613591405070e+02 9.539753612801119331e+00 5.327280470132827617e+01
-5.998372712563356117e+02 -6.000000000000000000e+02 3.291803744617560201e-01 5.417693544626236246e+01
-4.999627630804501450e+02 -4.999728746156046100e+02 3.628635651504663606e-02 5.339577335119247437e+01
-4.000000000000000000e+02 -4.000000000000000000e+02 0.000000000000000000e+00 5.347246724367141724e+01
-2.995522684243080676e+02 -3.000000000000000000e+02 5.865197141093928535e-01 5.349029799699783183e+01
-1.994685963850247958e+02 -2.000000000000000000e+02 1.076674214981072852e+00 5.348496059179306172e+01
-9.899044370000112281e+01 -9.984391337200929684e+01 3.618577980160609275e+00 5.335295579433441304e+01
1.232264555983467318e+02 1.006243465119628127e+02 3.285689442314736652e+01 5.330681329965591431e+01
2.000242260798323457e+02 2.000000000000000000e+02 1.055990337836489185e-01 5.362440840005874776e+01
3.014304333850604394e+02 3.020211382353943463e+02 9.267858724974322726e-01 5.339674290418624736e+01
4.017823719315626363e+02 4.021292083778744768e+02 9.527622071466246290e-01 5.340701469182967998e+01
5.000158931745468180e+02 5.000197293441220268e+02 2.042067131522226284e-02 5.335143104791641377e+01
6.000184602287674807e+02 6.000194318197550274e+02 4.235066930063082109e-03 5.332678494453430318e+01
7.550000000000000000e+02 8.000000000000000000e+02 4.974937185533099893e+01 5.346365299224853374e+01
8.090656074332066510e+02 8.000000000000000000e+02 2.735686454778565846e+01 5.346464164257049845e+01
1.034864854799372551e+03 1.014331409085894279e+03 1.240217172174439924e+02 5.349746034145355367e+01
1.003548109438895722e+03 1.000000000000000000e+03 1.121251190079628834e+01 5.431883190870284750e+01
1.110208024776399270e+03 1.100000000000000000e+03 3.063113892097655011e+01 5.433987150192260884e+01
1.200282490603515271e+03 1.200080948985142413e+03 3.564883312944179816e-01 5.440283114910126017e+01
1.369547126871351338e+03 1.400000000000000000e+03 4.696527483068057762e+01 5.437392284870147563e+01
1.415000000000000000e+03 1.400000000000000000e+03 3.570714214271423259e+01 5.361206609010696411e+01
