-1.400000000000000000e+03 -1.400000000000000000e+03 0.000000000000000000e+00 2.207271434068679739e+01
2.775092312150465659e+03 2.122995955827856505e+03 3.913512834442801704e+03 2.228166859149932932e+01
-1.200000000000000000e+03 -1.200000000000000000e+03 0.000000000000000000e+00 2.206774754524230886e+01
-1.100000000000000000e+03 -1.100000000000000000e+03 0.000000000000000000e+00 2.208463739156723094e+01
-9.999999999999860165e+02 -9.999999999999967031e+02 2.013581332591168905e-11 2.216931320428848196e+01
-8.999999999999997726e+02 -9.000000000000000000e+02 2.666192676669783015e-13 2.217145255804062032e+01
-7.999999985611167403e+02 -8.000000000000000000e+02 6.271946918596794196e-06 2.220122904777526784e+01
-6.929993008817500595e+02 -7.000000000000000000e+02 9.540344841692164124e+00 2.214040285348892212e+01
-5.997750268068582500e+02 -6.000000000000000000e+02 3.436522289692255927e-01 2.272413359880447459e+01
-4.999210890301604877e+02 -4.999605413118046044e+02 1.182686222023784650e-01 2.215409334897994853e+01
-3.999502520471453408e+02 -4.000000000000000000e+02 2.168462991415098517e-01 2.221421765089035105e+01
-2.995522684243080676e+02 -3.000000000000000000e+02 4.949858811216393817e-01 2.222812035083770610e+01
-1.992740229458457861e+02 -2.000000000000000000e+02 1.155739327976626374e+00 2.221470600366592407e+01
-9.306852696927921897e+01 -9.968782674401859367e+01 2.583486408409505231e+01 2.214647119045257639e+01
1.327047851025908471e+02 1.086907833480725003e+02 4.480963890085748602e+01 2.215315489768982005e+01
2.003843290420685435e+02 2.000000000000012506e+02 8.969967109322564136e-01 2.234973045587539531e+01
3.016508313648295143e+02 3.020418534614292412e+02 8.236975050099860640e-01 2.217081854343414449e+01
4.015785437426535509e+02 4.020702693764824289e+02 9.664815203203502847e-01 2.217444519996643137e+01
5.000179805536475328e+02 5.000099204341480572e+02 2.652148375507269729e-02 2.215969570875167705e+01
6.000184602287674807e+02 6.000194318197550274e+02 4.235066930063083844e-03 2.210697430372238159e+01
7.600000000000000000e+02 8.000000000000000000e+02 4.898979485566356118e+01 2.225527595281601023e+01
8.577051486910811491e+02 8.000000000000000000e+02 7.869558830174320008e+01 2.224875475168228078e+01
9.802890684346530179e+02 9.161321100093624636e+02 1.120215042430039176e+02 2.222328630685806417e+01
1.000628000157468705e+03 1.000000000000000000e+03 1.256000314937595341e+00 2.284546524286270142e+01
1.105000000000000000e+03 1.100000000000000000e+03 2.179449471770336899e+01 2.284832004308700704e+01
1.203361767207340336e+03 1.200080948985142413e+03 9.167134499743490039e+00 2.287724014520644999e+01
1.392293456275157268e+03 1.400000000000000000e+03 4.616726229036069640e+01 2.287416049242019511e+01
1.420000000000000000e+03 1.400000000000000000e+03 4.000000000000000000e+01 2.234260350465774536e+01
