-1.399999999999999545e+03 -1.400000000000000000e+03 1.346121290736453663e-12 5.301912540197372437e+01
1.268015706748115917e+03 -4.380188460775369776e+02 3.447776008283272404e+03 5.322872503995895244e+01
-1.200000000000000000e+03 -1.200000000000000000e+03 0.000000000000000000e+00 5.303673290014266684e+01
-1.100000000000000000e+03 -1.100000000000000000e+03 0.000000000000000000e+00 5.303006885051727437e+01
-9.999999998632590632e+02 -9.999999999999281499e+02 5.925515594329278429e-07 5.298003025054931925e+01
-9.000000000000000000e+02 -9.000000000000000000e+02 2.542114972925207483e-14 5.306054940223693706e+01
-7.999999993333774455e+02 -7.999999999112900468e+02 2.101676199232791216e-06 5.315769079923629903e+01
-6.959998837499235833e+02 -6.999999999681854206e+02 8.000231489811469032e+00 5.306762009859085083e+01
-5.997622792959275557e+02 -5.999999992322814251e+02 3.668322471730864898e-01 5.402574110031127930e+01
-4.999764492042202733e+02 -4.999926039596651890e+02 4.103399671341307481e-02 5.311354875564575195e+01
-3.999999999999998863e+02 -4.000000000000000000e+02 2.021740697702937237e-13 5.318091834783554361e+01
-2.999005040942905111e+02 -3.000000000000000000e+02 2.984877171279246566e-01 5.323925459384918213e+01
-2.000000000000000000e+02 -2.000000000000000000e+02 4.713207304057789045e-14 5.319744449853897095e+01
-9.900605236279821497e+01 -9.968782674401859367e+01 3.619532508547937510e+00 5.309382575750350952e+01
1.069314730307237369e+02 1.003121732559814063e+02 2.583486408409593693e+01 5.312749960422515727e+01
2.000361325845634042e+02 2.000000000366962638e+02 1.119967547423919713e-01 5.340157794952392578e+01
3.014945894924060212e+02 3.020197639805165863e+02 8.963777571650888287e-01 5.309064325094222880e+01
4.013644533164052746e+02 4.020203134035688208e+02 9.144955586005998338e-01 5.318101680278778076e+01
5.000024689561195146e+02 5.000000000000000000e+02 6.144079126464126704e-03 5.310357840061188028e+01
6.000136022738288375e+02 6.000194318197550274e+02 8.904778491598050807e-03 5.311950709819793559e+01
7.400000164532767712e+02 7.000000641780145543e+02 4.898978162817861204e+01 5.325152349472045898e+01
8.031321409745715982e+02 8.000000000457059741e+02 1.365268482804605199e+01 5.324869350194931172e+01
9.957024741825501906e+02 1.000000000002632305e+03 1.063900269687799778e+02 5.320058180093765543e+01
1.000000000645639147e+03 1.000000000001342300e+03 2.715114660440603968e-06 5.423203414678573608e+01
1.105000000319147603e+03 1.100000000030486717e+03 2.179449464477677623e+01 5.419246169328689433e+01
1.200348432056664706e+03 1.200080948985142413e+03 9.249469028696780670e-01 5.428877725601196147e+01
1.365990979416748360e+03 1.400000000000376303e+03 4.752850586429301671e+01 5.425007119178771831e+01
1.410000003358232561e+03 1.400000000789553269e+03 2.999999978945540846e+01 5.334293295145035074e+01
