-1.400000000000000000e+03 -1.400000000000000000e+03 0.000000000000000000e+00 5.724066134691238261e+01
3.106032226554730187e+03 2.586295172920006280e+02 4.793269751302150326e+03 5.729437564611434652e+01
-1.200000000000000000e+03 -1.200000000000000000e+03 0.000000000000000000e+00 5.721612080335616923e+01
-1.100000000000000000e+03 -1.100000000000000000e+03 0.000000000000000000e+00 5.722165279388427450e+01
-9.999999999999788542e+02 -9.999999999999845386e+02 2.274001060968098918e-11 5.729092575311661051e+01
-8.999999996894115384e+02 -8.999999999999588454e+02 1.352600129440378484e-06 5.723456984758377075e+01
-7.999997262694853362e+02 -8.000000000000000000e+02 6.952505148565288427e-04 5.727293955087661459e+01
-6.859994971786339875e+02 -6.799998510723625031e+02 9.165480580456685900e+00 5.716500220298767232e+01
-5.997894421587836860e+02 -6.000000000000000000e+02 3.268088943853528772e-01 5.802827833890914633e+01
-4.998662151918059635e+02 -4.999371188752620583e+02 1.418619024314785593e-01 5.729172475337982462e+01
-3.999502520471453408e+02 -4.000000000000000000e+02 2.168462991415098240e-01 5.738430469036102011e+01
-2.986070578238513349e+02 -2.990050409429067031e+02 1.193949567075600848e+00 5.740142605304718160e+01
-1.989612113382502798e+02 -2.000000000000000000e+02 1.180065793775590288e+00 5.735238789319991781e+01
-9.812136536519386709e+01 -9.968782674401859367e+01 5.016659234221017449e+00 5.720691695213317729e+01
1.356612294546657154e+02 1.170693934401635943e+02 4.183592884805729994e+01 5.720608884096145630e+01
2.002368683306483490e+02 2.000000029210090133e+02 4.368451597868463487e-01 5.750620020627975748e+01
3.018273017173171411e+02 3.020197639804966911e+02 6.098052731285757977e-01 5.728869414329528809e+01
4.017166889057642720e+02 4.020442929028741332e+02 8.725616163252007951e-01 5.734218989610671713e+01
5.000152986060110152e+02 5.000197293441220268e+02 1.411224474716813934e-02 5.725784220695495463e+01
6.000174886377798202e+02 6.000194318197550274e+02 5.829545926508218449e-03 5.727108954191207602e+01
7.800000000000000000e+02 8.000000000000000000e+02 4.000000000000000000e+01 5.733903114795684530e+01
8.262642814448033732e+02 8.000000000000000000e+02 5.198653422171213379e+01 5.734326624870300293e+01
1.020466829815106735e+03 9.919285391739410898e+02 1.162182332910201694e+02 5.734566589593887187e+01
1.010408930268836571e+03 1.001570000141753781e+03 2.140874017552632935e+01 5.818105864524841309e+01
1.120832979000428622e+03 1.100000000000000000e+03 3.974750389987779897e+01 5.817639499902725220e+01
1.205112744487930058e+03 1.200080948985149917e+03 1.168176378443482299e+01 5.831962715387344076e+01
1.368455814139879521e+03 1.400000000000000000e+03 4.787458636607858864e+01 5.824797564744949341e+01
1.440000000000000000e+03 1.400000000000000000e+03 4.898979485566356118e+01 5.876458505392074727e+01
