-1.399999999997803798e+03 -1.399999999999729425e+03 4.278799216315243714e-09 2.747485815286636424e+01
-2.084437663154734253e+02 -9.519371260516712709e+02 1.372928601201286256e+03 2.764307940006256104e+01
-1.199999998588441940e+03 -1.199999999663467406e+03 2.326873914372463403e-06 2.750876215696334981e+01
-1.099999997114211283e+03 -1.099999998589213192e+03 3.990842162785588570e-06 2.755261114835739278e+01
-9.999999757649181902e+02 -9.999999882671929754e+02 4.636099961715961938e-05 2.756764219999313426e+01
-8.999999999992821813e+02 -8.999999999996443876e+02 9.916645641655817985e-10 2.750310679674148417e+01
-7.999997023018119080e+02 -7.999997624113902930e+02 2.416475739007185864e-04 2.759669380187988352e+01
-6.979994315341625679e+02 -6.999995585741905870e+02 6.000020976461695632e+00 2.759345769882202148e+01
-5.999237807907238675e+02 -5.999987835798153810e+02 2.248014671544269205e-01 2.831294515132903911e+01
-4.999871666089012479e+02 -4.999925871491690259e+02 1.543271048241847722e-02 2.757796404361724996e+01
-3.999999999940171165e+02 -3.999999999969738269e+02 6.800029218296451698e-09 2.765057519674301290e+01
-2.999502519532119322e+02 -2.999999999872493390e+02 2.168463006382743419e-01 2.765345174074172974e+01
-1.999999999366893064e+02 -1.999999999807011761e+02 1.118596553321840638e-07 2.765505055189132833e+01
-9.998439043828122408e+01 -9.999999988265801676e+01 6.803639088887913910e-02 2.758078085184097361e+01
1.039035681707949408e+02 1.003121734039831949e+02 1.296836351400807530e+01 2.759180989265441752e+01
2.000325457713815354e+02 2.000086595272086356e+02 1.043388539698440198e-01 2.780875824689865183e+01
3.012121264535441583e+02 3.020196069260562126e+02 9.896958231517013482e-01 2.758069425821304321e+01
4.012687978572497514e+02 4.020035401519401148e+02 9.651849843865768497e-01 2.759774855375290059e+01
5.000034526361766325e+02 5.000000000000000000e+02 1.136580143363088470e-02 2.751766384840011526e+01
6.000097159139417045e+02 6.000097159288266084e+02 9.715905829765272492e-03 2.754981224536895823e+01
7.050013722717762903e+02 7.000010795728262565e+02 2.179420824886306107e+01 2.767889640331268453e+01
8.000001456559496091e+02 8.000000717474506473e+02 2.835263689219076535e-04 2.769647605419158864e+01
9.582491357800179230e+02 9.000002374247242187e+02 8.710405349228597061e+01 2.768190900087356709e+01
1.000000038874825577e+03 1.000000029899423225e+03 3.290855778637826064e-05 2.842089174985885691e+01
1.100000169841123807e+03 1.100000111469425065e+03 1.292016878709248916e-04 2.843893640041351389e+01
1.200176583409587238e+03 1.200080949020110666e+03 1.924958906548023263e-01 2.849300329685211253e+01
1.325686275185968952e+03 1.300854485788728198e+03 4.291643283962119426e+01 2.846955155134201121e+01
1.400000949202079482e+03 1.400000771245662236e+03 7.095580199646607826e-04 2.776210035085678030e+01
