-1.399999999999999773e+03 -1.399999999999999773e+03 8.806144583576081053e-14 6.809272158503532637e+02
4.667927918001746875e+05 4.562183191974408110e+05 1.821412689899255929e+05 8.400976467967033159e+02
4.162370107838774472e+07 2.842249793751810491e+07 4.639973123715961725e+07 8.269017446517943881e+02
1.107818922749494232e+04 1.090371437249205701e+04 3.574251309082786520e+03 8.436632490038871310e+02
-9.999999965891083775e+02 -9.999999967108644796e+02 9.825906872724711398e-07 8.305929740428924788e+02
-8.850604793036493447e+02 -8.898656924252666158e+02 7.509823675602405046e+00 8.273691288948059537e+02
-7.562604385969525538e+02 -7.541003580530484669e+02 1.920695769323885926e+01 7.874096261024475325e+02
-6.790509079873462497e+02 -6.790578901517375243e+02 7.164245934101319546e-02 7.750003623008727800e+02
-5.803335012525283219e+02 -5.809199041971875204e+02 5.336749139605312386e+00 9.759143162488937833e+02
-4.999308539049890783e+02 -4.999396256628938318e+02 3.006044891428021060e-02 7.097284329056740262e+02
-3.521522045995695294e+02 -3.557243673224393206e+02 1.595570799318573485e+01 6.963781533479690324e+02
-2.444030376786107297e+02 -2.489284901086432455e+02 1.641641617442066092e+01 7.047288871526718594e+02
-7.577341684074856687e+01 -7.495141707022433764e+01 2.969092291618170165e+01 7.664358837962150801e+02
1.857082165295006007e+03 1.822254812026825675e+03 3.885548875719530315e+02 6.990053536534309160e+02
4.286998888789885314e+03 4.120032821472028445e+03 8.007251376171371930e+02 7.048326539516449429e+02
2.009861178930962637e+02 2.009218505417580900e+02 4.325011256745697197e-01 7.994086129546165012e+02
3.709698983779123864e+02 3.693696849817565067e+02 1.227700581540012514e+01 6.990664726018906094e+02
4.759971145238604322e+02 4.785299666320229335e+02 1.652265913296401934e+01 7.485202700495719910e+02
5.033734849666589071e+02 5.032658982729915351e+02 7.914555348308359717e-01 8.375008408546448209e+02
6.144739055086912458e+02 6.150000000000000000e+02 1.032491655606439851e+00 7.081729467034340360e+02
1.003630753301905656e+03 1.000000000000000227e+03 8.115058720449023610e+01 7.261709939002990950e+02
2.783797412865457318e+03 2.780184753112899671e+03 5.219479399699888518e+02 7.301973434567451022e+02
5.180364652270066472e+03 5.236486678823112015e+03 8.251903007437970246e+02 7.334924746513366927e+02
1.256953201925646226e+03 1.254172450909633426e+03 1.056196433540361035e+01 9.885176521420478366e+02
1.365607101954264863e+03 1.366742333320093621e+03 6.813619385692765817e+00 9.903275287985801469e+02
1.531824033319297314e+03 1.542460860378864709e+03 4.457518825638683069e+01 9.920426119446754001e+02
2.079453001634471548e+03 2.074296978026938632e+03 8.324476541696924414e+01 9.928308107495307695e+02
1.700000000000000455e+03 1.700000000000000455e+03 2.384715226458301074e-13 7.637003026485442660e+02
