-1.400000000000000000e+03 -1.400000000000000000e+03 1.438037388729016771e-13 6.641095215082168579e+01
5.657969095151102010e+03 5.971468556064730365e+03 4.702897613073212597e+03 6.664191445112228962e+01
-1.199999999999890861e+03 -1.199999999999977945e+03 2.242448421889615619e-10 6.648509304523467733e+01
-1.099999999999443389e+03 -1.099999999999938154e+03 1.002259056703750359e-09 6.651669468879700275e+01
-9.999999998621811983e+02 -9.999999999271326487e+02 1.900008250391159110e-07 6.659020090103149414e+01
-8.999945389967354004e+02 -8.999999992189860905e+02 2.277494165990541497e-02 6.644161075353622437e+01
-7.999999942662481089e+02 -7.999999992295588527e+02 9.476903597420659515e-06 6.662424120903014568e+01
-6.929996420476649064e+02 -6.999999930100241272e+02 9.539858583112877710e+00 6.659760415554046631e+01
-5.995493260570910934e+02 -5.993655249020854399e+02 3.865278350548793651e-01 6.753852779865265177e+01
-4.999331719478634000e+02 -4.999334355746273673e+02 4.795337769930139299e-02 6.655008645057678507e+01
-3.999999999999994316e+02 -3.999999999999998863e+02 1.309435995075838076e-12 6.663468025922774984e+01
-2.987065537294406568e+02 -2.990050409428700391e+02 1.375059425624143739e+00 6.664275305271148397e+01
-1.995509393676263130e+02 -1.999999999999980105e+02 9.130011666420360106e-01 6.666601279973983196e+01
-9.908409567678491214e+01 -9.999999999999243983e+01 3.638055653159147251e+00 6.653745534420013996e+01
1.605011713803270368e+02 1.335144403690084118e+02 7.073874361106896913e+01 6.655180770158767700e+01
2.000727549186099452e+02 2.000001762774793974e+02 2.147098220716079364e-01 6.689507379531860920e+01
3.017179864855808091e+02 3.020197639804998744e+02 7.203019083992188154e-01 6.655739715099335285e+01
4.019981556656939574e+02 4.020682908272275426e+02 4.641666072712984925e-01 6.657235250473021893e+01
5.000148032755796521e+02 5.000099204626653773e+02 1.910124449221328041e-02 6.651137194633483318e+01
6.000184602287674807e+02 6.000194318197550274e+02 4.235066930063083844e-03 6.650639740228652386e+01
7.750000032139863606e+02 8.000000003991990525e+02 4.330126609805538607e+01 6.672886475324631306e+01
8.331321412578915897e+02 8.000000005173787940e+02 6.401927318414968227e+01 6.673524659872055054e+01
1.053297878134113489e+03 1.043684824202738810e+03 1.181667185291155562e+02 6.675391769409179688e+01
1.004725088582739090e+03 1.001570000618996573e+03 7.224333972793251846e+00 6.768009024858474731e+01
1.115000000788930038e+03 1.100000000589429419e+03 3.570714184774728039e+01 6.767551429271698282e+01
1.202278199011291235e+03 1.200080948985372743e+03 7.260112367248054532e+00 6.774120484590530111e+01
1.383520054861066001e+03 1.405137812614787435e+03 4.648245463961441715e+01 6.773786314725876423e+01
1.435000002347175950e+03 1.400000004583211876e+03 4.769695886309025212e+01 6.697060544490814493e+01
