-1.399999999999983174e+03 -1.399999999999996362e+03 2.782681308071644691e-11 6.482652399539946941e+01
4.400233012326143580e+03 2.636025823057212619e+03 4.621841493704959248e+03 6.500352574586868570e+01
-1.199999999955449766e+03 -1.199999999992433686e+03 9.482011558952082784e-08 6.486851304769515991e+01
-1.099999999329445700e+03 -1.099999999865083964e+03 1.998645332952061143e-06 6.496371200084686848e+01
-9.999999986320460721e+02 -9.999999990298992998e+02 1.268757177330695444e-06 6.495743479728699299e+01
-8.999289156052898306e+02 -8.999776750964570056e+02 1.500692920184535095e-01 6.483967490196228312e+01
-7.985231199090569589e+02 -7.998725429151118078e+02 5.135023442694637730e+00 6.499592310190200806e+01
-6.836033348556438796e+02 -6.799988769825688451e+02 7.279326272343661586e+00 6.499656460285186199e+01
-5.994428653759490544e+02 -5.993646263342947123e+02 4.885066357987873364e-01 6.604660245180130573e+01
-4.976041056001084826e+02 -4.980874237584152979e+02 1.962874826220879720e+00 6.493262655735016153e+01
-3.999999999999511715e+02 -3.999999999999909051e+02 1.012336150889454857e-10 6.501918824911118122e+01
-2.979603348331526718e+02 -2.985075611525981003e+02 1.618910371666153480e+00 6.506958090066909506e+01
-1.982523872070230482e+02 -1.979770634913145386e+02 1.220108456298737432e+00 6.509776815176010700e+01
-9.899044369932066445e+01 -9.999999999896238023e+01 3.619924283572323986e+00 6.497005105018615723e+01
1.604950178792217343e+02 1.376308803670153793e+02 5.727885672365852088e+01 6.496816735267638876e+01
2.007912958217172275e+02 2.005170395401876533e+02 7.561215362167157394e-01 6.531105215549469278e+01
3.016307816345864126e+02 3.020257323739923550e+02 8.143390755901787070e-01 6.494145385026931194e+01
4.018946135971289664e+02 4.021512398229511973e+02 9.079230334627007570e-01 6.496873159408569620e+01
5.000535778713366426e+02 5.000238000031760066e+02 7.932832195572495082e-02 6.486682074069976522e+01
6.001078210372978674e+02 6.000194318197552548e+02 2.200438105364381502e-01 6.490010805130005167e+01
7.850000374753768710e+02 8.000000077704928572e+02 3.570710689501119361e+01 6.515497964620590210e+01
8.604003851971119730e+02 8.000000080836605321e+02 8.668997604212081853e+01 6.518635609149933430e+01
1.100129004758801557e+03 1.182490187298222281e+03 1.249346511661853327e+02 6.516165854930878254e+01
1.018248069151012714e+03 1.018804826821575148e+03 1.776920673108291737e+01 6.624421395063400553e+01
1.192499143233538689e+03 1.201399404461451013e+03 3.095035344891460838e+01 6.624411690235137939e+01
1.218987745203492977e+03 1.204307273640120911e+03 3.053962787759472874e+01 6.630858905315399454e+01
1.431753435944313196e+03 1.410657334501718196e+03 6.952745307229652383e+01 6.626369594335555746e+01
1.465000030819563335e+03 1.500000005127569239e+03 4.769694414084917611e+01 6.523647534847259521e+01
