-1.400000000000000000e+03 -1.400000000000000000e+03 0.000000000000000000e+00 5.499693340063095093e+01
2.718906867710667029e+03 1.475058511366518132e+03 3.736291262217764597e+03 5.508639318943023966e+01
-1.200000000000000000e+03 -1.200000000000000000e+03 0.000000000000000000e+00 5.502967975139618062e+01
-1.100000000000000000e+03 -1.100000000000000000e+03 0.000000000000000000e+00 5.505055644512176372e+01
-9.999999999999827196e+02 -9.999999999999873808e+02 1.836443633032007628e-11 5.504365755319595621e+01
-9.000000000000000000e+02 -9.000000000000000000e+02 5.084229945850414966e-14 5.501801145076751709e+01
-7.999999999999474767e+02 -7.999999999999924967e+02 8.702510224356467430e-11 5.499201689958572103e+01
-6.949999145652889183e+02 -6.999999999998399289e+02 8.660402017445791856e+00 5.496890609264373495e+01
-5.997750267999421112e+02 -5.999999999999470219e+02 3.436522394558921278e-01 5.570589430332184122e+01
-4.999670782585924940e+02 -4.999926039596658711e+02 5.239806488485999197e-02 5.503133414983749105e+01
-4.000000000000000000e+02 -4.000000000000000000e+02 0.000000000000000000e+00 5.515995179414748861e+01
-2.998507561414360225e+02 -3.000000000000000000e+02 3.552714447781128992e-01 5.512275880575180054e+01
-1.996949086040534098e+02 -2.000000000000000000e+02 7.263628578312165684e-01 5.513349779844283916e+01
-9.992195668600464842e+01 -1.000000000000000000e+02 1.351749850310001722e-01 5.504200195074081137e+01
1.223653390179963907e+02 1.003121732559814063e+02 4.867083789658137505e+01 5.499389525651931621e+01
2.000677759968473026e+02 2.000000000018214905e+02 2.033279680515557852e-01 5.519851975440978720e+01
3.014242900487897714e+02 3.020197639804966911e+02 9.292734747988393718e-01 5.504096214771270468e+01
4.015779815624059665e+02 4.020444875749735729e+02 9.775034798361070809e-01 5.507683150768279745e+01
5.000039465509586876e+02 5.000000000000000000e+02 1.141953742556761631e-02 5.510657460689544962e+01
6.000155454558041583e+02 6.000194318197550274e+02 7.772727902010956487e-03 5.509078919887542725e+01
7.200000000007381686e+02 7.000000000001842864e+02 3.999999999982119903e+01 5.511234029531478740e+01
8.090656074332154049e+02 8.000000000000044338e+02 2.735686454778303656e+01 5.508120729923248149e+01
1.014285778195509693e+03 1.000000000000002046e+03 1.102723207465675159e+02 5.511335555315017842e+01
1.000314000028365058e+03 1.000000000000003183e+03 9.420000850689727034e-01 5.583984174728393413e+01
1.110000000000208274e+03 1.100000000000014552e+03 2.999999999993149302e+01 5.584113775491714193e+01
1.203420427455695744e+03 1.200258041854945304e+03 8.855883216692159721e+00 5.591072059869766520e+01
1.377373576826304316e+03 1.400000000000006594e+03 4.416229864413853079e+01 5.587343055009841919e+01
1.420000000000195996e+03 1.400000000000117097e+03 3.999999999997009326e+01 5.519221099615096904e+01
