-1.400000000000000000e+03 -1.400000000000000000e+03 0.000000000000000000e+00 5.445182374715805196e+01
4.428369157836679733e+03 2.419704593508495236e+03 5.171727019123454738e+03 5.451356129646300985e+01
-1.200000000000000000e+03 -1.200000000000000000e+03 0.000000000000000000e+00 5.444477249383926676e+01
-1.100000000000000000e+03 -1.100000000000000000e+03 0.000000000000000000e+00 5.445943130254745768e+01
-9.999999999998181011e+02 -9.999999999998856310e+02 2.526667448293915105e-10 5.447876585721969889e+01
-8.996101562320625362e+02 -8.999648854226744561e+02 1.108559435526728087e+00 5.437126610279083394e+01
-7.942945797185808487e+02 -7.985629318403803154e+02 7.052553515080292712e+00 5.455534105300903036e+01
-6.846123559677773756e+02 -6.799997711751354927e+02 6.768903686204477133e+00 5.448746290206909038e+01
-5.992861528781634206e+02 -5.990118025674041746e+02 4.191195525092860641e-01 5.531735500097274638e+01
-4.852727265468870428e+02 -4.853460362034149398e+02 1.134378799457662268e+01 5.443419275283813619e+01
-3.983085708623962091e+02 -3.990050409429067031e+02 1.810167340525948187e+00 5.461530025005340860e+01
-2.970151253476295778e+02 -2.970151253476288957e+02 1.475760393239776480e+00 5.465662360191345215e+01
-1.952059207142552282e+02 -1.967861024750166337e+02 5.510225834742559670e+00 5.460813430547714376e+01
-3.266222371209939013e+01 -8.308669318782710889e+01 8.108334127237287703e+01 5.442507624626159668e+01
2.897520700137726521e+02 3.271642559377152679e+02 1.412813615820764994e+02 5.443377845287322714e+01
2.011616397909960199e+02 2.007019825483862405e+02 1.073851313504537774e+00 5.470519105195999288e+01
3.023568355199869302e+02 3.023563492070178995e+02 5.091097463903256903e-01 5.454961686134338095e+01
4.045381385586304646e+02 4.040977294276674456e+02 2.260281704127670377e+00 5.452978435754776143e+01
5.000783650168441454e+02 5.000525394932907375e+02 6.971783118865919338e-02 5.445203620195388794e+01
6.001673915243152351e+02 6.000744481502149483e+02 2.228624245699278583e-01 5.450828390121459677e+01
7.800000000000000000e+02 8.000000000000000000e+02 5.099019513592784847e+01 5.455685590505599691e+01
9.094306648995614069e+02 8.778181422240153324e+02 1.240369363925002233e+02 5.455463454723358296e+01
1.108129735589238408e+03 1.111804646638621307e+03 1.278345980871350349e+02 5.457209399938583516e+01
1.064545403634542481e+03 1.100975308560101894e+03 4.671517916999005138e+01 5.542418400049209737e+01
1.201506592481966209e+03 1.204144247481987350e+03 8.816966285433645467e+00 5.545371350049972392e+01
1.266214847325903293e+03 1.300000000000000000e+03 4.590863659066575053e+01 5.555492660999298238e+01
1.437274852594213826e+03 1.425167612612709945e+03 6.733185912745010171e+01 5.549989339113235332e+01
1.465000000000000000e+03 1.500000000000000000e+03 7.262919523166975466e+01 5.503549075126647949e+01
