-1.399999999996386123e+03 -1.399999999997142140e+03 2.302237051284858812e-09 4.875738846540451163e+02
8.703992477261166787e+05 8.009914488502994645e+05 5.300863490906566149e+05 4.884074113011359941e+02
2.911887892150288224e+08 6.935997922499002516e+07 4.148385855140440464e+08 4.881328119516372794e+02
3.415651456128859718e+04 3.084073330792407796e+04 1.518958014333919891e+04 4.879683320522308350e+02
-9.999999731267064362e+02 -9.999999761076828690e+02 1.585810699094681258e-05 4.879621332049370039e+02
-8.876607305214077996e+02 -8.901861945351888608e+02 1.501073817597013615e+01 4.876593771934509505e+02
-6.938390688623712776e+02 -6.874964195783347805e+02 4.005742941352399100e+01 4.889807635545730591e+02
-6.795758519777626816e+02 -6.795827547833746394e+02 9.099290589612744895e-02 4.883619710564613570e+02
-5.919099505090239290e+02 -5.916781549696702314e+02 1.786703478448614213e+00 5.011451251983642692e+02
-4.965898330005912840e+02 -4.963621949210237290e+02 1.844509199156683765e+00 4.881798313021660078e+02
-3.999999999940968110e+02 -3.999999999954264354e+02 4.281281466828556919e-09 4.883779555439949149e+02
-2.476798862933080159e+02 -2.511152084767600172e+02 1.794893841935158108e+01 4.887084596514702071e+02
-1.257904328060618582e+02 -1.307841796214393071e+02 2.184441114814377016e+01 4.884841495513916243e+02
-7.210939533350214958e+01 -9.639767591891677512e+01 4.760012915478561268e+01 4.883405980467796326e+02
1.344731402582053306e+03 1.454554568807629266e+03 3.853427478308656760e+02 4.883801584482192766e+02
2.006803206800206567e+02 2.007243344416291109e+02 2.390510714441362317e-01 4.920453106045723075e+02
3.086139269377848677e+02 3.101246588903907195e+02 3.614855799956034232e+00 4.882460405588150252e+02
4.473231434236136010e+02 4.438323973121202926e+02 1.825782159746998801e+01 4.883503383517265206e+02
5.002859446361651976e+02 5.002841393264776571e+02 1.522340383035646338e-01 4.877805952548980599e+02
6.038595756919855830e+02 6.039416550598330105e+02 4.445875604379033730e-01 4.881783670067787284e+02
9.900005378504608871e+02 1.000000535863119921e+03 4.358891477637604339e+01 4.887456162095069772e+02
8.829142890289840579e+02 9.000000267135155809e+02 6.065781881162102707e+01 4.894457168579101562e+02
2.510785069809796369e+03 2.451990173043794584e+03 4.706299895776254516e+02 4.895358577489852792e+02
1.227495210213438440e+03 1.227792739452453361e+03 3.460950734060911582e+00 5.022824661016464347e+02
1.326237204375100873e+03 1.327136102262830263e+03 4.805333898307595497e+00 5.023371062517165910e+02
1.451756419686255185e+03 1.400161220777442395e+03 6.799045144581104694e+01 5.030115438461303938e+02
1.902862458421041765e+03 1.893046828645739879e+03 8.193643427288836278e+01 5.028001782536506425e+02
1.887946539567588388e+03 1.700001982166344078e+03 2.377088174861382583e+02 4.900990032553672791e+02
