-1.400000000000000000e+03 -1.400000000000000000e+03 0.000000000000000000e+00 6.011985275745391988e+01
1.881264434214480616e+03 -2.564581192660023135e+01 3.415517635833271925e+03 6.024558805227279379e+01
-1.200000000000000000e+03 -1.200000000000000000e+03 0.000000000000000000e+00 6.010899440050125264e+01
-1.100000000000000000e+03 -1.100000000000000000e+03 0.000000000000000000e+00 6.011131854057312296e+01
-9.999999999927467798e+02 -9.999999999988411901e+02 1.798513001063358577e-08 6.018628515005111979e+01
-9.000000000000000000e+02 -9.000000000000000000e+02 0.000000000000000000e+00 6.014044129848480225e+01
-7.999999999437499127e+02 -7.999999999823642156e+02 1.016334860568537484e-07 6.019478365182876445e+01
-6.949998982775907734e+02 -6.999999999727430122e+02 8.660430180201585060e+00 6.014566555023193217e+01
-5.997870267295102167e+02 -5.999999967441800663e+02 3.741241522806293962e-01 6.108183474540710733e+01
-4.999590635820898683e+02 -4.999728746156046100e+02 4.185511872521158888e-02 6.013431710004806519e+01
-4.000000000000000000e+02 -4.000000000000000000e+02 0.000000000000000000e+00 6.024326230287552164e+01
-2.995522684243077265e+02 -3.000000000000000000e+02 5.865197141096606392e-01 6.023634924888610698e+01
-2.000000000000000000e+02 -2.000000000000000000e+02 6.355287432313018708e-15 6.023818639516830586e+01
-9.993756534880370168e+01 -1.000000000000000000e+02 1.248693023925625395e-01 6.016197874546050883e+01
1.207655374910057162e+02 1.006243465119630969e+02 3.170971889940198096e+01 6.013511619567871236e+01
2.001046750648482089e+02 2.000000002672669552e+02 4.562654232148926070e-01 6.042406430244445659e+01
3.012186950361900699e+02 3.020196068559067726e+02 9.920871006826254002e-01 6.015509624481201456e+01
4.017371207680949965e+02 4.020833513605540475e+02 8.209255843963512156e-01 6.018913880586624288e+01
5.000108511392574542e+02 5.000000000000000000e+02 2.181408903177655192e-02 6.024593819379806803e+01
6.000145738648164979e+02 6.000194318197550274e+02 8.414224774807013349e-03 6.019955290555954264e+01
7.250000001142688006e+02 7.000000001543468215e+02 4.330127012580371826e+01 6.028550955057144023e+01
8.050000000041166004e+02 8.000000000024015208e+02 2.179449472114524866e+01 6.027304784059524678e+01
1.023837488594418005e+03 9.500000000615082172e+02 1.306966314438736845e+02 6.027390819787979126e+01
1.000000000004330786e+03 1.000000000002261231e+03 5.076664567598490381e-09 6.123314005136489868e+01
1.105000000027480837e+03 1.100000000017354978e+03 2.179449471140140204e+01 6.122948310375213765e+01
1.200607309208963215e+03 1.200080948985144460e+03 1.246864752354259531e+00 6.130395100116729878e+01
1.348502278624903965e+03 1.307226140386079805e+03 4.994569592615044940e+01 6.128648110628127910e+01
1.405000000099468252e+03 1.400000000048731181e+03 2.179449470815147194e+01 6.035884175300598287e+01
