-1.400000000000000000e+03 -1.400000000000000000e+03 0.000000000000000000e+00 6.246047505140304423e+01
5.285144354763166120e+03 4.206883511014919350e+03 4.744850487574372892e+03 6.247375375032424927e+01
-1.200000000000000000e+03 -1.200000000000000000e+03 0.000000000000000000e+00 6.249075360298157022e+01
-1.100000000000000000e+03 -1.100000000000000000e+03 0.000000000000000000e+00 6.249150979518890381e+01
-9.999999999999693046e+02 -9.999999999999806732e+02 3.587239500057678484e-11 6.251607155799865723e+01
-8.999782023704137828e+02 -8.999996616552195974e+02 9.124845288234077756e-02 6.232032905817031576e+01
-7.999942913259377519e+02 -7.999999998513103492e+02 1.415940282406724302e-02 6.251956684589386271e+01
-6.879985398547361228e+02 -6.800000000000003411e+02 9.799151993284862527e+00 6.248928855657577230e+01
-5.994556647498308166e+02 -5.992500893560006716e+02 4.468706507367262160e-01 6.336247490644454672e+01
-4.997234277653085996e+02 -4.998446437355011085e+02 2.898706191739550686e-01 6.243528320789337016e+01
-4.000000000000000000e+02 -4.000000000000000000e+02 0.000000000000000000e+00 6.261494685411453531e+01
-2.989552932419430249e+02 -2.990050409429067031e+02 9.684885190596496107e-01 6.257624959945678711e+01
-1.986646947205034905e+02 -1.990050409429067031e+02 1.397470980232014659e+00 6.265144565105438090e+01
-9.823062600478735362e+01 -1.000000000000000000e+02 4.997898972338932211e+00 6.247659330368041708e+01
1.578779823374001978e+02 1.335144403683644896e+02 6.241343802716365019e+01 6.246791189908981323e+01
2.003081950122657133e+02 2.000138769961893104e+02 5.321424060025861102e-01 6.275727069377899170e+01
3.018327013324569066e+02 3.020225124902920015e+02 6.095561566255904840e-01 6.256530009508132650e+01
4.020092661706740955e+02 4.022602342084538805e+02 9.133152597258080707e-01 6.251642714738845541e+01
5.000184262091186724e+02 5.000099406868828282e+02 2.786286664064388865e-02 6.249705175161361836e+01
6.000165170467920461e+02 6.000194318197550274e+02 6.938547500843657984e-03 6.254222065210342407e+01
7.900000000002157776e+02 8.000000000000401315e+02 2.999999999990099653e+01 6.259546804428100586e+01
8.390656074332625849e+02 8.000000000001004992e+02 6.560839574238902117e+01 6.260469105243682719e+01
1.084702722531325435e+03 1.130921758789314936e+03 1.067340985730423597e+02 6.261471530199050761e+01
1.015565520635839448e+03 1.003140002820409336e+03 2.405860759670394700e+01 6.354493529796600626e+01
1.136505437847892154e+03 1.108329752198685128e+03 4.532923518619737990e+01 6.355293405055999756e+01
1.212178808341795047e+03 1.200916606553978454e+03 2.404322521098622900e+01 6.364715000391006328e+01
1.415204156358477348e+03 1.415446706189710994e+03 5.463625683372894315e+01 6.359121969938278340e+01
1.440000000001577519e+03 1.400000000006006985e+03 4.898979485476829154e+01 6.271535364389419698e+01
