-1.400000000000000000e+03 -1.400000000000000000e+03 0.000000000000000000e+00 5.220993574857711650e+01
5.982653512789722299e+03 6.351479834923265116e+03 5.554271633695255332e+03 5.244993834495544149e+01
-1.200000000000000000e+03 -1.200000000000000000e+03 0.000000000000000000e+00 5.227800765037536479e+01
-1.100000000000000000e+03 -1.100000000000000000e+03 0.000000000000000000e+00 5.229398865699768351e+01
-9.999999999999747615e+02 -9.999999999999845386e+02 3.289410334062237706e-11 5.232924904823303081e+01
-8.999805777269664304e+02 -8.999998723228603694e+02 7.166015899771230324e-02 5.238398209810257100e+01
-7.984435906509742154e+02 -7.999023840770308880e+02 3.811825898042566330e+00 5.235960365533829020e+01
-6.865513580596913243e+02 -6.799998902745867326e+02 9.014107588299497209e+00 5.234526410102844096e+01
-5.996683124603375745e+02 -5.999003967423711856e+02 3.804370270366873030e-01 5.311686279773712016e+01
-4.983413982401011708e+02 -4.994032070728986810e+02 3.556766845409826683e+00 5.238898340463638448e+01
-3.997512602357267042e+02 -4.000000000000000000e+02 4.308299095841033877e-01 5.239423534870147847e+01
-2.978110918376314658e+02 -2.985075614143600546e+02 1.495749160210145368e+00 5.241829295158386515e+01
-1.971076444219264090e+02 -1.971206152715606663e+02 2.192233417535099704e+00 5.238282589912414267e+01
-8.811282359179179480e+01 -9.953174011602789051e+01 1.726338792407569400e+01 5.225300860404968262e+01
1.572335021293696116e+02 1.252919169042639851e+02 5.269337986094553372e+01 5.226947150230407857e+01
2.011005116568819062e+02 2.008096674154236041e+02 9.553042932556814471e-01 5.255663155317306234e+01
3.015796326157083058e+02 3.020441089277077822e+02 9.148706610623406066e-01 5.236005395650863647e+01
4.024607053530045278e+02 4.022629558246921988e+02 9.705440198254642326e-01 5.240515264272689677e+01
5.000708109691676100e+02 5.000297993114339761e+02 7.671587842566195137e-02 5.232168790102004863e+01
6.000721529910049412e+02 6.000194318197550274e+02 1.079435640366121635e-01 5.229448205232620239e+01
7.800000000000000000e+02 8.000000000000000000e+02 4.000000000000000000e+01 5.239466105699538900e+01
9.013481103768681351e+02 9.001874098303693472e+02 1.084714622178383792e+02 5.239881284236908243e+01
1.075530926416438888e+03 1.072479259609864584e+03 1.146574988692980526e+02 5.240165419578552530e+01
1.029443155059301034e+03 1.018952305798433599e+03 3.132962403868013723e+01 5.328027275800705098e+01
1.144312179610235262e+03 1.116660012807420117e+03 4.676654991512396720e+01 5.328712625503540323e+01
1.214748333673226625e+03 1.200675870639359800e+03 2.012333290296967903e+01 5.334724575281143188e+01
1.383371710883036712e+03 1.400000000000000000e+03 5.862094626782882756e+01 5.333493294715881206e+01
1.440000000000000000e+03 1.400000000000000000e+03 4.898979485566356118e+01 5.263321775197982788e+01
