-1.400000000000000000e+03 -1.400000000000000000e+03 0.000000000000000000e+00 2.935823235988617057e+02
2.046116581474268460e+05 1.830460538464564597e+05 1.103627273120695900e+05 3.038803391456604004e+02
2.167806737078642100e+07 3.822169360509051010e+06 5.180137394756242633e+07 3.035710683107375871e+02
4.655750766422075685e+03 3.407727746475668027e+03 4.178902590868175139e+03 3.037525636076927071e+02
-9.999999999999561169e+02 -9.999999999999597549e+02 1.996325979691010821e-11 2.981458303928375244e+02
-8.892422682996879075e+02 -8.901875719060001302e+02 1.086644611728040388e+01 3.026326498031615984e+02
-7.481615284095931884e+02 -7.515273654777636239e+02 2.926437854066946187e+01 3.047189909100532645e+02
-6.794712058679664324e+02 -6.794718897066670706e+02 1.328104564055126169e-01 2.940067458987235796e+02
-5.941998187139413403e+02 -5.942275051793101284e+02 2.055290802734463629e+00 3.177461070060729753e+02
-4.993666829324785112e+02 -4.993319587244221793e+02 2.914177668125338405e-01 2.965497679591179008e+02
-3.958211729677719859e+02 -3.955226867619896893e+02 2.324883874884708046e+00 2.958990975499153251e+02
-2.601721016374969508e+02 -2.650411037214419139e+02 2.035729611067306166e+01 2.959169914007187003e+02
-1.419370764692186242e+02 -1.419575084665281679e+02 2.190928897290145372e+01 2.927988690018653983e+02
7.526028344430535810e+01 6.822075582987145026e+01 9.973827599386976317e+01 2.956375708460807914e+02
1.318659951763367644e+03 1.346810288455411865e+03 2.579950243090473236e+02 2.965225198507308733e+02
2.006179020848568086e+02 2.005667488443543220e+02 2.964236431336170208e-01 3.055449209570884932e+02
3.121179688807072807e+02 3.123304921193838481e+02 4.189148252085653112e+00 2.963873478531837691e+02
4.317911055024648590e+02 4.310667336634971889e+02 9.837924221173871331e+00 3.025398854970932234e+02
5.007550995705688592e+02 5.006514960718206453e+02 2.615599447058868932e-01 3.023755586981773149e+02
6.039168009804845951e+02 6.039895635605847701e+02 3.775512474667284679e-01 3.036929949522018433e+02
9.900000000000000000e+02 1.000000000000000227e+03 4.358898943540675219e+01 2.991318950057029724e+02
1.056034778571595325e+03 1.057715301213878774e+03 1.430117783730654821e+02 2.991471199512481576e+02
2.201274371228954806e+03 2.239857564444777381e+03 3.489148789808646143e+02 2.995670998573303336e+02
1.215641563697771062e+03 1.218921981855064587e+03 1.911810962006631698e+01 3.178844627499580611e+02
1.318470516388172882e+03 1.319175520268676792e+03 3.452623607836770692e+00 3.184328477025031816e+02
1.396882461622312576e+03 1.400026324162197852e+03 5.019850222640361181e+01 3.200007440447807312e+02
1.861245657190593874e+03 1.851052966314147397e+03 3.485826157816692472e+01 3.188371058940887224e+02
1.743320139446929488e+03 1.700000000000000455e+03 1.314602086361108775e+02 3.030801490545272827e+02
