-1.400000000000000000e+03 -1.400000000000000000e+03 0.000000000000000000e+00 2.278582739830017090e+01
2.405425830207615036e+03 1.786199639714776595e+03 3.651789988592597638e+03 2.311267344951629710e+01
-1.200000000000000000e+03 -1.200000000000000000e+03 0.000000000000000000e+00 2.284435335397720479e+01
-1.100000000000000000e+03 -1.100000000000000000e+03 0.000000000000000000e+00 2.286691379547119141e+01
-9.999999999999879492e+02 -9.999999999999948841e+02 1.543051224519527167e-11 2.291323670148849345e+01
-9.000000000000000000e+02 -9.000000000000000000e+02 2.864818081514875316e-13 2.289981784820556499e+01
-8.000000000000000000e+02 -8.000000000000000000e+02 7.626344918775622765e-14 2.301368390321731638e+01
-6.930008542947450678e+02 -7.000000000000000000e+02 9.538228869038979596e+00 2.295068365335464478e+01
-5.997750268068582500e+02 -6.000000000000000000e+02 3.436522289692255927e-01 2.354048579931259155e+01
-4.999826153633109129e+02 -4.999901353279390150e+02 1.529111250373197187e-02 2.296154769659042216e+01
-3.999502520471453408e+02 -4.000000000000000000e+02 2.168462991415098240e-01 2.298798705339431692e+01
-2.998507561414360225e+02 -3.000000000000000000e+02 3.552714447781128992e-01 2.302961424589157247e+01
-1.996570389521593825e+02 -2.000000000000000000e+02 8.324049197952538837e-01 2.300468535423278738e+01
-9.979708738361208020e+01 -9.984391337200929684e+01 2.267289235477957243e-01 2.294223419427871846e+01
1.125769962538312967e+02 1.003121732559814063e+02 2.984368911287911175e+01 2.295376399755478047e+01
2.000565181951951388e+02 2.000000000000001705e+02 1.940780893273447438e-01 2.319531539678573751e+01
3.020278323315065450e+02 3.020512774252394479e+02 2.511930422467387736e-01 2.294913799762725759e+01
4.018286312184812914e+02 4.020552088429610649e+02 6.100228525014774750e-01 2.295552020072937083e+01
5.000039654397623963e+02 5.000000000000000000e+02 1.012924186951618885e-02 2.275431624650955342e+01
6.000174886377797066e+02 6.000194318197550274e+02 5.829545926508217582e-03 2.285608520507812358e+01
7.200000000000017053e+02 7.000000000000000000e+02 3.999999999999914024e+01 2.311329510211944438e+01
8.000000000000000000e+02 8.000000000000000000e+02 7.626344918775622765e-14 2.308145444393158030e+01
1.001060606762967495e+03 9.393837087222600530e+02 1.173808566654169283e+02 2.306018710136413574e+01
1.001887848759999201e+03 1.000000000000000000e+03 5.663594337281571356e+00 2.367153830528259206e+01
1.110000000000000000e+03 1.100000000000000000e+03 2.999999999999996447e+01 2.366570709943771433e+01
1.200127290333438395e+03 1.200000000000000000e+03 2.356213735917753738e-01 2.370715794563293599e+01
1.369789299124334775e+03 1.400000000000000000e+03 5.092438910959758402e+01 2.368164395093917918e+01
1.410000000000043201e+03 1.400000000000000000e+03 2.999999999998557598e+01 2.316169109344482280e+01
