-1.399999999956799002e+03 -1.399999999995955022e+03 1.269922677717595568e-07 5.740472990274429321e+01
9.569926836746141134e+02 -1.296190893803058088e+02 2.539401913025968042e+03 5.751915694475174234e+01
-1.199999999840037390e+03 -1.199999999995880898e+03 3.453313036738027959e-07 5.731116164922714518e+01
-1.099999999681628651e+03 -1.099999999983212547e+03 5.263432558256535599e-07 5.740500625371932841e+01
-9.999999945972260775e+02 -9.999999984002777182e+02 1.402802553755662937e-05 5.734768245220184468e+01
-8.999999999999696456e+02 -8.999999999999921556e+02 5.378343942996004451e-11 5.745983405113220499e+01
-7.999998755490779558e+02 -7.999999108001907189e+02 1.040387024836963038e-04 5.752107460498810099e+01
-6.949996765306613042e+02 -6.999997604716978685e+02 8.660403751950251916e+00 5.741928814649581625e+01
-5.997990172603222163e+02 -5.999991383583976585e+02 3.502468944946642848e-01 5.811858229637145712e+01
-4.999959302028138950e+02 -4.999963007488475455e+02 4.147382047801263620e-03 5.749863759279251241e+01
-3.999999999724958570e+02 -3.999999999975428864e+02 8.911613459335267927e-08 5.749181286096573018e+01
-2.999999999851758048e+02 -2.999999999985449222e+02 3.304448521094737520e-08 5.754360949993133545e+01
-1.999999999421685573e+02 -1.999999999945355853e+02 1.350454630123803539e-07 5.755710074901580953e+01
-9.993756517882636103e+01 -9.999999985150896009e+01 1.248692305561356908e-01 5.748517619371413900e+01
1.018162001340821519e+02 1.001560866908851608e+02 4.983519008650518778e+00 5.751037069559097148e+01
2.000591690784187904e+02 2.000020270075219742e+02 1.773342582423489133e-01 5.760677183866501139e+01
3.011140319364805009e+02 3.015072829723188761e+02 9.563236625070201669e-01 5.747302415370941020e+01
4.009216507934741571e+02 4.004743065493765357e+02 9.531519213748664843e-01 5.753195685148239136e+01
5.000000000000000000e+02 5.000000000000000000e+02 0.000000000000000000e+00 5.745626000165939473e+01
6.000077727338541536e+02 6.000000000225679742e+02 9.519603779207703315e-03 5.747809649705887125e+01
7.100009197801049368e+02 7.000006286286104569e+02 2.999970695743914817e+01 5.759107995033264160e+01
8.000000895754508292e+02 8.000000449570129604e+02 1.209829865188974033e-04 5.758095505237579204e+01
9.682491094480108131e+02 9.500001145735998307e+02 8.556948091675472767e+01 5.756089375019073628e+01
1.000000026186184186e+03 1.000000012973859612e+03 2.941861531479000066e-05 5.825375850200653360e+01
1.100000293804008152e+03 1.100000140014145018e+03 2.974534875324013174e-04 5.825515134334564493e+01
1.200036427582078204e+03 1.200000005053515906e+03 4.027115792331390637e-02 5.831621855497360229e+01
1.345558378895326769e+03 1.301224200628626932e+03 4.924449669237670690e+01 5.829839915037155151e+01
1.400000562998623764e+03 1.400000330084940515e+03 5.718223345133592204e-04 5.765574125051498555e+01
