-1.399999999969690180e+03 -1.399999999984983333e+03 5.042756726005527222e-08 2.490264199972152781e+01
5.521331083073359025e+01 -8.932377964615382098e+02 2.197251156261343112e+03 2.498626830577850200e+01
-1.199999997987971255e+03 -1.199999999967311851e+03 4.548265514792811174e-06 2.485754505395889424e+01
-1.099999985998622378e+03 -1.099999999652669203e+03 5.393484096475470446e-05 2.490621335506439138e+01
-9.999999970671636902e+02 -9.999999987734529441e+02 3.559730811311291434e-06 2.490782254934310913e+01
-8.999999999996618953e+02 -8.999999999999806732e+02 8.567594771893618806e-10 2.491510659456253052e+01
-7.999996073981499194e+02 -7.999997579502120288e+02 3.729254377287159294e-04 2.499903589487075806e+01
-6.959996354372153746e+02 -6.999995942911223210e+02 7.999890838398117765e+00 2.494379819631576467e+01
-5.999113083058030043e+02 -5.999989947972064783e+02 2.660879687023099960e-01 2.564491984844207906e+01
-4.999976509744178657e+02 -4.999999978002920784e+02 3.616140467927430203e-03 2.497241530418396138e+01
-3.999999998100939820e+02 -3.999999999961625008e+02 5.224976044212923412e-07 2.501899110078811717e+01
-2.999999999293586939e+02 -2.999999999876853281e+02 1.142338254696720561e-07 2.504143644571304250e+01
-1.999999999346028403e+02 -1.999999999874621324e+02 1.609145774753649844e-07 2.503192925453186035e+01
-9.995317344603222409e+01 -9.999999991100321495e+01 1.114681996702247130e-01 2.499145214557647776e+01
1.027321045922753058e+02 1.003121733954606043e+02 5.893575429338296701e+00 2.499121069908142090e+01
2.000385938110421762e+02 2.000007443914984719e+02 1.175008996232869973e-01 2.512804045677184916e+01
3.012356543875609418e+02 3.020196855881021634e+02 9.389793555125758306e-01 2.499161224365234446e+01
4.012804453222004781e+02 4.020021065042265036e+02 9.125457521066504540e-01 2.500146404504776143e+01
5.000000000000000000e+02 5.000000000000000000e+02 0.000000000000000000e+00 2.494439740180969167e+01
6.000058295994110722e+02 6.000000000631247303e+02 8.904743479311650819e-03 2.496407279968261861e+01
7.050076492441647815e+02 7.000031610572514182e+02 2.179304600278354087e+01 2.507889239788055491e+01
8.000002680024327901e+02 8.000001212790866703e+02 3.666590300665013456e-04 2.508016635179519582e+01
9.644163482671707470e+02 9.000006962792539298e+02 8.712800169807894690e+01 2.504800809621810842e+01
1.000000054036154552e+03 1.000000043705800408e+03 4.529023262222626583e-05 2.577302269935607981e+01
1.105000457586309039e+03 1.100000208977714692e+03 2.179439001829697986e+01 2.576794990301132060e+01
1.200095122268658315e+03 1.200000000186006218e+03 1.716844837339638052e-01 2.582661789655685425e+01
1.370085539385123866e+03 1.400000016289176074e+03 4.569574162873968959e+01 2.579671660661697530e+01
1.400002987647030295e+03 1.400001499163991866e+03 3.613396163969917127e-03 2.518069274425506521e+01
