-1.400000000000000000e+03 -1.400000000000000000e+03 0.000000000000000000e+00 6.192872959375381470e+01
4.718509694826077975e+03 2.734809057567508717e+03 5.475388234673061561e+03 6.218651514053344442e+01
-1.200000000000000000e+03 -1.200000000000000000e+03 0.000000000000000000e+00 6.192921004295349263e+01
-1.100000000000000000e+03 -1.100000000000000000e+03 0.000000000000000000e+00 6.198134554624557779e+01
-9.999999999999683951e+02 -9.999999999999872671e+02 4.732643913598323141e-11 6.201473810672759868e+01
-8.999988567213455326e+02 -8.999999594817670641e+02 3.996804642574561771e-03 6.202567769289017008e+01
-7.980814936016106458e+02 -7.999552361661360464e+02 4.201594458380009556e+00 6.207167044878006124e+01
-6.881445363777766033e+02 -6.800057149218411041e+02 9.700198915504568475e+00 6.202094540596008443e+01
-5.997178392473518898e+02 -5.999212096585861218e+02 3.667926305225606143e-01 6.292014909982681559e+01
-4.995368763655475846e+02 -4.998865809102553612e+02 8.571110228848815016e-01 6.208594310283660889e+01
-3.995522686761989917e+02 -4.000000000000000000e+02 9.159559805338517435e-01 6.216133480072021200e+01
-2.982090757146316946e+02 -2.990050409429067031e+02 2.699248765015753726e+00 6.217178424596786357e+01
-1.974232522330258917e+02 -1.979440450976274519e+02 3.570334722015528595e+00 6.217262595891952515e+01
-9.883435707201041964e+01 -9.968782674401859367e+01 3.583614657489497368e+00 6.200201694965362265e+01
1.735944857022702195e+02 1.585045405295465457e+02 7.105325325256650615e+01 6.199842175245284892e+01
2.007847792231952724e+02 2.004643123795951567e+02 8.139876114052742029e-01 6.228136324882507324e+01
3.018119266454117451e+02 3.020394362269501016e+02 6.287056533665712488e-01 6.202859009504318522e+01
4.025288574966110673e+02 4.024037625675332492e+02 1.511529881550685461e+00 6.211537369489669658e+01
5.000480006914139040e+02 5.000197293441221404e+02 4.944535345996004666e-02 6.205406395196914815e+01
6.001231472634855209e+02 6.000194318197550274e+02 1.760062495663413384e-01 6.201598930358886719e+01
7.900000000000000000e+02 8.000000000000000000e+02 3.000000000000000000e+01 6.213810194730758951e+01
8.625585060327546216e+02 8.372746315493869815e+02 7.256528025972519913e+01 6.212032489776611044e+01
1.067609849861194789e+03 1.102614430577516487e+03 1.172326127494195021e+02 6.211563450098037720e+01
1.021437493231396729e+03 1.003140006822854730e+03 3.554010762012151758e+01 6.310770266056060507e+01
1.132163820685849259e+03 1.108329743654819367e+03 4.277183961498867859e+01 6.311328204870223857e+01
1.214961073417578064e+03 1.200258041854944622e+03 2.360114960392066052e+01 6.321251435279846476e+01
1.387462818875738776e+03 1.410275624807590020e+03 5.345011117830227931e+01 6.314328719377517984e+01
1.460000000000000000e+03 1.500000000000000000e+03 4.898979485566356118e+01 6.276339330673217631e+01
