-1.399999999999999773e+03 -1.399999999999999545e+03 3.007870999527529780e-13 2.067094784891605286e+03
1.229648602583829081e+06 1.216047069164155982e+06 3.475721775358553859e+05 2.172723817145824341e+03
5.313965390393513441e+08 3.562524078434629440e+08 4.499206229097931981e+08 2.175436493301391693e+03
8.230840983945381595e+02 6.927246473955750616e+02 8.441911971656636524e+02 2.175336653041839782e+03
-9.999999999987760475e+02 -9.999999999987471710e+02 3.391156924517401690e-10 2.143095385253429413e+03
-8.568906256859021369e+02 -8.565526684650253628e+02 5.753284365256300603e+00 2.151974587655067353e+03
-6.185589500252492599e+02 -6.314589872217459288e+02 4.173278555504938936e+01 2.171970083653926849e+03
-6.788142928270134462e+02 -6.788087297407497545e+02 6.324251938283652341e-02 2.106360260856151399e+03
-5.536386979594992681e+02 -5.534030447324938677e+02 4.106587316923661746e+00 2.489223060047626404e+03
-4.998734489115952897e+02 -4.998705667888013977e+02 5.122547214218095557e-02 2.105790038049221039e+03
-3.061242391560004990e+02 -3.046426837726173744e+02 2.178361609332480597e+01 2.082676756596565156e+03
-1.947749352276760604e+01 -2.884542988305844347e+01 5.350448382261836855e+01 2.091155421948432831e+03
2.295937950436263293e+02 2.391487673832391465e+02 7.459474718794467663e+01 2.063088238549232301e+03
2.333671123396101848e+03 2.326095501508310917e+03 4.869095071207465821e+02 2.078212062656879425e+03
7.647456122130844960e+03 7.614452507740207693e+03 6.788222013097835088e+02 2.106926209807395935e+03
2.006878273268854969e+02 2.005511649606514766e+02 4.424913411026322185e-01 2.170323399853706178e+03
4.298946434906035279e+02 4.266903182508877990e+02 2.697635431131774908e+01 2.083071409451961699e+03
6.367735162514348985e+02 6.350699188947207858e+02 4.309110481445659957e+01 2.137730086946487518e+03
5.073347682151744493e+02 5.072539610066245928e+02 1.643310366641467013e+00 2.168475515103340058e+03
6.242186668527479014e+02 6.245097159098277189e+02 1.029932028400213584e+00 2.107367634999752227e+03
1.453524945498323859e+03 1.662109728688500127e+03 4.215694470380249186e+02 2.107234026503562745e+03
3.820991112262163369e+03 3.808704382781160348e+03 4.673843242595442575e+02 2.107580575752258483e+03
9.616140193529561657e+03 9.863432320615393110e+03 1.146989239762158377e+03 2.134586735105514435e+03
1.336858065420897447e+03 1.335803054064527714e+03 8.729891062377163280e+00 2.527481977748871032e+03
1.463841948012752482e+03 1.464502502420200472e+03 1.183376138242751807e+01 2.521091467404365631e+03
1.573480666472853954e+03 1.611545707170064361e+03 8.747238750940132945e+01 2.547616373348236266e+03
2.831601487600647488e+03 2.815686240691511102e+03 1.684127942468851984e+02 2.538457425391673951e+03
3.089611482792267452e+03 1.800000000000002728e+03 1.579741873146631406e+03 2.179619854748249054e+03
