-1.400000000000000000e+03 -1.400000000000000000e+03 0.000000000000000000e+00 6.048189815282821513e+01
1.783558775663336519e+03 3.693506130349102818e+02 3.393227064823085584e+03 6.066746925115585043e+01
-1.200000000000000000e+03 -1.200000000000000000e+03 0.000000000000000000e+00 6.045076385736465596e+01
-1.100000000000000000e+03 -1.100000000000000000e+03 0.000000000000000000e+00 6.045635030269622945e+01
-9.999999999999906777e+02 -9.999999999999968168e+02 1.400306213458718599e-11 6.056226885318756104e+01
-8.999999999999996589e+02 -8.999999999999997726e+02 9.937036058278026112e-13 6.056096035242080688e+01
-7.999999971222334807e+02 -8.000000000000000000e+02 8.633299830762550318e-06 6.057156839370727397e+01
-6.909991148902095119e+02 -7.000000000000000000e+02 9.950853006103747234e+00 6.049996354579925395e+01
-5.997763258282059269e+02 -6.000000000000000000e+02 3.527840038324241423e-01 6.151529899835586690e+01
-4.999331700501325031e+02 -4.999654785752962880e+02 8.199061145352114222e-02 6.052777860164642476e+01
-4.000000000000000000e+02 -4.000000000000000000e+02 0.000000000000000000e+00 6.065182420015334941e+01
-2.992537807071800557e+02 -2.990050409429067031e+02 4.308299095841034987e-01 6.066479754447937012e+01
-1.995987145377534091e+02 -2.000000000000000000e+02 8.026727982149352014e-01 6.066754485368728922e+01
-9.894361771160390617e+01 -9.968782674401859367e+01 3.608563428508803295e+00 6.053295559883117960e+01
1.325390589900932241e+02 1.167572201841821879e+02 4.298841402213720642e+01 6.047345399856567383e+01
2.000065670510959421e+02 2.000000000000003126e+02 2.862511207162632410e-02 6.084231820106506206e+01
3.017406059424237128e+02 3.020257323738570108e+02 7.250964169754766653e-01 6.060317815542221354e+01
4.018748266987228135e+02 4.021457293668521515e+02 8.852413098862166319e-01 6.059055979251861856e+01
5.000157925217426964e+02 5.000197293441220268e+02 1.373601505861451674e-02 6.052307994365692423e+01
6.000194318197552548e+02 6.000194318197550274e+02 2.273736754432320595e-13 6.050255390405654765e+01
7.650000000000000000e+02 8.000000000000000000e+02 4.769696007084728251e+01 6.065239814519882344e+01
8.200000000000000000e+02 8.000000000000000000e+02 6.000000000000000000e+01 6.064135155677795552e+01
1.050850466695260593e+03 1.053035625138566729e+03 1.359576408200703099e+02 6.059107155799866007e+01
1.007337343260828106e+03 1.000000000000000000e+03 2.258880590295232693e+01 6.167865545749664591e+01
1.120139941537316872e+03 1.100000000000000000e+03 4.028352932668868647e+01 6.166834654808044291e+01
1.202322993435615444e+03 1.200435134724740237e+03 6.872814981558586389e+00 6.177839729785919332e+01
1.371976708528396330e+03 1.400000000000000000e+03 4.811626263517045032e+01 6.173454284667968750e+01
1.425000000000000000e+03 1.400000000000000000e+03 4.330127018922193116e+01 6.179906075000762655e+01
