-1.400000000000000000e+03 -1.400000000000000000e+03 1.345160804498758786e-13 2.819806231498718034e+02
1.269111934019816981e+05 1.085456347477410163e+05 9.816565708481239562e+04 2.842269792556762695e+02
7.844021982324550860e+06 5.161906306515715551e+05 1.365294050413783826e+07 2.833382611513137590e+02
4.802814595141572681e+03 3.280587769752415625e+03 4.258850447972059555e+03 2.845357569932937736e+02
-9.999999979059548423e+02 -9.999999981146843311e+02 1.360692096339481352e-06 2.822581568479537850e+02
-8.917921811546699473e+02 -8.901873741080266882e+02 3.338101865492605569e+00 2.821773142457008134e+02
-7.683591461099241542e+02 -7.699798349544590792e+02 1.904683433448334640e+01 2.854015637993812788e+02
-6.796762241412545791e+02 -6.796657663870412307e+02 9.255451322149957361e-02 2.831845931410789490e+02
-5.940194838185204844e+02 -5.942732558789061841e+02 1.676659448637694450e+00 3.057470575571060181e+02
-4.991451728428895649e+02 -4.993334030604181635e+02 6.132385011827611310e-01 2.830847114443778878e+02
-3.997015122828720450e+02 -3.999999999999999432e+02 4.559475192511772690e-01 2.839946748495102042e+02
-2.671899062267333989e+02 -2.686588856478866774e+02 1.197838694038978602e+01 2.841473899483680725e+02
-1.656635844801134567e+02 -1.657130698263239310e+02 1.417390578126644485e+01 2.841896619915962106e+02
-4.717798391467738384e+01 -6.979000157885957378e+01 4.897528052114159891e+01 2.836851501941681022e+02
1.071159542410915492e+03 1.074174979854695493e+03 3.534815253716919301e+02 2.837004184484482039e+02
2.004175379126046437e+02 2.004354577709076466e+02 1.499485628601025800e-01 2.929139692544937361e+02
3.099386666902809111e+02 3.103791336434866253e+02 2.073819208456534557e+00 2.828757158398628349e+02
4.340810115573830217e+02 4.332931525349845288e+02 1.060443890993002647e+01 2.839318656444549447e+02
5.004886324639948043e+02 5.005046815467572401e+02 1.936079886010896867e-01 2.825308341503143197e+02
6.033675784299005045e+02 6.034632753129867524e+02 4.942333887502917134e-01 2.833165374517440682e+02
9.900000024028613552e+02 1.000000001391555088e+03 4.358898834894853991e+01 2.848789809942245483e+02
9.701569870491694019e+02 9.478203141707053874e+02 8.009831101656956776e+01 2.865040374517440682e+02
2.068999360129555953e+03 2.180360483302145440e+03 4.120018750064809296e+02 2.866101539969444048e+02
1.218321523626136013e+03 1.219534307132440972e+03 4.584394161240823884e+00 3.073153738021850359e+02
1.318809677812282189e+03 1.318879405449983096e+03 3.048193280421487295e+00 3.072640446901321525e+02
1.419188689607969764e+03 1.400029247013328131e+03 7.942239024683028958e+01 3.082948686957359428e+02
1.851252195933625899e+03 1.843594195105758445e+03 3.535492320121113607e+01 3.077568419933319319e+02
1.730370941576339874e+03 1.700000002752864475e+03 9.122142750945201328e+01 2.888791370987892151e+02
