-1.399999999999998863e+03 -1.399999999999999318e+03 1.644337747326475876e-12 2.794172359704971242e+01
5.551676933819322585e+03 4.289808236186759132e+03 4.917855782264292429e+03 2.809269679784774709e+01
-1.199999999996577117e+03 -1.199999999999154397e+03 4.802840693425830447e-09 2.800025506019592214e+01
-1.099999999988550826e+03 -1.099999999999236934e+03 3.240168454365002471e-08 2.802074559926986552e+01
-9.999999994942057810e+02 -9.999999997828189180e+02 7.632678513004282047e-07 2.808251240253448344e+01
-8.999377060677306872e+02 -8.999879631473916106e+02 1.592086663043756067e-01 2.794858200550079275e+01
-7.950420857323882728e+02 -7.997398949369510319e+02 8.282663273329017528e+00 2.809745005369186543e+01
-6.833617176463442320e+02 -6.799997277138198797e+02 7.122481981780275362e+00 2.806718695163726807e+01
-5.994100389361640282e+02 -5.992499978284304234e+02 4.527486501625366255e-01 2.895209709405899190e+01
-4.990119153140865933e+02 -4.991478175569529867e+02 9.698642328016270353e-01 2.801901700496673442e+01
-3.999999999999875513e+02 -3.999999999999994884e+02 4.521829659326650965e-11 2.810623525381088328e+01
-2.978608392622444399e+02 -2.990050409244108778e+02 1.673038593339085889e+00 2.810329129695892192e+01
-1.981193342768260379e+02 -1.980100818857943636e+02 2.222146947149060914e+00 2.818525614738464213e+01
-9.821501733892841912e+01 -9.999999997030045051e+01 4.992833662384041027e+00 2.803534420728683330e+01
1.797361590585352076e+02 1.961673118401424176e+02 7.488440962352279939e+01 2.804401575326919627e+01
2.008148166272493995e+02 2.004939582437333456e+02 9.275859484019126633e-01 2.834457689523696899e+01
3.017237119178753915e+02 3.020197639808354779e+02 7.228185308631369654e-01 2.805409580469131470e+01
4.022749110447644512e+02 4.021914780462418548e+02 6.924674241685683240e-01 2.805879769325256490e+01
5.000243457086582453e+02 5.000101996810217315e+02 3.724634765134835629e-02 2.798831435441970683e+01
6.000659625601126663e+02 6.000194318197550274e+02 1.828595712470745260e-01 2.801405140161514140e+01
7.950000116641283512e+02 8.000000022083215754e+02 2.179446476977389935e+01 2.819581184387207173e+01
8.471977497990841357e+02 8.000000027674292369e+02 7.279534267965635763e+01 2.820498659610748149e+01
1.094170794716681030e+03 1.182490187298222281e+03 1.224928333653672752e+02 2.820763570070266724e+01
1.021346422974437019e+03 1.018804903208808582e+03 3.046776615563389967e+01 2.920943500995635844e+01
1.152361936710310147e+03 1.158329836575942863e+03 4.927161029642770274e+01 2.913124514818191457e+01
1.228099474716662144e+03 1.200916606556160787e+03 4.310658683174798256e+01 2.919393050670623779e+01
1.408603160834672735e+03 1.410657307041431295e+03 5.033522525520283608e+01 2.918410315513610698e+01
1.485000012215370361e+03 1.500000001917601367e+03 3.570713716308057428e+01 2.827953540086746287e+01
