-1.400000000000000000e+03 -1.400000000000000000e+03 0.000000000000000000e+00 5.703263310194015645e+01
4.344659033821410048e+03 3.255912493208760225e+03 4.787823880134137653e+03 5.714159225225448324e+01
-1.200000000000000000e+03 -1.200000000000000000e+03 0.000000000000000000e+00 5.700947500467300699e+01
-1.100000000000000000e+03 -1.100000000000000000e+03 0.000000000000000000e+00 5.701722439527511455e+01
-9.999999999998915428e+02 -9.999999999999647571e+02 1.470676459145172562e-10 5.705263924598693848e+01
-8.995982857517052480e+02 -8.999783990430081531e+02 1.094781331673799540e+00 5.704558975696564005e+01
-7.921714008078849929e+02 -7.992574190958041527e+02 1.237058286282015906e+01 5.714244834184646749e+01
-6.821137674954013619e+02 -6.799988245990285805e+02 5.310755702783351850e+00 5.704407839775085165e+01
-5.994211735045643081e+02 -5.993197258578943547e+02 4.054836795316490994e-01 5.764605334997177266e+01
-4.911281303870922557e+02 -4.959653893517150323e+02 1.161808124715319579e+01 5.712284713983535767e+01
-3.986070583276332400e+02 -3.990050409429067031e+02 1.421083944979678160e+00 5.714995989799499654e+01
-2.968658829891692221e+02 -2.970151253476294073e+02 2.599770963430313664e+00 5.716632109880447388e+01
-1.963018302265684838e+02 -1.971206152715606663e+02 2.467276297928169715e+00 5.714580209255218790e+01
-5.438004435693956395e+01 -8.308669318782710889e+01 6.480001513826856296e+01 5.704710539579391337e+01
2.398797385014016186e+02 2.206995584586678092e+02 1.128477886419053817e+02 5.705888154506683208e+01
2.014965566227515978e+02 2.015629791675843308e+02 8.541206561484777637e-01 5.722129515409469747e+01
3.020080387191164277e+02 3.020749153117959622e+02 9.487325494969445216e-01 5.708599034547805928e+01
4.049378616271608848e+02 4.036141459648212049e+02 3.386421741333250690e+00 5.715079410076141642e+01
5.001012155554066112e+02 5.000986467203184134e+02 7.219284596211564264e-02 5.709032690525054932e+01
6.002635095002207208e+02 6.002051797008826952e+02 2.297642464644864269e-01 5.709690694808959677e+01
7.850000000000000000e+02 8.000000000000000000e+02 3.570714214271424680e+01 5.709059745073318481e+01
9.361330247746539044e+02 8.854439632069247637e+02 1.169753162542293126e+02 5.711797940731048584e+01
1.116657971361041518e+03 1.167214301818612057e+03 9.472745075767508638e+01 5.711297144889831401e+01
1.066353727433643144e+03 1.097878654787235064e+03 4.617601011463997196e+01 5.774234969615936564e+01
1.182023893005910168e+03 1.202798881541338233e+03 3.994860003429362649e+01 5.773440334796905660e+01
1.228376274560724141e+03 1.223372716770875741e+03 3.268057259523791913e+01 5.780782784223556803e+01
1.447066336214824787e+03 1.450290878112745304e+03 7.523406714091210290e+01 5.776828329563140585e+01
1.465000000000000000e+03 1.500000000000000000e+03 4.769696007084728251e+01 5.890091320276260234e+01
