-1.400000000000000000e+03 -1.400000000000000000e+03 0.000000000000000000e+00 6.985846250057220175e+01
3.050166619543714660e+03 2.794122667537135385e+03 3.790852914675780539e+03 7.021287389993668171e+01
-1.200000000000000000e+03 -1.200000000000000000e+03 0.000000000000000000e+00 6.982558104991912273e+01
-1.100000000000000000e+03 -1.100000000000000000e+03 0.000000000000000000e+00 6.987336630821228312e+01
-9.999999999999899956e+02 -9.999999999999969305e+02 1.542473167771613035e-11 6.994336094856262775e+01
-8.999999999999994316e+02 -9.000000000000000000e+02 1.533929953355507510e-12 6.996870959997177408e+01
-8.000000000000000000e+02 -8.000000000000000000e+02 0.000000000000000000e+00 7.011654859781265259e+01
-6.911237837999262865e+02 -7.000000000000000000e+02 9.826946480753500524e+00 6.992927354574203491e+01
-5.998747667885259034e+02 -6.000000000000000000e+02 3.017262119945964827e-01 7.088073195219040201e+01
-4.999906305325407629e+02 -4.999926039596658711e+02 1.313087800811807773e-02 6.997427259683608725e+01
-3.999502520471453408e+02 -4.000000000000000000e+02 2.168462991415098240e-01 7.002571355104446127e+01
-2.998010081885813634e+02 -3.000000000000000000e+02 3.979836228373188067e-01 7.005172064304352375e+01
-1.998010081885813634e+02 -2.000000000000000000e+02 5.969754342559780991e-01 7.007719094753265665e+01
-9.899044370000112281e+01 -9.984391337200929684e+01 3.618577980160608831e+00 6.995295089483261108e+01
1.027321043068143069e+02 1.003121732559814063e+02 7.926185719471406266e+00 6.996561045646667765e+01
2.000228072394063759e+02 2.000000000000003979e+02 9.888587607228471743e-02 7.035383014678954794e+01
3.017900050534739194e+02 3.020225124902920015e+02 6.645273693618629629e-01 7.000682429075240520e+01
4.015326782705775486e+02 4.020239936818749129e+02 8.099033385469277535e-01 7.000961974859237102e+01
5.000039458688244167e+02 5.000000000000000000e+02 7.891737648810704178e-03 6.981403759717940716e+01
6.000165170467919324e+02 6.000194318197550274e+02 6.938547500843658851e-03 6.988951449394225790e+01
7.450000000000000000e+02 7.000000000000002274e+02 4.974937185533098472e+01 7.022805764675140949e+01
8.059585576907003315e+02 8.000000000000000000e+02 2.338524352895140623e+01 7.020427354574204060e+01
1.020783382874403856e+03 9.580660550046811750e+02 1.276557560626405348e+02 7.012488369941711142e+01
1.004252687778039217e+03 1.000000000000000000e+03 1.712208604789329414e+01 7.105859044790267376e+01
1.120000000000000000e+03 1.100000000000000000e+03 3.999999999999998579e+01 7.101830220222473145e+01
1.200194877397374285e+03 1.200040474492571320e+03 2.919221657331247943e-01 7.106639864444733234e+01
1.359831762373426955e+03 1.400000000000000000e+03 5.099563469775111457e+01 7.106194204092025757e+01
1.405000000000000000e+03 1.400000000000000000e+03 2.179449471770336899e+01 7.077680538892745687e+01
