-1.399999999999999773e+03 -1.399999999999999773e+03 1.438037388729016771e-13 4.940951068043708574e+02
6.810493988810330629e+06 5.510473591891812161e+06 4.609137354744201526e+06 4.948833811998367196e+02
2.356233451814883232e+09 1.257754268457411289e+09 3.779769723452749729e+09 4.945886495947837602e+02
6.156748187123923708e+04 6.042441068429323786e+04 1.900630989622911875e+04 4.944767500042915458e+02
-9.999999998832201982e+02 -9.999999999089175162e+02 9.130053008309160990e-08 4.947273586511611825e+02
-8.733938232015792664e+02 -8.900635873816750063e+02 3.243707101570835505e+01 4.942024816989898568e+02
-5.986067330730085132e+02 -6.718905322375765081e+02 3.589164412153824060e+02 4.955733783006668318e+02
-6.794235481588412995e+02 -6.794368837332201565e+02 1.018611047818129556e-01 4.948432878494262468e+02
-5.906697037517728859e+02 -5.908449175439413921e+02 1.469466683952003860e+00 5.115665206432342416e+02
-4.929858682147211653e+02 -4.938739376900154525e+02 3.712117313632501858e+00 4.945101640462875139e+02
-3.969653751277562606e+02 -3.970151228287200524e+02 1.491608726989068545e+00 4.950264117956161272e+02
-2.401322996539604446e+02 -2.358255101538990743e+02 1.949403360548313913e+01 4.953534126996993905e+02
-1.086275072694683388e+02 -1.047756282190909474e+02 2.681900029112921757e+01 4.956008162975311393e+02
2.318123172550316156e+02 2.681766770702022313e+02 1.628769815145560358e+02 4.948133053421973955e+02
1.469387929994941260e+03 1.415228396185852716e+03 3.386862912828204344e+02 4.949628200531005859e+02
2.011019264207027391e+02 2.010506904390360887e+02 3.749087094459698788e-01 4.998698886513710136e+02
3.121342753486266588e+02 3.116409509341975763e+02 1.409157553596613432e+00 4.947656836986541862e+02
4.540802875681923183e+02 4.499326499793330640e+02 2.009202139103093288e+01 4.948988777995109558e+02
5.005337433850760931e+02 5.005216063907548687e+02 3.227910561043612070e-01 4.943440698981285095e+02
6.042570224028569328e+02 6.044184648548214227e+02 3.707115398446284571e-01 4.954948188424110640e+02
9.750000023820875867e+02 1.000000002133836233e+03 7.664854865910579917e+01 4.955277054548263322e+02
1.244001074939722685e+03 1.248708751344225220e+03 1.374415368438428118e+02 4.963246575474739188e+02
2.970099096660005671e+03 2.904496074154291819e+03 4.198597720346019173e+02 4.961892929077148438e+02
1.233028993108310260e+03 1.232572064968191171e+03 5.043649989103345277e+00 5.134281282544136502e+02
1.329518343509463648e+03 1.328873787967585486e+03 4.444777344212647030e+00 5.133633184552193143e+02
1.464876890215711228e+03 1.522510042487601822e+03 7.961131107227132020e+01 5.142578902959824063e+02
1.950336464942965904e+03 1.952700639336416543e+03 8.911311675525094245e+01 5.139189276576041721e+02
2.093929241924978669e+03 2.146595348815713805e+03 2.913627527144706164e+02 4.971108793973922957e+02
