-1.399999999999999773e+03 -1.400000000000000000e+03 7.454944493817948069e-13 5.703918440341949747e+01
1.673926194739942730e+03 -4.296583734926302327e+02 3.811022502468560560e+03 5.720925015211105347e+01
-1.199999999999797637e+03 -1.199999999999970441e+03 5.295108962531056505e-10 5.706581050157546997e+01
-1.099999999997744908e+03 -1.099999999999881766e+03 6.521762171798382857e-09 5.709384679794311523e+01
-9.999999998621093482e+02 -9.999999999472003083e+02 2.335167354985928988e-07 5.716536229848861694e+01
-8.999999583372812140e+02 -8.999999999997409077e+02 1.671201456848367384e-04 5.701035075187682821e+01
-7.999999891159735625e+02 -7.999999984480671174e+02 1.241624589758818790e-05 5.716301559209823324e+01
-6.909996023968102463e+02 -6.999999839421631123e+02 9.950309117982412133e+00 5.717025979757308818e+01
-5.996023079159898543e+02 -5.997701249082392678e+02 4.129441101612172926e-01 5.807477990388870381e+01
-4.999475962103998654e+02 -4.999728745914189290e+02 5.305264265209007346e-02 5.711450715065002726e+01
-3.999999999999939746e+02 -3.999999999999998863e+02 2.521810726282869474e-11 5.721653195619582988e+01
-2.992040327542235332e+02 -2.990050409429034630e+02 6.748140644944240485e-01 5.722399579286575033e+01
-1.997015122828558447e+02 -1.999999999999963904e+02 7.105428895500119912e-01 5.721630480289459086e+01
-9.993756534878407649e+01 -9.999999999999431566e+01 1.248693023877535807e-01 5.711826184988021993e+01
1.480668243672228641e+02 1.376308803596774055e+02 4.777636336544811968e+01 5.713405164480209208e+01
2.000245274929586401e+02 2.000001947182917661e+02 1.055314954164711105e-01 5.743657665252685263e+01
3.016172967062134376e+02 3.020196068559192213e+02 8.074053752588699062e-01 5.715318084955215738e+01
4.018590724027296233e+02 4.020722873950202256e+02 6.966523664987004372e-01 5.715935395956039144e+01
5.000294401176544739e+02 5.000197293441243573e+02 3.525756038787895147e-02 5.713252489566802694e+01
6.000174886378712245e+02 6.000194318197550274e+02 5.829545652073883817e-03 5.710111014842986776e+01
7.500000034956738091e+02 7.500000156584108026e+02 4.999999724520803568e+01 5.728567800521850728e+01
8.100000005157260148e+02 8.000000006449661214e+02 2.999999996034576100e+01 5.728540869951248027e+01
1.030154439963517689e+03 1.000000000867770268e+03 1.236822655255711396e+02 5.730696750879288004e+01
1.006393789964589814e+03 1.000000000354024451e+03 2.246883362397555572e+01 5.823703575134277344e+01
1.115139936836432980e+03 1.100000001170274800e+03 3.604387708699773185e+01 5.822968025207519815e+01
1.200368458201691055e+03 1.200080948985158784e+03 9.345500843274641145e-01 5.831998100280761577e+01
1.342833997345181388e+03 1.303822520583247297e+03 5.002929089881425995e+01 5.828316434621810771e+01
1.430000004826342320e+03 1.400000008003176845e+03 4.582575555176357796e+01 5.739131615161895894e+01
