-1.400000000000000000e+03 -1.400000000000000000e+03 0.000000000000000000e+00 2.225609070062637329e+01
4.140823920009811445e+03 3.667332331435648939e+03 4.722842582917622167e+03 2.228759180307388377e+01
-1.200000000000000000e+03 -1.200000000000000000e+03 0.000000000000000000e+00 2.222167785167694021e+01
-1.100000000000000000e+03 -1.100000000000000000e+03 0.000000000000000000e+00 2.225319139957428050e+01
-9.999999999999479314e+02 -9.999999999999749889e+02 5.874263922057964026e-11 2.229031969308853078e+01
-8.999325200715314850e+02 -8.999992856355590902e+02 1.664899598764463529e-01 2.220409294366836406e+01
-7.952393116535620265e+02 -7.998925517858776857e+02 1.155051019550727176e+01 2.229639863967895508e+01
-6.888187794339244192e+02 -6.799999170394800103e+02 9.782952156335166904e+00 2.225847455263137675e+01
-5.994510013926997090e+02 -5.994365598299723388e+02 4.115494712804741440e-01 2.289173970222473287e+01
-4.992181127269476519e+02 -4.995166310785391488e+02 1.080459569100310269e+00 2.231740884780883860e+01
-3.998010081885813634e+02 -4.000000000000000000e+02 5.073315647344599499e-01 2.236469905376434397e+01
-2.979603362022493229e+02 -2.990050409429067031e+02 2.098272851847601039e+00 2.237786195278167867e+01
-1.974215321969119827e+02 -1.979440450976274519e+02 1.973825275272101720e+00 2.238137350082397603e+01
-9.102244195547005745e+01 -9.968782674401859367e+01 1.567056275744627492e+01 2.223782410621642924e+01
1.772789544841340899e+02 1.585045405295466026e+02 6.045431616052481871e+01 2.225715920925140523e+01
2.009174056152201899e+02 2.007422589776626580e+02 8.693388845591429881e-01 2.242611005306243754e+01
3.017693169816464547e+02 3.020386119081171614e+02 7.401965128995506848e-01 2.231552690267562866e+01
4.019766292256606448e+02 4.023343112652904097e+02 1.067351384111089985e+00 2.234679625034332417e+01
5.000330463677724993e+02 5.000197293441226520e+02 3.100620193274765748e-02 2.223745329380035329e+01
6.000304350858473299e+02 6.000194318197550274e+02 2.200653218396837404e-02 2.229874260425567556e+01
7.750000000000000000e+02 8.000000000000000000e+02 4.330127018922193116e+01 2.235141279697418071e+01
8.740252466616957463e+02 8.406560743320665097e+02 9.380483844258544934e+01 2.235572110414505076e+01
1.083394076517183521e+03 1.182490187297640659e+03 1.189058267188024445e+02 2.233472560644149851e+01
1.019820521055117069e+03 1.011046099944525395e+03 2.756935769281889037e+01 2.300240299701690816e+01
1.157380149273078814e+03 1.171462940100381502e+03 4.320969753058155050e+01 2.301044609546661235e+01
1.222223145585776820e+03 1.209622997655741983e+03 2.991606550900673156e+01 2.313345689773559499e+01
1.396788903374955680e+03 1.410275625155118632e+03 4.548551734857414175e+01 2.304825525283813548e+01
1.460000000000000000e+03 1.450000000000000000e+03 7.348469228349534887e+01 2.345057045221328806e+01
