-1.399999996911930111e+03 -1.399999997900273229e+03 3.156155708380736024e-06 6.210993174314499043e+01
-1.232132591509929824e+02 -1.194891185082835136e+03 1.916392432889477050e+03 6.228920130729675009e+01
-1.199999399305675752e+03 -1.199999944905020129e+03 8.792387547120736118e-04 6.208611624240874960e+01
-1.099999487458642534e+03 -1.099999799650163368e+03 8.414172201813315119e-04 6.214999835491180136e+01
-9.999996193476217741e+02 -9.999997237839345416e+02 4.800499523689676757e-04 6.217475430965423300e+01
-8.999999998988980678e+02 -8.999999999492131337e+02 1.546309395615916523e-07 6.213636755943298340e+01
-7.999952413779406015e+02 -7.999962806130915851e+02 2.690865867018593822e-03 6.226463090181350424e+01
-6.919949839225754431e+02 -6.999861935421743055e+02 9.794040649462793624e+00 6.220860769748687602e+01
-5.998949187099403844e+02 -5.999936757460827721e+02 2.388946431094287892e-01 6.303996819257736206e+01
-4.999921076610949058e+02 -4.999924962578606937e+02 7.322854759476003957e-03 6.218838154077529623e+01
-3.999999931453431827e+02 -3.999999986177937217e+02 1.966929333108742093e-05 6.229192119836807251e+01
-2.999999879311357063e+02 -2.999999972693071868e+02 2.067193247629388220e-05 6.233539839982986308e+01
-1.999999841430506535e+02 -1.999999968820119136e+02 4.328643491637017575e-05 6.231635400056838847e+01
-9.996869072080487229e+01 -9.999995248727350372e+01 9.369774415366344256e-02 6.224956219196319296e+01
1.018477360046021261e+02 1.003121840213498785e+02 4.973893672698978641e+00 6.222011529207229330e+01
2.001123719728804531e+02 2.000551572476287561e+02 1.522155083172560264e-01 6.241604394912720011e+01
3.010106325778102700e+02 3.010148266058408808e+02 1.009361349122725349e+00 6.222121745347976685e+01
4.010288262902154202e+02 4.011022320271022750e+02 9.986357525538344104e-01 6.223611929416656352e+01
5.000019731263890890e+02 5.000000000000015916e+02 5.919379022802358746e-03 6.216406733989715860e+01
6.000068032876762345e+02 6.000000046177435706e+02 9.266809902532332707e-03 6.215928815603255941e+01
7.050311734185954720e+02 7.000232121986499578e+02 2.178772675024300653e+01 6.236043244600296021e+01
8.000041156727561429e+02 8.000026867469593981e+02 4.340268884137263826e-03 6.234900529384613321e+01
9.241279742673696092e+02 9.000039347582742266e+02 6.639200627882790684e+01 6.232744700908661173e+01
1.000000733755549845e+03 1.000000638566144517e+03 4.145938314136046222e-04 6.318257529735565470e+01
1.100004205668634086e+03 1.100003820848456371e+03 3.130758843164708604e-03 6.318130381107330606e+01
1.200143568013858612e+03 1.200080951714530329e+03 2.289707233266656816e-01 6.323664444684982300e+01
1.325514637761843460e+03 1.300866449350555285e+03 4.300984400877019453e+01 6.322328770160675049e+01
1.400021714527097174e+03 1.400017427835112812e+03 1.315881149338659836e-02 6.243956310749054239e+01
