-1.400000000000000000e+03 -1.400000000000000000e+03 0.000000000000000000e+00 5.980381469726562216e+01
2.073950697281024077e+03 5.493780566469949918e+02 3.505663607347479683e+03 5.998072084188461162e+01
-1.200000000000000000e+03 -1.200000000000000000e+03 0.000000000000000000e+00 5.978463965654373169e+01
-1.100000000000000000e+03 -1.100000000000000000e+03 0.000000000000000000e+00 5.982490435838699483e+01
-9.999999999999787406e+02 -9.999999999999839702e+02 2.174897844519646444e-11 5.987828224897384644e+01
-9.000000000000000000e+02 -9.000000000000000000e+02 3.154681718458870922e-13 5.986567180156707479e+01
-8.000000000000000000e+02 -8.000000000000000000e+02 0.000000000000000000e+00 5.990565254688262797e+01
-6.909994080299322832e+02 -7.000000000000000000e+02 9.950528844785182514e+00 5.983595374822616719e+01
-5.997443842554600906e+02 -6.000000000000000000e+02 3.947692047083252165e-01 6.078100544214248657e+01
-4.999483368600704125e+02 -4.999728746156046100e+02 5.920518932329015688e-02 5.989946204423904419e+01
-4.000000000000000000e+02 -4.000000000000000000e+02 0.000000000000000000e+00 5.997648220062255575e+01
-2.992040330062163775e+02 -2.990050409429067031e+02 1.116837829163719320e+00 6.000542005300521708e+01
-1.994135738100281117e+02 -2.000000000000000000e+02 1.038824374149539764e+00 5.997666954994201660e+01
-9.888118306040762207e+01 -9.968782674401859367e+01 3.593766527616163664e+00 5.985622479915618754e+01
1.452837995698763791e+02 1.170693934401635943e+02 5.750645324607029352e+01 5.985847359895706177e+01
2.001495822090146817e+02 2.000000000000000568e+02 3.581260006928627670e-01 6.014445850849151753e+01
3.013842115803498700e+02 3.020225124902920015e+02 9.136585942078366829e-01 5.992135595083236410e+01
4.021981535437680577e+02 4.021606217412175965e+02 5.810624378888497032e-01 5.991584964990615703e+01
5.000184472162681004e+02 5.000098993744724112e+02 2.839610208468187902e-02 5.986210360527038432e+01
6.000165170467920461e+02 6.000194318197550274e+02 6.938547500843657984e-03 5.987046985626220419e+01
7.600000000000000000e+02 8.000000000000000000e+02 4.898979485566356118e+01 5.997182865142822550e+01
8.334953759805651998e+02 8.000000000000000000e+02 6.441701441938506889e+01 6.000088030099868774e+01
1.047051158567354378e+03 1.083173632822723675e+03 1.365794080402660029e+02 5.995264184474945068e+01
1.010387637281441130e+03 1.000000000000000000e+03 2.276977052680476277e+01 6.095737099647521973e+01
1.105832974577366485e+03 1.100000000000000000e+03 2.190555501489459189e+01 6.092768850326537944e+01
1.200717265412526785e+03 1.200258041854941439e+03 1.244187855887518568e+00 6.103089364767074443e+01
1.342311876650763679e+03 1.309693933118053792e+03 5.194292211852043550e+01 6.097823879718780660e+01
1.425000000000000000e+03 1.400000000000000000e+03 4.330127018922192406e+01 6.023666729927062846e+01
