-1.399999999999999773e+03 -1.399999999999999773e+03 1.438037388729016771e-13 8.345207546591758501e+02
6.133021024472040590e+05 5.548939530529552139e+05 2.644230520607050858e+05 9.875859988570213090e+02
2.589928852061423659e+08 1.100901864303749055e+08 3.088785093210926652e+08 9.740431599497794650e+02
9.277324429978452099e+04 1.210710882855167729e+05 6.885204525462583115e+04 8.904080885410309065e+02
-9.999998488228311544e+02 -9.999998480710000877e+02 1.639766507519509051e-05 9.858192777514457248e+02
-8.816688857580832064e+02 -8.895699431329674098e+02 1.386125270237679352e+01 9.823772171497345198e+02
-7.149452014236616151e+02 -7.166261212193317078e+02 2.451170336482793033e+01 9.817746381044387363e+02
-6.790508762661509081e+02 -6.790384806685385684e+02 4.792340150223882433e-02 9.462578950524330139e+02
-5.661801139109179530e+02 -5.667485408675327108e+02 6.170303897973172802e+00 1.082748758089542434e+03
-4.996753756100007422e+02 -4.996746123673006537e+02 1.928934803492546868e-01 8.566166045427322615e+02
-3.381136879494068239e+02 -3.398051158590815248e+02 1.911659685948356469e+01 8.428955511450767517e+02
-2.205968186585911610e+02 -2.274715667949804470e+02 2.282306144598880593e+01 8.550728976011275790e+02
-1.639098193156174688e+01 -1.176766875919032884e+01 3.730730782731460238e+01 8.798632782459259261e+02
2.098709822631894895e+03 2.043335840645667304e+03 4.917273497849670889e+02 8.576809828519820940e+02
7.776342501350358361e+03 7.715843823580731623e+03 3.365692237863813716e+02 8.360510687947273709e+02
2.023904915775780751e+02 2.024175476817837023e+02 4.536467721619951710e-01 9.147867071986198653e+02
3.662227159443605160e+02 3.664365510370544712e+02 1.414570705182059918e+01 8.723787981510162126e+02
5.345822515179769425e+02 4.971298673993735520e+02 7.500938614564444151e+01 8.800630378484726180e+02
5.028623885754911385e+02 5.028534135792492634e+02 7.196742514896199427e-01 9.885093850493431091e+02
6.146334740748928880e+02 6.150000000000000000e+02 8.781946344975994911e-01 8.523683689951897122e+02
9.671576883254776931e+02 1.000000000000001137e+03 6.281745463775688165e+01 8.579510419964790344e+02
2.982609407226044823e+03 2.969716387584152926e+03 4.725296654049982408e+02 8.704038954973220825e+02
7.278301206268540227e+03 7.491753851691320961e+03 1.692731282384923361e+03 8.778963114500045322e+02
1.268143006135488122e+03 1.267396321349530808e+03 1.105965112870357281e+01 1.151407165992259934e+03
1.378428908915501324e+03 1.373175517688132913e+03 1.381684534017635713e+01 1.145995226752758072e+03
1.544904804547465801e+03 1.566350603584112832e+03 6.315116097668881423e+01 1.152727236402034805e+03
2.332766324106909906e+03 2.359215849868202440e+03 1.435227660764724931e+02 1.150572735393047424e+03
1.700000000000002956e+03 1.700000000000002501e+03 5.615715524631227159e-13 8.811412935018539656e+02
