-1.400000000000000000e+03 -1.400000000000000000e+03 0.000000000000000000e+00 2.151024154424667501e+01
1.828899460765443564e+03 -4.136428406309658499e+02 3.803359786646417888e+03 2.177894405126571797e+01
-1.200000000000000000e+03 -1.200000000000000000e+03 0.000000000000000000e+00 2.155689109563827444e+01
-1.100000000000000000e+03 -1.100000000000000000e+03 0.000000000000000000e+00 2.156418989896774363e+01
-9.999999999999865850e+02 -9.999999999999927240e+02 1.796332982084266522e-11 2.175082085132599019e+01
-8.999999999983249381e+02 -8.999999999999974989e+02 7.157542844717340220e-09 2.168321460485458374e+01
-7.999982524617946638e+02 -8.000000000000000000e+02 6.955366219011017807e-03 2.166179764270782471e+01
-6.899980707132704083e+02 -6.899999999999922693e+02 1.000192965642368392e+01 2.160505430698394846e+01
-5.998545403715110069e+02 -6.000000000000000000e+02 2.776466893436499439e-01 2.216463509798050069e+01
-4.998837237519281302e+02 -4.999223169396608455e+02 1.174287573831511167e-01 2.161095190048217773e+01
-3.996020163771627267e+02 -4.000000000000000000e+02 6.599811748288525459e-01 2.166298094987869405e+01
-2.983085701067233799e+02 -2.990050409429067031e+02 1.222624805487563915e+00 2.166430990695953440e+01
-1.978477965388397593e+02 -1.971206152715606663e+02 1.344765697720563979e+00 2.164718705415725708e+01
-9.562339100036561490e+01 -9.968782674401859367e+01 8.957750346273890329e+00 2.158209685087204122e+01
1.285477001101243673e+02 1.167572201841821879e+02 4.058437887396273425e+01 2.158453119993209768e+01
2.002919658472702054e+02 2.000000000010857093e+02 6.059247147726178895e-01 2.182925925254821919e+01
3.016015382126762461e+02 3.020229838640617004e+02 9.231908520542274621e-01 2.158648400306701731e+01
4.024382531262282328e+02 4.023183393807230459e+02 1.802506185168602837e+00 2.163049809932708811e+01
5.000153098126303348e+02 5.000197293441220268e+02 1.344383660699794043e-02 2.157008004188537598e+01
6.000229902708257441e+02 6.000194318197550274e+02 1.810460299497458972e-02 2.159210060834884715e+01
7.600000000000000000e+02 8.000000000000000000e+02 4.898979485566356118e+01 2.167672455310821533e+01
8.050000000000000000e+02 8.000000000000000000e+02 2.179449471770336544e+01 2.169057425260543681e+01
1.018552905592933712e+03 1.000000000000000000e+03 1.024199183796435193e+02 2.167310489416122365e+01
1.011594274742748212e+03 1.000000000000000000e+03 2.336683797000825535e+01 2.229454724788665843e+01
1.115719749064744519e+03 1.100000000000000000e+03 3.192140802962305912e+01 2.229400540590286184e+01
1.206537874160295814e+03 1.200675870639359346e+03 1.143994054138413219e+01 2.233729679584503103e+01
1.348925378054981365e+03 1.308503148553933443e+03 5.671109354121679758e+01 2.233444739580154348e+01
1.415000000000000000e+03 1.400000000000000000e+03 3.570714214271424680e+01 2.177261930704116821e+01
