-1.399999999654762178e+03 -1.399999999929907972e+03 5.891859149371570923e-07 2.769409344196319722e+01
4.716664140108458923e+03 3.028189509732203533e+03 5.528768663255244974e+03 2.789798184633254863e+01
-1.199998696080948775e+03 -1.199999781696697937e+03 2.317142010980149849e-03 2.780038485527038716e+01
-1.099995258381402436e+03 -1.099999700133353826e+03 9.732379337378738865e-03 2.787421885728836202e+01
-9.999998631059576155e+02 -9.999999133656888262e+02 1.364823629214527087e-04 2.777013185024261333e+01
-8.999786542485353493e+02 -8.999959446042629452e+02 4.587496853679731701e-02 2.773110760450363088e+01
-7.995961878715513649e+02 -7.999961177487474515e+02 1.695391686265459441e+00 2.790270285606384348e+01
-6.920154315992609781e+02 -6.999762949756370745e+02 9.766662288421843030e+00 2.789948999881744385e+01
-5.995816064977158248e+02 -5.995523430514838310e+02 3.925203608290497304e-01 2.873357244729995585e+01
-4.998652995250446338e+02 -4.999530390266086215e+02 1.730770142972708481e-01 2.782384334802627635e+01
-3.999999997757999495e+02 -3.999999999100637638e+02 3.566506421310141397e-07 2.795437065362930440e+01
-2.983085504031509458e+02 -2.985074496696936990e+02 1.445256219339069004e+00 2.795771834850311421e+01
-1.989717596585742285e+02 -1.999999972920454354e+02 1.284320254646207138e+00 2.800333629846572947e+01
-9.998438593141129616e+01 -9.999999838028787735e+01 6.803568128016275474e-02 2.786887484788894653e+01
1.490163046282834216e+02 1.170698167360283719e+02 5.166080142005649378e+01 2.788287010192870952e+01
2.002957184663457042e+02 2.001938610276947088e+02 2.605480780810603414e-01 2.822237980365753174e+01
3.015154006441604224e+02 3.020196090931828508e+02 8.748961911676080838e-01 2.789357600212097310e+01
4.016117526455240068e+02 4.020415572464752358e+02 8.378540943035673871e-01 2.789285720586776662e+01
5.000262834902979989e+02 5.000197405816828677e+02 3.265992159918230248e-02 2.774897940158843923e+01
6.000542006293916302e+02 6.000194318208650657e+02 1.319101784917721676e-01 2.785499335527419973e+01
7.750033355093166847e+02 8.000006064660860829e+02 4.329764050919609275e+01 2.807231199741363525e+01
8.500004374591720762e+02 8.000006177557031606e+02 7.416197609588746786e+01 2.807223235368728709e+01
1.066214063764825141e+03 1.053035889265747755e+03 1.127229474055842928e+02 2.805007073879242085e+01
1.025170864137599438e+03 1.018805146377021970e+03 3.233436395549468756e+01 2.887536520957946706e+01
1.141874537640851031e+03 1.108330861032055964e+03 4.813280105515951846e+01 2.888012850284576416e+01
1.203195209280249856e+03 1.200080982417577161e+03 8.937912445431793529e+00 2.893792409896850515e+01
1.368952495621764228e+03 1.400000047997521506e+03 5.201833089442915536e+01 2.892888544797897410e+01
1.455002716764793149e+03 1.500000231966327192e+03 4.974777999900782532e+01 2.817765845060348440e+01
