-1.400000000000000000e+03 -1.400000000000000000e+03 0.000000000000000000e+00 2.363525635004043579e+01
2.643428955084246809e+03 4.115373952126366248e+02 4.155270346185267044e+03 2.387285685539245605e+01
-1.200000000000000000e+03 -1.200000000000000000e+03 0.000000000000000000e+00 2.360933490991592265e+01
-1.100000000000000000e+03 -1.100000000000000000e+03 0.000000000000000000e+00 2.364049315452575684e+01
-9.999999999999857891e+02 -9.999999999999972715e+02 1.992207350456235561e-11 2.370857754945755147e+01
-8.999999999999996589e+02 -9.000000000000000000e+02 8.560550939826816902e-13 2.372548719644546367e+01
-7.999999971222334807e+02 -8.000000000000000000e+02 8.633299830762550318e-06 2.376446330547332764e+01
-6.919992894845004230e+02 -7.000000000000000000e+02 9.798829209758414649e+00 2.369327414035797119e+01
-5.997750268068582500e+02 -6.000000000000000000e+02 3.436522289692255927e-01 2.442622940540313792e+01
-4.999737386367515910e+02 -4.999901353279390150e+02 2.594823444147198108e-02 2.372124249935150075e+01
-4.000000000000000000e+02 -4.000000000000000000e+02 0.000000000000000000e+00 2.378931574821472239e+01
-2.991542853052526425e+02 -3.000000000000000000e+02 1.345034621637690719e+00 2.379012014865875102e+01
-1.996982104434627274e+02 -2.000000000000000000e+02 7.185040025715281331e-01 2.378687489032745361e+01
-9.728350435598476054e+01 -9.968782674401859367e+01 5.901199029155700160e+00 2.371184724569320679e+01
1.222605361920630429e+02 1.169133068121728911e+02 2.379921316210819882e+01 2.368031854629516531e+01
2.000837459773136118e+02 2.000000000000000000e+02 3.650402520229396042e-01 2.397699126005172587e+01
3.014424299476562510e+02 3.020225124902920015e+02 9.268749028667652157e-01 2.371262314319610454e+01
4.019901996882811090e+02 4.022451037041300310e+02 8.740074094792803505e-01 2.374970579147338867e+01
5.000288870399008374e+02 5.000197293441220268e+02 3.377365312761716754e-02 2.369732080698013377e+01
6.000165170467919324e+02 6.000194318197550274e+02 6.938547500843659718e-03 2.364560225009918071e+01
7.350000000000000000e+02 7.000000000000000000e+02 4.769696007084728251e+01 2.383127985000610494e+01
8.093227855874756642e+02 8.000000000000000000e+02 2.496934382269129316e+01 2.382722314596176005e+01
9.991954731003468169e+02 9.580660550046811750e+02 1.150691868119228474e+02 2.379271215200424194e+01
1.004959362118743570e+03 1.000000000000000000e+03 1.152712892022422508e+01 2.455467135906219411e+01
1.125000000000000000e+03 1.100000000000000000e+03 4.330127018922193116e+01 2.453980370759963847e+01
1.206647977939077919e+03 1.200258041854941439e+03 2.236069830345362064e+01 2.459793269634246826e+01
1.359253911212073490e+03 1.400000000000000000e+03 5.055196508386315912e+01 2.458072204589843679e+01
1.425000000000000000e+03 1.400000000000000000e+03 4.330127018922193116e+01 2.432350065708160258e+01
