-1.399999962681609304e+03 -1.399999983911010077e+03 4.673356003460160744e-05 5.815088955163955831e+01
2.996520938580522852e+03 1.650003418234783112e+03 4.222159130234337681e+03 5.830257524251938150e+01
-1.199081418309964420e+03 -1.199894837916725692e+03 2.312269241174666146e+00 5.819426660537719442e+01
-1.099005035719685793e+03 -1.099931766133032397e+03 2.248221204426815500e+00 5.823027834892273091e+01
-9.999963129725692852e+02 -9.999982428607609108e+02 4.958521579663258821e-03 5.822175765037536621e+01
-8.999248846409725502e+02 -8.999958014411170097e+02 1.773002465252069837e-01 5.817963520288467549e+01
-7.992104969073313896e+02 -7.999324313471122423e+02 3.042302564412559196e+00 5.832428215742110922e+01
-6.859036436723945371e+02 -6.799995130590713188e+02 8.954512844008423400e+00 5.832000000476837442e+01
-5.993910351231769482e+02 -5.992378176860593157e+02 3.848234854510554359e-01 5.916486765146255777e+01
-4.997907462773203520e+02 -4.999131354661742535e+02 2.051228729536533069e-01 5.823341114521026896e+01
-3.999999630525643397e+02 -3.999999749440123651e+02 3.548813266221574950e-05 5.834852429628372050e+01
-2.988006401110933439e+02 -2.990029453500961267e+02 1.363920459874766289e+00 5.833606549501418925e+01
-1.987243045464731779e+02 -1.999994893344668867e+02 1.930542800463398656e+00 5.834055304527282715e+01
-9.999738561348128485e+01 -9.999906791362604963e+01 4.141837491123730869e-03 5.826346470117569254e+01
1.429706916678930497e+02 1.169313752700021496e+02 5.158191147806098797e+01 5.828049474954605103e+01
2.005261822863585053e+02 2.004938412498399316e+02 3.225808568332776405e-01 5.856138484477996542e+01
3.017189661426294265e+02 3.020202240334133421e+02 7.198189302004555090e-01 5.827073745727538778e+01
4.020695330880606662e+02 4.021141357424413627e+02 4.355699566004974099e-01 5.829598765373229696e+01
5.000327086846042448e+02 5.000265905735923297e+02 2.768001272805042934e-02 5.816883915662765503e+01
6.000145893704509490e+02 6.000194319038698723e+02 8.390193051899308418e-03 5.822567615509033345e+01
7.700493958213028236e+02 8.000040789629689471e+02 4.577157964858260897e+01 5.843403464555740356e+01
8.400094832884906282e+02 8.000105076480033404e+02 7.999818929586042771e+01 5.840452284812927530e+01
1.057852204533757686e+03 1.071546821339666167e+03 1.256225841857272201e+02 5.840476844310760640e+01
1.012366323304207754e+03 1.003145317209464224e+03 1.702805603972811355e+01 5.934438599348068522e+01
1.146423096603908107e+03 1.108406994414474184e+03 4.977741461301542358e+01 5.933092814683914185e+01
1.208040219120726533e+03 1.200682395310950142e+03 1.306240474165785059e+01 5.940705544948578165e+01
1.361596391517784468e+03 1.360095401840557315e+03 5.356080174205249733e+01 5.937381310462951944e+01
1.445052486294767277e+03 1.400186403874437019e+03 4.971781845652100174e+01 5.861881840229034424e+01
