-1.400000000000000000e+03 -1.400000000000000000e+03 0.000000000000000000e+00 5.653813405036926554e+01
1.939561798475654768e+03 6.312618575630642681e+02 3.573130078653630335e+03 5.647839280366897441e+01
-1.200000000000000000e+03 -1.200000000000000000e+03 0.000000000000000000e+00 5.651316909790038778e+01
-1.100000000000000000e+03 -1.100000000000000000e+03 0.000000000000000000e+00 5.655487490892410563e+01
-9.999999999999918145e+02 -9.999999999999984084e+02 1.503434820749106215e-11 5.656513534784316732e+01
-8.999926546338344906e+02 -8.999999997398197138e+02 3.172316248421640922e-02 5.636196085214614726e+01
-7.970400945991501658e+02 -7.999999999999877218e+02 1.290186267281798749e+01 5.650184224843978598e+01
-6.899995016495546452e+02 -6.899999999998004796e+02 1.000049840447146465e+01 5.647444099187850952e+01
-5.997737955950590276e+02 -5.999998870309224230e+02 3.157680886881442661e-01 5.723353769779205180e+01
-4.998951950067263965e+02 -4.999568531466083527e+02 2.082220591526438014e-01 5.650209144353866719e+01
-4.000000000000000000e+02 -4.000000000000000000e+02 0.000000000000000000e+00 5.666456954479217245e+01
-2.987065534776697291e+02 -2.990050409429067031e+02 9.491297354221377436e-01 5.663304294347763346e+01
-1.992251312428934966e+02 -2.000000000000000000e+02 1.205706059639293670e+00 5.664113194942474649e+01
-9.906848701399647439e+01 -1.000000000000000000e+02 3.633419961205963222e+00 5.650438214540481852e+01
1.607022321043854731e+02 1.458534038209647861e+02 5.595187577903485021e+01 5.644693269729614116e+01
2.001491279455540848e+02 2.000000000239102746e+02 3.798889812279789835e-01 5.673637390136718750e+01
3.017283274988029689e+02 3.020211382353943463e+02 7.234599450273295762e-01 5.661358419656753682e+01
4.017367311907066778e+02 4.020927071608303436e+02 8.414438399370388622e-01 5.659932694435119771e+01
5.000224120947679580e+02 5.000197293441220268e+02 2.635401331244800749e-02 5.651000945568084433e+01
6.000194318197552548e+02 6.000194318197550274e+02 2.273736754432320595e-13 5.662418785095214702e+01
7.850000000000064801e+02 8.000000000000011369e+02 3.570714214270399367e+01 5.658914585113525675e+01
8.274592944665297409e+02 8.000000000000029559e+02 4.325682583204034160e+01 5.657455019950866415e+01
1.088476909169532973e+03 1.102614430577516487e+03 1.024056544870082490e+02 5.657865689992904379e+01
1.006269450290071973e+03 1.001570000141757191e+03 8.291707760353578038e+00 5.738483279943466187e+01
1.120000000000013870e+03 1.100000000000002274e+03 3.999999999999315037e+01 5.738257249593734599e+01
1.205032519783266252e+03 1.200435134724740237e+03 1.074209240004422306e+01 5.749729684591293477e+01
1.395660037634514538e+03 1.410275625218021560e+03 3.930876461689233992e+01 5.741077259778976583e+01
1.430000000000011596e+03 1.400000000000013642e+03 4.582575694955373535e+01 5.668789744377136230e+01
