-1.399999999999999773e+03 -1.399999999999999773e+03 5.084229945850414966e-14 9.279335598587989580e+02
3.054600661948881578e+06 2.738952849126063753e+06 1.661118530586263631e+06 9.035429136514663924e+02
6.487495818172704697e+09 3.223135499320434570e+09 6.326759955651300430e+09 9.039046965956688382e+02
1.608666385155543103e+05 1.608384141324310913e+05 3.087669403049386528e+04 8.990447620511055220e+02
-9.999999999987724095e+02 -9.999999999987314823e+02 4.619310588151759000e-10 9.177060509443283536e+02
-8.725962192557788057e+02 -8.820042970363342647e+02 2.005477311710966148e+01 8.993460636496544112e+02
-5.460082384827932174e+02 -6.077012069717359282e+02 1.707251911687637858e+02 9.227731444478034746e+02
-6.789807596402988565e+02 -6.789662933594840979e+02 9.814228762405924344e-02 9.006890036463737488e+02
-5.612411493264369255e+02 -5.614530548297032055e+02 3.796387665454816762e+00 1.062004832744598389e+03
-4.997326064162629109e+02 -4.997487044827737463e+02 1.430379414776845881e-01 9.326719972014427640e+02
-3.934332707269661000e+02 -3.940302456574402186e+02 2.873347279742651583e+00 9.369927922010422208e+02
1.630700134058209585e+02 1.689631211997519813e+02 1.138763826615453212e+02 9.039549341917038419e+02
4.031292091185022173e+02 3.676126496641387007e+02 1.571109770192813073e+02 8.940688679456710588e+02
9.823571412699897110e+02 1.071831000863032386e+03 2.943265235647420468e+02 9.161359003424644243e+02
5.320206841043068380e+03 5.128287684344560148e+03 9.397696732962790520e+02 8.912003786444663547e+02
2.016810944766199327e+02 2.015051232531874916e+02 6.880262340517852016e-01 9.715972332477570035e+02
3.349292661475510613e+02 3.351469232164388927e+02 1.434119001392259340e+00 9.096060605525970004e+02
7.055225349697273032e+02 6.846715689041509449e+02 1.065082293495236598e+02 9.090465342521667935e+02
5.023797512945343442e+02 5.023401063343338819e+02 6.323773090914098782e-01 9.015629890561103821e+02
6.148274200782434491e+02 6.150000000000000000e+02 2.352010219783218503e-01 9.522896083950996626e+02
1.008630753301905656e+03 1.000000000000000455e+03 7.761514201890318532e+01 9.144459987998009183e+02
1.814346800674803262e+03 1.730995678961112390e+03 3.223618625939450340e+02 9.192749541401863098e+02
7.358629006538154499e+03 7.367052696618395203e+03 1.036219015852609800e+03 9.174030828475952148e+02
1.312657340212370855e+03 1.311702664571593004e+03 9.044643207351953151e+00 1.071144247853756042e+03
1.439468675218413182e+03 1.435093451129058849e+03 1.656887501744947500e+01 1.070699928450584366e+03
1.559443984788859325e+03 1.595760508846599350e+03 7.992778937297818231e+01 1.075617123949527695e+03
2.641991629054565692e+03 2.663072257177381289e+03 8.800625673168927676e+01 1.074038760602474213e+03
3.406585436354007925e+03 2.184822617222458575e+03 2.798082764081701043e+03 9.485655667066573642e+02
