-1.399999999999604597e+03 -1.399999999999763304e+03 4.602542425481743948e-10 3.579242854118346884e+01
-7.050710516626006665e+02 -1.267790990712810071e+03 1.531090194735821797e+03 3.614174269437789633e+01
-1.199999999786611852e+03 -1.199999999967704071e+03 4.233042586035670638e-07 3.585793910026550435e+01
-1.099999999859157697e+03 -1.099999999944966930e+03 2.369977525849058328e-07 3.590223864316940450e+01
-9.999999947721258877e+02 -9.999999975260495830e+02 7.120827896125836111e-06 3.596273626089096354e+01
-8.999999999999294005e+02 -8.999999999999844249e+02 1.872833415449595976e-10 3.575590959787368917e+01
-7.999997914943176056e+02 -7.999998859228174979e+02 2.744010734640277933e-04 3.603386934995651103e+01
-6.939998385017938745e+02 -6.999997943366388427e+02 9.165173258319343930e+00 3.603436574935913228e+01
-5.999244211718207680e+02 -5.999995612673419600e+02 2.249704041020367529e-01 3.718173389434814169e+01
-4.999933417995121090e+02 -4.999926034620998507e+02 3.496072692937471534e-03 3.597548375129699849e+01
-3.999999999993714255e+02 -3.999999999998369162e+02 8.265836426200047746e-10 3.609794040918350078e+01
-2.998010081768966870e+02 -2.999999999980081498e+02 3.979836380424106035e-01 3.608991440534591533e+01
-1.999999999975860590e+02 -1.999999999992822382e+02 4.412176371519199623e-09 3.611702810525893881e+01
-9.999999993824670241e+01 -9.999999999159444997e+01 1.735508680207623535e-07 3.598113759756088115e+01
1.027477130945333954e+02 1.003121733040763957e+02 5.889211078463222115e+00 3.600603864192962789e+01
2.000365823714100202e+02 2.000014170494360997e+02 1.526694347441628352e-01 3.640691335201263712e+01
3.013153227441653712e+02 3.020196069226871032e+02 9.652291099348228043e-01 3.599366079568862631e+01
4.013493706032079444e+02 4.020203135017634395e+02 9.492328013115773899e-01 3.603501780033111856e+01
5.000044391025991786e+02 5.000000000000000000e+02 1.186839414212573392e-02 3.590395605564117432e+01
6.000136022772046545e+02 6.000194318197550274e+02 8.904773335406722737e-03 3.593205054998397685e+01
7.150003979232532174e+02 7.000003859300529712e+02 3.570701362390963141e+01 3.623339790105819702e+01
8.000000247036857672e+02 8.000000174240744855e+02 1.959805630804335616e-05 3.619703190326690390e+01
9.732490421075668792e+02 1.000000006824226148e+03 8.434838602402905394e+01 3.620143129825591899e+01
1.000000010626801895e+03 1.000000007957159028e+03 8.554260608749678188e-06 3.737540805339813232e+01
1.100000047628379207e+03 1.100000038461934764e+03 4.167313897221237861e-05 3.735508884191513346e+01
1.200218364813319795e+03 1.200080949209248956e+03 2.494657662902348971e-01 3.745890220403671123e+01
1.346507063591140650e+03 1.304395614037659470e+03 4.951911111192132608e+01 3.740099275112152100e+01
1.400000209909548403e+03 1.400000137166886816e+03 1.732623745391930717e-04 3.648008730411529399e+01
