-1.400000000000000000e+03 -1.400000000000000000e+03 0.000000000000000000e+00 4.018592485189437724e+01
5.339329541511844582e+03 2.681343103108723881e+03 5.677894456972125226e+03 4.033175054788589620e+01
-1.200000000000000000e+03 -1.200000000000000000e+03 0.000000000000000000e+00 4.019490480422973633e+01
-1.100000000000000000e+03 -1.100000000000000000e+03 0.000000000000000000e+00 4.016572915315627768e+01
-9.999999999999697593e+02 -9.999999999999870397e+02 4.318349299808255648e-11 4.027806634902954386e+01
-8.999853357783370029e+02 -8.999998893447752835e+02 3.284259855980543180e-02 4.020017254352569580e+01
-7.989521988716271608e+02 -7.999993938614443323e+02 2.433214545492172753e+00 4.032316194772720053e+01
-6.876010725660287335e+02 -6.799999248695123697e+02 9.385155256801262169e+00 4.024420884847641133e+01
-5.997240195282093964e+02 -5.999852864879474055e+02 3.605517786432817506e-01 4.092876654863357544e+01
-4.994992504319128557e+02 -4.999136964390351068e+02 1.042214519231264402e+00 4.032733479738235616e+01
-3.999502520471453408e+02 -4.000000000000000000e+02 2.168462991415098240e-01 4.038043539524078085e+01
-2.981095790509775725e+02 -2.990050409429067031e+02 1.831911372791593662e+00 4.039774240255356119e+01
-1.986646947205035190e+02 -1.990050409429067031e+02 1.397470980232016213e+00 4.039241640567779257e+01
-8.826086475537782405e+01 -9.968782674401859367e+01 2.828842951921457782e+01 4.021537345647811890e+01
1.784978518400088490e+02 1.581923672735650825e+02 8.115844169031520039e+01 4.017269674539566182e+01
2.004901952538707519e+02 2.001724011338748141e+02 6.160407349152480228e-01 4.046298744678497172e+01
3.017656676207940336e+02 3.020386119081171614e+02 7.246944485031335814e-01 4.034019165039062216e+01
4.019370653370075388e+02 4.021500330136751700e+02 1.104176439925391051e+00 4.036005640029907227e+01
5.000512425200109874e+02 5.000197293441220836e+02 5.724332818348153856e-02 4.025373075008392476e+01
6.000316168235875693e+02 6.000194318197550274e+02 3.605415815138924424e-02 4.025568735599517822e+01
7.700000000000000000e+02 8.000000000000000000e+02 4.582575694955839651e+01 4.033777074813842489e+01
8.539397597437376817e+02 8.000000000000000000e+02 7.381151226309988544e+01 4.030776984691620157e+01
1.062781873296218237e+03 1.121688643562710922e+03 1.255632007864384434e+02 4.028095314502716207e+01
1.019792251009393112e+03 1.003140013534819673e+03 2.910158238452012114e+01 4.110685405731201314e+01
1.127925098336324027e+03 1.100000000000000000e+03 4.301953566949209318e+01 4.108885589838028096e+01
1.213766661022807739e+03 1.200435134724740237e+03 2.383837927041166793e+01 4.120663934946060181e+01
1.422248916319994805e+03 1.410657301717181554e+03 7.473213198012929581e+01 4.113519530296325399e+01
1.465000000000000000e+03 1.500000000000000000e+03 4.769696007084728251e+01 4.530079634189605997e+01
