-1.400000000000000000e+03 -1.400000000000000000e+03 0.000000000000000000e+00 7.139941030740737915e+01
2.911079656746765977e+03 1.974473791182216246e+03 3.754180026257044574e+03 7.151110570430755331e+01
-1.200000000000000000e+03 -1.200000000000000000e+03 0.000000000000000000e+00 7.137827295064926147e+01
-1.100000000000000000e+03 -1.100000000000000000e+03 0.000000000000000000e+00 7.145940665006637005e+01
-9.999999999999790816e+02 -9.999999999999902229e+02 2.291188918706385485e-11 7.146826049089432331e+01
-9.000000000000000000e+02 -9.000000000000000000e+02 2.997109351432315503e-13 7.144114089012145996e+01
-8.000000000000000000e+02 -8.000000000000000000e+02 7.626344918775622765e-14 7.150049049854278849e+01
-6.909997357484483018e+02 -6.999999999999998863e+02 9.950166516336677702e+00 7.146200910806655315e+01
-5.998875134034291250e+02 -6.000000000000000000e+02 2.677716595270112632e-01 7.224416724443435101e+01
-4.998948202758950288e+02 -4.999469786196918903e+02 1.208906595663864908e-01 7.148846490383148478e+01
-4.000000000000000000e+02 -4.000000000000000000e+02 0.000000000000000000e+00 7.154450254440307333e+01
-2.995025204714533515e+02 -3.000000000000000000e+02 6.674388259469117290e-01 7.159281580448150351e+01
-1.993107760649094473e+02 -2.000000000000000000e+02 1.076740289921364502e+00 7.157957299947739216e+01
-9.894361771160390617e+01 -9.968782674401859367e+01 3.608563428508803295e+00 7.146269074678420452e+01
1.214747665520456366e+02 1.004682598839721095e+02 3.991526256106116932e+01 7.145175379514694214e+01
2.001047675639939030e+02 2.000000000000009379e+02 2.146636743681855364e-01 7.171857049465180012e+01
3.018284971400274799e+02 3.020225124902920015e+02 6.079888297150438659e-01 7.150191214084625813e+01
4.017112771775429110e+02 4.020598807751543404e+02 9.561707843522313510e-01 7.155613834857940958e+01
5.000179386236646906e+02 5.000099204341481709e+02 2.649029506910047932e-02 7.146476780176162436e+01
6.000165170467919324e+02 6.000194318197550274e+02 6.938547500843657984e-03 7.147595620155334473e+01
7.600000000000000000e+02 8.000000000000000000e+02 4.898979485566356828e+01 7.157491475343704224e+01
8.050000000000000000e+02 8.000000000000000000e+02 2.179449471770336544e+01 7.157924634218215942e+01
1.053944515622039262e+03 1.060173258373810540e+03 1.261967187204061815e+02 7.152980289459227947e+01
1.000940241220322832e+03 1.000000000000000000e+03 4.098416461938685806e+00 7.235727025270462320e+01
1.135832974365481959e+03 1.100000000000000000e+03 4.722155094862634428e+01 7.235804840326309773e+01
1.202300753109534980e+03 1.200080948985142413e+03 7.254699839590895927e+00 7.247243260145187094e+01
1.363189477898395808e+03 1.400000000000000000e+03 4.859161021139455272e+01 7.242203805446624187e+01
1.430000000000000000e+03 1.400000000000000000e+03 4.582575694955837520e+01 7.184582109451294230e+01
