-1.399999999999999773e+03 -1.399999999999999773e+03 5.084229945850414966e-14 5.465599374532699812e+02
3.642342497474167612e+05 3.376141126083167619e+05 1.267730009359169053e+05 7.144932720541953586e+02
1.880667792989059165e+07 1.267770635949835554e+07 2.387132972717050090e+07 6.830147583484649658e+02
7.406720577330021479e+04 8.309679395484752604e+04 5.451936951840408437e+04 6.722867960095405806e+02
-9.999996628303700845e+02 -9.999996553668854631e+02 3.038455792610661991e-05 7.145217682003974460e+02
-8.879647354904552685e+02 -8.907403049204210674e+02 7.453679322253115025e+00 7.104154147028923489e+02
-7.625047577389658500e+02 -7.633649643452351938e+02 1.909913817487317544e+01 7.065782966971397627e+02
-6.790344343029006495e+02 -6.790279230556693619e+02 5.701202107352025539e-02 6.643773568034172285e+02
-5.609905245551182134e+02 -5.583540181701523579e+02 6.456899061748557322e+00 7.957294623017311324e+02
-4.998688576092675930e+02 -4.998989326421983606e+02 7.023377221072273080e-02 5.676754593968391873e+02
-3.622910863764028591e+02 -3.631865552128199397e+02 9.156304814158779948e+00 5.573611450433730852e+02
-1.909976222347085297e+02 -2.487597070022113712e+02 7.902749926126345770e+01 6.165321938514709927e+02
-8.159546852265563643e+01 -9.723703966267549959e+01 4.097545239653645410e+01 6.426756493926047824e+02
1.813317111728689270e+03 1.724227476562344236e+03 4.064531726471817024e+02 5.740886711478233337e+02
8.043211968982568578e+03 8.069507900591428552e+03 2.653528482788909173e+02 6.351776244521140597e+02
2.029762404833850553e+02 2.029814954831705904e+02 4.587591089753124685e-01 6.970877203941345215e+02
3.638145061251863126e+02 3.634972896148627797e+02 7.237218769203005664e+00 5.866734555482864835e+02
6.057172957605996544e+02 6.187373328091860003e+02 4.683648977225990251e+01 6.453182560443877946e+02
5.030562116128172647e+02 5.030805913121756703e+02 6.541111055313417744e-01 7.146383360028266907e+02
6.142492901483958576e+02 6.150000000000000000e+02 1.028665205317864428e+00 5.950152112007141341e+02
1.004315376650954249e+03 1.000000000000001819e+03 5.505159044884003805e+01 5.852542090535164334e+02
2.812283198472707227e+03 2.756408562414452717e+03 4.599502120713920590e+02 5.834257638573647000e+02
8.337390693478173489e+03 8.825315392031150623e+03 1.392233422002761472e+03 6.651621421456336520e+02
1.262598530370248682e+03 1.258076258465320279e+03 1.546438964486262257e+01 8.409799183011054993e+02
1.370085293486393766e+03 1.370435307458926218e+03 1.503577902454799009e+01 8.484385789990425337e+02
1.584555605351007216e+03 1.585407879841721069e+03 2.125912267065619332e+01 8.334618553519248962e+02
2.411895997503775561e+03 2.479712995319314359e+03 1.787874379878592777e+02 8.462943493604659579e+02
1.700000000000003183e+03 1.700000000000002728e+03 4.903053798636353145e-13 6.107727233409881364e+02
