-1.400000000000000000e+03 -1.399999999999999773e+03 1.761228916715216211e-13 6.790164970993995439e+02
3.887924386754672742e+05 3.593763451068371069e+05 1.522731520144878305e+05 8.097894046425819852e+02
3.783754950474710204e+06 1.692409757884645602e+06 5.467174534640352242e+06 7.853363627552986372e+02
1.427262949619071514e+04 1.370648059673350872e+04 5.510601341937653160e+03 8.122284661054611661e+02
-9.999998131334284608e+02 -9.999998137103457339e+02 2.179749486327309591e-05 8.033013502955436707e+02
-8.891345741862576233e+02 -8.908300090736748871e+02 5.187726625426787308e+00 8.010720798015594255e+02
-7.944073844296888183e+02 -7.974777128181588068e+02 5.654438353299392261e+00 7.052927870035171054e+02
-6.790554241655677288e+02 -6.790426557503187723e+02 4.717156556832956954e-02 7.809076027989387967e+02
-5.805505299277734821e+02 -5.838634080085705591e+02 6.369322305068101819e+00 9.488899216055870056e+02
-4.999760946630506737e+02 -4.999741310775683587e+02 1.143136466187797198e-02 6.998104153513908159e+02
-3.657766662900980918e+02 -3.696537790082881543e+02 1.177888496042904976e+01 6.888282133579253923e+02
-2.622666960227047070e+02 -2.626890832637209314e+02 1.045372936187526669e+01 7.031330538511276700e+02
-8.876336299329274482e+01 -9.747234851580648751e+01 2.433352577793949223e+01 7.772922836422919772e+02
1.414069605551148015e+03 1.440895150859817477e+03 3.738786304296641561e+02 6.780623964905738603e+02
4.137957093630459894e+03 4.227069928399110722e+03 5.540453186060691451e+02 7.114988120436668169e+02
2.019928915814026027e+02 2.021341827481693372e+02 5.990238771446028121e-01 7.999074526071548235e+02
3.599528397171911251e+02 3.593032486180984506e+02 8.288065115054518373e+00 6.802675136089325179e+02
4.596493464592264218e+02 4.581760770883812484e+02 1.330118817360894568e+01 7.478389122486114502e+02
5.027347588695865852e+02 5.027560389042259885e+02 6.646092977826210113e-01 8.053063035488128207e+02
6.128344574812056180e+02 6.119964134502197339e+02 1.805680081972338868e+00 7.495029644489288785e+02
9.914730649764293275e+02 1.000000000000000227e+03 7.746768041566390650e+01 7.452835905909538496e+02
2.297628788677816374e+03 2.196422603543193873e+03 3.380795475056827968e+02 7.558130189538002242e+02
4.913363385130877759e+03 4.888279316120030671e+03 6.680218934244575166e+02 7.340662937521934737e+02
1.238390936819079343e+03 1.237857483160988068e+03 8.727656294958340055e+00 9.609891925454139709e+02
1.348604805688720717e+03 1.349391525628257114e+03 6.355979076186794252e+00 9.620161885976791609e+02
1.502807870666474173e+03 1.532490751439720952e+03 6.033470468794296693e+01 9.663000822067260742e+02
1.966902898987026219e+03 1.966247541203189485e+03 6.035005594695770981e+01 9.654695810079574585e+02
1.700000000000000455e+03 1.700000000000000455e+03 2.876074777458033542e-13 7.799084791421889804e+02
