-1.400000000000000000e+03 -1.400000000000000000e+03 0.000000000000000000e+00 6.206629480123520182e+01
3.768169213024358214e+03 1.575421930529440715e+03 5.143137137812360379e+03 6.234477350711822652e+01
-1.200000000000000000e+03 -1.200000000000000000e+03 0.000000000000000000e+00 6.206803109645843364e+01
-1.100000000000000000e+03 -1.100000000000000000e+03 0.000000000000000000e+00 6.207417880296706869e+01
-9.999999999999239435e+02 -9.999999999999935199e+02 1.581347664907254663e-10 6.213037440776825093e+01
-8.999913143869853229e+02 -8.999999195291427441e+02 2.815452839305359820e-02 6.223734250068664409e+01
-7.953518828142383654e+02 -7.997697360985857813e+02 8.365321967828279526e+00 6.218142164945602701e+01
-6.886458594562416238e+02 -6.810969858103723027e+02 9.470782092700058996e+00 6.216075119972229146e+01
-5.993529500814794346e+02 -5.992817683911193853e+02 4.382420711103704458e-01 6.295143049955368042e+01
-4.979962524365935792e+02 -4.990444154049174585e+02 2.223098230247454232e+00 6.221131775379181050e+01
-3.991542848014707374e+02 -3.990050409429067031e+02 5.693913456781060090e-01 6.219057990312576578e+01
-2.966488377821529525e+02 -2.990050409429067031e+02 4.955903747438028084e+00 6.222141075134277344e+01
-1.966022524148418995e+02 -1.964515896784726294e+02 2.056221826223233240e+00 6.219883174896240519e+01
-9.175104232508566326e+01 -9.937565348803718734e+01 1.376840066588941092e+01 6.207692865133285665e+01
1.837684491825983173e+02 1.667270639936469934e+02 7.700980384261683298e+01 6.212301924228668071e+01
2.014823731976253498e+02 2.008909984195628056e+02 1.309024746373213866e+00 6.234100705385208130e+01
3.026108324640097180e+02 3.026870183036778030e+02 1.420613649757600738e+00 6.211447579860687540e+01
4.031670294697732970e+02 4.032530456713780609e+02 1.294784269020134548e+00 6.224540145397186564e+01
5.000864345554585952e+02 5.000445872711588891e+02 9.746879498499744221e-02 6.221196805238723471e+01
6.001474552080746889e+02 6.000744481502149483e+02 1.516634621293710405e-01 6.210771765708923198e+01
7.850000000000000000e+02 8.000000000000000000e+02 3.570714214271424680e+01 6.221955984830856323e+01
8.964146343441683484e+02 8.119064486507388665e+02 1.232806575012755275e+02 6.217104215621948526e+01
1.140385721560475076e+03 1.182490187298135879e+03 8.382268176300453888e+01 6.218411854505539083e+01
1.037405694487974642e+03 1.021285438926875827e+03 3.459048857387190878e+01 6.310588380098342753e+01
1.145484753807323159e+03 1.108330981845414044e+03 4.934289442762715083e+01 6.310189260244369791e+01
1.231826371592283749e+03 1.227957741252549567e+03 3.308445809274122240e+01 6.317886190414428427e+01
1.428269784494831129e+03 1.446590853207967939e+03 6.623148181679174229e+01 6.313874864578247070e+01
1.450000000000000000e+03 1.450000000000000000e+03 5.000000000000000000e+01 6.251845504045486734e+01
