-1.399999999999999773e+03 -1.399999999999999773e+03 1.833145176601317471e-13 5.155828239440918423e+02
7.771796701690028422e+05 6.602397056988405529e+05 3.846632881130456226e+05 6.689809201002120744e+02
3.340553517945936918e+08 1.998711879049186110e+08 3.684579276002500653e+08 6.666587831020354997e+02
2.434762350442109948e+02 1.195234734491151585e+02 9.489254845346700904e+02 6.612872391462326505e+02
-9.999999999980161647e+02 -9.999999999986609964e+02 2.018979115431282747e-09 5.910912498474120866e+02
-8.820825616466912606e+02 -8.874150371096865229e+02 1.259207486522081076e+01 6.649699178457260587e+02
-6.705957322423375899e+02 -6.672704719116617298e+02 2.801850268927679366e+01 6.783935483932494890e+02
-6.789321022459587311e+02 -6.789241703049153784e+02 8.429461074144749266e-02 5.405137264490127791e+02
-5.693715365172751035e+02 -5.695556428105186342e+02 4.715197179045770959e+00 8.096758505940437090e+02
-4.996109540589812354e+02 -4.996488665985642683e+02 1.939481334893533027e-01 5.626721156597137679e+02
-3.029557802060828635e+02 -3.059766391971255644e+02 2.670758292088245867e+01 5.362750970959663164e+02
-1.295164958120818142e+02 -1.372889749383325864e+02 4.056021551978141559e+01 5.495821054458617709e+02
6.581838901442910128e+01 6.401320538896752055e+01 3.687942145171689390e+01 5.309500759005546797e+02
1.869669016578287028e+03 1.852975909894722463e+03 3.221768434552683971e+02 5.369926155924797513e+02
4.477156826377277866e+03 4.513761432480300755e+03 7.188649656934616132e+02 5.940046172499656905e+02
2.013467830155876754e+02 2.010356133184991165e+02 8.497566764533329708e-01 6.412999431014061429e+02
4.770914581340898621e+02 4.783586326333844454e+02 3.355816634953978195e+01 5.373281977057456515e+02
6.843832574782433085e+02 6.610176382875451964e+02 6.994829981121654328e+01 6.301622459053993452e+02
5.083119745603772799e+02 5.074896194566421741e+02 2.985621279387209892e+00 6.703498075485229037e+02
6.148276833485120960e+02 6.150000000000000000e+02 3.845575659197828511e-01 5.326462040543556213e+02
1.001473064976431829e+03 1.000000000000002728e+03 7.121643215898163248e+01 5.661982326984405063e+02
3.134034689530476498e+03 3.022595144604179950e+03 4.716584227664031914e+02 5.685334564447402954e+02
5.729071174519962369e+03 5.639893309434147341e+03 1.013684453220363707e+03 6.204060130000113986e+02
1.284219635950346401e+03 1.284954119703158085e+03 9.558731142408776194e+00 8.263888221979141235e+02
1.393760284880872632e+03 1.395541021107347433e+03 8.223244811264896370e+00 8.250455173015594710e+02
1.547971985653938873e+03 1.571524127856000177e+03 6.260716510521365308e+01 8.271732037901878130e+02
2.372333227111788801e+03 2.380776670216975617e+03 8.654307102276494845e+01 8.239487892508507230e+02
1.873127235891123973e+03 1.700000000000004547e+03 5.203889570323248108e+02 6.181034098982811429e+02
