-1.400000000000000000e+03 -1.399999999999999773e+03 2.216164453968522898e-13 1.746037912046909241e+03
4.987974370187027380e+06 4.926393556463416666e+06 1.721784945139899850e+06 1.679743315756320953e+03
1.393802617023897648e+09 6.373972731074721813e+08 2.339996451009967804e+09 1.683932122302055404e+03
3.108803412802356888e+03 2.483473314733898860e+03 2.221542280329064852e+03 1.675185084354877517e+03
-9.999999999998569820e+02 -9.999999999998713065e+02 7.298546231078479941e-11 1.691690305507182984e+03
-8.524156586514469609e+02 -8.551649972315938157e+02 1.120271080633742322e+01 1.671667444002628372e+03
-6.170598820040472674e+02 -6.200749666029616947e+02 2.699700348297018948e+01 1.722470475900173142e+03
-6.788881909787970699e+02 -6.788847385319182877e+02 4.158227542844489255e-02 1.652774691152572586e+03
-5.396880044422375704e+02 -5.396876403516948812e+02 5.211812169885678969e+00 2.124133745443820771e+03
-4.997897808188034787e+02 -4.998496498386459166e+02 1.218023017143199938e-01 1.686131734192371368e+03
-3.992537807071799989e+02 -3.999999999999999432e+02 9.373232519769397753e-01 1.761439950907230468e+03
2.150847141071748752e+02 2.155448900910038219e+02 1.029316179737550243e+02 1.698619051253795533e+03
5.237475469972207520e+02 4.891129495481772551e+02 1.255250896072518998e+02 1.640884882891178222e+03
1.939723067057680908e+02 1.816871587961541081e+02 1.533209820132020695e+02 1.702345141899585769e+03
8.475738238779133098e+03 8.340041675572556414e+03 1.081348186466511379e+03 1.689985279047489257e+03
2.018018287727988422e+02 2.017842337141984217e+02 5.181461706352136209e-01 1.840693726193904922e+03
3.522547689301517835e+02 3.522076626336711342e+02 4.293856014261941412e-01 1.690174835348129363e+03
9.150031140263332645e+02 9.459846613521688141e+02 1.024973224597912491e+02 1.692221094298362686e+03
5.024995829637853717e+02 5.025458707584242575e+02 5.081247195795234317e-01 1.673941430354118438e+03
6.244515142068138402e+02 6.245000000003345804e+02 3.145753171464383269e-01 1.702808564341068177e+03
1.559533744537198800e+03 1.828262933976493969e+03 3.573876400908440019e+02 1.713505106496810868e+03
1.099205154369149113e+03 1.034787063484505552e+03 1.866211261576242748e+02 1.708743655955791382e+03
1.177236255103723488e+04 1.165489113038434516e+04 1.441767015810224621e+03 1.747987562751769929e+03
1.380088761383901783e+03 1.378843037161911980e+03 1.152103429918842004e+01 2.157606829249858947e+03
1.508054181272374080e+03 1.501550996151136133e+03 2.195118347179534268e+01 2.156771892297268096e+03
1.622151355390241633e+03 1.659103098947180797e+03 9.352592668157807054e+01 2.174530101549625215e+03
3.256025616130099024e+03 3.288507047678127492e+03 1.343619371018450011e+02 2.171382404756545839e+03
3.076604795709964037e+03 1.800000000000001364e+03 1.741564532319591535e+03 1.800295138442516418e+03
