-1.400000000000000000e+03 -1.400000000000000000e+03 0.000000000000000000e+00 3.171141974925994944e+01
5.490369475888317538e+03 4.002776284409169421e+03 5.526142997981924964e+03 3.167333000898361206e+01
-1.200000000000000000e+03 -1.200000000000000000e+03 0.000000000000000000e+00 3.175404174327850271e+01
-1.100000000000000000e+03 -1.100000000000000000e+03 0.000000000000000000e+00 3.177498029470443797e+01
-9.999999999999788542e+02 -9.999999999999897682e+02 2.617679864329410385e-11 3.175909889936447073e+01
-8.999152251742574435e+02 -8.999966470747278890e+02 1.580788987968885506e-01 3.149585490226745677e+01
-7.989773661911575573e+02 -7.999998708677885588e+02 3.693088335989308746e+00 3.177768723964691233e+01
-6.848207856067774628e+02 -6.799998930572961626e+02 8.381522653961802405e+00 3.171499985456466675e+01
-5.995188219333250572e+02 -5.994716811399568996e+02 3.705527507045388580e-01 3.245241429805755473e+01
-4.995879114737396662e+02 -4.998323055041490761e+02 4.800293208661257083e-01 3.170377024412155009e+01
-4.000000000000000000e+02 -4.000000000000000000e+02 0.000000000000000000e+00 3.186531274318695139e+01
-2.983085706105052850e+02 -2.990050409429067031e+02 1.864052749031055445e+00 3.183858675956726003e+01
-1.982066733956217490e+02 -1.979770634917204291e+02 1.453380416435814171e+00 3.187476500272750712e+01
-9.224627462286917989e+01 -9.968782674401859367e+01 2.588288484311383186e+01 3.170999599695205617e+01
1.701725923412933525e+02 1.583484539015558425e+02 7.601781934870678015e+01 3.163787754774093486e+01
2.004246344146703791e+02 2.003385664597725508e+02 3.649688306522502201e-01 3.194448980093002177e+01
3.013264875708913451e+02 3.020197639804966911e+02 9.661907192561167701e-01 3.179527680873870921e+01
4.021903972654196764e+02 4.023661194912717178e+02 1.025278109844138363e+00 3.171973105669021464e+01
5.000350053416301535e+02 5.000197293441224815e+02 4.456757486188479139e-02 3.170448510646820139e+01
6.000249334528012923e+02 6.000194318197550274e+02 1.650489913797628314e-02 3.179992874860763408e+01
7.850000000000125056e+02 8.000000000000011369e+02 3.570714214270289943e+01 3.178898994922638011e+01
8.623903300817726176e+02 8.000000000000009095e+02 9.826453235703662870e+01 3.180055519342422343e+01
1.084188042515233064e+03 1.148328490778995274e+03 1.163135733536654612e+02 3.180363165140152049e+01
1.027081997311756368e+03 1.018878647667488622e+03 3.147295177138525446e+01 3.255500739812850952e+01
1.156514855374423405e+03 1.185735309391916644e+03 4.851197511812934948e+01 3.255577144622802876e+01
1.216480706590614091e+03 1.202371204161143396e+03 2.472511412712293932e+01 3.264426114559173442e+01
1.405624581882351322e+03 1.410466463650343485e+03 4.502481031290106728e+01 3.260143029689788818e+01
1.435000000000044110e+03 1.400000000000036380e+03 4.769696007082187350e+01 3.191753000020980835e+01
