-1.400000000000000000e+03 -1.400000000000000000e+03 0.000000000000000000e+00 6.443308094739913372e+01
1.845400739421356320e+03 -1.496932261925798002e+02 3.897771373538544594e+03 6.460219819545746134e+01
-1.199999999999999091e+03 -1.200000000000000000e+03 3.152632558308607105e-12 6.443692929744720743e+01
-1.099999999999997726e+03 -1.099999999999999773e+03 4.675280492838237675e-12 6.449189090728759766e+01
-9.999999999731595608e+02 -9.999999999790247784e+02 2.866426728026161302e-08 6.455106174945831299e+01
-9.000000000000000000e+02 -9.000000000000000000e+02 3.595093471822541928e-14 6.447422374486923502e+01
-7.999999980957088610e+02 -7.999999994958135403e+02 6.172520343939880019e-06 6.450143455266952230e+01
-6.949998459382217106e+02 -6.999999990173005244e+02 8.660518905491462860e+00 6.450515600442886921e+01
-5.999249912844187520e+02 -5.999999841500994080e+02 2.249695767683205505e-01 6.517212010622024820e+01
-4.999829846725002653e+02 -4.999901353278770557e+02 1.843544464641736283e-02 6.446907444000244425e+01
-4.000000000000000000e+02 -4.000000000000000000e+02 4.019436694230464427e-14 6.457563650608062744e+01
-2.995025204714522715e+02 -2.995025204714503957e+02 4.974795285470947070e-01 6.457828264236449911e+01
-1.999999999999996589e+02 -2.000000000000000000e+02 7.384997134216134670e-13 6.456298204660416218e+01
-9.995317401160244231e+01 -9.999999999999977263e+01 1.114681482447722055e-01 6.450551429986953167e+01
1.202924944923210262e+02 1.003121732563773207e+02 3.192583530327666352e+01 6.449833179712295816e+01
2.000134537919414583e+02 2.000000104357810642e+02 5.806855196446189527e-02 6.470249655246735188e+01
3.014142470628199817e+02 3.020196068559071136e+02 9.258426677130007221e-01 6.447194725275039673e+01
4.012085527870054307e+02 4.020028016569990541e+02 1.028864558582438082e+00 6.451762280464171795e+01
5.000083849712494271e+02 5.000000000000000000e+02 1.296557196352261972e-02 6.455842194557189373e+01
6.000126306828411771e+02 6.000194318197550274e+02 9.268387309276825831e-03 6.450209069252014160e+01
7.300000005182844234e+02 7.000000007340186130e+02 4.582575669936881013e+01 6.461704725027084351e+01
8.000000001288875637e+02 8.000000000463694505e+02 2.367791301069233783e-07 6.461528929471970173e+01
9.877809112378909049e+02 9.000000002420240435e+02 1.120798231949364094e+02 6.462125470638275715e+01
1.000000000052524797e+03 1.000000000030235697e+03 5.909725063426008078e-08 6.531334810256957724e+01
1.105000000425881353e+03 1.100000000117964646e+03 2.179449462008531313e+01 6.532823090553283407e+01
1.200601531165864117e+03 1.200080948985150371e+03 1.258600542603216965e+00 6.539186124801635458e+01
1.326483575340541393e+03 1.301041058450101900e+03 4.374331280072036776e+01 6.539190319776534466e+01
1.410000000851003279e+03 1.400000000524059942e+03 2.999999972331733389e+01 6.468609694242476849e+01
