-1.399999999997993200e+03 -1.399999999999913598e+03 4.479212309984334477e-09 5.271117780208587789e+01
1.063158068378760390e+03 1.692193527445454038e+02 2.670130746651592744e+03 5.291886125802993490e+01
-1.199999999978384949e+03 -1.199999999999846295e+03 8.095240291805164218e-08 5.266019644737243510e+01
-1.099999999991043751e+03 -1.099999999999960437e+03 2.962855238963321644e-08 5.274453979730606079e+01
-9.999999959312511919e+02 -9.999999983215660677e+02 5.873955472037240912e-06 5.277210249900817729e+01
-8.999999999999915872e+02 -8.999999999999990905e+02 1.992685755464179143e-11 5.279184165000915385e+01
-7.999999339290919806e+02 -7.999999702278345239e+02 8.654938971667455467e-05 5.288084410429000570e+01
-6.959998853496999800e+02 -6.999999294466915671e+02 8.000030763212411244e+00 5.278142554759979532e+01
-5.998496167159376000e+02 -5.999996139776246764e+02 2.997904290349494572e-01 5.377058600187301352e+01
-4.999926024171086283e+02 -4.999926039575706227e+02 9.677660707493321995e-03 5.285318440198898315e+01
-3.999999999989835260e+02 -3.999999999998988187e+02 2.261733493386528962e-09 5.288946934938430644e+01
-2.999999999866784037e+02 -2.999999999996022098e+02 3.875041857305482712e-08 5.290585060119629190e+01
-1.999999999987100523e+02 -1.999999999999000693e+02 3.036282787801905252e-09 5.293104364871978618e+01
-9.823062587190722184e+01 -9.999999987402026136e+01 4.998873855781845954e+00 5.282734739780426025e+01
1.027008870530110869e+02 1.003121732583371113e+02 5.952054347075319995e+00 5.285707309246063090e+01
2.000245411018247239e+02 2.000001138367211411e+02 1.055281937074547260e-01 5.308499454259872152e+01
3.012731465553439421e+02 3.020196068605612254e+02 9.506695754174300239e-01 5.282388089895248129e+01
4.009683012728363565e+02 4.002143414633303564e+02 9.895441492253010951e-01 5.288800020217895792e+01
5.000009864672061894e+02 5.000000000000000000e+02 4.299910862797583916e-03 5.281726363897323751e+01
6.000165170468068254e+02 6.000194318197550274e+02 6.938547465653158164e-03 5.277242150306701518e+01
7.000006996909481813e+02 7.000002181274335271e+02 1.126241874122353541e-03 5.297745795249939249e+01
8.000000361187201179e+02 8.000000268645065944e+02 3.131454866543203553e-05 5.295268584489822672e+01
9.532490504876395789e+02 9.000000665610315309e+02 8.743346443959762837e+01 5.294723994731903360e+01
1.000000007313131164e+03 1.000000003438825843e+03 8.457645762656475005e-06 5.394305394887923910e+01
1.105000037309543359e+03 1.100000028451764138e+03 2.179448629741656163e+01 5.391486181020736979e+01
1.200063750734134601e+03 1.200000000021212600e+03 1.284844425471615148e-01 5.399988269805908203e+01
1.345519166441167044e+03 1.302121124209095569e+03 4.928349484121147128e+01 5.402161614894866659e+01
1.400000467784574084e+03 1.400000233709823078e+03 5.769501160596762030e-04 5.308924990892410278e+01
