-1.399999999999304009e+03 -1.399999999999388820e+03 5.198626387581661290e-10 1.514258902943134217e+03
1.171710643302920740e+06 1.091966782610601513e+06 3.340573005783033441e+05 1.540446911501884415e+03
4.410575120869201608e+06 1.856234671044056769e+06 6.091709271878002211e+06 1.544479344439506576e+03
-7.000991184977340254e+02 -7.243078129831208116e+02 1.657064821198212883e+02 1.541332378900051026e+03
-9.999992755122132166e+02 -9.999992925552235192e+02 8.979512377736710278e-05 1.521029225456714585e+03
-8.565526684606660410e+02 -8.565526684639162340e+02 7.634593034066460272e-09 1.520679449641704650e+03
-7.961986890090173574e+02 -7.964374358627567290e+02 2.452151861785595965e+00 1.569397122108936401e+03
-6.788661457990198187e+02 -6.788605161942288078e+02 3.663193404973627554e-02 1.528969564843177750e+03
-5.592347158104521441e+02 -5.597357050757441357e+02 1.699173219903316934e+01 1.873094352102279572e+03
-4.999906353271415469e+02 -4.999913733307471375e+02 8.157071744015803941e-03 1.536934806454181626e+03
-3.455594113558697131e+02 -3.489182458068771666e+02 9.483062337815272969e+00 1.534874707746505692e+03
-2.435204484960806042e+02 -2.462722587986712313e+02 1.222958253887936664e+01 1.553842630100250290e+03
-5.051042596713562460e+01 -5.188766356946085523e+01 3.331099473863907434e+01 1.557065882956981568e+03
1.915782798667093402e+03 2.020547600424277334e+03 5.444364515042121866e+02 1.519647376704215958e+03
1.134995704381535325e+04 1.293871254350837989e+04 2.977447010470347323e+03 1.541346880805492447e+03
2.033390137107365376e+02 2.033936081394148800e+02 2.921555378781767742e-01 1.643194783103466079e+03
4.081912551009436925e+02 4.100548752503807464e+02 1.438836254624435185e+01 1.526787587642669678e+03
6.556951651839510760e+02 7.194884143623878572e+02 1.179023612711744562e+02 1.553578841292858215e+03
5.048531628331570573e+02 5.047909473229711352e+02 8.260086560045269977e-01 1.530365433895588012e+03
6.194724917300721927e+02 6.194323144053716987e+02 6.702642621731224049e-01 1.543134911406040146e+03
1.503371063800597312e+03 1.828262933976590375e+03 4.427529874037738864e+02 1.562058740091323898e+03
3.232001421035580734e+03 3.260752902024911236e+03 3.710091080861530486e+02 1.555784054946899460e+03
9.395808273161135730e+03 8.692677243395599362e+03 2.820290037686657797e+03 1.574568338358402343e+03
1.253910092025071208e+03 1.251616410577495571e+03 8.495148849103516753e+00 1.902541053152084260e+03
1.383036668263321189e+03 1.383234025003588158e+03 7.560934920916372981e+00 1.899259899806976364e+03
1.553159933948920525e+03 1.552293383148811472e+03 4.222664152003029869e+01 1.917941995096206711e+03
2.223627437088669467e+03 2.198172977130020627e+03 2.071962746572781384e+02 1.912920739746093659e+03
3.261073290710754463e+03 3.248727611368007274e+03 1.461108163126830277e+03 1.605391428554058166e+03
