-1.399999999999999545e+03 -1.399999999999999773e+03 3.630866427254502785e-13 8.226458421587943803e+02
6.536868724982545245e+05 5.778586726631503552e+05 2.248346562977932335e+05 9.416958760023117065e+02
1.681407055167312920e+08 8.008105014420312643e+07 1.700546991236617565e+08 9.386805782437324979e+02
2.301069817118965875e+04 3.230024898129061967e+03 4.833562324372361036e+04 9.227322558522224654e+02
-9.999999910611962832e+02 -9.999999909521582140e+02 2.018186105452315489e-06 9.353291501045226823e+02
-8.776637374079149367e+02 -8.875546763374256898e+02 1.781014712007091561e+01 9.396607015013694308e+02
-7.165916467668350833e+02 -7.143396717129402305e+02 2.054063283575072774e+01 9.434276455521583102e+02
-6.790688523566066124e+02 -6.790605338739316039e+02 8.697475351055587722e-02 9.143597572088241350e+02
-5.731252948729795662e+02 -5.749721331699869324e+02 5.924861013119589792e+00 1.032779890799522491e+03
-4.996096977066364957e+02 -4.996499604426799124e+02 1.409138026179368453e-01 8.489523488521575700e+02
-3.165822083638309437e+02 -3.214306417448495949e+02 2.274986424536847451e+01 8.350247349500656355e+02
-2.044818487258309858e+02 -2.089609164936737216e+02 2.054019459199774289e+01 8.439080426454544295e+02
1.263250267495676482e+01 1.659348408503147709e+01 3.960877971527747832e+01 8.816364538908004533e+02
2.124000107608026156e+03 1.921072540542615570e+03 4.703425359235478140e+02 8.382958979964256514e+02
5.562424293351704364e+03 5.077841437152705112e+03 1.397537044703299216e+03 8.640440423011780240e+02
2.018854514022262379e+02 2.020830285685856609e+02 8.449014747876738562e-01 9.032540947556495894e+02
3.982763799501885273e+02 3.909306902887809656e+02 3.066617192712235607e+01 8.534737784028053511e+02
5.102204016923871563e+02 5.005662214025745698e+02 4.137064439272725025e+01 8.964731628417969205e+02
5.035389009808193919e+02 5.035113650405182852e+02 1.252015683225600862e+00 9.412327197074889682e+02
6.146449898769303672e+02 6.150000000000000000e+02 1.011225616654648274e+00 8.365913971424103011e+02
9.707884416273824399e+02 9.000000000000009095e+02 1.037782977019240320e+02 8.493909638047218778e+02
3.098275473328825228e+03 3.069117628859131401e+03 5.485022080570544176e+02 8.558676221013068925e+02
5.887449669111476396e+03 5.920080573561859637e+03 8.186721937887297145e+02 9.004389014959335782e+02
1.269600425019670638e+03 1.269294881961161536e+03 1.103827614713354954e+01 1.046207701742649078e+03
1.378426280843447103e+03 1.376472825355935811e+03 9.417482167848319818e+00 1.048912647795677231e+03
1.517684216017281869e+03 1.560732784716039532e+03 7.742252949855803479e+01 1.052341578805446716e+03
2.269028152191025583e+03 2.257920223611834444e+03 1.311959627666718688e+02 1.054492782545089767e+03
1.700000000000001364e+03 1.700000000000001819e+03 8.747239945328758778e-13 8.801207959532737277e+02
