-1.400000000000000000e+03 -1.400000000000000000e+03 0.000000000000000000e+00 1.418555155038833675e+02
2.995107270426587784e+05 3.223336929127046606e+05 1.752583847725253727e+05 1.430186730504036063e+02
4.006341939831690490e+07 2.499581097876301408e+07 5.386826573069167137e+07 1.428722588419914246e+02
2.768520202823702130e+04 2.186464256834227126e+04 1.317836383154578471e+04 1.427172686934471244e+02
-9.999999999999239435e+02 -9.999999999999484999e+02 5.475282507253670929e-11 1.425412942051887626e+02
-8.849391398649152052e+02 -8.901875035071702769e+02 2.460213382683012284e+01 1.422353922486305180e+02
-7.185013547457798495e+02 -7.110067211526618394e+02 3.388219975624015490e+01 1.437479514956474418e+02
-6.795894375575809363e+02 -6.795681479123851432e+02 1.051151202729838363e-01 1.414263797044754085e+02
-5.927432547461489776e+02 -5.931142620244884256e+02 1.906153326614479893e+00 1.546762846946716365e+02
-4.971329556490835557e+02 -4.977871177238852169e+02 2.298375876625159187e+00 1.431878949046135006e+02
-3.997512602357267042e+02 -4.000000000000000000e+02 4.308299095841034432e-01 1.430221566557884216e+02
-2.489174673992973226e+02 -2.509181258771994862e+02 2.117187725951957233e+01 1.426388021945953426e+02
-1.361805477551369563e+02 -1.382010877212811693e+02 2.104426144536019194e+01 1.390764394402503967e+02
-1.931790688986743731e+01 -4.824438540488472427e+01 7.138525396680668678e+01 1.418979923963546810e+02
1.413803457033527593e+03 1.391371837504838368e+03 3.624510531763671111e+02 1.416710652112960815e+02
2.007657487004577206e+02 2.007497821446513626e+02 3.286620801711886974e-01 1.457120922923087960e+02
3.100669582876464005e+02 3.104955365429216272e+02 2.133826570421221813e+00 1.425433946967124825e+02
4.526631867204933997e+02 4.492697845849490932e+02 2.216497178370604360e+01 1.430328983068466187e+02
5.005223978878684647e+02 5.005201458021059580e+02 2.054864746268584008e-01 1.424207302451133614e+02
6.038551931038417706e+02 6.039321639856333377e+02 4.463345755545359839e-01 1.428136010050773734e+02
9.800000000000000000e+02 1.000000000000000000e+03 6.000000000000000000e+01 1.425637898564338570e+02
9.492241974778228268e+02 9.222056824755100024e+02 7.745360117578242409e+01 1.429963382959365958e+02
2.463301121910425536e+03 2.453225451867535412e+03 3.875577609533931991e+02 1.433400026082992440e+02
1.222122005759039439e+03 1.222724669270831100e+03 4.278709787674388920e+00 1.555210403084755058e+02
1.322704585109505615e+03 1.323603173245941662e+03 4.056404993092733946e+00 1.554337390542030448e+02
1.429606455216307495e+03 1.400044299337590246e+03 7.117693358828859118e+01 1.563831215977668876e+02
1.877979760464502760e+03 1.882294645324183421e+03 5.750448385461125866e+01 1.556151098012924194e+02
1.847291626751049535e+03 1.700000000000000000e+03 2.290570070201822546e+02 1.443538442492485103e+02
