-1.399999998276578708e+03 -1.399999999205129370e+03 2.384991108934614850e-06 5.570826663970947124e+01
3.556068146818231071e+03 1.184276832794945449e+03 5.098868472638984713e+03 5.577997064590454102e+01
-1.199937935436377074e+03 -1.199953903516936180e+03 8.941172186307025371e-02 5.571016850471496440e+01
-1.099319248716954007e+03 -1.099965358207982263e+03 2.119007542884540740e+00 5.575389294624328329e+01
-9.999989552738270504e+02 -9.999992570210749818e+02 8.095836239992229566e-04 5.572538505792617514e+01
-8.999999084965622842e+02 -8.999999911877829391e+02 3.029037904039790126e-04 5.569599535465240336e+01
-7.999671093374739712e+02 -7.999817327383540260e+02 5.144565053835299662e-02 5.577248010635376119e+01
-6.929381744649618895e+02 -6.998743396248812587e+02 9.495154401502377439e+00 5.576018325090408467e+01
-5.995663173813688900e+02 -5.995832489452782283e+02 4.161376668139567525e-01 5.625100264549255513e+01
-4.999370017204654459e+02 -4.999550981755897396e+02 6.094998276057096709e-02 5.574543429613113688e+01
-3.999999904044406662e+02 -3.999999959024884788e+02 1.263297624912345223e-05 5.580301949977874898e+01
-2.994027254315696496e+02 -2.999984292229461857e+02 7.310633880979544585e-01 5.580942749977111816e+01
-1.996125059644797943e+02 -1.999999639176853634e+02 9.364664801107955849e-01 5.580924373865127563e+01
-9.999932677502670231e+01 -9.999977219026436615e+01 8.521370732491117357e-04 5.576926745176315592e+01
1.266253990549232213e+02 1.167803436714345366e+02 4.085421875558834159e+01 5.576527915000915669e+01
2.004513244589837484e+02 2.004625711657527631e+02 2.248218020721758359e-01 5.591809105873107910e+01
3.016168552746670457e+02 3.020197957847496468e+02 8.071374578523041743e-01 5.574445469379425333e+01
4.016113249459763779e+02 4.020528152104903938e+02 8.609465639514535251e-01 5.575497953891753866e+01
5.000074718452773368e+02 5.000000002896430260e+02 1.248163528865473167e-02 5.569812939167022847e+01
6.000165199894108810e+02 6.000194318296810252e+02 6.931723217060553437e-03 5.574163590669631674e+01
7.400262274708411496e+02 7.000621949809926718e+02 4.897385006665163587e+01 5.582652699947357178e+01
8.000033196008254208e+02 8.000017848362479072e+02 3.224688871129530350e-03 5.583724625110626505e+01
9.974251063075023467e+02 9.000099311957715145e+02 1.276201173839452139e+02 5.584146294593811177e+01
1.003145717837537632e+03 1.000003591890523921e+03 6.667006635416968585e+00 5.635049610137939169e+01
1.105007143676837359e+03 1.100007486916120342e+03 2.179334781653982134e+01 5.633708219528197958e+01
1.200395490107720434e+03 1.200081765695358627e+03 9.292310772589879031e-01 5.637004090547561930e+01
1.354177373730074351e+03 1.354559247050272006e+03 4.904627982564952760e+01 5.636430414915084697e+01
1.435016329738538388e+03 1.400024911915147641e+03 4.768931923703159725e+01 5.590062054395675517e+01
