-1.400000000000000000e+03 -1.400000000000000000e+03 0.000000000000000000e+00 6.772528920173644451e+01
2.933119237760579836e+03 7.359304489024398208e+02 4.419070496601539162e+03 6.783155364990234659e+01
-1.200000000000000000e+03 -1.200000000000000000e+03 0.000000000000000000e+00 6.768183690309524536e+01
-1.100000000000000000e+03 -1.100000000000000000e+03 0.000000000000000000e+00 6.773149185180663778e+01
-9.999999999999854481e+02 -9.999999999999936335e+02 1.851172940798689651e-11 6.778958964347839355e+01
-8.999999999999821512e+02 -8.999999999999997726e+02 7.090509627144871767e-11 6.775981014966964722e+01
-7.999999985611167403e+02 -8.000000000000000000e+02 6.271946918596794196e-06 6.774904835224151611e+01
-6.959998095391100605e+02 -7.000000000000000000e+02 8.000380941636962007e+00 6.771843404769897745e+01
-5.997996728596870071e+02 -6.000000000000000000e+02 3.504681299433670683e-01 6.848173329830169109e+01
-4.998733683103712906e+02 -4.999223366498450787e+02 1.232485169511819412e-01 6.778816465139388470e+01
-4.000000000000000000e+02 -4.000000000000000000e+02 0.000000000000000000e+00 6.784645410776138874e+01
-2.994030248176350142e+02 -3.000000000000000000e+02 9.646477126659214196e-01 6.788367140293121338e+01
-1.991994001748880123e+02 -2.000000000000000000e+02 1.280636271502418211e+00 6.788600814342498779e+01
-9.603399934792564352e+01 -9.968782674401859367e+01 1.295053464593080328e+01 6.775688240528106121e+01
1.458826059965975617e+02 1.170693934401635943e+02 6.652093979149982772e+01 6.770880229473114298e+01
2.002442223404503352e+02 2.000000000000018758e+02 5.732677918494846203e-01 6.794966499805450155e+01
3.014322465844594490e+02 3.020225124902920015e+02 9.269115862066845679e-01 6.779808884859085083e+01
4.017859754930989880e+02 4.020822051468536529e+02 1.045170566148725610e+00 6.779488204717635824e+01
5.000185551465096978e+02 5.000197293441220268e+02 2.712565214405017813e-02 6.778265830278397175e+01
6.000212110452905563e+02 6.000194318197550274e+02 1.292493591117913933e-02 6.774485985040664104e+01
7.650000000000000000e+02 8.000000000000000000e+02 4.769696007084728251e+01 6.783854004144669148e+01
8.365922550032624940e+02 8.000000000000000000e+02 7.828892537428346543e+01 6.781435705423355387e+01
1.023044255565854655e+03 1.000000000000000000e+03 1.015903499089963304e+02 6.781645205020905109e+01
1.009911657576696371e+03 1.003140001291180170e+03 1.307470033124252318e+01 6.862088460922241495e+01
1.125000000000000000e+03 1.100000000000000000e+03 4.330127018922193116e+01 6.862047554254532145e+01
1.202836161860529273e+03 1.200080948985142413e+03 7.755118545018248710e+00 6.865970410108566568e+01
1.391184083362211368e+03 1.410466463650343258e+03 5.028037024578824798e+01 6.862793929576874064e+01
1.440000000000000000e+03 1.400000000000000000e+03 4.898979485566356118e+01 6.802807154655457111e+01
