-1.400000000000000000e+03 -1.400000000000000000e+03 0.000000000000000000e+00 2.886078975200653218e+01
1.269234441981717737e+03 5.487988844295683748e+02 2.618463819878676077e+03 2.900541869401931905e+01
-1.200000000000000000e+03 -1.200000000000000000e+03 0.000000000000000000e+00 2.885659214258193828e+01
-1.100000000000000000e+03 -1.100000000000000000e+03 0.000000000000000000e+00 2.889347385168075633e+01
-9.999999999997349960e+02 -9.999999999999681677e+02 7.053340169455786189e-10 2.886704374551773000e+01
-9.000000000000000000e+02 -9.000000000000000000e+02 0.000000000000000000e+00 2.888190770149230957e+01
-7.999999999954017085e+02 -7.999999999988851869e+02 1.022541189005163892e-08 2.886671184301376414e+01
-6.929997250753723392e+02 -6.999999999992178346e+02 9.539766690266432647e+00 2.883884849548339702e+01
-5.999250048336541568e+02 -5.999999999989624939e+02 2.249718266387967514e-01 2.972162289619445730e+01
-4.999866841709562095e+02 -4.999913696438024431e+02 1.248769706035449990e-02 2.887760595083236836e+01
-4.000000000000000000e+02 -4.000000000000000000e+02 0.000000000000000000e+00 2.902348560094833374e+01
-2.994527725185987492e+02 -2.990050409429067031e+02 4.949858811216393817e-01 2.901924350261688090e+01
-1.999005040942906817e+02 -2.000000000000000000e+02 4.336925982830196480e-01 2.901118509769439768e+01
-9.978147872081299852e+01 -9.968782674401859367e+01 2.229362964896232369e-01 2.888770549297332835e+01
1.053237306484370492e+02 1.003121732559814063e+02 9.255853568222267569e+00 2.888408020734787129e+01
2.001236111532346911e+02 2.000000000028171030e+02 4.806367579558886161e-01 2.916951899528503489e+01
3.011325235588588498e+02 3.020196854182017319e+02 1.008668143987404120e+00 2.890152086019515920e+01
4.015992058510661309e+02 4.020449188911044303e+02 8.724471036016602232e-01 2.891154669523239207e+01
5.000014824889134388e+02 5.000000000000000000e+02 4.710130388837843740e-03 2.900633189678192281e+01
6.000116590918531756e+02 6.000194318197550274e+02 9.519608634710222464e-03 2.893209830522537374e+01
7.150000000552109896e+02 7.000000000174395609e+02 3.570714212329412618e+01 2.899863384962081980e+01
8.000000000008569714e+02 8.000000000002223715e+02 1.397726959294269140e-09 2.899765725135803152e+01
9.588066690093970692e+02 9.000000000030875071e+02 1.016226802049798010e+02 2.900746259689331197e+01
1.000000000003471314e+03 1.000000000000239424e+03 9.610598550992808058e-09 2.984146355390548777e+01
1.110000000019057097e+03 1.100000000001602530e+03 2.999999999366860237e+01 2.984008085727691650e+01
1.200212000423161498e+03 1.200080948985142641e+03 2.038881338431599022e-01 2.991367429494857788e+01
1.356750014706176216e+03 1.400000000000004093e+03 4.896963483337479772e+01 2.986718360185623311e+01
1.405000000039493443e+03 1.400000000010461008e+03 2.179449470918163101e+01 2.910760660171508718e+01
