-1.400000000000000000e+03 -1.400000000000000000e+03 0.000000000000000000e+00 2.876212413430213815e+02
1.559185100738998444e+05 1.493982911620140658e+05 6.993288540772277338e+04 2.906148680448532104e+02
9.693211991513979435e+07 4.900842418322512880e+06 2.608168725506072938e+08 2.901457436442375410e+02
1.129590971877632182e+04 7.921639871673364723e+03 9.496812010793744776e+03 2.900819201946258659e+02
-9.999999999999483862e+02 -9.999999999999590727e+02 3.332357861610948992e-11 2.905318099021911848e+02
-8.824287600979662329e+02 -8.901874349663764860e+02 2.046485268781532696e+01 2.891823573470115889e+02
-7.301431103158026872e+02 -7.224096695291848391e+02 3.389879823873726394e+01 2.904987580895423775e+02
-6.796061731403186741e+02 -6.796184181090045513e+02 7.837680244863584611e-02 2.853299288511276472e+02
-5.930986148463559857e+02 -5.937572953519911607e+02 1.786702014125981730e+00 3.060000090956688155e+02
-4.980103520536509905e+02 -4.980883480623438118e+02 1.146232045899883589e+00 2.905929449439048540e+02
-3.998010081885813634e+02 -4.000000000000000000e+02 5.073315647344599499e-01 2.898052019953727836e+02
-2.628749309997637056e+02 -2.645418404008737525e+02 1.868049629435653003e+01 2.902389678478240853e+02
-1.433677043438144665e+02 -1.404435471271692961e+02 1.716615441965794631e+01 2.844463519454002380e+02
-2.660034821775607128e+01 -5.482656069658241904e+01 6.501662186984616199e+01 2.882057978510856628e+02
1.225070555623752853e+03 1.287031813789459875e+03 3.886572839349523747e+02 2.878687506914138794e+02
2.005707278611067181e+02 2.004805376421347773e+02 3.742062171655098912e-01 2.946686244487762565e+02
3.079946456397780707e+02 3.104144673571448720e+02 4.330838929842363960e+00 2.887390484452247392e+02
4.403150864940947713e+02 4.312359970956016468e+02 1.799559780831182820e+01 2.906932157039642561e+02
5.005368942019657084e+02 5.005018379254710226e+02 2.363046508126585843e-01 2.897628410577773934e+02
6.037606015292427628e+02 6.037730184871004440e+02 4.198878588586371086e-01 2.902801055073738326e+02
1.000000000000000000e+03 1.000000000000000000e+03 6.725804022493793931e-14 2.900531955480575448e+02
9.693475192982477893e+02 9.483608496357181821e+02 9.082969292272693451e+01 2.900459141492843855e+02
2.235607835852761582e+03 2.158532204128875492e+03 4.177182517064521221e+02 2.914145731568336259e+02
1.215919049848329905e+03 1.219094793796117301e+03 2.120997564100623833e+01 3.068313867092132341e+02
1.320561872393902149e+03 1.320467865547359906e+03 4.092466317378570473e+00 3.068847319960594291e+02
1.449664350507060362e+03 1.400047890786774133e+03 6.547230014573828782e+01 3.078932640075683480e+02
1.881716689311933123e+03 1.879173316835814603e+03 4.111764950629682147e+01 3.072624659061431771e+02
1.833823544929574609e+03 1.700000000000000000e+03 2.105806825421916244e+02 2.928512531518936157e+02
