-1.399999999999737383e+03 -1.399999999999860847e+03 2.558003062031807813e-10 2.148342378973960933e+02
1.171598083763070637e+06 1.065864629671751987e+06 7.640103728474954842e+05 2.168128415942192078e+02
1.395543239851176739e+09 1.669991479713003337e+08 3.093890065875330925e+09 2.159994721412658691e+02
5.023093835229520482e+04 4.146529343344818335e+04 2.379914705119067003e+04 2.158098894000053463e+02
-9.999999935382495551e+02 -9.999999943565876492e+02 3.350129011261702060e-06 2.160548656940460148e+02
-8.890027728638697226e+02 -8.901859886880683916e+02 1.077544721775665870e+01 2.147814804434776192e+02
-6.908103160655721240e+02 -6.962257454139635229e+02 4.962242870469378175e+01 2.180977228522300777e+02
-6.795051924397378116e+02 -6.794707317705899641e+02 1.072646845739169685e-01 2.172511931061744690e+02
-5.914369010199500281e+02 -5.912662432076170944e+02 2.474365782082858622e+00 2.391275453448295707e+02
-4.975198149698095449e+02 -4.977820169820333831e+02 1.376616690534678389e+00 2.162274363994598332e+02
-3.999999999995077360e+02 -3.999999999996188080e+02 5.180811093003906101e-10 2.171455509066581726e+02
-2.353527974827306934e+02 -2.427901654032105512e+02 3.644220827406124386e+01 2.171091583967208862e+02
-1.166898632022561344e+02 -1.220279478219436413e+02 2.389967042432243005e+01 2.173095612049102670e+02
-2.686513473877039537e+00 -5.818113860122593906e+01 1.048814109562720915e+02 2.165870398521423397e+02
1.492395330998946065e+03 1.466167361527786625e+03 2.693208929224861095e+02 2.168878188014030570e+02
2.009765808534964719e+02 2.009651364352223766e+02 4.381921138426679851e-01 2.255564587473869267e+02
3.102521211632121094e+02 3.102359298413213082e+02 9.520021137333453676e-02 2.162987027525901738e+02
4.441534159175840841e+02 4.404731495546702718e+02 1.824668557385739831e+01 2.165804637074470520e+02
5.003912697783221120e+02 5.004181604808022712e+02 1.866244438925650784e-01 2.156707785010337943e+02
6.043659515897204528e+02 6.045000000355369139e+02 3.600123022706813170e-01 2.170848813533783073e+02
9.900001805288111427e+02 1.000000151396461774e+03 4.358898084756025071e+01 2.179326357007026616e+02
1.038111173673695475e+03 1.023386736654497554e+03 1.210744427205186753e+02 2.194114047050476017e+02
2.719821047575288048e+03 2.746053402298786750e+03 3.418860795932462224e+02 2.194674933075904733e+02
1.227780218166821896e+03 1.229039967049541701e+03 6.531523530317559612e+00 2.407438344478607064e+02
1.328081730522208545e+03 1.328357756319413056e+03 6.941204247615182510e+00 2.408648811578750610e+02
1.420236267135729122e+03 1.400057842106961289e+03 7.852571368969444165e+01 2.417266713500022774e+02
1.918280810738028549e+03 1.937770669032960086e+03 7.203058161212044297e+01 2.413513955950737113e+02
1.991256448156667830e+03 2.089291469981450064e+03 2.700696571763573957e+02 2.213970878958702144e+02
