-1.400000000000000000e+03 -1.400000000000000000e+03 0.000000000000000000e+00 5.932283004522323466e+01
3.986295795007509241e+03 5.918790267397506796e+03 3.740987263070195695e+03 5.980465359687805460e+01
-1.200000000000000000e+03 -1.200000000000000000e+03 0.000000000000000000e+00 5.937520174980163290e+01
-1.100000000000000000e+03 -1.100000000000000000e+03 0.000000000000000000e+00 5.944368695020675375e+01
-9.999999999999834017e+02 -9.999999999999920419e+02 3.201679517149153150e-11 5.942744994163513184e+01
-8.999999999999612328e+02 -8.999999999999979536e+02 1.079041628161809801e-10 5.963062624931335165e+01
-7.994171066104076999e+02 -7.999998708677885588e+02 2.534277720321133298e+00 5.955894675254821635e+01
-6.909976013084803981e+02 -7.000000000000000000e+02 9.952527699796409166e+00 5.950745329856872701e+01
-5.997824981855719670e+02 -5.999999717578580203e+02 3.509830380159594809e-01 6.047721904516220093e+01
-4.996769571503884322e+02 -4.998643927896728201e+02 4.912241510228099739e-01 5.954028284549713135e+01
-3.995522684243080676e+02 -4.000000000000000000e+02 4.949858811216393817e-01 5.955235484838485860e+01
-2.982588226576506258e+02 -2.990050409429067031e+02 1.471562417267493705e+00 5.958269350528716757e+01
-1.977731737678820423e+02 -1.971206152715606663e+02 1.378344193013426588e+00 5.954881260395050191e+01
-9.723667836758754390e+01 -9.968782674401859367e+01 5.924148911632810766e+00 5.945559794902801798e+01
1.429720079192411504e+02 1.167572201841821879e+02 5.057080967009610362e+01 5.945692889690398886e+01
2.003707521520416890e+02 2.000397504803682409e+02 6.758189641768628242e-01 5.985908205509186075e+01
3.016929475902573472e+02 3.020390434154753621e+02 9.087007029296818583e-01 5.955332305431365825e+01
4.027016731282899968e+02 4.022833013821087889e+02 1.504414772273944934e+00 5.955782370567321493e+01
5.000524483611660571e+02 5.000445867336324000e+02 4.624512826621950817e-02 5.949070399999618530e+01
6.001087946379872164e+02 6.000469399849849879e+02 1.398195456825318539e-01 5.945000720024108887e+01
7.400000000000000000e+02 7.000000000000000000e+02 4.898979485566356118e+01 5.962928088903426982e+01
8.488309933444925264e+02 8.119064486507387528e+02 8.644148841520704707e+01 5.959787735939026021e+01
1.049770990235807631e+03 1.019499194796659026e+03 1.163277165565627769e+02 5.973713124990463541e+01
1.012869139755971219e+03 1.010972471260133602e+03 1.277696114529836180e+01 6.066239525079727457e+01
1.126496865145484435e+03 1.100000000000000000e+03 4.123142614175943521e+01 6.063225170373916484e+01
1.204550775635287437e+03 1.200435134724740237e+03 9.360958465799591011e+00 6.073775935173034668e+01
1.320254102731297053e+03 1.305557202882556794e+03 3.534247587086532150e+01 6.073002104759216024e+01
1.430000000000000000e+03 1.400000000000000000e+03 4.582575694955839651e+01 6.236708045005798340e+01
