-1.399999981013977731e+03 -1.399999991396132373e+03 2.254518670566100428e-05 6.192306325435638570e+01
5.188707591238547138e+03 5.456831002015055674e+03 5.129413921964315705e+03 6.206159950494766520e+01
-1.199757708009135513e+03 -1.199962037705341572e+03 4.558791850966800729e-01 6.194644030332565166e+01
-1.099338757849299100e+03 -1.099448057183376250e+03 5.173788084085233496e-01 6.199152239561080791e+01
-9.999968719972133613e+02 -9.999977562988922273e+02 3.077722742800389957e-03 6.197600075006484843e+01
-8.999951361662995168e+02 -8.999997049020787472e+02 1.203793854894516860e-02 6.190817525386810161e+01
-7.998669422651107652e+02 -7.999526022088355148e+02 2.057542984207033909e-01 6.208971765041351176e+01
-6.919639632964349403e+02 -6.999084589913479704e+02 9.770078575416180300e+00 6.204395035505294942e+01
-5.997168788304506961e+02 -5.999662177192880108e+02 3.578137579886725983e-01 6.312647359371185019e+01
-4.998960917521033593e+02 -4.999306436826130948e+02 1.164093099862695546e-01 6.198386559486389302e+01
-3.999999072511661780e+02 -3.999999831156642358e+02 1.480215014892837997e-04 6.208327929973602011e+01
-2.993513912496194962e+02 -2.990048764153136744e+02 4.757396050926128717e-01 6.212158765792846538e+01
-1.997117405277700755e+02 -1.999997906005358743e+02 8.637086713847942354e-01 6.211863684654235840e+01
-9.999896688513540255e+01 -9.999959883187352716e+01 1.744472795021315007e-03 6.206816830635070659e+01
1.323845430292007563e+02 1.006463092907675900e+02 6.356097899953465458e+01 6.204446514844894267e+01
2.005859940194772548e+02 2.005503507119668996e+02 4.046609054276387174e-01 6.234002275466919230e+01
3.018198690629815815e+02 3.020221339764161712e+02 6.065287983061903310e-01 6.202212955951690532e+01
4.019419550667895464e+02 4.021934517744846289e+02 7.686828441672718393e-01 6.206964529752731607e+01
5.000153567632529530e+02 5.000133917108489641e+02 1.510988120328486152e-02 6.194919180870056152e+01
6.000165476164048641e+02 6.000194320122704994e+02 6.868233371330407025e-03 6.199039919376373575e+01
7.650492077787688459e+02 8.000071917948876035e+02 4.765167042573266087e+01 6.221521329879760742e+01
8.100120056232898378e+02 8.000109973554568796e+02 4.358690913005825252e+01 6.218043395280837871e+01
1.066847940885731305e+03 1.092772249395783774e+03 1.203033659120210785e+02 6.221032235622406148e+01
1.002996121774145308e+03 1.000005602085580904e+03 6.709163020896816043e+00 6.334156215190887451e+01
1.135154648128314193e+03 1.100028016875591220e+03 4.788174109375248833e+01 6.331353365182876303e+01
1.205581374108218142e+03 1.200444964910083172e+03 1.081222643506781189e+01 6.339993985891342021e+01
1.349859266977523930e+03 1.313585156343334575e+03 5.149799040336818479e+01 6.336444274187088155e+01
1.435076874365448703e+03 1.400161375722293542e+03 4.765077680460014875e+01 6.239093830585479594e+01
