-1.399999999515051059e+03 -1.399999999723396286e+03 6.011246751535963920e-07 5.457977650165558003e+01
1.794584151428662722e+02 -9.186503459151778088e+02 2.121160332888132871e+03 5.473946155309677408e+01
-1.199993155856746625e+03 -1.199998518319046525e+03 1.039539883391637706e-02 5.463227164745330811e+01
-1.099996579175041461e+03 -1.099998785949456988e+03 4.384894709868203573e-03 5.470199265480041362e+01
-9.999996746254852269e+02 -9.999997742690853784e+02 3.102184191704087410e-04 5.466769695281982422e+01
-8.999999995570090050e+02 -8.999999997546744908e+02 6.330019357076706645e-07 5.463840894699096395e+01
-7.999855440167852976e+02 -7.999918102389474370e+02 1.774365524710787984e-02 5.474595724344253256e+01
-6.909951255722522774e+02 -6.999807733674049359e+02 9.945789757267780473e+00 5.475106295347213603e+01
-5.997018923776071233e+02 -5.999869060485290220e+02 4.000897402626416022e-01 5.547504354715347574e+01
-4.999831100909161137e+02 -4.999897714853319712e+02 1.818350519929268910e-02 5.469051489830017232e+01
-3.999999980659001153e+02 -3.999999994577416373e+02 4.744018433813339749e-06 5.478006114959716655e+01
-2.999004928748112206e+02 -2.999999916655083325e+02 2.984848868363689234e-01 5.476457589864730835e+01
-1.999999908822918826e+02 -1.999999961626949698e+02 1.211797182606413218e-05 5.478502449989318990e+01
-9.999994934028084970e+01 -9.999998276725068536e+01 1.010606299923171280e-04 5.471844484806060649e+01
1.176616894214083402e+02 1.004692684191271610e+02 3.646908147958098567e+01 5.472416729927063272e+01
2.001879259926794248e+02 2.001688538409722469e+02 1.196169437573800648e-01 5.494363100528717325e+01
3.019188258636869477e+02 3.020197666477785674e+02 4.402069565875671442e-01 5.470227845907211162e+01
4.013569666159600047e+02 4.020126786181110674e+02 9.411815730942767466e-01 5.471380180120468140e+01
5.000083869748591496e+02 5.000000000002534080e+02 1.772510695420916396e-02 5.463267993927001953e+01
6.000136074411014988e+02 6.000194318202193244e+02 8.896916618732611526e-03 5.468325314521789693e+01
7.350158774263039732e+02 7.000277761169438691e+02 4.768717612145445628e+01 5.485513869524002217e+01
8.050011042703706607e+02 8.000009964485878982e+02 2.179441526891430669e+01 5.481925019025802470e+01
9.767661153868433530e+02 9.000054827359460887e+02 1.100989341873116416e+02 5.483940800428390361e+01
1.000000727200155438e+03 1.000000377690784489e+03 7.832648498784152433e-04 5.560633400678634786e+01
1.110002094349154277e+03 1.100002042674933818e+03 2.999936040565589224e+01 5.561185159683227397e+01
1.200277995157486885e+03 1.200258213886145995e+03 2.890461277887050873e-01 5.566064310073852539e+01
1.311535419627343117e+03 1.301262086090814137e+03 2.951029553485536283e+01 5.564052525758743428e+01
1.405011841254475939e+03 1.400009696627397261e+03 2.179214315610546748e+01 5.492824095487594604e+01
