-1.400000000000000000e+03 -1.400000000000000000e+03 0.000000000000000000e+00 3.256923593997955209e+02
8.329452525389849325e+04 6.817322278188928613e+04 6.286513733298911393e+04 3.302839822530746687e+02
2.002335441570229304e+05 -8.932285125893381519e+02 4.199923934613466263e+05 3.295488566994666826e+02
1.141681995096724131e+04 1.038124974953068886e+04 5.539890368780074823e+03 3.311696908950805778e+02
-9.999999999938178235e+02 -9.999999999982335339e+02 1.381429222391765708e-08 3.278176751017570609e+02
-8.856247770689533354e+02 -8.901875771678113551e+02 1.988878389778844991e+01 3.276174051046371574e+02
-7.961401189168150268e+02 -7.996851609819831310e+02 9.144250457677010502e+00 3.278828878045081865e+02
-6.795925962102603535e+02 -6.796089325375514818e+02 8.170724165207730871e-02 3.218476873993873824e+02
-5.964985099026332591e+02 -5.966271402923009646e+02 1.649025076142902169e+00 3.461778170466423035e+02
-4.998591092020163842e+02 -4.998953537563207306e+02 1.030859912820154961e-01 3.276155747532844771e+02
-3.959206683696994560e+02 -3.955226842430801639e+02 1.538168918542912378e+00 3.274127020597458113e+02
-2.869627749287792540e+02 -2.870655423334253555e+02 6.159823611391831655e+00 3.273936782479286194e+02
-1.735429434435615974e+02 -1.714530416403231357e+02 1.014818366626603030e+01 3.231600630521774065e+02
1.094003384634477669e+02 9.180549720059775609e+01 1.088911454658971110e+02 3.263321457028388863e+02
9.102367333552195987e+02 8.873228396726035498e+02 2.280143375101119716e+02 3.251907152056693917e+02
2.002156688072625457e+02 2.002106164538565167e+02 1.311904512585698734e-01 3.340861760497093087e+02
3.134636948945081940e+02 3.143665144065382719e+02 4.065124255478178128e+00 3.270440471053123588e+02
4.218440502075360996e+02 4.205138417520377629e+02 5.588062745061645131e+00 3.279458966493606340e+02
5.006683412261269837e+02 5.007004144989389260e+02 1.552919566801043705e-01 3.287907206058501970e+02
6.034894475600494843e+02 6.034935438375543981e+02 2.800709965509618482e-01 3.292989390969276542e+02
1.000000000000004206e+03 1.000000000000001819e+03 4.887608576450247540e-12 3.303502121448516959e+02
1.115347522026564775e+03 1.107668009553428419e+03 1.251448671075676629e+02 3.277873857021331787e+02
1.836508132855503618e+03 1.841636539053483148e+03 2.555131946254625177e+02 3.287768175482750053e+02
1.215788150280564878e+03 1.215773311171592013e+03 3.002397251302375114e+00 3.471606294989585990e+02
1.316343688724249205e+03 1.317666086333661269e+03 4.377361632618832488e+00 3.472626019001007194e+02
1.380676944374482446e+03 1.400021977569133242e+03 4.811470446133654377e+01 3.482832141399383659e+02
1.837664506625619879e+03 1.829877492009458820e+03 2.744911129236244207e+01 3.475650188088417281e+02
1.700000000000217142e+03 1.700000000000025011e+03 6.955581319427002240e-10 3.328119248032569999e+02
