-1.399999999999872216e+03 -1.399999999999975898e+03 2.522931171666293547e-10 2.786113815307617259e+01
1.965706684906305327e+03 2.638083085513262631e+02 3.880911874856730265e+03 2.807595000267028951e+01
-1.199999998374411007e+03 -1.199999999938717337e+03 3.498967159383020108e-06 2.793562029600143504e+01
-1.099999999058383764e+03 -1.099999999809722794e+03 1.459409704567010845e-06 2.798815610408782817e+01
-9.999999945468956639e+02 -9.999999956846056648e+02 5.255098309706701181e-06 2.800397845506667949e+01
-8.999999999993372057e+02 -8.999999999999605507e+02 1.793454207601923771e-09 2.787988399267196726e+01
-7.999997160887348855e+02 -7.999997703250512586e+02 3.090050276175299536e-04 2.802954449653625346e+01
-6.949996156259736608e+02 -6.999998868397282195e+02 8.660362218607509988e+00 2.801837229728698730e+01
-5.998409988395969776e+02 -5.999993474503663720e+02 2.834898918916319288e-01 2.880090855360031199e+01
-4.999798949922467841e+02 -4.999901227519384861e+02 2.034137034407864156e-02 2.799128440618515157e+01
-3.999999999996961719e+02 -3.999999999998684643e+02 3.342426719205366540e-10 2.808922120332717753e+01
-2.996020163542862633e+02 -2.999999999860307298e+02 5.801558535719695264e-01 2.808927329778671123e+01
-1.999999999903253922e+02 -1.999999999979140739e+02 1.658745252288218335e-08 2.809279720783233714e+01
-9.996878266452773687e+01 -9.999999999197257239e+01 9.365197710591487146e-02 2.801452504396438670e+01
1.236003020649068702e+02 1.085346974740386372e+02 3.608035668831103493e+01 2.802115499973297119e+01
2.000718652795946468e+02 2.000025044874902846e+02 2.061575452488710325e-01 2.829627314805984639e+01
3.012118193055201800e+02 3.020196068673345167e+02 9.894461551487597761e-01 2.801332019567489695e+01
4.017876963859166608e+02 4.020432030099593703e+02 6.886105767955985613e-01 2.801612445116042949e+01
5.000039458691145455e+02 5.000000000000000000e+02 7.891738228873663649e-03 2.796299344301223755e+01
6.000106875028212698e+02 6.000194318197550274e+02 9.667206107371041982e-03 2.796731660366058492e+01
7.550002234958817553e+02 8.000000085266353835e+02 4.974918918317405314e+01 2.816577425003051616e+01
8.250000175338324198e+02 8.000000216272194393e+02 6.224949349427465961e+01 2.815504475831985332e+01
9.909261367690933184e+02 9.000000925181774392e+02 1.205681786454300095e+02 2.819059964418411113e+01
1.000000008784961892e+03 1.000000008106103678e+03 4.493845247062445373e-06 2.893618074655532979e+01
1.105000054805506352e+03 1.100000044397891998e+03 2.179448260887589583e+01 2.894361920356750417e+01
1.200705334283907632e+03 1.200258042058265346e+03 1.238312817624654061e+00 2.900831724405288625e+01
1.357857441852201873e+03 1.400000002592464398e+03 4.995089313275634169e+01 2.897685915231704712e+01
1.420000182404859970e+03 1.400000203571936481e+03 3.999995442195647399e+01 2.824448870420456004e+01
