-1.400000000000000000e+03 -1.400000000000000000e+03 1.525268983755124553e-13 2.771006376504898299e+02
5.995568871202159207e+05 4.904749354443014599e+05 3.784350516341960174e+05 2.824372899532318115e+02
3.409566547060886621e+08 6.384589579042407125e+07 6.499194806947948933e+08 2.804432193040847778e+02
4.655098289303794445e+04 4.147375113178192987e+04 2.499106880887802618e+04 2.821019288539886247e+02
-9.999999999998359499e+02 -9.999999999998643716e+02 1.001723138794539026e-10 2.783393712043762207e+02
-8.798677815502696831e+02 -8.901875392814376937e+02 2.721918930002091841e+01 2.813398043513298035e+02
-6.063256111967187962e+02 -6.630289303170536641e+02 2.044543872067812913e+02 2.836758445501327515e+02
-6.794151369913041663e+02 -6.794308840264197897e+02 9.628362109394114632e-02 2.796100767016411055e+02
-5.917777185480024400e+02 -5.919551064955205675e+02 1.646533849788002657e+00 2.986745657086372603e+02
-4.967255369749277634e+02 -4.970083682921213040e+02 2.333415612830764374e+00 2.799566610455513000e+02
-3.936820170586367453e+02 -3.950252047145335155e+02 4.774487491895011537e+00 2.797043839573860282e+02
-2.356759999219942188e+02 -2.323408562284584491e+02 2.956206102679111325e+01 2.787173125505447615e+02
-9.495363582430783822e+01 -1.115468689928601265e+02 4.603527725362150136e+01 2.759387015461921919e+02
1.956324070774788311e+02 1.899356910139335923e+02 1.179995107329073676e+02 2.779783418416976701e+02
1.446377325347965325e+03 1.342870056875576438e+03 3.750442286386141859e+02 2.784271678566932451e+02
2.010377260403886908e+02 2.008204499532924103e+02 5.615681332228169564e-01 2.860367859959602583e+02
3.116727346015312605e+02 3.121057996914473733e+02 2.979946439021591953e+00 2.780313851475715410e+02
4.729321838505933329e+02 4.615848812815244173e+02 3.706473516705809601e+01 2.827708259940147286e+02
5.005940937101045165e+02 5.005321299015013210e+02 4.203667143538568074e-01 2.813964110970497359e+02
6.042854670034637365e+02 6.044572110072093665e+02 6.664383025520254078e-01 2.808234728932380904e+02
9.900000000000002274e+02 1.000000000000000227e+03 4.358898943540674509e+01 2.802293677926063538e+02
1.155957514205796087e+03 1.123154851792650334e+03 1.951994479636003348e+02 2.808784433007240295e+02
2.443091400598309519e+03 2.421534975914509232e+03 5.807617094313065991e+02 2.811802487492561227e+02
1.226309331041442874e+03 1.225113176431716965e+03 4.923518463058848660e+00 2.995957100987434387e+02
1.327349723776260817e+03 1.329571323251539752e+03 7.071285803254203195e+00 2.994049605488777388e+02
1.450292092974295201e+03 1.400125064750854563e+03 7.082796640203025618e+01 3.006101168990135193e+02
1.898999885864646785e+03 1.924871636917212072e+03 7.833516228763144795e+01 2.999330735087394828e+02
2.010982082941320868e+03 2.062789616229511012e+03 3.103840054707372360e+02 2.834648272037505876e+02
