-1.400000000000000000e+03 -1.400000000000000000e+03 0.000000000000000000e+00 5.351507974863052652e+01
2.015495623004165054e+03 1.182062604035915683e+03 3.497349632475524231e+03 5.375337905883789347e+01
-1.200000000000000000e+03 -1.200000000000000000e+03 0.000000000000000000e+00 5.353794389963150024e+01
-1.100000000000000000e+03 -1.100000000000000000e+03 0.000000000000000000e+00 5.356342329978942729e+01
-9.999999999435210611e+02 -9.999999999990982360e+02 1.954146158589753305e-07 5.352489759922027446e+01
-9.000000000000000000e+02 -9.000000000000000000e+02 0.000000000000000000e+00 5.355549759864807413e+01
-7.999999999998551630e+02 -7.999999999999947704e+02 3.371711518198880164e-10 5.375016444921493530e+01
-6.939999209901363884e+02 -6.999999999999755573e+02 9.165272080966348156e+00 5.358446339368820333e+01
-5.998747667885090777e+02 -6.000000000000000000e+02 3.017262119879963178e-01 5.461067855358123779e+01
-4.999930962077855838e+02 -4.999926039596658711e+02 4.780654493091956656e-03 5.365192544460296631e+01
-3.999502520471453408e+02 -4.000000000000000000e+02 2.168462991415098517e-01 5.374609619379043579e+01
-2.998507561414360225e+02 -3.000000000000000000e+02 3.552714447781128992e-01 5.375788744688033916e+01
-1.995240917667956637e+02 -2.000000000000000000e+02 9.985180315044868138e-01 5.374298985004425333e+01
-9.990634802320558094e+01 -1.000000000000000000e+02 1.430557575475620846e-01 5.368897039890289591e+01
1.082333490121152408e+02 1.006243465119628127e+02 1.766464586038325635e+01 5.368440960645675375e+01
2.000363646823034003e+02 2.000000000054080544e+02 1.119288394138596987e-01 5.395665574073791504e+01
3.017429845562409128e+02 3.020211382353943463e+02 7.247970545083112226e-01 5.364457930326462076e+01
4.018079666207181617e+02 4.020444875749735729e+02 7.220908858249867057e-01 5.368434255123138144e+01
5.000049379122391429e+02 5.000000000000000000e+02 7.956627927926325158e-03 5.345248804092407369e+01
6.000126306828409497e+02 6.000194318197550274e+02 9.268387309594429413e-03 5.352729450464248373e+01
7.300000000403688318e+02 7.000000000027615670e+02 4.582575692313348270e+01 5.385015964508056641e+01
8.000000000007319159e+02 8.000000000000029559e+02 2.601027592337496894e-09 5.388159110546111918e+01
9.829311783684224793e+02 9.000000000019670097e+02 1.090772588693073857e+02 5.376496264934539937e+01
1.000000000000264322e+03 1.000000000000017621e+03 6.024977892654997188e-10 5.475132269859314249e+01
1.120000000003804416e+03 1.100000000000077989e+03 3.999999999812686724e+01 5.477042734622955322e+01
1.200101697252024906e+03 1.200080948985142413e+03 1.449404547383440489e-01 5.482141274213790894e+01
1.376389578787336632e+03 1.400000000000001819e+03 4.347212229433197450e+01 5.481544724702835225e+01
1.415000000000297405e+03 1.400000000000136879e+03 3.570714214260410557e+01 5.399081549644470357e+01
