-1.400000000000000000e+03 -1.400000000000000000e+03 0.000000000000000000e+00 2.904260370492935408e+02
8.056328081159164140e+04 7.511685333250454278e+04 5.751608042287611897e+04 3.024936248064041138e+02
-1.184931621397424124e+03 -1.199999968061672462e+03 5.361028331241704592e+01 3.005085942983627092e+02
1.663356678477536116e+04 1.542658570151694585e+04 9.311300069312903361e+03 3.020584606528282166e+02
-9.999998931281357955e+02 -9.999998898654458799e+02 3.478514067838617632e-05 3.020274284005164986e+02
-8.901875770776975969e+02 -8.901875771022102981e+02 8.794609461006161905e-08 3.008640112519263994e+02
-7.999570300858542851e+02 -7.999987308502934411e+02 1.183933735982504454e-01 2.966896618485450858e+02
-6.796565710877860056e+02 -6.796649245678607940e+02 5.081646264892309556e-02 2.977256585478782540e+02
-5.956421065194138009e+02 -5.956726726822769251e+02 2.049447067911173814e+00 3.142835626959800948e+02
-4.999329708123235037e+02 -4.999348209491729449e+02 4.327730298078883570e-02 2.926576641917228585e+02
-3.963683996935004643e+02 -3.960201637716268124e+02 1.416724856706876201e+00 2.923684224009513741e+02
-2.914433574009796644e+02 -2.920403325810727324e+02 2.821190021557026917e+00 2.925527184486389274e+02
-1.804109833973142543e+02 -1.809971297387616858e+02 8.940903950581326143e+00 2.935121192932128906e+02
6.802838464345174430e+01 -5.503244393635213783e+00 1.954801806008493088e+02 2.921355756521224976e+02
1.056370337136170065e+03 1.062588936272074761e+03 2.596052071911390158e+02 2.955151950955390703e+02
2.008986975458122402e+02 2.009126955382393191e+02 3.957441976639159975e-01 3.030078175902366411e+02
3.144367268464316680e+02 3.144299712341047552e+02 1.956402250026740175e+00 2.921120756983756905e+02
4.180473430791392389e+02 4.162676835016343375e+02 6.825945201083044367e+00 2.950269904971122514e+02
5.006652821957394508e+02 5.006931421431823992e+02 2.225784450746313980e-01 3.011863570451736223e+02
6.032835611645723475e+02 6.034065293017166596e+02 3.360651930724675718e-01 3.020328200459480286e+02
1.000000000000000000e+03 1.000000000000000000e+03 8.038873388460928854e-14 2.960870962977409135e+02
1.128717077858435687e+03 1.100220917441548181e+03 1.004672808830428465e+02 2.935305359482765084e+02
1.958537580016472930e+03 1.963499579503918540e+03 3.978658723524814036e+02 2.976906702518463135e+02
1.211597551949990020e+03 1.211883255365060450e+03 3.936144444895806060e+00 3.151252030968665849e+02
1.310608755566143145e+03 1.309836481185794582e+03 5.257413655530291940e+00 3.140507988452911263e+02
1.395269600571157298e+03 1.400021003359517181e+03 2.071504893054695273e+01 3.160548764944076652e+02
1.807060897772281123e+03 1.802385572757747696e+03 2.047664638113078084e+01 3.138793622970580941e+02
1.700000000000000000e+03 1.700000000000000000e+03 1.016845989170082993e-13 2.982233437538146745e+02
