-1.399999999999999773e+03 -1.399999999999999773e+03 0.000000000000000000e+00 1.417420648753643036e+03
7.348407752741671866e+05 7.178164304496016121e+05 2.721252495050941361e+05 1.854425566351413636e+03
2.096698200250294060e+07 1.225775723580906354e+07 2.560282045202194527e+07 1.723357492804527283e+03
1.702111517783655290e+04 1.024637244855886456e+04 2.806606373110654386e+04 1.817158381104469299e+03
-9.999996481231921734e+02 -9.999996440426834852e+02 2.581588993822482388e-05 1.846580458056926773e+03
-8.565526684650315019e+02 -8.565526684650287734e+02 1.086952596169037529e-11 1.562053510499000595e+03
-7.743256330185872685e+02 -7.770436470758106680e+02 1.085196470458980222e+01 1.650055406641960190e+03
-6.788733721365075553e+02 -6.788603919549379953e+02 4.164270790879971706e-02 1.719414319300651641e+03
-5.309156591783282693e+02 -5.298033017769633943e+02 4.671758601886345730e+00 2.065082307851314454e+03
-4.999481304809838775e+02 -4.999469909293896990e+02 2.102922000918587553e-02 1.473578284955024628e+03
-3.350448732470450750e+02 -3.353046536148225982e+02 1.638074401734311536e+01 1.494772825145721526e+03
-1.823864080727723262e+02 -2.358252088734784309e+02 1.127267808946964891e+02 1.480389053595066116e+03
5.357379708667608753e+01 6.159474058228369131e+00 9.725068298132694622e+01 1.615944293999672027e+03
2.803989136438000969e+03 2.792631997416638114e+03 6.116320957005541459e+02 1.548517907249927475e+03
1.417998614942996574e+04 1.412742568360413861e+04 4.613990902202912707e+02 1.454116162908077285e+03
2.032692142581944665e+02 2.032870527393908731e+02 3.897367459587033900e-01 1.668014946103096008e+03
4.141648656567712123e+02 4.124602375820438169e+02 1.271102501396046058e+01 1.447767982292175247e+03
7.842341369518344436e+02 7.997766078311715319e+02 6.535666392371123834e+01 1.470409404945373581e+03
5.046364469588832549e+02 5.045379729974405905e+02 9.721987988878235676e-01 1.849329081296920776e+03
6.215916345191957362e+02 6.213828464803408451e+02 1.302375373656333046e+00 1.603132429957389832e+03
1.456957760385896108e+03 1.828262933976493059e+03 4.547541070762475215e+02 1.505768811547756286e+03
3.642315526454748124e+03 3.637971885056937026e+03 3.965889692623489395e+02 1.602146278202533722e+03
1.404110880039343283e+04 1.463773328427142769e+04 2.072132727541178156e+03 1.492327955007553101e+03
1.297314900831477644e+03 1.279401722657488790e+03 3.432788716104717963e+01 2.229413000142574219e+03
1.404799562241696094e+03 1.408139773837378016e+03 1.831120547123548548e+01 2.224856929647922698e+03
1.648924110841064248e+03 1.662158625302476139e+03 3.394281302273488876e+01 2.213225544250011353e+03
2.982353060402151641e+03 3.154903118565376644e+03 3.752882434279958943e+02 2.237154582297801880e+03
2.686227095366190497e+03 1.800000000000000909e+03 1.353762402610309664e+03 1.715560442399978683e+03
