-1.400000000000000000e+03 -1.400000000000000000e+03 3.255495599495669128e-13 5.987996289730072164e+01
1.041818094678764965e+03 -4.760860986043144862e+02 2.886273924984602672e+03 6.010339219570160196e+01
-1.199999999999897909e+03 -1.199999999999979991e+03 2.121723292513394200e-10 5.992292134761810019e+01
-1.099999999999811735e+03 -1.099999999999963620e+03 2.594921981681110592e-10 5.996257559061050557e+01
-9.999999991077733057e+02 -9.999999998421344571e+02 2.680528784565267244e-06 6.003152050971984721e+01
-9.000000000000000000e+02 -8.999999999999998863e+02 3.466982589538226258e-13 5.989720925092697001e+01
-7.999999965257184158e+02 -7.999999990214721493e+02 6.681821395343484484e-06 6.005458375215530253e+01
-6.939998493186266160e+02 -6.999999934438776563e+02 9.165375063004667311e+00 6.001193034648895264e+01
-5.999624311494532094e+02 -5.999999521974823438e+02 1.634400826668985229e-01 6.085104475021362447e+01
-4.999850815177999834e+02 -4.999926039506887605e+02 1.657024505169546816e-02 5.999656344652176188e+01
-3.999999999999997726e+02 -3.999999999999999432e+02 8.322272552012288999e-13 6.006261450052261353e+01
-2.996517643299570182e+02 -2.999999999999770353e+02 5.693913457093707775e-01 6.007905035018920614e+01
-1.997977063491472904e+02 -1.999999999999984084e+02 6.069707669353402446e-01 6.009045399427414225e+01
-9.996878267439656440e+01 -9.999999999999869260e+01 9.365197679311450252e-02 6.000153859853744365e+01
1.300625322219019324e+02 1.086907833483489867e+02 4.218663980163485405e+01 5.998558775186538838e+01
2.000000903148188058e+02 2.000000845330267794e+02 6.225937724622904830e-05 6.028089264631271504e+01
3.014146907642349333e+02 3.020196068559877176e+02 9.261347547125272639e-01 5.999151880741119669e+01
4.014763566127539320e+02 4.020209128881498941e+02 9.037568341783214221e-01 6.001869534254073812e+01
5.000029594016183410e+02 5.000000000000000000e+02 7.044784949687071286e-03 6.004244915246963643e+01
6.000155454558046131e+02 6.000194318197550274e+02 7.772727901442517962e-03 5.997415094375610067e+01
7.500000048964018333e+02 7.500000166189047377e+02 4.999999705067331490e+01 6.011263835430145264e+01
8.100000005380036328e+02 8.000000004572244734e+02 2.999999995234917449e+01 6.013436129093170024e+01
1.014123962506271937e+03 1.000000000939072720e+03 1.127293810546330377e+02 6.014857584238052368e+01
1.000000000271687895e+03 1.000000000250874564e+03 1.906986397043061684e-07 6.102737394571304463e+01
1.110000001131770432e+03 1.100000000952112714e+03 2.999999966865558676e+01 6.106096110343933248e+01
1.200218950989554060e+03 1.200040474493996044e+03 3.283252694290464957e-01 6.115230560302734375e+01
1.327986644537215852e+03 1.303048644849554876e+03 4.300181372096522381e+01 6.111996095180511190e+01
1.410000002840863772e+03 1.400000002070177970e+03 2.999999956951204894e+01 6.035581320524215698e+01
