-1.400000000000000000e+03 -1.400000000000000000e+03 0.000000000000000000e+00 3.031288117408752214e+02
6.737086377636012912e+04 4.917036648515248089e+04 4.872416439730620186e+04 3.164947677969932442e+02
8.489211782930357231e+02 -1.199999999999999545e+03 8.898012788847143383e+03 3.149404947996139299e+02
1.145590796578383924e+04 9.817539719438229440e+03 6.247680847986192930e+03 3.162259055018424760e+02
-9.999998802388121248e+02 -9.999998852138331813e+02 3.781902165518049534e-05 3.162609530568122977e+02
-8.901875770648290427e+02 -8.901875771040309928e+02 1.113643421974850438e-07 3.144618748068809282e+02
-7.998534944897579635e+02 -7.999999237769118281e+02 6.251814666570839618e-01 3.136254401445388567e+02
-6.796222995919094956e+02 -6.796054075014321825e+02 5.464477821261098239e-02 3.104170576453208810e+02
-5.963154757852975081e+02 -5.967729534019588300e+02 1.852381251192571909e+00 3.341404136538505441e+02
-4.999349561646254188e+02 -4.999336234331872220e+02 3.387378232345032714e-02 3.067005793929100150e+02
-3.954729380534622578e+02 -3.960201637716268124e+02 2.584498177485884618e+00 3.063727537989616394e+02
-2.916920979209257325e+02 -2.920403325810727324e+02 3.672927359098514977e+00 3.059593609452247733e+02
-1.819842636345635469e+02 -1.841075828049228562e+02 8.295385347405366261e+00 3.057714409947395211e+02
1.159573120259751633e+01 2.252533376008386767e+01 9.710977793107929301e+01 3.053966410040855521e+02
1.102939065199681636e+03 1.115998370038872054e+03 3.429524103085620936e+02 3.080882783532142639e+02
2.008827296359484080e+02 2.008943957751092739e+02 3.906555654104313380e-01 3.191714239001274223e+02
3.137604035858913107e+02 3.139388151078359215e+02 2.221616336386544877e+00 3.059405232548713798e+02
4.181788734811941026e+02 4.170601952050571981e+02 5.441844055579745820e+00 3.105684378027916068e+02
5.006671580832500013e+02 5.005778955044397094e+02 2.576982805463681192e-01 3.151427761435508614e+02
6.033963988872835671e+02 6.035090125313911358e+02 3.188902437749946972e-01 3.161969457983970528e+02
1.000000000000000000e+03 1.000000000000000000e+03 8.806144583576081053e-14 3.120294574499130249e+02
1.115188084914094816e+03 1.107902230654095774e+03 5.957875061486780766e+01 3.075741428971290361e+02
1.900270636701795866e+03 1.866391830039239494e+03 3.784961501624844686e+02 3.108984194040298235e+02
1.209681433469983631e+03 1.209527168053906280e+03 3.036084159684797168e+00 3.357062676906585921e+02
1.308410142134363014e+03 1.307227198648425656e+03 4.638911079549263405e+00 3.352209190011024589e+02
1.395619019659168089e+03 1.400023174001605639e+03 1.919738964068444531e+01 3.371424254536628951e+02
1.803834911668084487e+03 1.801998029305281307e+03 1.354569092256428853e+01 3.350418777585029488e+02
1.700000000000000000e+03 1.700000000000000000e+03 1.245376910231166390e-13 3.149521638393401872e+02
