-1.400000000000000000e+03 -1.400000000000000000e+03 0.000000000000000000e+00 6.145259389877319478e+01
4.064256735833619132e+03 2.068396344686640987e+03 5.464374487091635274e+03 6.144639919996261312e+01
-1.200000000000000000e+03 -1.200000000000000000e+03 0.000000000000000000e+00 6.142603585720062398e+01
-1.100000000000000000e+03 -1.100000000000000000e+03 0.000000000000000000e+00 6.147287315130233765e+01
-9.999999999999459988e+02 -9.999999999999723741e+02 6.463959067098796685e-11 6.145963195562362813e+01
-8.999364032477675437e+02 -8.999836506026772440e+02 1.540866768420376676e-01 6.129055629968642904e+01
-7.954920532189371443e+02 -7.999053861340396452e+02 1.055762697480988876e+01 6.149626309871673868e+01
-6.853273437065375902e+02 -6.799999920857686675e+02 8.334269922359327509e+00 6.143914264440536499e+01
-5.993873476345776226e+02 -5.994004078066764123e+02 3.739874626206634578e-01 6.227279785871505879e+01
-4.965838880660821815e+02 -4.983242500590625923e+02 4.202459590166372827e+00 6.137579239606857584e+01
-3.998507561414360225e+02 -4.000000000000000000e+02 3.552714447781128992e-01 6.162190469503402568e+01
-2.964679008934636499e+02 -2.960201688094459200e+02 2.769394221081044272e+00 6.160390635728835917e+01
-1.970652801891702950e+02 -1.971206152715606663e+02 2.369718770152261289e+00 6.161406069993972778e+01
-9.036383943544510089e+01 -9.968782674401859367e+01 2.632257385578673592e+01 6.143318639993667318e+01
2.150526028634303657e+02 2.187505078704193693e+02 8.049870236167276971e+01 6.138435599803924703e+01
2.012881395803523219e+02 2.010493205218860453e+02 9.283703728144589995e-01 6.167281634807586954e+01
3.018537811809053437e+02 3.020575600677796047e+02 6.326741554493993114e-01 6.153703534603118896e+01
4.025672430051440642e+02 4.024340543170582691e+02 1.145831128777250685e+00 6.143609455823898458e+01
5.000653358323641555e+02 5.000447272205901754e+02 6.429463689436949736e-02 6.143158514499664591e+01
6.000889706190724837e+02 6.000194318197550274e+02 1.280359009508647283e-01 6.148234760761260986e+01
7.950000000000006821e+02 8.000000000000000000e+02 5.894913061275705957e+01 6.154346065521239950e+01
8.938224057787114134e+02 8.615972861518393984e+02 1.119726458080864830e+02 6.154247764348983907e+01
1.144238270326594602e+03 1.182490187298208184e+03 9.053232919855373950e+01 6.151818079948425577e+01
1.049985558318371204e+03 1.049017548100319118e+03 4.016253703647602435e+01 6.243812705278396891e+01
1.174430488646428330e+03 1.200000000000000000e+03 4.358194904950187265e+01 6.249260504245758341e+01
1.221070082213632759e+03 1.200916606553978909e+03 3.614567157562153454e+01 6.259806799888610840e+01
1.459355665977440822e+03 1.443092008146084481e+03 8.217423821716494103e+01 6.250198140144348002e+01
1.485000000000000000e+03 1.500000000000000000e+03 6.538348415311010342e+01 6.231096249818801880e+01
