-1.400000000000000000e+03 -1.400000000000000000e+03 0.000000000000000000e+00 3.971270339488982870e+01
3.643286783547977393e+03 2.366685339089344325e+03 4.722554134865716151e+03 3.983281095027923868e+01
-1.200000000000000000e+03 -1.200000000000000000e+03 0.000000000000000000e+00 3.969998065233230733e+01
-1.100000000000000000e+03 -1.100000000000000000e+03 0.000000000000000000e+00 3.972470099925995157e+01
-9.999999999999599822e+02 -9.999999999999887450e+02 5.653295058235387362e-11 3.975127310752868937e+01
-8.999940750419051483e+02 -8.999999437522729977e+02 2.397961065533339362e-02 3.968268070220947408e+01
-7.977175885284881360e+02 -7.999969787215947008e+02 7.322462249672594403e+00 3.985374590158462382e+01
-6.852535893060407943e+02 -6.799995011843452630e+02 8.401254750906421265e+00 3.971464869976043843e+01
-5.996394602479786045e+02 -5.998056024075269761e+02 3.727602836670095288e-01 4.073185110092163086e+01
-4.997258914711986790e+02 -4.998581965718901756e+02 3.839332571547398598e-01 3.977893725633621358e+01
-3.999502520471453408e+02 -4.000000000000000000e+02 2.168462991415098517e-01 3.987516385316848755e+01
-2.974131097284117686e+02 -2.980100818858134062e+02 2.621102125747895251e+00 3.990151355266571187e+01
-1.984312244908865921e+02 -2.000000000000000000e+02 2.035753546187545560e+00 3.988402600288391397e+01
-9.061079795662006120e+01 -9.968782674401859367e+01 1.758000622660546597e+01 3.968680830001831339e+01
1.603801814482006023e+02 1.458534038209647292e+02 6.568298807206005563e+01 3.969683020114898397e+01
2.007147393326624751e+02 2.003524117989099977e+02 7.495205040875505542e-01 3.998842345476150228e+01
3.018436839969787115e+02 3.020329964598200831e+02 6.135531084254178813e-01 3.980184500217437460e+01
4.025048218536914533e+02 4.023805853651570601e+02 5.724249423300158401e-01 3.982965865135192729e+01
5.000405772043997672e+02 5.000197293441220268e+02 5.134469725591023215e-02 3.975708965063095235e+01
6.000428867415276954e+02 6.000194318197550274e+02 7.036476531708334148e-02 3.974222154617309855e+01
7.650000000000000000e+02 8.000000000000000000e+02 4.769696007084728251e+01 3.984044125080108500e+01
8.658857060623370216e+02 8.000000000000000000e+02 9.208168820408127431e+01 3.983843184709549234e+01
1.074913574893936357e+03 1.061833674494754632e+03 1.056291700344563083e+02 3.980513645410538004e+01
1.015208853084479983e+03 1.010972354980573527e+03 2.233508547634519559e+01 4.090595970153808736e+01
1.132013916936353098e+03 1.100000000000000000e+03 4.553803384028228862e+01 4.087358459234237529e+01
1.207187301504647621e+03 1.200435134724740237e+03 1.162168398998574581e+01 4.099364135265350484e+01
1.400652332674116678e+03 1.410657301717181781e+03 4.773939477904852424e+01 4.091931825876235962e+01
1.440000000000000000e+03 1.400000000000000000e+03 4.898979485566356118e+01 4.158161534070968912e+01
