-1.400000000000000000e+03 -1.400000000000000000e+03 0.000000000000000000e+00 6.031966339349746420e+01
5.126908115871907285e+03 6.135857354173858766e+03 4.684567939906291940e+03 6.040837785005569316e+01
-1.200000000000000000e+03 -1.200000000000000000e+03 0.000000000000000000e+00 6.030673925876617147e+01
-1.100000000000000000e+03 -1.100000000000000000e+03 0.000000000000000000e+00 6.030402145385742330e+01
-9.999999999999809006e+02 -9.999999999999920419e+02 2.280335227361719824e-11 6.034617824554443644e+01
-8.999999999999902229e+02 -8.999999999999997726e+02 4.067008977436829039e-11 6.034129669666290141e+01
-7.999999770513243220e+02 -8.000000000000000000e+02 6.884602699983591789e-05 6.037732894420624064e+01
-6.909998139511210411e+02 -7.000000000000000000e+02 9.950080060404307147e+00 6.028552584648132040e+01
-5.997865433025998527e+02 -6.000000000000000000e+02 3.751574430616994027e-01 6.090002905130386068e+01
-4.999284875339664040e+02 -4.999704158387879147e+02 7.622703146912127026e-02 6.036889491081237935e+01
-3.999502520471453408e+02 -4.000000000000000000e+02 2.168462991415098240e-01 6.044221620559692099e+01
-2.993035286600347149e+02 -2.990050409429067031e+02 6.370846453727422309e-01 6.043840744495391704e+01
-1.990305578037144585e+02 -2.000000000000000000e+02 1.239148671963248738e+00 6.042910094261169718e+01
-9.804332205119851551e+01 -9.968782674401859367e+01 4.992108577147006621e+00 6.030121644735336162e+01
1.131522900790663755e+02 1.003121732559814063e+02 2.455921409946537182e+01 6.032101490497588969e+01
2.001229506057480023e+02 2.000000000000006821e+02 3.309251572501878402e-01 6.052020915746688701e+01
3.012682911613297847e+02 3.020196068559067726e+02 9.559512953881904584e-01 6.038453965187072470e+01
4.021610917083535810e+02 4.021544052025492419e+02 8.810025645513587245e-01 6.038740094900131083e+01
5.000162878613133444e+02 5.000148248891545109e+02 1.598574719850249029e-02 6.035095053911209106e+01
6.000155454558042720e+02 6.000194318197550274e+02 7.772727902010956487e-03 6.036525210142135478e+01
7.500000000000000000e+02 7.500000000000000000e+02 5.000000000000000000e+01 6.040464824438095093e+01
8.202562522982805149e+02 8.000000000000000000e+02 4.934008381422324163e+01 6.041397395133972026e+01
1.083809651518342207e+03 1.101457076127156597e+03 1.050619671864374141e+02 6.038203330039978312e+01
1.003926739608128059e+03 1.000000000000000000e+03 1.206583384553779226e+01 6.103767644166946127e+01
1.100000000000000000e+03 1.100000000000000000e+03 0.000000000000000000e+00 6.101919864416122152e+01
1.205679409272598150e+03 1.200080948985145824e+03 2.190260310651675368e+01 6.113595424890517904e+01
1.363028216978832461e+03 1.400000000000000000e+03 5.531784836663766214e+01 6.107114899158477783e+01
1.435000000000000000e+03 1.400000000000000000e+03 4.769696007084728251e+01 6.054877510070800639e+01
