-1.400000000000000000e+03 -1.400000000000000000e+03 0.000000000000000000e+00 2.245482490062713765e+01
1.843214885680568386e+03 -1.841287705523559453e+02 3.523758236381064307e+03 2.289137459993362356e+01
-1.200000000000000000e+03 -1.200000000000000000e+03 0.000000000000000000e+00 2.250944330692291118e+01
-1.100000000000000000e+03 -1.100000000000000000e+03 0.000000000000000000e+00 2.257199544906616140e+01
-9.999999999999583906e+02 -9.999999999999967031e+02 1.417840144834952147e-10 2.262063674926757884e+01
-8.999999999999996589e+02 -8.999999999999998863e+02 1.111285204233156419e-12 2.267601175308227468e+01
-7.999999985611167403e+02 -8.000000000000000000e+02 6.271946918596794196e-06 2.268584100008011006e+01
-6.930000188303303048e+02 -7.000000000000000000e+02 9.539366370460244937e+00 2.260284520387649465e+01
-5.999122623207160814e+02 -6.000000000000000000e+02 2.662815525153213181e-01 2.320034945011138916e+01
-4.999647374931852255e+02 -4.999901353279390150e+02 5.121049470349082339e-02 2.265733629465103149e+01
-3.998507561414360225e+02 -4.000000000000000000e+02 3.552714447781129548e-01 2.264762865304946970e+01
-2.995522684243080107e+02 -3.000000000000000000e+02 6.655822470350017950e-01 2.265413080453872752e+01
-1.976527502928865943e+02 -1.971206152715606663e+02 1.260399902718419174e+00 2.261090619564056325e+01
-9.818380001639015120e+01 -9.968782674401859367e+01 4.982540909359339132e+00 2.257449615001678467e+01
1.089775580445299568e+02 1.004682598839721095e+02 1.375419494636101447e+01 2.255940930843353343e+01
2.001262354540758395e+02 2.000000000000017621e+02 2.476796123070831579e-01 2.290508470535278462e+01
3.014510946401147748e+02 3.020211382353943463e+02 9.040769003743120980e-01 2.262295734882354736e+01
4.017255605211523175e+02 4.020394189134107137e+02 7.617157232079024842e-01 2.265112915039062358e+01
5.000118403945751879e+02 5.000148248891352978e+02 1.270931387239491485e-02 2.255176734924316406e+01
6.000184602287674807e+02 6.000194318197550274e+02 4.235066930063083844e-03 2.253856405019759990e+01
7.250000000000000000e+02 7.000000000000000000e+02 4.330127018922193116e+01 2.271945799589157033e+01
8.000000000000000000e+02 8.000000000000000000e+02 0.000000000000000000e+00 2.274314004182815552e+01
1.012427591951998011e+03 1.000000000000000000e+03 9.176287037521707646e+01 2.272499045133590556e+01
1.005678289425516823e+03 1.000000000000000000e+03 8.673782632295434780e+00 2.329830509424209595e+01
1.108781076283893753e+03 1.100000000000000000e+03 2.684580194802089892e+01 2.332663539648056172e+01
1.200262464461310174e+03 1.200080948985142413e+03 3.252439816143413154e-01 2.334870619773864675e+01
1.364911664234575255e+03 1.400000000000000000e+03 5.676040019174093487e+01 2.335673135519027710e+01
1.405000000000000000e+03 1.400000000000000000e+03 2.179449471770336899e+01 2.279520359039306499e+01
