-1.399999999999075953e+03 -1.399999999999488864e+03 9.527729796028584363e-10 4.026188220977783061e+01
2.213236924636884396e+03 3.598548923566827398e+02 4.035805676185571883e+03 4.040977549552917480e+01
-1.199999994100447566e+03 -1.199999998863221208e+03 1.234750728927119498e-05 4.028761684894561768e+01
-1.099999977906434196e+03 -1.099999994037109445e+03 4.357056606087721291e-05 4.035453785657882975e+01
-9.999999903765399267e+02 -9.999999948992665395e+02 1.211191676300593088e-05 4.033208835124969482e+01
-8.999999879447101421e+02 -8.999999999775639026e+02 4.123858034260210684e-05 4.023283660411834717e+01
-7.999991933957855963e+02 -7.999994314481784841e+02 8.128956347960763834e-04 4.044380470514297343e+01
-6.899992782020277673e+02 -6.899985692033519626e+02 1.000007464400640877e+01 4.042782090902328207e+01
-5.997406297539384923e+02 -5.999982793828687591e+02 3.381281496598249059e-01 4.128957104682922363e+01
-4.999575512620634754e+02 -4.999665762519228451e+02 3.830246581564859809e-02 4.039739990234375000e+01
-3.999999999977588914e+02 -3.999999999988724539e+02 2.755899070642523872e-09 4.048175895214080811e+01
-2.991045369947408972e+02 -2.990050409417095807e+02 1.130055360147147692e+00 4.049182629585266113e+01
-1.997015121001986415e+02 -1.999999999954881105e+02 7.105432971955532029e-01 4.051116244792937948e+01
-9.996878256699528720e+01 -9.999999998522446276e+01 9.365195500798240147e-02 4.038619755506515219e+01
1.221270740837781830e+02 1.170693936313276708e+02 2.790692363686822475e+01 4.039947130680084086e+01
2.000200035077243683e+02 2.000088420104258944e+02 3.482836194313684852e-02 4.070796769857406616e+01
3.019188040294282587e+02 3.020196070915513928e+02 4.402042191779014235e-01 4.038113089799880839e+01
4.017462949126817193e+02 4.020573710116711368e+02 7.071100264030724114e-01 4.040235785245895528e+01
5.000083850282423441e+02 5.000000000000001137e+02 1.296562338781204540e-02 4.029506855010986044e+01
6.000184602289516533e+02 6.000194318197789016e+02 4.235066286778624289e-03 4.036665430068969584e+01
7.650004489641321470e+02 8.000000534141988737e+02 4.769649077760970357e+01 4.056238784790038920e+01
8.100000460353456901e+02 8.000000387239085740e+02 3.000000271680708153e+01 4.055586690902710245e+01
1.009597611656953063e+03 9.787676755362791710e+02 1.196774602834691734e+02 4.055093929767608785e+01
1.005443403267326403e+03 1.000000020350799787e+03 1.202499036717948400e+01 4.141224529743194438e+01
1.105000187438763987e+03 1.100000192087009054e+03 2.179445425149868498e+01 4.141782270669936850e+01
1.206886019227865745e+03 1.200435134843888363e+03 1.225259554456945033e+01 4.149805984497070455e+01
1.369676304209440559e+03 1.405137833101162869e+03 5.533368568666701037e+01 4.145851885080337240e+01
1.430000440570732735e+03 1.400000603488651450e+03 4.582551387948932131e+01 4.064826530218124390e+01
