-1.399999999999977490e+03 -1.399999999999994770e+03 4.969155311262094085e-11 6.020669751167297079e+01
1.425106687399833845e+03 -6.066328025588426271e+02 3.232001336078613349e+03 6.051547539234161377e+01
-1.199999999999542069e+03 -1.199999999999783086e+03 6.902462455849683691e-10 6.025214860439300679e+01
-1.099999999998006842e+03 -1.099999999999364945e+03 3.257065004114088513e-09 6.025381139516830586e+01
-9.999999954295869884e+02 -9.999999982221819437e+02 5.799692556632104507e-06 6.032200374603271342e+01
-8.999999999999963620e+02 -8.999999999999996589e+02 1.105890138308587633e-11 6.022546300888061666e+01
-7.999999798493413437e+02 -7.999999831432284054e+02 1.685689004505586491e-05 6.036671264171600626e+01
-6.939999328231649542e+02 -6.999999700323000980e+02 9.165214513359705606e+00 6.034968330860137797e+01
-5.999248837414558011e+02 -5.999998847764766197e+02 2.249556331758476857e-01 6.126294709444046305e+01
-4.999816282631709328e+02 -4.999901352674252166e+02 1.374181721398127186e-02 6.031010135412216044e+01
-3.999999999999184865e+02 -3.999999999999902229e+02 1.677063636561857418e-10 6.037470510005950786e+01
-2.999005040939766786e+02 -2.999999999998511839e+02 2.984877170329165996e-01 6.038363200426101685e+01
-1.999999999987184935e+02 -1.999999999998780709e+02 3.292257178604136659e-09 6.045175000429153300e+01
-9.992195668534600372e+01 -9.999999999960255082e+01 1.673842609118516567e-01 6.030444610118865967e+01
1.088451255541764624e+02 1.003121733187959990e+02 2.984887561060271466e+01 6.033561364412307881e+01
2.000637516724360694e+02 2.000002699350150124e+02 2.232501454412178232e-01 6.068465670347213603e+01
3.011121607138953777e+02 3.020196068559368996e+02 1.003981537840183291e+00 6.032547224760055826e+01
4.013899834395169819e+02 4.020240576754576978e+02 9.440974914205582103e-01 6.034723980426788614e+01
5.000000000000000000e+02 5.000000000000000000e+02 0.000000000000000000e+00 6.038246815204620077e+01
6.000097159099018427e+02 6.000097159099962028e+02 9.715909853241557273e-03 6.030599290132522583e+01
7.050001313702741754e+02 7.000000684542369527e+02 2.179447554751870086e+01 6.052817513942718364e+01
8.050000089739207851e+02 8.000000047315785423e+02 2.179449397218044737e+01 6.052918255329132080e+01
9.926651820109842674e+02 1.000000001116184194e+03 1.055176655586637366e+02 6.055095369815826700e+01
1.000000004785059673e+03 1.000000001679362867e+03 6.509054946850996119e-06 6.145829035043716715e+01
1.100000027210749067e+03 1.100000008771934063e+03 5.328816257296468175e-05 6.141720905303954936e+01
1.200159458826329001e+03 1.200040474498695403e+03 2.819391517334072783e-01 6.154448779821395732e+01
1.330921403833810928e+03 1.301026345812503678e+03 4.525329282149634480e+01 6.152430564165115356e+01
1.400000068268459927e+03 1.400000045486993031e+03 5.862564482121832758e-05 6.072466850280761719e+01
