-1.400000000000000000e+03 -1.400000000000000000e+03 0.000000000000000000e+00 2.218082242488861198e+02
2.272800690707708709e+05 2.057085000384553277e+05 1.580178747614884342e+05 2.280802104949951286e+02
6.052959576099376380e+07 2.594405416917455941e+07 1.033502464408506602e+08 2.276795666098594779e+02
2.036154348191502868e+04 1.667438997210531670e+04 1.257192225615867028e+04 2.278516188502311763e+02
-9.999999999999072315e+02 -9.999999999999172360e+02 7.126265611860859087e-11 2.253943276524543649e+02
-8.812994451676297558e+02 -8.901875099671967746e+02 2.460087417083691008e+01 2.269287874460220280e+02
-7.216127755722588972e+02 -7.243874415364552988e+02 3.968268677781973963e+01 2.297852280974388179e+02
-6.795327494229658214e+02 -6.795257132985814224e+02 9.022682444847153482e-02 2.235201837062835750e+02
-5.920808134034425620e+02 -5.925514656913787803e+02 1.643714634027801713e+00 2.414875873923301697e+02
-4.981406686041146941e+02 -4.982746257316810556e+02 1.039137276499519702e+00 2.262027791023254508e+02
-3.994030245657440901e+02 -4.000000000000000000e+02 7.959672456746376135e-01 2.256605906486511230e+02
-2.490463613279795823e+02 -2.581478316650737952e+02 2.646893307038192233e+01 2.255411241531372184e+02
-1.387601752655990310e+02 -1.433026677736071406e+02 1.703561569719855484e+01 2.194275727510452327e+02
3.269415309113355761e+00 -3.087275261906324886e+01 9.791556321543480124e+01 2.238818700432777291e+02
1.447703063453504683e+03 1.456212588241949334e+03 3.012967583213871876e+02 2.244383172512054330e+02
2.008343364747815656e+02 2.008589087954074444e+02 4.107278184687054856e-01 2.327494149446487484e+02
3.096382438672543458e+02 3.105066507885217106e+02 2.989612104786125268e+00 2.244621101498603934e+02
4.392018380456115665e+02 4.353586809877110682e+02 1.754182497474696234e+01 2.283848691463470573e+02
5.005903959728827317e+02 5.006182979858360795e+02 2.051405917964292669e-01 2.271456611037254447e+02
6.040020241554832410e+02 6.040407907251042161e+02 3.762284831771582350e-01 2.275195167899131832e+02
9.800000000000000000e+02 1.000000000000000000e+03 6.000000000000001421e+01 2.263907232999801522e+02
1.000093795250715630e+03 9.532944055037528415e+02 1.259012058960726250e+02 2.268697757959365902e+02
2.440538366366486116e+03 2.527322281402080080e+03 3.617797080485646006e+02 2.277278322458267326e+02
1.223155819258575775e+03 1.224502954119408059e+03 4.702842827115903290e+00 2.423552850961685294e+02
1.321760777421814282e+03 1.321014582409767627e+03 4.805751565431362060e+00 2.421401582956314087e+02
1.434406112499922301e+03 1.400046358740195501e+03 6.574259452104482193e+01 2.428275155425071716e+02
1.880370243706595602e+03 1.887745124509169955e+03 6.369516915753943920e+01 2.424409888029098568e+02
1.740667208429700167e+03 1.700000000000000000e+03 1.652892269893835646e+02 2.299575701951980591e+02
