-1.400000000000000000e+03 -1.400000000000000000e+03 0.000000000000000000e+00 6.014714910984039165e+01
4.276571448876746217e+03 2.969200045069240332e+03 5.331709933151842051e+03 6.039119579792022563e+01
-1.200000000000000000e+03 -1.200000000000000000e+03 0.000000000000000000e+00 6.011914734840392782e+01
-1.100000000000000000e+03 -1.100000000000000000e+03 0.000000000000000000e+00 6.019265854358673096e+01
-9.999999999999772626e+02 -9.999999999999938609e+02 3.264215200994426006e-11 6.022701395750046061e+01
-8.999995711487505332e+02 -8.999999916483384368e+02 1.556135712994885512e-03 6.025502225160598613e+01
-7.995964669216427865e+02 -7.999997705132433339e+02 9.920121479607032500e-01 6.028523885011672689e+01
-6.879946147514485801e+02 -6.799997244537855750e+02 9.802371928945513346e+00 6.023364030122756674e+01
-5.995712919349468848e+02 -5.997373752045992887e+02 4.320340166659222825e-01 6.112239470481872416e+01
-4.997350199851850334e+02 -4.997644871172983585e+02 2.180875291694462370e-01 6.026800734996795939e+01
-3.996517643300173859e+02 -4.000000000000000000e+02 4.745652241830685125e-01 6.033425325155258179e+01
-2.976120997743218481e+02 -2.980100818858134062e+02 1.489116241602865598e+00 6.034798080921173380e+01
-1.976416467168328666e+02 -1.975323301845940591e+02 1.822902105039734266e+00 6.031247980594635294e+01
-7.512216503201632634e+01 -9.953174011602789051e+01 4.788178596560102562e+01 6.019489179849624350e+01
1.921840764286480123e+02 1.961673118332322474e+02 6.587196375448358765e+01 6.018317645788192749e+01
2.008163328217629555e+02 2.006682720406314502e+02 7.288909154406018054e-01 6.049020146131515219e+01
3.014682515646488810e+02 3.020257323738570108e+02 8.876784440908646046e-01 6.028640114068984701e+01
4.027784954672101776e+02 4.025810219664890610e+02 8.973209799656926000e-01 6.033485515117645548e+01
5.000657221119387827e+02 5.000197293441220268e+02 1.100352742376292103e-01 6.022899625301361226e+01
6.000441297403003773e+02 6.000194318197550274e+02 4.325283401256079657e-02 6.020939716100692607e+01
7.650000000000000000e+02 8.000000000000000000e+02 4.769696007084728251e+01 6.032841229438781738e+01
8.722119889499865621e+02 8.000000000000001137e+02 1.051847198798128460e+02 6.036107274293899394e+01
1.082082880050403901e+03 1.182490187298214096e+03 1.221131485622307054e+02 6.033145784139632894e+01
1.038157962869677704e+03 1.033533959552390115e+03 3.557019312671342703e+01 6.130604865550994731e+01
1.149792775164749855e+03 1.116659705141096083e+03 4.709226851908996991e+01 6.129369480609894083e+01
1.218103567287091437e+03 1.204307273616339216e+03 2.094686816055524758e+01 6.140271605253219889e+01
1.405717653543311826e+03 1.410466463764357286e+03 4.399320980886165700e+01 6.133940620422363565e+01
1.450000000000000000e+03 1.450000000000000000e+03 5.000000000000000000e+01 6.055753090381622172e+01
