-1.400000000000000000e+03 -1.400000000000000000e+03 0.000000000000000000e+00 2.503188974857330251e+01
6.589001775772369001e+03 8.625926579402263087e+03 5.195331700789231945e+03 2.520884749889373921e+01
-1.200000000000000000e+03 -1.200000000000000000e+03 0.000000000000000000e+00 2.503684633970260620e+01
-1.100000000000000000e+03 -1.100000000000000000e+03 0.000000000000000000e+00 2.507876925468444895e+01
-9.999999999999239435e+02 -9.999999999999645297e+02 9.624799457307175832e-11 2.507232229709625315e+01
-8.999505726468511284e+02 -8.999994413636630952e+02 1.116004030694684596e-01 2.510952445268630839e+01
-7.983915942163221189e+02 -7.999352272956643901e+02 3.843086129658621619e+00 2.512439339160919261e+01
-6.873315274152339498e+02 -6.799998000399907596e+02 9.174923787309358758e+00 2.509381570816039897e+01
-5.996363411723075387e+02 -5.997231227433792355e+02 3.513207868940172451e-01 2.610393354892730855e+01
-4.992088692159381935e+02 -4.996966638021493168e+02 1.661416095852345620e+00 2.511980750560760356e+01
-3.994527725185986924e+02 -3.995025204714533515e+02 5.865197141093928535e-01 2.517438465356826782e+01
-2.981593267519412507e+02 -2.980100818858134062e+02 1.550187922311734745e+00 2.518463025093078755e+01
-1.970550103264363315e+02 -1.971206152715606379e+02 2.937460298450334850e+00 2.515629384517669820e+01
-8.717124692792737051e+01 -9.968782674401859367e+01 3.975682904800668638e+01 2.502100814580917287e+01
1.678012115453632305e+02 1.585045405295464889e+02 6.516828447897515275e+01 2.504639760255813741e+01
2.010569310162296119e+02 2.009377519669232015e+02 7.094550682861071600e-01 2.530980124473571635e+01
3.017220667343794389e+02 3.020441089277077822e+02 7.957593413929028303e-01 2.511338529586792134e+01
4.033410728499769675e+02 4.027459173709864899e+02 2.443967925525976526e+00 2.515784900188446116e+01
5.000602603391731691e+02 5.000444294570972374e+02 4.986072984088943394e-02 2.508544030189514018e+01
6.000276842693242543e+02 6.000194318197550274e+02 1.964475931902936665e-02 2.509033499956131052e+01
7.850000000000000000e+02 8.000000000000000000e+02 4.769696007084728251e+01 2.515118510723113943e+01
8.958427498011036505e+02 8.119064486507388665e+02 1.269495966228582802e+02 2.516006284952163696e+01
1.042983711702597930e+03 1.034353982150335924e+03 1.040201243602616330e+02 2.516897964477539062e+01
1.022587924480034076e+03 1.010972357949331808e+03 2.498673498797320391e+01 2.630683659315109324e+01
1.145884226669129703e+03 1.116660670736936254e+03 4.402001234248248807e+01 2.628290585279464864e+01
1.229468441173228257e+03 1.220505204330878314e+03 3.502287832710046445e+01 2.638277395963668681e+01
1.380585222729085899e+03 1.410657301717181781e+03 5.804768057731391906e+01 2.635024189949035645e+01
1.445000000000000000e+03 1.400000000000000000e+03 4.974937185533099893e+01 2.597744239568710256e+01
