-1.400000000000000000e+03 -1.400000000000000000e+03 1.345160804498758786e-13 9.331097957015037991e+02
3.727817220672831172e+05 3.903894943189680343e+05 1.623688671184572740e+05 9.695341791510581970e+02
1.569548494752370752e+07 3.031872760203529149e+06 2.152652234510704130e+07 9.706224205017090298e+02
1.005399974064588969e+04 9.861344572607533337e+03 3.422416594525648634e+03 9.759148002505302202e+02
-9.999999981140641694e+02 -9.999999980140557909e+02 5.344081027822797958e-07 9.614154682517051924e+02
-8.865632558508314105e+02 -8.896556406180238810e+02 6.492513835709774916e+00 9.627579982042312849e+02
-7.855445235447547248e+02 -7.885832680197456739e+02 1.375004996894574560e+01 9.230476927518844832e+02
-6.790780731986366163e+02 -6.790765847482816753e+02 6.495907843982844099e-02 9.154434627532958757e+02
-5.854838178653099021e+02 -5.855914959213378097e+02 2.842591229420449395e+00 1.078039868247509048e+03
-4.999749931166936108e+02 -4.999741273837511244e+02 1.194079261984534734e-02 9.458871658444404602e+02
-3.673653756958830741e+02 -3.671663712671976896e+02 8.153790781059857551e+00 9.396034816980361484e+02
-2.470733964661849313e+02 -2.492514110897270712e+02 1.410310291836212215e+01 9.461525327563285828e+02
-1.018867023282168986e+02 -1.062605240427476474e+02 3.325669807646441711e+01 9.592544821500778198e+02
1.400486733631655397e+03 1.407113098420169990e+03 3.179130958171826364e+02 9.255875560522079013e+02
3.606214466749276653e+03 3.486109484382139271e+03 8.263684970946751491e+02 9.231883134007454146e+02
2.005134821397855944e+02 2.003625657775735931e+02 3.938241732817059360e-01 9.843187370419502713e+02
3.594550365066514246e+02 3.641848063857152056e+02 1.332032783646822161e+01 9.243689759492874600e+02
4.615773341162516772e+02 4.648104073261129088e+02 1.459708721848872770e+01 9.490456820011138461e+02
5.032106698135609690e+02 5.032226937090777028e+02 6.063915563293108546e-01 9.639818817496300198e+02
6.128073468361029654e+02 6.119239896288942191e+02 1.975797679931834194e+00 9.468047008037567593e+02
1.003630753301905543e+03 1.000000000000000227e+03 8.115058720449009400e+01 9.647947444915771484e+02
2.323150338531700072e+03 2.288776792596855557e+03 3.432053697947081332e+02 9.578450334548949741e+02
4.293679644415556140e+03 4.315660224553955231e+03 5.028194410871375908e+02 9.431776095986366499e+02
1.248541792593997570e+03 1.247156667339755131e+03 7.458822976750699496e+00 1.085926492452621460e+03
1.360461940198161301e+03 1.360408130156571588e+03 8.408693169785088628e+00 1.085695414948463394e+03
1.496522526937685598e+03 1.534580252137056277e+03 6.333224407653011667e+01 1.091140353953838257e+03
2.017013539452933401e+03 2.037021720241261619e+03 8.257752469882630919e+01 1.089085359799861862e+03
1.751795684206828355e+03 1.700000000000000455e+03 2.257721531691082077e+02 9.869676092982292630e+02
