-1.400000000000000000e+03 -1.400000000000000000e+03 0.000000000000000000e+00 5.850183715820312358e+01
1.458934015516051204e+03 -4.771263624712715341e+02 3.463072213760606246e+03 5.862781354188918925e+01
-1.200000000000000000e+03 -1.200000000000000000e+03 0.000000000000000000e+00 5.846259030103683330e+01
-1.100000000000000000e+03 -1.100000000000000000e+03 0.000000000000000000e+00 5.852313330173492290e+01
-9.999999999999483862e+02 -9.999999999999953388e+02 1.903173351538123621e-10 5.850555185079574727e+01
-9.000000000000000000e+02 -9.000000000000000000e+02 0.000000000000000000e+00 5.853744614124298096e+01
-7.999999999996875886e+02 -7.999999999999572537e+02 6.607829434070669185e-10 5.850689449310302592e+01
-6.929997509642228124e+02 -6.999999999995976623e+02 9.539731408562532877e+00 5.845600950717926025e+01
-5.997997756992026552e+02 -5.999999999970389126e+02 3.505265910047360989e-01 5.930587764978408671e+01
-4.999837247693627660e+02 -4.999901353279390150e+02 1.606502166720575123e-02 5.855537539720535278e+01
-4.000000000000000000e+02 -4.000000000000000000e+02 0.000000000000000000e+00 5.860485244989395426e+01
-2.998010081885813634e+02 -3.000000000000000000e+02 3.979836228373188067e-01 5.865420359373092651e+01
-1.998972022548813925e+02 -2.000000000000000000e+02 4.480849825959484223e-01 5.864485594034194804e+01
-9.908409567679554186e+01 -1.000000000000000000e+02 3.636716062772985758e+00 5.852397475242614888e+01
1.279245396616686321e+02 1.006243465119628127e+02 4.265472888462955581e+01 5.852289550304412558e+01
2.000351008786851708e+02 2.000000000008982965e+02 1.530011397725619393e-01 5.876646360158920146e+01
3.012185187524891603e+02 3.020197639804966911e+02 9.929591249123422836e-01 5.858095399141311788e+01
4.012334844675086742e+02 4.020098187675974941e+02 9.715491298799932007e-01 5.859097405672073222e+01
5.000059222734776085e+02 5.000000000000000000e+02 8.487534245650019127e-03 5.856489385366440104e+01
6.000126306828409497e+02 6.000194318197550274e+02 9.268387309594429413e-03 5.855491504669189595e+01
7.300000001008104391e+02 7.000000000072720923e+02 4.582575688382735990e+01 5.860959954261780069e+01
8.050000000009034693e+02 8.000000000003346941e+02 2.179449471749975231e+01 5.862335954904555990e+01
1.003648898730308815e+03 9.919285391739467741e+02 1.136825462652581251e+02 5.860738514661788656e+01
1.000000000000128580e+03 1.000000000000009322e+03 3.383619163758165894e-10 5.943841764926910542e+01
1.100000000001450417e+03 1.100000000000226692e+03 2.818929011999699038e-09 5.944726755619048930e+01
1.200180629298458598e+03 1.200080948985142413e+03 1.895687077100048634e-01 5.956484254598617412e+01
1.343251669691630468e+03 1.303733720984374031e+03 5.077441668365610639e+01 5.948720035552978658e+01
1.400000000006592472e+03 1.400000000000672571e+03 1.790185609734646007e-08 5.869965929985046671e+01
