-1.400000000000000000e+03 -1.400000000000000000e+03 5.084229945850414966e-14 5.186078234910964824e+01
3.010346649560539390e+03 1.668030687773977661e+03 3.664987974801981636e+03 5.206269625425338887e+01
-1.199999999999980446e+03 -1.199999999999996817e+03 3.532559407560711771e-11 5.187284940481185913e+01
-1.099999999999947704e+03 -1.099999999999975898e+03 8.130577110629295083e-11 5.197218085527420328e+01
-9.999999999199131935e+02 -9.999999999602239313e+02 1.330841243739144647e-07 5.203812730312347412e+01
-8.999999999999997726e+02 -9.000000000000000000e+02 6.132770049253475715e-13 5.186033184528351114e+01
-7.999999981577129802e+02 -7.999999992845625911e+02 3.335626368929929334e-06 5.203745365142822266e+01
-6.909999187967067655e+02 -6.999999757778850835e+02 9.949958235979172727e+00 5.201237504482269003e+01
-5.998370410831233812e+02 -5.999999743889470665e+02 3.290792545567971517e-01 5.278386479616165161e+01
-4.999770658677060737e+02 -4.999901353278942224e+02 3.177506982459014223e-02 5.195091029405593730e+01
-3.999999999999998863e+02 -4.000000000000000000e+02 4.336523289284889926e-13 5.205847924947738647e+01
-2.995522684242937999e+02 -2.999999999999944862e+02 5.865197141244739010e-01 5.206821560859680176e+01
-1.998560307635775359e+02 -1.999999999999998295e+02 6.275473525419581478e-01 5.207555575370788858e+01
-9.996878267439987553e+01 -9.999999999999886313e+01 9.365197679421535804e-02 5.199990829229354716e+01
1.298388036407794175e+02 1.169133068124007195e+02 3.931756443459367745e+01 5.200533545017242432e+01
2.000000651937935174e+02 2.000000480081163801e+02 5.532136849345132309e-05 5.227724689245223999e+01
3.017192203327180664e+02 3.020196068564561642e+02 7.222803130751749290e-01 5.199612164497375488e+01
4.016677088512682303e+02 4.020267436707445086e+02 8.885888875626274386e-01 5.200076470375061177e+01
5.000083933355679733e+02 5.000049602170740286e+02 8.975000110464384506e-03 5.198729184865951680e+01
6.000165170467920461e+02 6.000194318197550274e+02 6.938547500681281795e-03 5.198648120164871500e+01
7.500000066180012936e+02 7.500000380114934160e+02 4.999999456950128973e+01 5.210262360572814799e+01
8.000000003939755970e+02 8.000000002255305844e+02 5.056470721645694469e-07 5.213196120262146138e+01
1.040222784140649310e+03 1.000000000305994149e+03 1.045782818553472282e+02 5.215070120096206807e+01
1.001097235835140964e+03 1.000000000077872073e+03 4.119455859762494399e+00 5.293605765104293681e+01
1.110000000960506895e+03 1.100000000824467406e+03 2.999999968685725449e+01 5.291156990528106974e+01
1.200541367757685748e+03 1.200435134724756381e+03 9.275615019034690878e-01 5.300019725561141826e+01
1.368501519929595361e+03 1.400000000047936965e+03 4.753774533048644457e+01 5.298055849075317525e+01
1.415000003015099992e+03 1.400000003050949090e+03 3.570714120732313290e+01 5.231709824800491049e+01
