-1.399999999999999773e+03 -1.399999999999999773e+03 0.000000000000000000e+00 1.936716181743144944e+03
8.004267006294473540e+05 7.802241830741869053e+05 2.220772594821897219e+05 1.989029269254207520e+03
5.312319299355017953e+06 3.626677643605868798e+05 1.362827969639820606e+07 1.984258136904239564e+03
3.870245950191130305e+03 3.386557376336518701e+03 1.453005851814599737e+03 1.983938127899170013e+03
-9.999995795496267874e+02 -9.999995775053165517e+02 3.228471764101742365e-05 1.977624664652347519e+03
-8.565526684650372999e+02 -8.565526684650308198e+02 1.833175141229495021e-11 1.980993849956989379e+03
-7.913105900491520970e+02 -7.923945171218838368e+02 4.835864868109320369e+00 1.945783307003974869e+03
-6.788737031328984131e+02 -6.788740448052249121e+02 3.664938129549151491e-02 1.895798196303844406e+03
-5.388070943654890925e+02 -5.366675870075755483e+02 6.610300840398731559e+00 2.433135014092922120e+03
-4.999762196971892081e+02 -4.999778143391426966e+02 1.357000524623649430e-02 1.955497172999381974e+03
-3.469251702315814327e+02 -3.487365781926786212e+02 1.244551504146309817e+01 1.941907158899307206e+03
-2.428893500973368589e+02 -2.432873740482350513e+02 8.778158930443296981e+00 1.968062207102775574e+03
-4.225372967958163173e+01 -5.020389755412135457e+01 3.335110491662747734e+01 1.996818858003616242e+03
2.103289399918915478e+03 2.080811039875265124e+03 4.841436372759895335e+02 1.932828859353065582e+03
1.280778822737717383e+04 1.350732967863601880e+04 2.084396414340674710e+03 1.881217101395130157e+03
2.032501580605005529e+02 2.032983715475263580e+02 3.022467305269350146e-01 2.066567780399322601e+03
4.000743186688663400e+02 3.986396725945015191e+02 8.682145527978553545e+00 1.916742845952510834e+03
6.985956905881697594e+02 7.604032095210255875e+02 1.178997945478671028e+02 1.917136083543300629e+03
5.046915114254282457e+02 5.048235055732220644e+02 7.400248381829049871e-01 1.981705748796463013e+03
6.195723457830426923e+02 6.194604152399281247e+02 1.023846563885823624e+00 1.965022620248794510e+03
1.642610347181208681e+03 1.828262933976492150e+03 3.713051735905677901e+02 1.956748275852203278e+03
3.042151394372102004e+03 3.023516493263611210e+03 5.027289125495049120e+02 1.985396931850910278e+03
1.202123138351377020e+04 1.378530784650536589e+04 3.293017969743987123e+03 1.972279869949817567e+03
1.261738918130273078e+03 1.260945684361456642e+03 1.289059080710876692e+01 2.487455093657970338e+03
1.388039645331599331e+03 1.385110754984869118e+03 1.611025378500728422e+01 2.486140553259849639e+03
1.620262470749550857e+03 1.639942702739698461e+03 4.374085920672679606e+01 2.499980107247829437e+03
2.623949083183425500e+03 2.539134790278204491e+03 3.882417773441513305e+02 2.504260699152946472e+03
2.976711628654292326e+03 1.800000000000062300e+03 1.441238571025199690e+03 2.073378098702430634e+03
