-1.400000000000000000e+03 -1.400000000000000000e+03 0.000000000000000000e+00 6.486466150283813192e+01
3.178109514183485771e+03 5.312674991044725630e+02 4.747961837786035176e+03 6.510507725477218344e+01
-1.200000000000000000e+03 -1.200000000000000000e+03 0.000000000000000000e+00 6.485889940261840536e+01
-1.100000000000000000e+03 -1.100000000000000000e+03 0.000000000000000000e+00 6.485920814275741009e+01
-9.999999999968725888e+02 -9.999999999999965894e+02 1.357439410069519853e-08 6.487482194900512411e+01
-8.999999999999997726e+02 -9.000000000000000000e+02 4.610978928820543073e-13 6.487144274711609171e+01
-7.999999999999733973e+02 -7.999999999999997726e+02 8.658228642351585439e-11 6.507027394771576212e+01
-6.899994348737648124e+02 -6.900002101344082348e+02 1.000056515665377077e+01 6.477942050695419596e+01
-5.998125223390072733e+02 -6.000000000000000000e+02 3.247208341121884390e-01 6.601933009624481485e+01
-4.999868080952891205e+02 -4.999926039596658711e+02 1.047070490696170968e-02 6.496193795204162313e+01
-4.000000000000000000e+02 -4.000000000000000000e+02 0.000000000000000000e+00 6.508988500833511637e+01
-2.999005040942906817e+02 -3.000000000000000000e+02 2.984877171279891050e-01 6.509727613925933554e+01
-2.000000000000000000e+02 -2.000000000000000000e+02 0.000000000000000000e+00 6.505907385349273397e+01
-9.813697402799293457e+01 -9.968782674401859367e+01 5.020050712450801811e+00 6.496820930242537884e+01
1.073642706773080135e+02 1.003121732559814063e+02 1.686658983952417401e+01 6.498382575511932657e+01
2.000495778930450967e+02 2.000000000000179341e+02 1.222521335022991734e-01 6.531246814727782635e+01
3.017456269108228071e+02 3.020211382353943463e+02 7.342063070456307239e-01 6.497517585754394531e+01
4.016331996715798027e+02 4.020264749953354340e+02 7.807514575763000453e-01 6.501680899858475016e+01
5.000024689561196283e+02 5.000000000000000000e+02 6.144079126464126704e-03 6.477741611003875732e+01
6.000116590918531756e+02 6.000194318197550274e+02 9.519608634710222464e-03 6.489308594465255453e+01
7.450000000000079581e+02 7.000000000000525233e+02 4.974937185532876072e+01 6.521282129287719442e+01
8.000000000000444516e+02 8.000000000000023874e+02 8.816040798704782384e-11 6.514898279905318645e+01
1.033970651699407426e+03 1.002660026539232376e+03 1.140141106789130419e+02 6.511695854663848593e+01
1.000000000000005798e+03 1.000000000000000568e+03 1.206693538862217757e-11 6.624771534204482748e+01
1.110000000000012506e+03 1.100000000000000455e+03 2.999999999999581135e+01 6.625958409309387775e+01
1.200190243686924305e+03 1.200080948985142413e+03 2.021256507580506956e-01 6.632662795782088949e+01
1.368726315047240405e+03 1.400000000000000000e+03 4.734083712783605336e+01 6.631784539222717001e+01
1.405000000000557975e+03 1.400000000000015689e+03 2.179449471757535406e+01 6.531535204648972126e+01
