-1.400000000000000000e+03 -1.400000000000000000e+03 0.000000000000000000e+00 2.787480784654617239e+01
3.761926462614018874e+03 1.526244065258221099e+03 4.153078888789374105e+03 2.816343350410461355e+01
-1.200000000000000000e+03 -1.200000000000000000e+03 0.000000000000000000e+00 2.789968695640563823e+01
-1.100000000000000000e+03 -1.100000000000000000e+03 0.000000000000000000e+00 2.796699160337448120e+01
-9.999999999999769216e+02 -9.999999999999977263e+02 4.925780556602465453e-11 2.800788760185241699e+01
-8.999999999999993179e+02 -8.999999999999998863e+02 1.505867889667516043e-12 2.807262865304947042e+01
-7.999996097075446642e+02 -8.000000000000000000e+02 1.642756264102212529e-03 2.807617779970168925e+01
-6.939992610097986017e+02 -7.000000000000000000e+02 9.166280311569282802e+00 2.805034539699554585e+01
-5.999184296784253547e+02 -6.000000000000000000e+02 2.246072721930500449e-01 2.890624510049820017e+01
-4.999356367110676729e+02 -4.999654785752962880e+02 9.404727320499849108e-02 2.803637729883194041e+01
-3.999005040942906817e+02 -4.000000000000000000e+02 2.984877171279891050e-01 2.811576114892959666e+01
-2.993532766128893741e+02 -2.990050409429067031e+02 5.693913456781058979e-01 2.811844515800476074e+01
-1.993184962765583919e+02 -2.000000000000000000e+02 1.087094584967415623e+00 2.813115946054458760e+01
-9.636760003278030240e+01 -9.968782674401859367e+01 6.602792522327901814e+00 2.801982640027999949e+01
1.242196615312073362e+02 1.167572201841821879e+02 3.603425509949288852e+01 2.804671785831451558e+01
2.000892914777846556e+02 2.000000000000019895e+02 1.699939763366039025e-01 2.830089924335479878e+01
3.012539258395145794e+02 3.020196854182017319e+02 9.872398968368429895e-01 2.806967254877090312e+01
4.017715202967052619e+02 4.021476897590690669e+02 1.051564258580723887e+00 2.808379925489425588e+01
5.000324924280681671e+02 5.000197293441220268e+02 4.003614077213578371e-02 2.797143049240112234e+01
6.000212110452905563e+02 6.000194318197550274e+02 1.292493591117913933e-02 2.799039800167083669e+01
7.650000000000000000e+02 8.000000000000000000e+02 4.769696007084728251e+01 2.812861254215240336e+01
8.302444835103364085e+02 8.000000000000000000e+02 6.360577945978631220e+01 2.815897029638290405e+01
1.053917670250417132e+03 1.091112668113839845e+03 1.292536107134045835e+02 2.820351914167404317e+01
1.005295025466433231e+03 1.000000000000000000e+03 1.432119593426275372e+01 2.905476825237274241e+01
1.130426138584182354e+03 1.100000000000000000e+03 4.650924305502280021e+01 2.905887675285339355e+01
1.201716920128600350e+03 1.200080948985142413e+03 6.458961896163860850e+00 2.915930645465850901e+01
1.366632006095611587e+03 1.400000000000000000e+03 5.148466605278175479e+01 2.912481830120086812e+01
1.420000000000000000e+03 1.400000000000000000e+03 4.000000000000000000e+01 2.890076669454574443e+01
