-1.400000000000000000e+03 -1.400000000000000000e+03 0.000000000000000000e+00 6.805412319898604778e+01
2.545503512555578254e+03 1.268962952769278445e+02 4.884761419646039030e+03 6.831796524524688152e+01
-1.200000000000000000e+03 -1.200000000000000000e+03 0.000000000000000000e+00 6.813071711063385294e+01
-1.100000000000000000e+03 -1.100000000000000000e+03 0.000000000000000000e+00 6.811320774555206015e+01
-9.999999999999890861e+02 -9.999999999999947704e+02 1.268675835532204917e-11 6.818635280132293985e+01
-8.999999999131778168e+02 -8.999999999999904503e+02 3.778754831726585266e-07 6.819163969755172161e+01
-7.999940589747850481e+02 -7.999999856111669487e+02 1.723140029942315729e-02 6.818116760253906250e+01
-6.869984568228287571e+02 -6.799997042961585976e+02 9.540525036934406344e+00 6.814463610649109171e+01
-5.996584384047779395e+02 -5.999421732797911773e+02 3.768552786907323759e-01 6.901627100706100748e+01
-4.998535179995308795e+02 -4.998914984633685776e+02 1.890995866988123830e-01 6.817672470808028606e+01
-3.997512602357266474e+02 -4.000000000000000000e+02 4.308299095841035542e-01 6.824955334663391682e+01
-2.984578142171782815e+02 -2.990050409429067031e+02 1.423694026616100228e+00 6.827822520732880207e+01
-1.983446357080332234e+02 -1.980100818858134062e+02 1.164524420404761562e+00 6.826531070470809937e+01
-9.805893071399758298e+01 -9.968782674401859367e+01 4.942141521655051939e+00 6.812976789474487305e+01
1.587705236318632842e+02 1.252919169042639851e+02 6.163871154046478296e+01 6.811260545253753662e+01
2.005970261312184846e+02 2.001020744866699488e+02 9.459626683570446781e-01 6.845301319360733316e+01
3.017263574684529885e+02 3.020503130079529228e+02 8.480370456737647000e-01 6.818735904693603800e+01
4.019812011630141342e+02 4.022429791940811583e+02 1.173311124460707289e+00 6.820658260583877563e+01
5.000514249978909902e+02 5.000197293441220268e+02 8.642228995664957836e-02 6.820007444620132731e+01
6.000276842693242543e+02 6.000194318197550274e+02 1.964475931902936665e-02 6.815707265138625814e+01
7.700000000000000000e+02 8.000000000000000000e+02 4.582575694955839651e+01 6.824772734642029093e+01
8.397002609271291931e+02 8.000000000000000000e+02 6.468704454777524404e+01 6.824852719306946369e+01
1.097099473169529574e+03 1.182490187297683633e+03 1.117408461209546999e+02 6.823410490751265911e+01
1.013672040284703144e+03 1.003140000320619265e+03 2.735199309384898925e+01 6.912152445316314697e+01
1.131259106022116384e+03 1.100000000000000000e+03 4.610426554359112572e+01 6.914922285079956055e+01
1.210168353458230740e+03 1.200675870639359346e+03 1.595007034312734362e+01 6.924453140497207926e+01
1.370546931553750710e+03 1.387059178946206202e+03 5.685401598529605849e+01 6.918872175216674236e+01
1.415000000000000000e+03 1.400000000000000000e+03 3.570714214271424680e+01 6.922753409147262005e+01
