-1.399999999999999773e+03 -1.399999999999999773e+03 0.000000000000000000e+00 1.731924084246158600e+03
7.427445972108349670e+05 7.208878074501564261e+05 2.610497265558442159e+05 1.905365639102458999e+03
1.354321378732409514e+07 8.037803941148635931e+06 1.253720263075033203e+07 1.892713806247711091e+03
7.124272650681918094e+03 7.256713696269836873e+03 1.954699139274642221e+03 1.910553770542144775e+03
-9.999996367723473440e+02 -9.999996279325364412e+02 2.966134234811431045e-05 1.892641690051555543e+03
-8.565526684650292282e+02 -8.565526684650290008e+02 4.246169145740872759e-13 1.813627653193473861e+03
-7.798931676713789329e+02 -7.819518453522932759e+02 8.928575515530075890e+00 1.758027370548248200e+03
-6.788786687873281380e+02 -6.788709210172148687e+02 3.222412626357947646e-02 1.843198960101604371e+03
-5.601874159010544645e+02 -5.629121463335377484e+02 1.530054783799243090e+01 2.267738448596000580e+03
-4.999710423381273472e+02 -4.999728746156045531e+02 1.107287044626184026e-02 1.765935111248493286e+03
-3.294547869367320345e+02 -3.288143641648840116e+02 1.117900474355787033e+01 1.784088435649871826e+03
-2.345317803428749244e+02 -2.363226985003823302e+02 1.198745921284618987e+01 1.749949137055873962e+03
-2.657422546004146824e+01 -2.414939333361179763e+01 3.861835431460956869e+01 1.872913297700881913e+03
2.356632415824933560e+03 2.256945407619808975e+03 5.575390377695441657e+02 1.713144111502170517e+03
8.939518445453744789e+03 7.943196378269291017e+03 2.718703441967037179e+03 1.803638960003852844e+03
2.031811283233691086e+02 2.032096827837934825e+02 3.783635561930136504e-01 1.981766107296943574e+03
4.089732794347949039e+02 4.136937018242995237e+02 2.211769043495391784e+01 1.722111277949810074e+03
5.476391157051782557e+02 5.113329336199069530e+02 8.866781592856153793e+01 1.857361196100711823e+03
5.055947306579529936e+02 5.057137031112652039e+02 7.882244483582170336e-01 1.896659433901309967e+03
6.202202394081159582e+02 6.202290399607882136e+02 7.665060926412998743e-01 1.906763735651969910e+03
1.456957760385895654e+03 1.828262933976492150e+03 4.547541070762472373e+02 1.805688086950779052e+03
4.080910644285981107e+03 3.894078928405215720e+03 5.563389284387405951e+02 1.796185057258605866e+03
8.135565448721133180e+03 7.950234854148098748e+03 9.990643936152775950e+02 1.821728911399841309e+03
1.265741707953240848e+03 1.264049809242417496e+03 1.192631523289637663e+01 2.292907089853286834e+03
1.396306353389946480e+03 1.395515113827488676e+03 1.157054941986363872e+01 2.292303214347362427e+03
1.565000634838831957e+03 1.561762049110729777e+03 4.503919340312397424e+01 2.306695005297660828e+03
2.296507118279121642e+03 2.322260882607874009e+03 1.137434068287876698e+02 2.303354882144928069e+03
3.136146679489004782e+03 1.800000000000000909e+03 1.477277470312015339e+03 1.946372323501110031e+03
