-1.400000000000000000e+03 -1.400000000000000000e+03 0.000000000000000000e+00 3.639418144226074503e+01
3.248049496021561026e+03 3.054302675952226764e+03 3.871868867096245594e+03 3.637014874219894267e+01
-1.200000000000000000e+03 -1.200000000000000000e+03 0.000000000000000000e+00 3.637414104938507364e+01
-1.100000000000000000e+03 -1.100000000000000000e+03 0.000000000000000000e+00 3.636979075670242167e+01
-9.999999999999884039e+02 -9.999999999999952252e+02 1.538160227254059929e-11 3.642226380109786987e+01
-8.999999999999997726e+02 -9.000000000000000000e+02 5.362597410144532636e-13 3.635397405624389933e+01
-7.999999985611160582e+02 -8.000000000000000000e+02 6.271946785581110157e-06 3.631890769004822062e+01
-6.899993524356357284e+02 -6.899999999999965894e+02 1.000064762480357139e+01 3.630291109085082724e+01
-5.998747667885259034e+02 -6.000000000000000000e+02 3.017262119945964827e-01 3.712038390636443808e+01
-4.999570911405982656e+02 -4.999913696438024431e+02 7.794228565787580942e-02 3.640488759279251241e+01
-4.000000000000000000e+02 -4.000000000000000000e+02 0.000000000000000000e+00 3.653408066034317159e+01
-2.993532766128893741e+02 -2.995025204714533515e+02 7.226307560514710904e-01 3.651822649240493490e+01
-1.993519475562127923e+02 -2.000000000000000000e+02 1.005600329183552022e+00 3.653075915575027466e+01
-9.982830470921022936e+01 -1.000000000000000000e+02 2.309871156756213295e-01 3.637335225343704082e+01
1.742724141252638219e+02 1.879447883691049128e+02 6.749882357236582209e+01 3.630172225236892558e+01
2.000481230422238070e+02 2.000000000000145519e+02 1.595331079039959410e-01 3.658509784936904907e+01
3.013200052235713429e+02 3.020197639804966911e+02 9.655657521252666298e-01 3.645274806022644043e+01
4.020812025195089632e+02 4.021176134265302835e+02 5.859428305992865349e-01 3.645978384017944052e+01
5.000243401902041001e+02 5.000148248891351273e+02 3.327453382552939681e-02 3.642636470794677450e+01
6.000155454558041583e+02 6.000194318197550274e+02 7.772727902010956487e-03 3.645901969671249532e+01
7.750000000000012506e+02 8.000000000000000000e+02 4.330127018922140536e+01 3.643968884944915487e+01
8.100000000000001137e+02 8.000000000000000000e+02 3.000000000000014921e+01 3.645878089666366861e+01
1.022047900997115335e+03 1.014331409085894279e+03 1.175134750299244786e+02 3.644898115396499350e+01
1.012015890997506517e+03 1.000000000000000114e+03 2.653241095853339715e+01 3.728262425661087320e+01
1.130000000000000455e+03 1.100000000000000455e+03 4.582575694955827572e+01 3.727812395095825337e+01
1.205540604858815186e+03 1.200258041854945304e+03 1.096651365458093075e+01 3.742290863990783834e+01
1.357818095932351753e+03 1.365620406567918280e+03 5.382759333815216252e+01 3.737473489046097086e+01
1.435000000000000682e+03 1.400000000000000455e+03 4.769696007084755252e+01 3.658264675140380717e+01
