-1.400000000000000000e+03 -1.400000000000000000e+03 0.000000000000000000e+00 5.460773559808730937e+01
2.623355933702553557e+03 6.641171273290171939e+01 4.722622973877615550e+03 5.477551624774933003e+01
-1.200000000000000000e+03 -1.200000000000000000e+03 0.000000000000000000e+00 5.454511470794678019e+01
-1.100000000000000000e+03 -1.100000000000000000e+03 0.000000000000000000e+00 5.459797320365905904e+01
-9.999999999999887450e+02 -9.999999999999969305e+02 1.844324998442512792e-11 5.462608380317688272e+01
-8.999999999316441972e+02 -8.999999999999934062e+02 2.831733777527891846e-07 5.470561509132384970e+01
-7.995408875312439250e+02 -8.000000000000000000e+02 1.709496178880917761e+00 5.465862565040588095e+01
-6.958210889092979414e+02 -7.000000000000000000e+02 7.948778396217245579e+00 5.462997014522552774e+01
-5.997738858622244607e+02 -5.999999827632188953e+02 3.429217357830205426e-01 5.529451680183410645e+01
-4.997626410666879337e+02 -4.998545084078228911e+02 2.365586883535101270e-01 5.464445484876632975e+01
-3.999005040942906817e+02 -4.000000000000000000e+02 2.984877171279891050e-01 5.471702185869217061e+01
-2.988060496352699715e+02 -2.990050409429067031e+02 1.281913781729216106e+00 5.472660735845565938e+01
-1.986732728654062896e+02 -1.980100818858134062e+02 1.241176020227934940e+00 5.471716434955597208e+01
-9.088750897521657635e+01 -9.968782674401859367e+01 2.813353522282268315e+01 5.461724450588226176e+01
1.959322421521057151e+02 1.460094904489554324e+02 9.363933886054718414e+01 5.460383085012436055e+01
2.003721121661327231e+02 2.000604783081099072e+02 6.530296529844300535e-01 5.485063995122909830e+01
3.017162147773402694e+02 3.020639429423617344e+02 8.622538917499149580e-01 5.467535214424133017e+01
4.020368785182807869e+02 4.023317350326486803e+02 1.247940596334428554e+00 5.470232225656509684e+01
5.000476476943123316e+02 5.000197293441220268e+02 5.469121981054807929e-02 5.465072935819625854e+01
6.000345315965507780e+02 6.000194318197550274e+02 3.411354622835480188e-02 5.461768654584884786e+01
7.850000000000000000e+02 8.000000000000000000e+02 3.570714214271424680e+01 5.469540034532546713e+01
8.511029219346480659e+02 8.313214072240175483e+02 6.042999592729039193e+01 5.469292384386062622e+01
1.008957370421354767e+03 9.838570783478821795e+02 1.139869631404333319e+02 5.469513189792633057e+01
1.014174115815976393e+03 1.000000000000000000e+03 2.516925515075323716e+01 5.544148199558257772e+01
1.125622129422264834e+03 1.100000000000000000e+03 4.439045751775184812e+01 5.544807494878769205e+01
1.210196686127173734e+03 1.200435134724740237e+03 1.812117686435854580e+01 5.550298395156860209e+01
1.346802369388339685e+03 1.307315920467601700e+03 5.112987390453594827e+01 5.547861346006393291e+01
1.425000000000000000e+03 1.400000000000000000e+03 4.330127018922193116e+01 5.486403520107269571e+01
