-1.400000000000000000e+03 -1.400000000000000000e+03 0.000000000000000000e+00 4.736736005544662476e+02
1.520536088815394905e+05 1.197855233511091792e+05 9.118372999644876109e+04 4.732990900993347054e+02
1.114804058169442043e+07 5.703139454612187110e+05 3.422938315573031455e+07 4.732165749549865836e+02
7.689486877866857867e+03 5.588414927043831995e+03 7.525774316161253410e+03 4.737799001455306893e+02
-9.999999999603154492e+02 -9.999999999959699153e+02 1.104131770477186774e-07 4.730021836996078264e+02
-8.889601322470778086e+02 -8.901875357012307859e+02 1.434363873234394937e+01 4.724582654953002816e+02
-7.646793852944458649e+02 -7.696970909774249776e+02 2.851569416206726615e+01 4.736789525032043571e+02
-6.796430070592913353e+02 -6.796154749951818985e+02 1.116821471865205445e-01 4.704793388009071577e+02
-5.947956531516263112e+02 -5.946645201829185226e+02 2.027176135367960264e+00 4.806316437959670793e+02
-4.992087895617002005e+02 -4.994271568769378860e+02 6.094221721038555195e-01 4.739872298002243269e+02
-3.977115944205763753e+02 -3.980100818858134062e+02 1.607404972748464722e+00 4.739919707536697615e+02
-2.686468990337583023e+02 -2.701428215773222519e+02 9.596349326147478820e+00 4.739341035008430367e+02
-1.574858792602414610e+02 -1.574171466012867882e+02 1.318722553191524938e+01 4.696507550001144295e+02
3.764380345129711714e+01 3.308546553392034184e+01 9.147544879339764634e+01 4.732317204952240104e+02
1.183714410876871398e+03 1.207463701794977396e+03 3.935323396597171381e+02 4.722194764018058777e+02
2.004392017443916529e+02 2.003604641132899928e+02 2.800542445081330989e-01 4.746207514047622453e+02
3.104100319735505309e+02 3.111141714102904530e+02 3.148154950582019662e+00 4.737533490061759949e+02
4.308965543699943623e+02 4.274554079349412632e+02 1.180776274894085098e+01 4.733536584973335266e+02
5.007489487740552363e+02 5.007190268096799173e+02 2.537518865221877751e-01 4.726297563552856218e+02
6.036554782540938504e+02 6.036381702366120408e+02 2.662539487574352992e-01 4.730598598480224837e+02
9.750000000001666649e+02 1.000000000000043087e+03 7.664854858372541457e+01 4.734150154948234785e+02
1.050690769707736308e+03 1.018126099025614280e+03 1.534892319746028591e+02 4.732944947957992667e+02
2.207848016306266800e+03 2.141109559347575669e+03 3.007108300000108443e+02 4.736413629531860465e+02
1.220075052016407199e+03 1.220334987657726288e+03 3.306442262426135592e+00 4.814191514968871957e+02
1.317931753781860380e+03 1.317245322804635407e+03 4.351029535952163130e+00 4.813455572605133170e+02
1.398319028082172736e+03 1.400024152336371117e+03 5.819968011122247020e+01 4.820540691971779097e+02
1.854759771814696023e+03 1.852352873404502361e+03 2.930777452452647580e+01 4.814029150605201721e+02
1.719369183030662953e+03 1.700000000000185537e+03 8.442831144829487755e+01 4.742687426567077864e+02
