-1.400000000000000000e+03 -1.400000000000000000e+03 0.000000000000000000e+00 5.680314724445342733e+01
2.287953385036693362e+03 5.563974568499562565e+02 3.987578311396900517e+03 5.700867635011672974e+01
-1.200000000000000000e+03 -1.200000000000000000e+03 0.000000000000000000e+00 5.684424464702605917e+01
-1.100000000000000000e+03 -1.100000000000000000e+03 0.000000000000000000e+00 5.687124119997024252e+01
-9.999999999983572252e+02 -9.999999999999777174e+02 6.937828822752582800e-09 5.686643339395523356e+01
-9.000000000000000000e+02 -9.000000000000000000e+02 0.000000000000000000e+00 5.684568434953689575e+01
-7.999999999778551683e+02 -7.999999999991415507e+02 4.135086445855164278e-08 5.687111220359802388e+01
-6.939997362943133794e+02 -6.999999999912222393e+02 9.165554192918838439e+00 5.679787850379943848e+01
-5.997375311834641707e+02 -5.999999998408546844e+02 3.576845365666819765e-01 5.769994305372237875e+01
-4.999833544745974905e+02 -4.999913696438023294e+02 1.779850326230869237e-02 5.689243414402007915e+01
-4.000000000000000000e+02 -4.000000000000000000e+02 3.595093471822541928e-14 5.697279484272003458e+01
-2.997015122828720450e+02 -3.000000000000000000e+02 5.539697580559017620e-01 5.697091045379638530e+01
-1.999005040942906817e+02 -2.000000000000000000e+02 4.336925982830196480e-01 5.699813009500503824e+01
-9.894361771160386354e+01 -9.968782674401859367e+01 3.605861837234078493e+00 5.688974704742431499e+01
1.119808283850027664e+02 1.006243465119628127e+02 1.981441623577144995e+01 5.687746109962463237e+01
2.000266559811880711e+02 2.000000000156912279e+02 7.996778160763080845e-02 5.712984365224838257e+01
3.013974775852791481e+02 3.020197639804966911e+02 9.249983628731551777e-01 5.687313970327377177e+01
4.013624901024036262e+02 4.020370336225784058e+02 9.770337852350067243e-01 5.691884299516677714e+01
5.000049323360256608e+02 5.000000000000000000e+02 1.479700807693120658e-02 5.691934649944305136e+01
6.000136022738286101e+02 6.000194318197550274e+02 8.904778491815127164e-03 5.689545760154724263e+01
7.350000002529179710e+02 7.000000002031385975e+02 4.769695990062630386e+01 5.702108720541000508e+01
8.050000000187042133e+02 8.000000000049481059e+02 2.179449471361382606e+01 5.699153499603271200e+01
9.241245093818391751e+02 9.000000000018760602e+02 6.639309710949360976e+01 5.701442015171051025e+01
1.000000000004259505e+03 1.000000000000930754e+03 7.087171023154337911e-09 5.787622799873351909e+01
1.110000000129659611e+03 1.100000000002803063e+03 2.999999995876527237e+01 5.790021915435791300e+01
1.200395992978338199e+03 1.200080948985143095e+03 9.161785261166395244e-01 5.796150810718536661e+01
1.361407056749319054e+03 1.400000000000114596e+03 4.954122028135920175e+01 5.794181145429611490e+01
1.405000000476145033e+03 1.400000000071151590e+03 2.179449461039368430e+01 5.710019919872284078e+01
