-1.399999999999246938e+03 -1.399999999999985448e+03 2.345319160610656062e-09 6.156426780223846151e+01
6.056643497485377338e+03 6.263827798309964237e+03 5.169397775919880587e+03 6.170650044679641866e+01
1.979542068846537173e+07 -1.200000000000000000e+03 8.629146900462716818e+07 6.156709700822830200e+01
-1.099999999999976581e+03 -1.100000000000000000e+03 4.760172566514858031e-11 6.157166814804077148e+01
-9.999996530549112776e+02 -9.999999999995436610e+02 1.238878120676816744e-03 6.159302070140838481e+01
-8.996227277564208862e+02 -8.999631070012170539e+02 1.256975316544033605e+00 6.157961070537567139e+01
-7.741195519647014862e+02 -7.780670179187676467e+02 2.108739452071830911e+01 6.159682224988937094e+01
-6.819580364662233478e+02 -6.799627093244259868e+02 5.042233926643975295e+00 6.146469465494156026e+01
-5.988637872117961933e+02 -5.989223885518956649e+02 3.625066542424768001e-01 6.223963739871978618e+01
-4.693206305330188002e+02 -4.921025762617064174e+02 4.039570031349329327e+01 6.166317604780196859e+01
-3.989552934938113253e+02 -3.990050409429067031e+02 1.315265316149203167e+00 6.169981830120086386e+01
-2.966155375184233094e+02 -2.980095775352436931e+02 3.120333957837413408e+00 6.172412329912185669e+01
-1.924427941482436211e+02 -1.947453946555803554e+02 5.799029264286566843e+00 6.164060250520706319e+01
-7.819266841376314403e+01 -9.953174011509838692e+01 3.855272791766149254e+01 6.161468919515609599e+01
2.257012001197855966e+02 2.225032012232775855e+02 9.544278253890006170e+01 6.164448549747466899e+01
2.024943975473589148e+02 2.024061638818363349e+02 1.818171355851448068e+00 6.174805254936218546e+01
3.030551391842549265e+02 3.025624881652794897e+02 1.298727380112788321e+00 6.164077680110931112e+01
4.049559710982699698e+02 4.041761519396119979e+02 2.998125120268158916e+00 6.171636705398559286e+01
5.003220938090126992e+02 5.001622746814167613e+02 6.943459009046787367e-01 6.160888265371322348e+01
6.004149563894250150e+02 6.004059124410657660e+02 2.503281948947219671e-01 6.157191170454025553e+01
7.950000000081462304e+02 8.000000000000920863e+02 3.840572874577843265e+01 6.178032449483871602e+01
9.063065073387812163e+02 9.036323525816437723e+02 1.064561924714514305e+02 6.171396235227584981e+01
1.103368527433846339e+03 1.135873884270550434e+03 1.453839036601644352e+02 6.172465289831161783e+01
1.031624009886657177e+03 1.018887907636483646e+03 3.616153168802133422e+01 6.243891804218291952e+01
1.191172663707613538e+03 1.202804810691732655e+03 3.007063598565560980e+01 6.243050965070724345e+01
1.228762149591123944e+03 1.215380266885429137e+03 3.421074008837668856e+01 6.252804709672928141e+01
1.427373334292265326e+03 1.410275625973782098e+03 9.051637019733695411e+01 6.250269885063171671e+01
1.478268752906308691e+03 1.500000000000269665e+03 4.631230899657459332e+01 6.188580700159072734e+01
