-1.399999999999997499e+03 -1.400000000000000000e+03 6.032691108694277359e-12 4.356624920368194864e+01
1.442994578532586956e+03 7.238331260217307772e+01 3.054980845994857646e+03 4.380156295299529745e+01
-1.199999999999999545e+03 -1.200000000000000000e+03 2.380375431730936045e-12 4.346822469234466269e+01
-1.099999999999995907e+03 -1.100000000000000000e+03 1.661672270363849109e-11 4.360465890169143677e+01
-9.999999991365644973e+02 -9.999999999504996140e+02 3.141383248508111255e-06 4.351853334903717041e+01
-9.000000000000000000e+02 -9.000000000000000000e+02 2.542114972925207483e-14 4.366166995763778402e+01
-7.999999980251623128e+02 -7.999999993804636915e+02 6.177408063171249369e-06 4.371309775114059448e+01
-6.939998129949250369e+02 -6.999999965575141232e+02 9.165433102417871680e+00 4.355459635257720663e+01
-5.999249852785328585e+02 -5.999999852282339816e+02 2.249656118179728936e-01 4.470662889480590962e+01
-4.999840950640449364e+02 -4.999913696437032513e+02 1.608627470068514295e-02 4.367907449007034160e+01
-3.999999999999998863e+02 -4.000000000000000000e+02 4.600455570266219271e-13 4.374895060062408447e+01
-2.999999999999996021e+02 -3.000000000000000000e+02 8.533141984318608702e-13 4.378864320516586162e+01
-1.999999999999913598e+02 -1.999999999999999147e+02 3.597210358637768496e-11 4.376491094827652262e+01
-9.987513069741098093e+01 -9.999999999982378540e+01 1.529330375632625139e-01 4.362951714992523478e+01
1.089307320562400747e+02 1.003121732560150576e+02 1.477564871944643876e+01 4.373545684814452983e+01
2.000565842104920762e+02 2.000000049445532113e+02 1.733840535452405851e-01 4.398185100555419780e+01
3.009620054522204669e+02 3.005074790221021885e+02 9.819919000283567900e-01 4.363341799974441670e+01
4.011355031760083989e+02 4.014501797396382017e+02 9.336367845344389904e-01 4.375731824636459066e+01
5.000000000000000000e+02 5.000000000000000000e+02 0.000000000000000000e+00 4.368186165094375895e+01
6.000136022738289512e+02 6.000194318197550274e+02 8.904778491354931047e-03 4.367279305458068706e+01
7.050000873888214983e+02 7.000000077790816704e+02 2.179447481651125074e+01 4.383974984884262227e+01
8.000000035681821373e+02 8.000000003458030733e+02 8.414169229785193533e-06 4.384188145399093628e+01
9.541245096593665949e+02 9.000000007717694643e+02 7.113770296896383627e+01 4.379951635599136495e+01
1.000000000364375182e+03 1.000000000168532779e+03 4.401795013929117485e-07 4.487334960699081421e+01
1.105000003281815907e+03 1.100000000994814854e+03 2.179449397425514334e+01 4.488304665088653422e+01
1.200207952975874832e+03 1.200080948985213581e+03 2.072256583039276123e-01 4.495156285762787007e+01
1.336042003185593558e+03 1.301026336134713347e+03 4.806069624380256755e+01 4.493198169469833658e+01
1.405000024355722417e+03 1.400000004667854910e+03 2.179448920384813704e+01 4.395880590677261068e+01
