-1.400000000000000000e+03 -1.400000000000000000e+03 0.000000000000000000e+00 2.154471580982208323e+01
6.824738353319422458e+03 9.267657938369455223e+03 5.578035177629946702e+03 2.165021508932113647e+01
-1.200000000000000000e+03 -1.200000000000000000e+03 0.000000000000000000e+00 2.150052804946899343e+01
-1.100000000000000000e+03 -1.100000000000000000e+03 0.000000000000000000e+00 2.157366955280303955e+01
-9.999999999999827196e+02 -9.999999999999931788e+02 2.015857101962240472e-11 2.158810669183731079e+01
-8.999998817359291934e+02 -8.999999990226888258e+02 2.984597918011919920e-04 2.156379514932632446e+01
-7.991262603313746240e+02 -7.999998708677885588e+02 2.179193676919337186e+00 2.158296020030975271e+01
-6.909995287687241898e+02 -6.999999999999992042e+02 9.950395368964651155e+00 2.153585989475250173e+01
-5.997193614983377756e+02 -5.999926977566183268e+02 3.987887070659482114e-01 2.210789455175399709e+01
-4.996466043145968001e+02 -4.998964406544423582e+02 7.761298394732016881e-01 2.158050695657730245e+01
-4.000000000000000000e+02 -4.000000000000000000e+02 0.000000000000000000e+00 2.164368780851363994e+01
-2.988060496352699715e+02 -2.990050409429067031e+02 1.319961096516294452e+00 2.165410344600677561e+01
-1.979937402413459608e+02 -1.979440450976274519e+02 1.261835408775340284e+00 2.161832474470138621e+01
-8.460703735928488811e+01 -9.968782674401859367e+01 3.283494389339232100e+01 2.153193105459213186e+01
1.652510897800934231e+02 1.583484539015558425e+02 5.920684382402037471e+01 2.152094140052795268e+01
2.006326656304007088e+02 2.002403315543758140e+02 9.432915439434957916e-01 2.170623270273208760e+01
3.018530472546505052e+02 3.020227481771768225e+02 6.185823427567066490e-01 2.160308034420013357e+01
4.021594854138114670e+02 4.022538457198605784e+02 6.145737188643272120e-01 2.161722869873046804e+01
5.000402432167673510e+02 5.000197293441222541e+02 4.879119139481161160e-02 2.155719170570373677e+01
6.000288660070646074e+02 6.000194318197550274e+02 3.475676793586927188e-02 2.153374124765396047e+01
7.750000000000000000e+02 8.000000000000000000e+02 4.330127018922193116e+01 2.160155675411224507e+01
8.758126845251038048e+02 8.313214072240175483e+02 9.592015199310824869e+01 2.162182815074920583e+01
1.078259667453230350e+03 1.053504218713881073e+03 1.142918339911222887e+02 2.160935019254684519e+01
1.014044935031242176e+03 1.003140003564583822e+03 2.616767078509767330e+01 2.219999229907989502e+01
1.130826300964235543e+03 1.108329743654819367e+03 4.107082072356595859e+01 2.220717874765396260e+01
1.222732308334867412e+03 1.200916606553978454e+03 3.154268415294117744e+01 2.227148405313491963e+01
1.387463567596068970e+03 1.405137812426268965e+03 5.574377426244967637e+01 2.225864039659500193e+01
1.425000000000000000e+03 1.400000000000000000e+03 4.330127018922193116e+01 2.268484148979187154e+01
