-1.399999198612774990e+03 -1.399999598511204567e+03 8.514903770571153425e-04 5.435928745269775675e+01
2.432010789657058922e+03 4.956086348604839031e+02 4.693179576270699727e+03 5.450000129938125326e+01
-1.195744253359566301e+03 -1.199064538486226411e+03 8.787192741181069522e+00 5.440016465187072470e+01
-1.051065961527035824e+03 -1.088169824749951431e+03 1.326003870814684262e+02 5.443057600259781026e+01
-9.999909635507983694e+02 -9.999960403644986400e+02 8.959599319756499439e-03 5.442591595649719238e+01
-8.999604631198642437e+02 -8.999965247192110382e+02 1.006485075234967580e-01 5.436764919757843018e+01
-7.992146001749948709e+02 -7.996961541017313948e+02 9.295366715348288844e-01 5.448198645114898397e+01
-6.928230697604842589e+02 -6.972308726055797479e+02 8.567539225064164654e+00 5.444904339313507080e+01
-5.994514691047284032e+02 -5.993480923846531141e+02 3.966440490002632879e-01 5.516342585086822226e+01
-4.996501071038043733e+02 -4.997353059631381029e+02 3.165022362569949177e-01 5.440820505619048930e+01
-3.999983773680747845e+02 -3.999993266353091030e+02 2.694202474597821688e-03 5.450849930047989034e+01
-2.987726869525646407e+02 -2.989571099237997487e+02 5.967282589046579711e-01 5.449930804967880249e+01
-1.988596722147196658e+02 -1.998831446549953910e+02 1.262497482324561160e+00 5.451248160600662374e+01
-9.995171366060466767e+01 -9.996985971832697260e+01 6.059987730193962946e-02 5.446034905910492085e+01
1.378306342421597606e+02 1.105046636097807209e+02 5.020575573795804303e+01 5.444512515068053915e+01
2.006088324377628282e+02 2.006000251101546610e+02 3.738592240881413176e-01 5.470200569629669474e+01
3.013355638659414808e+02 3.020266081521336901e+02 9.551575607488620445e-01 5.446278384923935079e+01
4.018979144367325489e+02 4.021370035589023928e+02 6.690772998944362060e-01 5.448009915351867960e+01
5.000157504148933185e+02 5.000110885595887567e+02 1.898234390993997628e-02 5.439023709297180176e+01
6.000197820333276013e+02 6.000194321763194694e+02 1.380481929181691901e-02 5.442565059661865234e+01
7.802123117493862310e+02 8.000753092677731502e+02 3.979455223766240124e+01 5.458538975715637065e+01
8.051028717655493665e+02 8.000813422422080521e+02 2.180230633968579212e+01 5.457124034166336202e+01
1.055127043762552148e+03 1.093937453355036041e+03 1.302188415012680878e+02 5.455587265491485738e+01
1.004860441382593535e+03 1.003228131063815226e+03 6.867251660681140457e+00 5.530412360429763652e+01
1.114530397500367826e+03 1.100476920247009275e+03 2.933749454719678340e+01 5.528823175430297709e+01
1.200733948513913674e+03 1.200132819470081358e+03 1.264058557792521187e+00 5.534461364746093892e+01
1.356031207012165851e+03 1.325942600904754954e+03 4.489283782740893969e+01 5.533188229799270630e+01
1.415447400657485105e+03 1.400499758497548555e+03 3.554514897174407650e+01 5.466260995864868022e+01
