-1.400000000000000000e+03 -1.400000000000000000e+03 0.000000000000000000e+00 2.294925590753555156e+01
4.085967332470826477e+03 3.163185535750828421e+03 4.941149075399112917e+03 2.301543035507202006e+01
-1.200000000000000000e+03 -1.200000000000000000e+03 0.000000000000000000e+00 2.294303799867629934e+01
-1.100000000000000000e+03 -1.100000000000000000e+03 0.000000000000000000e+00 2.292910479307174754e+01
-9.999999999999790816e+02 -9.999999999999968168e+02 3.214414669176363120e-11 2.297988485097885203e+01
-8.999674560179504397e+02 -8.999994854335585615e+02 9.904872930271055309e-02 2.290858775377273560e+01
-7.993852244201003714e+02 -7.999990172096453307e+02 2.117854129028401200e+00 2.301778049468994070e+01
-6.881495836304022760e+02 -6.800000000018197852e+02 9.697142089760033556e+00 2.293562484979629446e+01
-5.996375182074200438e+02 -5.998694692891651812e+02 3.990885808862876249e-01 2.353667615652084422e+01
-4.995794065261287074e+02 -4.998545084078228911e+02 6.263221579197464361e-01 2.298495274782180786e+01
-3.999005040942906817e+02 -4.000000000000000000e+02 4.336925982830197035e-01 2.304752069711685181e+01
-2.977613448946125345e+02 -2.990050409429067031e+02 2.881511589457260492e+00 2.306298835277557302e+01
-1.975506232110967062e+02 -1.979440450976274519e+02 2.483368808636828629e+00 2.306934850215911936e+01
-8.130241931084566431e+01 -9.953174011602789051e+01 3.089546117010140946e+01 2.294855295419693064e+01
1.605824016400447363e+02 1.169133068121729480e+02 7.130810108797805924e+01 2.295973145961761475e+01
2.007094765141536641e+02 2.005337532045291482e+02 5.744300154639484512e-01 2.309738429784774638e+01
3.015424440013950971e+02 3.020197639804966911e+02 8.852190638503054654e-01 2.300645124912261963e+01
4.021903090462147929e+02 4.022055403810114171e+02 8.137711526069323353e-01 2.302086089849472117e+01
5.000346374580960287e+02 5.000197293441220268e+02 4.649847657543992874e-02 2.298891530036926412e+01
6.000621381057160306e+02 6.000194318197550274e+02 8.953400396870840605e-02 2.299969029426574707e+01
7.850000000000000000e+02 8.000000000000000000e+02 3.570714214271424680e+01 2.303782244920730449e+01
8.699558881067134735e+02 8.000000000000000000e+02 1.238200125086049042e+02 2.301848524808883667e+01
1.067587469576520107e+03 1.069524059309834911e+03 1.256403489750016007e+02 2.300562120676040578e+01
1.027389951635205762e+03 1.018804788930617406e+03 3.647383451793394471e+01 2.364541034698486399e+01
1.158168107893008255e+03 1.185730515074945288e+03 4.836250241882237333e+01 2.363149144649505473e+01
1.211333429497792849e+03 1.200916606553978909e+03 1.672282178730750601e+01 2.372280064821243428e+01
1.395499677857624647e+03 1.410466463447924752e+03 6.934302861496436776e+01 2.368108100891113210e+01
1.455000000000000000e+03 1.500000000000000000e+03 4.974937185533099893e+01 2.565321060419082499e+01
