-1.400000000000000000e+03 -1.400000000000000000e+03 0.000000000000000000e+00 6.939803440570831583e+01
3.344617917380283870e+03 1.356727650126023264e+02 5.303537220439032353e+03 6.940296930074691772e+01
-1.200000000000000000e+03 -1.200000000000000000e+03 0.000000000000000000e+00 6.938393540382385538e+01
-1.100000000000000000e+03 -1.100000000000000000e+03 0.000000000000000000e+00 6.941288654804229452e+01
-9.999999999999772626e+02 -9.999999999999812417e+02 2.424728642207787152e-11 6.945377925634383587e+01
-8.999638568980842592e+02 -8.999985922471269078e+02 7.150008847775006504e-02 6.930492724180221842e+01
-7.972924538138033768e+02 -7.999990172096453307e+02 7.522641512808514008e+00 6.944526960849762531e+01
-6.838198889868671131e+02 -6.800000000000000000e+02 7.674528429718264100e+00 6.937074930667877481e+01
-5.997736083513940457e+02 -5.999336830760041721e+02 3.215900046620416841e-01 7.000932905673980144e+01
-4.997940821210160607e+02 -4.999124571954738485e+02 2.462038790565728719e-01 6.943942610025405315e+01
-4.000000000000000000e+02 -4.000000000000000000e+02 0.000000000000000000e+00 6.951401715278625204e+01
-2.974131094765208445e+02 -2.980100818858134062e+02 2.732056667303932596e+00 6.952549993991851807e+01
-1.988421152365799003e+02 -2.000000000000000000e+02 1.328799237727531501e+00 6.950912579298019978e+01
-9.144865896582916776e+01 -9.968782674401859367e+01 1.754245105475730782e+01 6.939294160604477213e+01
1.483890082093771525e+02 1.169133068121728911e+02 5.553844145331062521e+01 6.938426774740219116e+01
2.005423985605548864e+02 2.003961627125017912e+02 5.700117349263369437e-01 6.954561059474944784e+01
3.016628715803175282e+02 3.020254966869721329e+02 8.301748068482466270e-01 6.944849505424500080e+01
4.017088311429902205e+02 4.021381173316109425e+02 9.586325486414555286e-01 6.947566975355148600e+01
5.000441754235702092e+02 5.000197293441229931e+02 4.487226576714457849e-02 6.936699730157852173e+01
6.000427840461197775e+02 6.000194318197550274e+02 3.606147961412260738e-02 6.945513966083527180e+01
7.550000000000000000e+02 8.000000000000000000e+02 4.974937185533094919e+01 6.946878480911254883e+01
8.675848959698492990e+02 8.000000000000000000e+02 9.686888669595103352e+01 6.942621524333954142e+01
1.098491626477429236e+03 1.182490187298126784e+03 1.096744398246367069e+02 6.943039989471435547e+01
1.011542780657562616e+03 1.003140007516716878e+03 1.593705141406976722e+01 7.010379985570907024e+01
1.132307117593927387e+03 1.100000000000000000e+03 4.600929160821247166e+01 7.011690349578857706e+01
1.212273539953177988e+03 1.202611940075762504e+03 1.446050224460284106e+01 7.021728720664978596e+01
1.406113442988092174e+03 1.410657309036350853e+03 4.575307592494855413e+01 7.015806810855865194e+01
1.450000000000000000e+03 1.450000000000000000e+03 5.000000000000000711e+01 6.988766674995422079e+01
