-1.400000000000000000e+03 -1.400000000000000000e+03 0.000000000000000000e+00 1.295204343557357731e+02
9.255533657732947904e+04 8.196260343756921066e+04 6.463066840240493184e+04 1.452021452546119633e+02
8.457611837548910989e+04 -1.101591111872687179e+03 2.872593269566738745e+05 1.424327312469482365e+02
2.202255547543917055e+04 2.046779665186086277e+04 8.695517480415535829e+03 1.438114508509635812e+02
-9.999999427137972816e+02 -9.999999429830019153e+02 1.958988376549270098e-05 1.447787104487419185e+02
-8.906626463166885515e+02 -8.901875764645203617e+02 2.070781616678722958e+00 1.442747274994850102e+02
-7.941442256151738093e+02 -7.969492105994875146e+02 6.427953193314878355e+00 1.400486562490463314e+02
-6.796108409246386373e+02 -6.796105675121189051e+02 8.620253759123887305e-02 1.383575193405151254e+02
-5.938943417264678146e+02 -5.944238272391301052e+02 2.820724085543901527e+00 1.554765354990959167e+02
-4.998549071779419819e+02 -4.998706380162974483e+02 5.354586873536822805e-02 1.328827814579009896e+02
-3.939805045238737762e+02 -3.950252047145335155e+02 3.439074331138893381e+00 1.324178931951522884e+02
-2.889244697924087291e+02 -2.887405103883254469e+02 3.942680239261897590e+00 1.330541596055030880e+02
-1.757720061247715932e+02 -1.787212048152230750e+02 1.097258943106892914e+01 1.344330209970474357e+02
9.547260165501904794e+01 2.409201000171037776e+01 2.115694225278958243e+02 1.314062596559524536e+02
1.132299805800501417e+03 1.186005378270875781e+03 3.241902555344528309e+02 1.354171878576278800e+02
2.009504933764723660e+02 2.010640252458528607e+02 3.928074301578018956e-01 1.409675763964652901e+02
3.142302145616789062e+02 3.153137791634286486e+02 4.145035152082969354e+00 1.322138208508491459e+02
4.184306694113721505e+02 4.165328545504328304e+02 4.208580359553229400e+00 1.376539112567901668e+02
5.007411562036097052e+02 5.007834009238152362e+02 1.661858166119364044e-01 1.424299926400184688e+02
6.035534048262652504e+02 6.035083372735692819e+02 2.796504847823345075e-01 1.448466975092887878e+02
1.000000000000000227e+03 1.000000000000000227e+03 2.542114972925207483e-14 1.350364146471023616e+02
1.073116468335255377e+03 1.078313149880659239e+03 1.627060099579817916e+02 1.350859109997749385e+02
2.148356320014167977e+03 2.140425086818370801e+03 3.506153028024189098e+02 1.360269073486328182e+02
1.212676125692024698e+03 1.213209864365078374e+03 4.954816180975220696e+00 1.561812164545059147e+02
1.314681475554858025e+03 1.314818903132430933e+03 5.202535921491207027e+00 1.564031864523887521e+02
1.401711232976336760e+03 1.400021573384663498e+03 4.548981110091609281e+01 1.575713082432747001e+02
1.811201127661811142e+03 1.818309767334642174e+03 5.247720580843742511e+01 1.554779643535613900e+02
1.700000000000000455e+03 1.700000000000000455e+03 1.902344653294848201e-13 1.375815532565116825e+02
