-1.399999999993847268e+03 -1.399999999997999112e+03 1.044861907267806469e-08 2.233821035623550344e+01
-4.200168544122208232e+02 -1.035122263556094140e+03 1.048140583278048553e+03 2.248229354619979858e+01
-1.199999999068470288e+03 -1.199999999865924110e+03 2.507558485288156796e-06 2.235189665555953908e+01
-1.099999996014623321e+03 -1.099999999235116320e+03 7.687280478791004879e-06 2.237164864540100240e+01
-9.999999693095572866e+02 -9.999999796380649286e+02 3.399600984675985949e-05 2.239544949531555318e+01
-8.999999999997937721e+02 -8.999999999999029114e+02 2.871455282139165467e-10 2.235793474912643575e+01
-7.999995498805707257e+02 -7.999997653032241942e+02 3.227475022119980809e-04 2.243893259763717651e+01
-6.949997024027624093e+02 -6.999996364056927405e+02 8.660189980139515242e+00 2.241249614953994751e+01
-5.998865881280109988e+02 -5.999989184811295218e+02 2.675523064219584857e-01 2.298168125152587749e+01
-4.999906235368824241e+02 -4.999926027068428880e+02 1.118081393048413370e-02 2.240221484899520732e+01
-3.999999999956381771e+02 -3.999999999980855137e+02 5.674601522374342929e-09 2.246477540731429912e+01
-2.999005039772509917e+02 -2.999999999911361783e+02 2.984878481048343080e-01 2.246771934032440043e+01
-1.999999999728873377e+02 -1.999999999913680995e+02 3.871449445330045203e-08 2.247375724315643453e+01
-9.990634791155433447e+01 -9.999999994058299535e+01 1.430557010386274142e-01 2.240909695625305176e+01
1.124015014446728458e+02 1.004682610478890297e+02 2.787234747435692483e+01 2.244570944309234761e+01
2.000186122868392715e+02 2.000031312857399257e+02 5.715808871614441039e-02 2.258793065547943257e+01
3.011108316870045201e+02 3.020196068893437769e+02 1.004784561364288287e+00 2.241637870073318339e+01
4.005526111227615047e+02 4.000503612080503899e+02 8.664699628926286756e-01 2.243022799491882324e+01
5.000059188118643760e+02 5.000000000000000000e+02 9.041134464220335065e-03 2.238620344400406026e+01
6.000087443278705450e+02 6.000000000660627393e+02 9.667200146374177461e-03 2.236362719535827637e+01
7.150018391744338260e+02 7.000011206349661279e+02 3.570657430627175444e+01 2.252450129985809468e+01
8.000000942829885844e+02 8.000000800160172503e+02 8.475197969831379608e-05 2.250367074012756419e+01
9.211672266194451595e+02 9.000000971516813024e+02 4.257489203031256153e+01 2.252208240032195974e+01
1.000000067546650143e+03 1.000000028313771054e+03 9.010685875665367251e-05 2.308579779863357473e+01
1.100000313763869144e+03 1.100000151975745439e+03 4.147322760369737821e-04 2.309012099504470683e+01
1.200170804482776703e+03 1.200040475109887211e+03 2.479530515858973660e-01 2.313611240386962820e+01
1.360996121041537663e+03 1.400000018838923552e+03 4.891352332815984738e+01 2.311847335100173950e+01
1.400000992909885099e+03 1.400000463481869701e+03 1.102264541484781644e-03 2.256649234294891215e+01
