-1.400000000000000000e+03 -1.400000000000000000e+03 5.084229945850414966e-14 4.922845079541206132e+02
3.484251404400270549e+05 3.298256935937565286e+05 2.288819254948115849e+05 4.957733834505081063e+02
6.979050933296438456e+08 4.508674977664180100e+07 1.850736150213587761e+09 4.956181463003158569e+02
3.524881623589669471e+04 2.761966883229085943e+04 1.842845262136974998e+04 4.956171044945716631e+02
-9.999999999998814246e+02 -9.999999999999213287e+02 1.162672877130079169e-10 4.933440497517585754e+02
-8.839727396514133488e+02 -8.901875304000709548e+02 2.081834504956055909e+01 4.949943768024444353e+02
-6.930472513624420117e+02 -6.917576553929520742e+02 4.129925904581055107e+01 4.963483536958694344e+02
-6.794507214614253598e+02 -6.794506424349877989e+02 1.239703587055547701e-01 4.931473856449127311e+02
-5.925923856250018389e+02 -5.923536658481784798e+02 1.564294899107622427e+00 5.101843754529953117e+02
-4.971900383559707848e+02 -4.971422248072136085e+02 1.417630921958416002e+00 4.938671543955803145e+02
-3.981095777915227245e+02 -3.980100818858134062e+02 1.472404944432557317e+00 4.933721786499023665e+02
-2.419201230066841504e+02 -2.451850533237229683e+02 2.879918285460584926e+01 4.932283525943756217e+02
-1.067651966857950327e+02 -1.148457408238221973e+02 3.518604376644946541e+01 4.911294592022895813e+02
9.241255855086835425e+01 6.032932539974876818e+01 1.247381363670893393e+02 4.928118462443351859e+02
1.361947147190547867e+03 1.359457493715684677e+03 4.010324050821851074e+02 4.927526901483535653e+02
2.008639916788448829e+02 2.008177357117063764e+02 4.661023001711790403e-01 4.967394240498542786e+02
3.105847531312057299e+02 3.111584112319432620e+02 2.552027470336241333e+00 4.931592959523201216e+02
4.611698426197312983e+02 4.608926960885095241e+02 1.843071805180256462e+01 4.959981683492660522e+02
5.007946153537743044e+02 5.008993395209985238e+02 3.369262508814535595e-01 4.954624200940132255e+02
6.040302940041876809e+02 6.040353402173316226e+02 5.131029592866517275e-01 4.956294943451881636e+02
1.000000000000000227e+03 1.000000000000000114e+03 9.511723266474241003e-14 4.936751501441002006e+02
1.027820253963883943e+03 9.984633992101206559e+02 1.654841296029400439e+02 4.937328042030334245e+02
2.629868271689835638e+03 2.648574648135189364e+03 3.942530441404411476e+02 4.942712713956832999e+02
1.226026158863458477e+03 1.225418908645402553e+03 4.879408208507220124e+00 5.108189859986305237e+02
1.324990380487231732e+03 1.324262721870267342e+03 5.434350608415472905e+00 5.111477298498153914e+02
1.454379529534935273e+03 1.462811701650019586e+03 7.185305202053491769e+01 5.117267836570739519e+02
1.928650914910991560e+03 1.932989621742327245e+03 5.284435128783110258e+01 5.113868227005004883e+02
1.853101222711276932e+03 1.700000000000000455e+03 2.680184013152449438e+02 4.954817814469337236e+02
