-1.399999999390526909e+03 -1.399999999658919478e+03 5.766969271626001426e-07 2.719129240512847900e+01
-3.100991052829896262e+02 -9.956118688293483956e+02 1.626086649269646614e+03 2.737199150323867869e+01
-1.199996796811413788e+03 -1.199998561901403718e+03 4.685650987297233089e-03 2.727620174884796000e+01
-1.099978307403974895e+03 -1.099994094288135329e+03 2.836359207556579665e-02 2.731192920207977437e+01
-9.999996808935426316e+02 -9.999998369456949376e+02 4.337756915615533166e-04 2.730092910528183126e+01
-8.999999988180028367e+02 -8.999999994552116505e+02 1.298426403070940163e-06 2.717407809495925974e+01
-7.999927660159049765e+02 -7.999967086714351581e+02 8.201522976537586190e-03 2.739428055286407471e+01
-6.969805267356191507e+02 -6.999804217921337113e+02 7.133555779113068596e+00 2.737379325628280569e+01
-5.998696533037806375e+02 -5.999776758592860233e+02 2.640804260458909369e-01 2.830954290628433156e+01
-4.999835106570543530e+02 -4.999871936086301503e+02 8.619440389959300008e-03 2.733533499240875386e+01
-3.999999988180130686e+02 -3.999999994016926053e+02 1.515282650749218937e-06 2.744384005069732524e+01
-2.999004813305962784e+02 -2.999999890176361532e+02 2.985069398376248295e-01 2.743630504608154297e+01
-1.999999872401487266e+02 -1.999999948168967876e+02 1.687009625459747568e-05 2.743022739887237549e+01
-9.999994562397812103e+01 -9.999998496637351764e+01 9.289131184582271293e-05 2.734032210111617900e+01
1.064805739659139334e+02 1.003128135491514286e+02 1.360753836576518694e+01 2.736125024557113505e+01
2.001818718387942795e+02 2.001729309848622620e+02 1.140746900793867952e-01 2.763965024948119975e+01
3.013130465591401617e+02 3.020196314487474751e+02 9.633653752314790264e-01 2.734935064315795827e+01
4.015088637347266740e+02 4.020307118355622151e+02 8.596539092254352754e-01 2.737334070205688619e+01
5.000034526498785681e+02 5.000000000001964509e+02 1.136582186376849761e-02 2.722301445007324361e+01
6.000116864293100889e+02 6.000194318203043622e+02 9.486825754109636660e-03 2.727469825744628906e+01
7.200191036554555239e+02 7.000293663261024903e+02 3.999160618286553870e+01 2.751908830404281758e+01
8.000013390047513440e+02 8.000011318535337068e+02 7.319868824948833844e-04 2.750201870203018117e+01
9.482519025453399308e+02 9.000028092388772620e+02 8.747557743080380988e+01 2.750003304481506206e+01
1.000000560578283284e+03 1.000000486152195663e+03 3.698436630883889008e-04 2.849727090597152568e+01
1.105003357663209044e+03 1.100002936306586435e+03 2.179378799705222747e+01 2.850585315227508687e+01
1.200177473235709158e+03 1.200040828525925917e+03 2.875208517356329652e-01 2.856898534297943115e+01
1.321700425605063401e+03 1.301298998686443610e+03 3.924185687664701305e+01 2.854475269317627095e+01
1.400016305228641158e+03 1.400008353010799055e+03 1.719550948723828215e-02 2.761372674703597951e+01
