-1.400000000000000000e+03 -1.400000000000000000e+03 0.000000000000000000e+00 5.778260240554809712e+01
4.325783723375227055e+03 3.199764947424196180e+03 4.943767855853155197e+03 5.788030714988708780e+01
-1.200000000000000000e+03 -1.200000000000000000e+03 0.000000000000000000e+00 5.773666099309921407e+01
-1.100000000000000000e+03 -1.100000000000000000e+03 0.000000000000000000e+00 5.775839734077453613e+01
-9.999999999999585043e+02 -9.999999999999914735e+02 7.364009078971737390e-11 5.779198265075683594e+01
-8.999783255449704029e+02 -8.999980452779320785e+02 4.143083765278385289e-02 5.770663810968399332e+01
-7.962184857011760641e+02 -7.999680705142980059e+02 8.773610376349898488e+00 5.783336770534515381e+01
-6.876910521635529676e+02 -6.800000011051497495e+02 9.394519753116044924e+00 5.783459975719451762e+01
-5.995795500351457576e+02 -5.994761431732792971e+02 4.169134570214158009e-01 5.884183440208435201e+01
-4.991330254015962282e+02 -4.998421652479960358e+02 2.188987725366308368e+00 5.789153275489807271e+01
-3.998507561414360225e+02 -4.000000000000000000e+02 4.745652241830686791e-01 5.795844630002975606e+01
-2.980100831452681973e+02 -2.980100818858134062e+02 1.541381992173594728e+00 5.798051249980926514e+01
-1.979660347072563127e+02 -1.979440450976274519e+02 1.454530004522981423e+00 5.800318405628204488e+01
-9.552973902357118163e+01 -9.968782674401859367e+01 7.240668397492449948e+00 5.778461154699325419e+01
1.499874846493890459e+02 1.376308803568643384e+02 5.337437459098038772e+01 5.780161240100860454e+01
2.009341156465625033e+02 2.008455370703528047e+02 7.835981051076476023e-01 5.811693089008331015e+01
3.015435822868014384e+02 3.020335463958847413e+02 8.834389702686303858e-01 5.789042880535125590e+01
4.024826986531651301e+02 4.024076373115939305e+02 1.170246327235013428e+00 5.790851171016693399e+01
5.000658179136572699e+02 5.000493233602564374e+02 6.170750587250863756e-02 5.776342589855194376e+01
6.000377159444284416e+02 6.000194318197550274e+02 2.727543550394814428e-02 5.779855380058288716e+01
7.850000000000000000e+02 8.000000000000000000e+02 3.570714214271424680e+01 5.795142320394516133e+01
8.516053294086835876e+02 8.000000000000000000e+02 6.457091125330620685e+01 5.793192689418792440e+01
1.103057237422447315e+03 1.150623249283754376e+03 9.538974403536958846e+01 5.790196580886841105e+01
1.025308574951465516e+03 1.018878508775487717e+03 3.131650228906128319e+01 5.902439855337142660e+01
1.155128895018846833e+03 1.158329790622394285e+03 4.721933175746508482e+01 5.903219319581985758e+01
1.211450140718830198e+03 1.200435134724740237e+03 1.776095031728326035e+01 5.919231554269790507e+01
1.409489994924907933e+03 1.410657311050697444e+03 4.287300861187049605e+01 5.910507000684738443e+01
1.465000000000000000e+03 1.500000000000000000e+03 4.769696007084728251e+01 6.019886715412140177e+01
