-1.399999999987883029e+03 -1.399999999999093006e+03 3.375261754357707248e-08 2.997195944786071919e+01
1.457654556831786294e+03 3.465975340135460101e+02 2.587887665093241594e+03 3.010204108953475810e+01
-1.199999999659150035e+03 -1.199999999998745125e+03 1.442977140567349096e-06 2.984137965440750051e+01
-1.099999999737429334e+03 -1.099999999993346137e+03 5.692914622012522163e-07 2.992592114210128784e+01
-9.999999811869217865e+02 -9.999999967315973208e+02 4.042326489660028998e-05 2.993211475610733174e+01
-8.999999999999865850e+02 -8.999999999999961346e+02 2.142799362376785463e-11 3.001928570270538188e+01
-7.999998946277551113e+02 -7.999999688676393816e+02 1.716347417340834591e-04 3.009813255071640015e+01
-6.959997917936777867e+02 -6.999998674673493042e+02 8.000084427970870493e+00 2.998294144868850708e+01
-5.998870155797319512e+02 -5.999994143188074531e+02 2.676958721083739223e-01 3.080926104784011699e+01
-4.999929722206740621e+02 -4.999926039228571426e+02 7.651111453683290091e-03 3.008008780479431010e+01
-3.999999999789366143e+02 -3.999999999976063236e+02 5.302860524720330431e-08 3.009374369382858205e+01
-2.999502520243788695e+02 -2.999999999953561201e+02 2.168462939293865910e-01 3.012988075017928935e+01
-1.999999999888448201e+02 -1.999999999992551238e+02 4.286292545773823654e-08 3.013735629320144582e+01
-9.995317381209019914e+01 -9.999999982752882488e+01 1.114681146224398428e-01 3.004042423963546682e+01
1.010407737404709962e+02 1.003121732568978359e+02 3.681469298882768637e+00 3.009359689950942851e+01
2.000717886720228194e+02 2.000007301126848063e+02 1.691861421965606682e-01 3.020474810600280691e+01
3.011701473905720832e+02 3.020196854812519405e+02 9.791274640914108263e-01 3.002942080497741628e+01
4.012568751523717197e+02 4.020161410284993053e+02 9.539501485586139307e-01 3.011988955736160278e+01
5.000000000000000000e+02 5.000000000000000000e+02 0.000000000000000000e+00 3.001998519897460938e+01
6.000038863808317728e+02 6.000000000048187303e+02 7.772719462263101044e-03 3.001099874973296977e+01
7.000014373693795733e+02 7.000009188743990762e+02 1.557826189253281885e-03 3.018388830423355174e+01
8.000001996044641146e+02 8.000000603868307962e+02 3.183115734805860939e-04 3.019592419862747334e+01
9.864981366618765151e+02 9.500002804769171689e+02 1.071364441427728025e+02 3.009955784082412578e+01
1.000000030439013585e+03 1.000000028996688911e+03 2.133265096760679282e-05 3.095629119873046875e+01
1.100000168968644857e+03 1.100000099002014849e+03 1.844267457262711927e-04 3.093693765401840068e+01
1.200207953285613257e+03 1.200080949000892815e+03 2.072254082128232866e-01 3.100475521087646413e+01
1.345297806111964519e+03 1.300854401153419076e+03 4.948094078260884743e+01 3.098978309631347727e+01
1.400000628669150501e+03 1.400000406321233186e+03 6.369915135015822389e-04 3.028405915498733592e+01
