-1.400000000000000000e+03 -1.400000000000000000e+03 0.000000000000000000e+00 5.915440459251404093e+01
3.521068581062137582e+03 -2.242462329491887658e+02 5.443955786057459591e+03 5.938014414310455180e+01
-1.200000000000000000e+03 -1.200000000000000000e+03 0.000000000000000000e+00 5.913301299810409262e+01
-1.100000000000000000e+03 -1.100000000000000000e+03 0.000000000000000000e+00 5.917636115550995157e+01
-9.999999999999603233e+02 -9.999999999999859028e+02 4.967391530593879789e-11 5.922081279754638672e+01
-8.999996524381609788e+02 -8.999999988950455645e+02 1.201017424041968609e-03 5.924415900707244731e+01
-7.996633742595533931e+02 -8.000000000000000000e+02 8.504818463578021071e-01 5.925817840099334433e+01
-6.859966790296045929e+02 -6.799994800967144783e+02 9.167326841387197334e+00 5.917517869472503378e+01
-5.996489364405479137e+02 -5.999649111468961564e+02 3.891589052213363931e-01 5.997077444791793965e+01
-4.997416813524229724e+02 -4.999013582075555746e+02 3.164976484427789449e-01 5.927191444635391093e+01
-3.995522684243080676e+02 -4.000000000000000000e+02 4.949858811216393817e-01 5.931818510293960856e+01
-2.979603356961954432e+02 -2.990050409429067031e+02 2.121734273393223624e+00 5.933606810569763468e+01
-1.986173923571557793e+02 -1.980100818858134062e+02 1.348190899864490699e+00 5.933195735216141031e+01
-8.794667328594017874e+01 -9.968782674401859367e+01 2.997505770599651598e+01 5.918552824258804179e+01
1.821814418688882995e+02 1.585045405295465457e+02 7.269221823446594044e+01 5.915859866142272949e+01
2.006738276375128009e+02 2.003518202258406404e+02 7.564368178129927678e-01 5.941898944377899028e+01
3.016923752816995830e+02 3.020284808836523212e+02 8.367102010734361883e-01 5.928308540582656860e+01
4.022177581464687819e+02 4.023123843943948827e+02 8.584680627151816124e-01 5.930298259258270122e+01
5.000375004245491368e+02 5.000197293441220268e+02 4.887764230660025799e-02 5.924076879024505615e+01
6.000276842693242543e+02 6.000194318197550274e+02 1.964475931902936665e-02 5.925417253971099996e+01
7.600000000000000000e+02 8.000000000000000000e+02 4.898979485566356118e+01 5.931262345314026163e+01
8.264815909038801465e+02 8.000000000000000000e+02 7.961938323549537699e+01 5.929342620372771933e+01
1.036839795180685542e+03 1.013331798667627936e+03 1.180954084225960798e+02 5.931892820596694804e+01
1.020377393695548562e+03 1.003140002311699959e+03 2.976583128677440371e+01 6.008902775049209311e+01
1.116311045426946066e+03 1.100000000000000000e+03 2.853087346580180395e+01 6.013107954263686850e+01
1.209831853841219981e+03 1.200258041854945759e+03 2.341888516752260330e+01 6.018503830432891988e+01
1.370013208780668720e+03 1.400000000000000000e+03 5.115871171746910306e+01 6.019502694606781290e+01
1.435000000000000000e+03 1.400000000000000000e+03 4.769696007084728251e+01 6.162837724685668661e+01
