-1.400000000000000000e+03 -1.400000000000000000e+03 0.000000000000000000e+00 6.276311279535293863e+01
2.054800998987032472e+03 8.348834176154268789e+02 3.543896598344531412e+03 6.304706510305404521e+01
-1.200000000000000000e+03 -1.200000000000000000e+03 0.000000000000000000e+00 6.274211364984512329e+01
-1.100000000000000000e+03 -1.100000000000000000e+03 0.000000000000000000e+00 6.274440959692001485e+01
-9.999999999999942020e+02 -9.999999999999979536e+02 8.090038767749981881e-12 6.281669274568557881e+01
-9.000000000000000000e+02 -9.000000000000000000e+02 4.403072291788040526e-14 6.284038730859756328e+01
-8.000000000000000000e+02 -8.000000000000000000e+02 2.343714200843385575e-13 6.291166349649429179e+01
-6.920060293892667005e+02 -7.000000000000000000e+02 9.790616018156837796e+00 6.275993055105209351e+01
-5.997622801919549147e+02 -6.000000000000000000e+02 3.668327318788939251e-01 6.357933269739150717e+01
-4.999863148616874469e+02 -4.999926039596658711e+02 1.142095068459112427e-02 6.287743045091629313e+01
-4.000000000000000000e+02 -4.000000000000000000e+02 0.000000000000000000e+00 6.289985170364379741e+01
-2.998507561414360225e+02 -3.000000000000000000e+02 3.552714447781128992e-01 6.294417220354080200e+01
-1.996537371127500649e+02 -2.000000000000000000e+02 8.390357958512369985e-01 6.289798830747604086e+01
-9.897483503720204112e+01 -9.968782674401859367e+01 3.613512794129091876e+00 6.282696909904480265e+01
1.214882989287323483e+02 1.086907833480725003e+02 3.231340099207541527e+01 6.281233245134353638e+01
2.000942492588423534e+02 2.000000000000003979e+02 1.991841381483264450e-01 6.307784850597381876e+01
3.017507637103312845e+02 3.020227481771768225e+02 7.351932920328910770e-01 6.287064125537872172e+01
4.016493721345499353e+02 4.020504783736028003e+02 8.552760021100607180e-01 6.288004410266876221e+01
5.000093714384555597e+02 5.000000000000000000e+02 1.304040994153860163e-02 6.276532474756240987e+01
6.000165170467919324e+02 6.000194318197550274e+02 6.938547500843658851e-03 6.275237034559249594e+01
7.550000000000056843e+02 8.000000000000000000e+02 4.974937185532606065e+01 6.300967000722884848e+01
8.081321407224020277e+02 8.000000000000000000e+02 2.510128278334790863e+01 6.300831084251403524e+01
1.014094498790777493e+03 9.787674183290345127e+02 1.210695281951400091e+02 6.296225930452347086e+01
1.000947613389419303e+03 1.000000000000000000e+03 4.130551002016378703e+00 6.371699359416961528e+01
1.103573051507496302e+03 1.100000000000000000e+03 1.557457044123391476e+01 6.373196394443512247e+01
1.200390214935046743e+03 1.200080948985142413e+03 9.307764055506234646e-01 6.374191854000091695e+01
1.353551892460122644e+03 1.351582871117570676e+03 5.248709714492648715e+01 6.373566594123840190e+01
1.410000000000014552e+03 1.400000000000000000e+03 2.999999999999510081e+01 6.313432835340499594e+01
