-1.400000000000000000e+03 -1.400000000000000000e+03 0.000000000000000000e+00 5.554749640226363994e+01
3.137362431676110646e+03 3.304533527310821228e+03 3.482539951164823378e+03 5.579432135820388794e+01
-1.200000000000000000e+03 -1.200000000000000000e+03 0.000000000000000000e+00 5.548750240802765177e+01
-1.100000000000000000e+03 -1.100000000000000000e+03 0.000000000000000000e+00 5.556924220323562480e+01
-9.999999999999890861e+02 -9.999999999999963620e+02 1.455051628011188486e-11 5.560068275928497172e+01
-9.000000000000000000e+02 -9.000000000000000000e+02 1.296229385274202799e-13 5.560019874572753906e+01
-7.999999999999956799e+02 -7.999999999999997726e+02 9.919885072705887713e-12 5.568477095365524576e+01
-6.939997476678374824e+02 -6.999999999999984084e+02 9.165536842787902927e+00 5.559816290140152262e+01
-5.998500178712388333e+02 -6.000000000000000000e+02 2.999642575221997953e-01 5.640427415370940878e+01
-4.999619020158380636e+02 -4.999716452271962908e+02 3.456567187060340107e-02 5.560733915567398356e+01
-4.000000000000000000e+02 -4.000000000000000000e+02 0.000000000000000000e+00 5.573568850755691528e+01
-2.999502520471453408e+02 -3.000000000000000000e+02 2.168462991415098240e-01 5.574289380311965658e+01
-1.997197817388050112e+02 -2.000000000000000000e+02 8.731472067288758021e-01 5.572649954557418539e+01
-9.528979031551095602e+01 -9.984391337200929684e+01 1.651560353133451287e+01 5.561366480588912964e+01
1.132179138249447021e+02 1.004682598839721095e+02 2.750886796203044682e+01 5.561197289228439189e+01
2.000925974183068092e+02 2.000000000000061959e+02 1.963188789910880472e-01 5.593942130804062174e+01
3.017521851513100728e+02 3.020227481771768225e+02 7.390578277533361717e-01 5.565999145507812784e+01
4.017115613709960371e+02 4.020553569209711213e+02 7.935210113912561924e-01 5.568811224699020102e+01
5.000044418905318935e+02 5.000000000000000000e+02 7.939758376976517595e-03 5.554038715362548828e+01
6.000136022738287238e+02 6.000194318197550274e+02 8.904778491815125430e-03 5.557643859386443808e+01
7.350000000004188223e+02 7.000000000001372200e+02 4.769696007054062648e+01 5.581324764490127421e+01
8.074573564401480326e+02 8.000000000000003411e+02 2.464509188680035479e+01 5.579474984407424643e+01
1.008447916476139881e+03 9.499945941786222647e+02 1.221044759572111360e+02 5.574861871004104330e+01
1.001261615997146464e+03 1.000000000000000455e+03 4.165789929895990618e+00 5.655775674581527568e+01
1.110000000000007049e+03 1.100000000000001819e+03 2.999999999999783284e+01 5.655993854999542236e+01
1.200400626688785906e+03 1.200080948985142413e+03 9.390634156368838914e-01 5.663144514560699605e+01
1.363155403324111376e+03 1.400000000000000000e+03 5.068857500549034967e+01 5.659767324924469278e+01
1.415000000000914724e+03 1.400000000000048658e+03 3.570714214258833152e+01 5.587061815261840536e+01
