1.953962024764202852e+03 2.018775679724557222e+03 2.657876737565134704e+02 9.775707197904587247e+02
6.919493416868798435e+07 6.591576522303669155e+07 1.720062402978779376e+07 9.762854149460792996e+02
6.535001708972270966e+09 6.559789277200420380e+09 8.057352823972686529e+08 9.778057373523712386e+02
1.006760076769177795e+04 9.795710432295580176e+03 1.606507873412431309e+03 9.798058799028397061e+02
-3.627072712774040042e+02 -3.498750492497852065e+02 9.446576538740393403e+01 9.747677255511283647e+02
-6.923482622548400514e+02 -6.940745563026682703e+02 1.837737923543425467e+01 9.693270682454109419e+02
-7.301332983816935212e+02 -7.305137710806250197e+02 7.669782187120060435e+00 9.853225785493850708e+02
-6.790782198972807464e+02 -6.790839893798267894e+02 4.886457809314394968e-02 9.779228348016738437e+02
-5.604580493723622112e+02 -5.604311986710354176e+02 9.516493898000165652e-01 1.087580502593517394e+03
5.262242772526178669e+00 4.303361174384917831e+00 5.573501879650721946e+01 9.807258122563362122e+02
-1.858426384878220858e+02 -1.843586506857180609e+02 1.104241376461106761e+01 9.809071360468864214e+02
-3.324971082985466353e+01 -3.322338455127027146e+01 1.070964923802628377e+01 9.862162041068077087e+02
4.993158743008083178e+01 4.981626949852361008e+01 1.527661495089851407e+01 9.855765501499175798e+02
5.140103120125453643e+03 5.107082121995748821e+03 3.031259639654877560e+02 9.598272854566573642e+02
7.312050015475890177e+03 7.273375667251330015e+03 2.180513014748951548e+02 9.792630559563637007e+02
2.025329279200941528e+02 2.025599826313736003e+02 2.609920216487254807e-01 1.011513267099857330e+03
6.807026102374088623e+02 6.830312615536987551e+02 1.881710089015461307e+01 9.849295934557915189e+02
7.952031256641500931e+02 7.920259031716582285e+02 1.501491141671992402e+01 9.863092453956603549e+02
5.639259623336201912e+02 5.617220495745791595e+02 8.045074591517876073e+00 9.781976909518241428e+02
6.126448629585053141e+02 6.126556562809635125e+02 2.240436591465317095e-01 9.716496168494225003e+02
1.837100524260211841e+03 1.866381502104590254e+03 8.569642779444886571e+01 9.877669833540916215e+02
6.305380435732838123e+03 6.375433329321760539e+03 3.113280743931621259e+02 9.779327517509460677e+02
8.059952297518498199e+03 8.080829175946163559e+03 2.989272086354731073e+02 9.867204482555389404e+02
1.284079687194521739e+03 1.282711221098863462e+03 7.084455252538805148e+00 1.090606916105747132e+03
1.389154572614308336e+03 1.388959487201641650e+03 7.840335842848575432e+00 1.085371719253063247e+03
1.443948228401802908e+03 1.406753877544764237e+03 7.516376993545642904e+01 1.105592088747024491e+03
2.561657283397667015e+03 2.595246052343844894e+03 8.078658819132780877e+01 1.099391090440750077e+03
3.149101194006952937e+03 3.162508475199954319e+03 6.819697672849355286e+01 9.959280699968337558e+02
