-1.400000000000000000e+03 -1.400000000000000000e+03 0.000000000000000000e+00 3.064685135960579032e+02
3.284483602838534862e+05 3.758393692186208791e+05 1.443567215723515837e+05 3.057178930521011466e+02
4.006768243376912177e+07 7.947750726777931675e+06 1.041326997331556976e+08 3.051161025047302360e+02
2.628613875636832745e+04 1.785153390537086671e+04 1.788288168460993256e+04 3.048050227046012992e+02
-9.999999999999336069e+02 -9.999999999999424745e+02 2.915741600059639125e-11 3.072862295985221976e+02
-8.867454741562602294e+02 -8.901874399837233796e+02 1.732588180301467062e+01 3.038811130046844369e+02
-6.956134467559128325e+02 -7.012716624700983630e+02 5.516298186844893792e+01 3.075182594418525923e+02
-6.795897143167096601e+02 -6.795801728685801208e+02 1.132700970888400743e-01 3.040420086026191484e+02
-5.922716634205776245e+02 -5.918150393828046845e+02 1.343084237663007219e+00 3.258217643499374390e+02
-4.973157675411920309e+02 -4.977191637255274941e+02 1.636952947381122625e+00 3.076841736555099374e+02
-3.999502520471453408e+02 -4.000000000000000000e+02 2.168462991415098240e-01 3.082994919538497811e+02
-2.476652261175595982e+02 -2.544517133109753786e+02 1.809125745635338234e+01 3.078896317958831901e+02
-1.397231183249458297e+02 -1.482655037407607495e+02 2.372389854899716255e+01 3.030781643509864693e+02
-4.378158871057824086e+01 -8.225778388552680553e+01 6.970145198472599191e+01 3.060491434097290266e+02
1.321727053677349204e+03 1.338864319090897197e+03 4.539218724045740601e+02 3.050697294473648071e+02
2.007002540380781568e+02 2.005786511008291768e+02 3.851199280105357947e-01 3.133071330547332991e+02
3.087532253102846767e+02 3.101846870771940416e+02 3.582690849881773776e+00 3.073913954973220939e+02
4.405623745798502569e+02 4.348939639370435657e+02 1.613760739774081543e+01 3.058303830981254805e+02
5.004752205986478657e+02 5.004669102602568955e+02 1.740306492248764048e-01 3.044336133480072135e+02
6.038704032731471898e+02 6.040263699548846716e+02 4.817823474083575142e-01 3.052583312988281250e+02
9.900000000000000000e+02 1.000000000000000000e+03 4.358898943540673798e+01 3.067532352566719283e+02
9.497303505179700096e+02 9.422172979731310534e+02 8.481479204173555786e+01 3.072757664561271440e+02
2.494947713487916189e+03 2.501331880105166874e+03 4.345648225677849155e+02 3.083873736023903120e+02
1.223465583146998370e+03 1.223783271709878363e+03 3.731533979810923274e+00 3.271998070955276603e+02
1.321712340490881161e+03 1.320709711020524992e+03 5.000665640994027328e+00 3.272220603942870980e+02
1.448190234889399107e+03 1.400130596267151759e+03 6.835370848840315716e+01 3.282041882514953386e+02
1.887896204014464729e+03 1.903106554170980644e+03 5.872196917339380917e+01 3.277935032963752633e+02
1.808892524960882611e+03 1.700000000000000000e+03 1.898777917259261301e+02 3.102827664971351851e+02
