-1.400000000000000000e+03 -1.400000000000000000e+03 0.000000000000000000e+00 4.710699537515640145e+02
1.475633037208796595e+05 1.593334275450402638e+05 5.750464183579902601e+04 4.715143129944801217e+02
2.302013216236115247e+07 5.346533790637059137e+05 7.854081714072208107e+07 4.713057026505470049e+02
4.906847985879309817e+03 3.810925764364514635e+03 3.568899742132032770e+03 4.719537088990211373e+02
-9.999999982992643481e+02 -9.999999988799042967e+02 1.725412105920888717e-06 4.706892988443374861e+02
-8.916086528951461787e+02 -8.901874769960163576e+02 3.384829006213980307e+00 4.706101934552192461e+02
-7.624596664156854331e+02 -7.692607590478990005e+02 2.547273969139195060e+01 4.716537197947502023e+02
-6.797052588642580986e+02 -6.796832891913289814e+02 8.539401472603831700e-02 4.705696882486343497e+02
-5.945596681975258662e+02 -5.948472739759002934e+02 1.470971983935091210e+00 4.841269477009773254e+02
-4.993306960764689393e+02 -4.994553026408711389e+02 3.722481101584939056e-01 4.708302963018417131e+02
-3.995522684243080676e+02 -4.000000000000000000e+02 6.655822470349980202e-01 4.713311479091644287e+02
-2.676042005808042745e+02 -2.692893042225688305e+02 1.006119454753258680e+01 4.712358078479766732e+02
-1.563462866246959209e+02 -1.585830227465977487e+02 1.628315716629213838e+01 4.708206720471382027e+02
-1.014996619874293593e+01 -5.242044045620150428e+01 8.146984184280982788e+01 4.711278903961181754e+02
1.222159529406224010e+03 1.194391616271896737e+03 2.658153101161772156e+02 4.707082179546356429e+02
2.003444480540440509e+02 2.003241454235030119e+02 1.590162977982327863e-01 4.743576787471771468e+02
3.087082917313521762e+02 3.105851647587659272e+02 3.900845512120338476e+00 4.706168026447296029e+02
4.283698300950005660e+02 4.267860061501211248e+02 7.874949760104485996e+00 4.712272793054580688e+02
5.005438911050735555e+02 5.005698570792303030e+02 2.321812055656642115e-01 4.709105823397636641e+02
6.034114099296236873e+02 6.036716999229938665e+02 7.348904976574834880e-01 4.711827237963676680e+02
9.900000018342783505e+02 1.000000000754573534e+03 4.358898944049619217e+01 4.713600118517875899e+02
9.437862843938362403e+02 9.559005757434235875e+02 6.755698720491905362e+01 4.720176922440529097e+02
2.068173968173352932e+03 2.071634479324209678e+03 3.068227186638611101e+02 4.719541478037834281e+02
1.213672595197074770e+03 1.216764776986039806e+03 1.762727261938425727e+01 4.854452823519706612e+02
1.316334200312220446e+03 1.317406281348898347e+03 4.444141567911421120e+00 4.855135299563407898e+02
1.398128637107115992e+03 1.400028797330290217e+03 5.782936525253627735e+01 4.867729187488556022e+02
1.834978586096309300e+03 1.839558118759905710e+03 5.742820826804321399e+01 4.859701196432113761e+02
1.721718938305527900e+03 1.700000002258770110e+03 9.467064438864770182e+01 4.726478009462356340e+02
