-1.400000000000000000e+03 -1.400000000000000000e+03 0.000000000000000000e+00 5.688494565486907817e+01
1.375613459825716291e+03 -3.828848495507785969e+02 3.245240204974057633e+03 5.707549805641174601e+01
-1.200000000000000000e+03 -1.200000000000000000e+03 0.000000000000000000e+00 5.696723529100417949e+01
-1.100000000000000000e+03 -1.100000000000000000e+03 0.000000000000000000e+00 5.697982269525527954e+01
-9.999999999972627620e+02 -9.999999999999674856e+02 8.115159998071175207e-09 5.694340065717697286e+01
-9.000000000000000000e+02 -9.000000000000000000e+02 0.000000000000000000e+00 5.695502239465713501e+01
-7.999999999655603915e+02 -7.999999999932580295e+02 6.251043412304808709e-08 5.693288000822067119e+01
-6.929998678554844673e+02 -6.999999999577537437e+02 9.539572021452874750e+00 5.688865360021591044e+01
-5.999625032291348816e+02 -5.999999999828735326e+02 1.634389527763487893e-01 5.782158374786376953e+01
-4.999822450685426816e+02 -4.999901353279390150e+02 1.241887443557162553e-02 5.691827805042267130e+01
-4.000000000000000000e+02 -4.000000000000000000e+02 0.000000000000000000e+00 5.705129940509796427e+01
-2.998507561414360225e+02 -3.000000000000000000e+02 3.552714447781128992e-01 5.702895920276641561e+01
-2.000000000000000000e+02 -2.000000000000000000e+02 2.009718347115232213e-14 5.706966469287872457e+01
-9.990634802320553831e+01 -9.999999999999988631e+01 1.430557575475620291e-01 5.694627285003662109e+01
1.110993304820770362e+02 1.003121732559814063e+02 2.552745509305349714e+01 5.693878124952316000e+01
2.000243416364282893e+02 2.000000000433286687e+02 1.055737198698872559e-01 5.723150135278702066e+01
3.013255356767805324e+02 3.020196854182017887e+02 9.717776834283352594e-01 5.696321589946747110e+01
4.014536024637797027e+02 4.020302166380690210e+02 9.578442354285775506e-01 5.698115354776382446e+01
5.000054255696310861e+02 5.000000000000000000e+02 1.227150929796015991e-02 5.701871104240417765e+01
6.000136022738287238e+02 6.000194318197550274e+02 8.904778491815125430e-03 5.700066934823989584e+01
7.150000000903920636e+02 7.000000000620457286e+02 3.570714210481517625e+01 5.705863465070724772e+01
8.100000000057259513e+02 8.000000000026016096e+02 4.358898943429245065e+01 5.706930905580520630e+01
1.009349592664163765e+03 9.500000000284010184e+02 1.226970403033239165e+02 5.703724859952926352e+01
1.000157000020357032e+03 1.000000000001812850e+03 6.843472113124012823e-01 5.800873249769210815e+01
1.100000000010280928e+03 1.100000000001741228e+03 1.859959008849033548e-08 5.800660195350646831e+01
1.200609626064181612e+03 1.200080948985142413e+03 1.254960717970960982e+00 5.808943190574645854e+01
1.351145655379000345e+03 1.352170892997051624e+03 4.997719537645058807e+01 5.806899430751800395e+01
1.400000000099927774e+03 1.400000000028383965e+03 1.789736328000153530e-07 5.717106084823608114e+01
