-1.400000000000000000e+03 -1.400000000000000000e+03 0.000000000000000000e+00 5.657231560945511006e+01
3.730912485327343347e+03 3.514840229741247185e+03 4.155748111191012867e+03 5.681611980199814127e+01
-1.200000000000000000e+03 -1.200000000000000000e+03 0.000000000000000000e+00 5.651347275972366191e+01
-1.100000000000000000e+03 -1.100000000000000000e+03 0.000000000000000000e+00 5.657269960641860962e+01
-9.999999999999836291e+02 -9.999999999999936335e+02 2.284954133548065943e-11 5.663177244663238241e+01
-8.999999999999997726e+02 -9.000000000000000000e+02 6.164301208503256737e-13 5.664064204692840576e+01
-7.999999999999506599e+02 -8.000000000000000000e+02 1.444417133309790751e-10 5.672261580228805400e+01
-6.940794241064500056e+02 -6.999999999999990905e+02 9.049687811550203520e+00 5.661448235511780069e+01
-5.998875134034291250e+02 -6.000000000000000000e+02 2.677716595270088207e-01 5.745536944866180562e+01
-4.999808883065895202e+02 -4.999901353279390150e+02 2.495466803453657775e-02 5.669546730518341349e+01
-3.999502520471453408e+02 -4.000000000000000000e+02 2.168462991415098240e-01 5.675302854776382588e+01
-2.999005040942906817e+02 -3.000000000000000000e+02 2.984877171279891050e-01 5.675675129890441895e+01
-1.998972022548813925e+02 -2.000000000000000000e+02 4.480849825959483113e-01 5.673722790479659750e+01
-9.985952203480836431e+01 -1.000000000000000000e+02 1.840234204065785140e-01 5.665829474925995157e+01
1.181336657972137800e+02 1.006243465119628127e+02 2.406706970817680968e+01 5.665386759042739584e+01
2.000809748707451377e+02 2.000000000000043201e+02 2.145731768532413708e-01 5.690806555747985840e+01
3.015401238583521604e+02 3.020197639804966911e+02 8.886155839883130847e-01 5.670178509950638102e+01
4.015599304322398666e+02 4.020370336225784058e+02 8.781824920359408981e-01 5.669337275028228618e+01
5.000024724263606117e+02 5.000000000000000000e+02 5.298114324344656637e-03 5.658125029802322103e+01
6.000136022738286101e+02 6.000194318197550274e+02 8.904778491815127164e-03 5.659472050666808940e+01
7.450000000009497398e+02 7.000000000094098596e+02 4.974937185447436860e+01 5.681951619386673258e+01
8.081321407224712630e+02 8.000000000000001137e+02 2.510128278332544127e+01 5.682335865497589111e+01
1.051297797685361729e+03 1.054646479313126747e+03 1.212817354660058982e+02 5.666055419445037700e+01
1.000157000014186110e+03 1.000000000000000682e+03 6.843471959224601830e-01 5.760907294750213481e+01
1.105000000000001592e+03 1.100000000000000227e+03 2.179449471770320912e+01 5.763708975315093852e+01
1.200166756356655242e+03 1.200000000000000000e+03 2.500383253680864004e-01 5.767457740306853964e+01
1.334743890225786799e+03 1.303046832884668675e+03 5.147321575184524534e+01 5.766971344947815226e+01
1.400000000000342880e+03 1.400000000000004093e+03 1.238464105652376739e-09 5.689974129199981689e+01
