-1.400000000000000000e+03 -1.400000000000000000e+03 0.000000000000000000e+00 6.568851175308228107e+01
1.463182318595225979e+03 5.719290812505827262e+02 3.241489635684310542e+03 6.591162644624709799e+01
-1.200000000000000000e+03 -1.200000000000000000e+03 0.000000000000000000e+00 6.575089374780654339e+01
-1.100000000000000000e+03 -1.100000000000000000e+03 0.000000000000000000e+00 6.574573794603347210e+01
-9.999999999957760792e+02 -9.999999999999423608e+02 1.038784635101132088e-08 6.572911459207534790e+01
-9.000000000000000000e+02 -9.000000000000000000e+02 0.000000000000000000e+00 6.578875819444655804e+01
-7.999999997551362867e+02 -7.999999999444318064e+02 5.540521840364878462e-07 6.579596949815750406e+01
-6.969999544710072996e+02 -6.999999999525580279e+02 7.141536056964256751e+00 6.575409184694289877e+01
-5.997997692039418780e+02 -5.999999881332148561e+02 3.505229097183254483e-01 6.649481675624846844e+01
-4.999845882977339784e+02 -4.999926039596651890e+02 2.677617757574021068e-02 6.578080154657364176e+01
-3.999502520471453408e+02 -4.000000000000000000e+02 2.168462991415065766e-01 6.583885840177535442e+01
-2.998507561414359657e+02 -3.000000000000000000e+02 3.552714447780997986e-01 6.585944439172745035e+01
-2.000000000000000000e+02 -2.000000000000000000e+02 6.355287432313018708e-15 6.588826020956039997e+01
-9.990634802316161256e+01 -9.999999999999982947e+01 1.430557576142361120e-01 6.577236075401306437e+01
1.069068363413513509e+02 1.003121732559820884e+02 1.746676663349882830e+01 6.579133429527283283e+01
2.000244572658132256e+02 2.000000001572541350e+02 1.055482564738175616e-01 6.598219875097274212e+01
3.009159075381330126e+02 3.000099994934203096e+02 1.007596556353515638e+00 6.576779805421828939e+01
4.013796845136963611e+02 4.020209128859915495e+02 9.384054007805291420e-01 6.581854170560836792e+01
5.000039458688244736e+02 5.000000000000000000e+02 7.891737648810704178e-03 6.585455695390700726e+01
6.000145738648163842e+02 6.000194318197550274e+02 8.414224774807013349e-03 6.583758189678192707e+01
7.150000018633958234e+02 7.000000005847003877e+02 3.570714138430195561e+01 6.587105225324630453e+01
8.000000000631271178e+02 8.000000000139425538e+02 1.895613448566192853e-07 6.588473904132843018e+01
1.014747056319466310e+03 1.000000000002856723e+03 1.173598094108530603e+02 6.580917406082153320e+01
1.005947616021740373e+03 1.000000000010729764e+03 2.196782611819682529e+01 6.663314255475998493e+01
1.105000000071163413e+03 1.100000000033102424e+03 2.179449470566573765e+01 6.663820949792861370e+01
1.200398309833568874e+03 1.200080948985144914e+03 9.276944340610995265e-01 6.671092535257339762e+01
1.381894711527630761e+03 1.400000000002045908e+03 4.038082556558345004e+01 6.668155344724655720e+01
1.410000001749338253e+03 1.400000000480590415e+03 2.999999942296440025e+01 6.594460195302963257e+01
