-1.400000000000000000e+03 -1.400000000000000000e+03 0.000000000000000000e+00 2.737294239044189226e+02
6.514954056667363329e+04 5.816615019562574162e+04 4.068995624536152900e+04 2.923179725050925981e+02
-1.061969730339953458e+03 -1.199999999999960664e+03 6.007723582618571072e+02 2.879452673912048226e+02
1.479221882377544898e+04 1.308037064386210113e+04 7.875593404289847967e+03 2.917447286009788741e+02
-9.999998813404290559e+02 -9.999998835050130310e+02 3.206956088763697520e-05 2.919109936475753670e+02
-8.906700052795606553e+02 -8.901875770780859511e+02 2.102855911635939101e+00 2.904716495990753060e+02
-7.993564122408939738e+02 -7.999997860224493706e+02 2.433027125436297400e+00 2.866545446038246041e+02
-6.796577524903299263e+02 -6.796448227519783813e+02 7.952947687696444723e-02 2.852421567559242135e+02
-5.952324221551249366e+02 -5.940276711976720208e+02 3.268329729331477917e+00 3.097708790063858260e+02
-4.999254605900044339e+02 -4.999311020172644930e+02 3.854612685449997078e-02 2.781778907537460555e+02
-3.953236934392253374e+02 -3.960201637716268124e+02 2.377513388087892476e+00 2.769757542610168457e+02
-2.903489039472507898e+02 -2.915428530525260840e+02 4.783046326779933466e+00 2.777736207485198747e+02
-1.811639060344189716e+02 -1.836303854789536558e+02 1.045377810044982425e+01 2.793182709455489885e+02
7.008113154633220176e+01 5.677148891243996331e+01 1.044736470469695035e+02 2.750592966556549186e+02
1.033802658587727365e+03 1.042568715033914714e+03 4.181707079949394483e+02 2.818672351479530107e+02
2.009429716963115311e+02 2.010208773638591708e+02 4.251885324923722620e-01 2.938468429446220398e+02
3.142158853543315900e+02 3.141760767413518352e+02 1.465241557959583218e+00 2.767886587023734819e+02
4.161749308620493366e+02 4.158722483524041991e+02 2.280734500723286651e+00 2.830338644027709734e+02
5.006371179680569981e+02 5.006488657277181460e+02 1.602287583183387154e-01 2.887287382006645089e+02
6.033633088987373867e+02 6.034786001739685162e+02 3.676800612038512162e-01 2.916494222044944991e+02
1.000000000000000227e+03 1.000000000000000227e+03 7.190186943645083856e-14 2.825178069949150199e+02
1.071127785564699479e+03 1.074927403559731374e+03 8.179259036635362179e+01 2.792172972559928894e+02
1.801593963406722423e+03 1.878037207733041669e+03 3.082196636438668520e+02 2.845341721534729231e+02
1.209672767055406894e+03 1.209332705017761782e+03 3.993730508018726422e+00 3.111014748454093706e+02
1.310665781120825613e+03 1.309871227482601171e+03 4.352102433089840794e+00 3.110292999982833635e+02
1.411509424372862668e+03 1.400023227896195067e+03 3.446185242622212996e+01 3.130645088434219474e+02
1.806554892925927561e+03 1.818635783572427954e+03 4.988783168569877091e+01 3.099352449536323775e+02
1.700000000000000000e+03 1.700000000000000455e+03 3.294957593013677839e-13 2.857660923600196838e+02
