-1.400000000000000000e+03 -1.400000000000000000e+03 1.607774677692185771e-13 8.180794139027595975e+02
4.026480621948332991e+05 3.907001602355672512e+05 1.572123725399763207e+05 8.366798786997794650e+02
4.714731553685716353e+06 4.749417190884669544e+05 7.713549823579067364e+06 8.377124796509742737e+02
8.609283947723142774e+03 9.244922984421013098e+03 2.741573502442832250e+03 8.401202949047088850e+02
-9.999998384918930014e+02 -9.999998353669311655e+02 2.365094262474928835e-05 8.289748821020126570e+02
-8.877969562872610823e+02 -8.902990445105613162e+02 5.974542728202506758e+00 8.274170119047164462e+02
-7.971724625759802620e+02 -7.969845938080675296e+02 2.036412087216075140e+00 8.247929361939429782e+02
-6.790359446600984938e+02 -6.790234065488776878e+02 3.642637451980038077e-02 8.221443940997123718e+02
-5.870993236016488481e+02 -5.876575182709025285e+02 3.444343305794773435e+00 9.585443155050277255e+02
-4.999870602518018927e+02 -4.999889096277098588e+02 8.132066631603084364e-03 8.274241093993186951e+02
-3.679126001477773116e+02 -3.706487254481146465e+02 1.015575190503517078e+01 8.215502258539199829e+02
-2.648455706777180012e+02 -2.656739352004673265e+02 7.534612709586084200e+00 8.279226034045219649e+02
-1.209107836124898085e+02 -1.253893614212155825e+02 2.598307538626637481e+01 8.336427342057228316e+02
1.260842394461062440e+03 1.225955200790227536e+03 3.544679469367525826e+02 8.172160421967506636e+02
4.169632172418521805e+03 4.029294542425360305e+03 7.568975970828870459e+02 8.122606562018394243e+02
2.016391234979175238e+02 2.016057941320158875e+02 3.896642190864479383e-01 8.756629181981086276e+02
3.556601053072789682e+02 3.571422924659265163e+02 1.026321944261104768e+01 8.073245023012161710e+02
4.542136571413196293e+02 4.556248882982657733e+02 1.235093148792962481e+01 8.358059799432754744e+02
5.028623655626482218e+02 5.024109577261909863e+02 8.550760055778597879e-01 8.310999673008918762e+02
6.111530153590754253e+02 6.111120492226208398e+02 1.160201375856456441e+00 8.353017992496490933e+02
9.721576883256057044e+02 1.000000000000065711e+03 6.123279941266941506e+01 8.398066371917724382e+02
2.187414755990209414e+03 2.165191497511350917e+03 3.130410249708396009e+02 8.339485584974288486e+02
4.365665843491218766e+03 4.411111697661548533e+03 6.097020157849761972e+02 8.360586885452270280e+02
1.241835771267892142e+03 1.240198939140582752e+03 8.031132444816879712e+00 9.687051818966865540e+02
1.349799485785604247e+03 1.349705036923158332e+03 5.271157100582059662e+00 9.687892140030860446e+02
1.472686180488962691e+03 1.521803850178609991e+03 6.588645364550964700e+01 9.761402716517447971e+02
1.943247672033121034e+03 1.941684236811217943e+03 8.097268851005203771e+01 9.729654599547386624e+02
1.700000000000132331e+03 1.700000000000109139e+03 9.307122793447610865e-11 8.570488697528838884e+02
