-1.400000000000000000e+03 -1.400000000000000000e+03 0.000000000000000000e+00 6.391118434667587422e+01
3.698733672929829481e+03 2.326997336777368673e+03 4.714247117552525197e+03 6.414514179229736612e+01
-1.200000000000000000e+03 -1.200000000000000000e+03 0.000000000000000000e+00 6.390220810174942301e+01
-1.100000000000000000e+03 -1.100000000000000000e+03 0.000000000000000000e+00 6.394816310405731485e+01
-9.999999999999724878e+02 -9.999999999999881766e+02 3.562359418276593354e-11 6.404149969816208454e+01
-8.999999985670890510e+02 -8.999999999999358806e+02 6.045870267735854614e-06 6.401247640848160358e+01
-7.999999497859987514e+02 -8.000000000000000000e+02 9.019762461161846682e-05 6.402475185394287394e+01
-6.909981847873235665e+02 -7.000000000000000000e+02 9.951881345393651657e+00 6.395340335369110107e+01
-5.996358917341942742e+02 -5.998652886244349247e+02 3.923705598425451524e-01 6.472364540100097940e+01
-4.997679446826689968e+02 -4.998150497201864368e+02 2.628016923109474656e-01 6.402180340290070149e+01
-3.998010081885813634e+02 -4.000000000000000000e+02 3.979836228373188622e-01 6.408695110082626911e+01
-2.984080662643236224e+02 -2.985075614143600546e+02 1.385816123763252916e+00 6.408898035287856487e+01
-1.983596033245569288e+02 -1.979770634917204291e+02 1.290638539000941165e+00 6.409311029911040691e+01
-9.435827732950743041e+01 -9.968782674401859367e+01 1.342496844465038031e+01 6.396713355779647969e+01
1.573871951998381178e+02 1.581923672735651962e+02 5.756972069531338576e+01 6.393036634922027872e+01
2.007370880643791793e+02 2.003606278172404700e+02 9.288600375908084850e-01 6.418283895254134563e+01
3.018516571935182355e+02 3.020435589916430672e+02 6.164082435856657050e-01 6.400957185029983521e+01
4.018823851291236338e+02 4.021570539722408739e+02 1.182021758223944730e+00 6.403782285451889322e+01
5.000372202515781055e+02 5.000197293441220268e+02 5.235597220126775309e-02 6.401078979969024374e+01
6.000233643740185698e+02 6.000194318197550274e+02 3.128725240051785650e-02 6.392299789190292358e+01
7.900000000000000000e+02 8.000000000000000000e+02 3.000000000000000000e+01 6.405209640264510540e+01
8.430184022983219165e+02 8.000000000000000000e+02 5.707121997520672352e+01 6.405304354429244995e+01
1.077058711129885523e+03 1.073328122301357553e+03 1.052226455085399834e+02 6.413080585002899170e+01
1.011371999885630771e+03 1.003140000283507561e+03 2.523519366334288705e+01 6.483928710222244263e+01
1.134164878050936068e+03 1.116659487309638735e+03 4.361359816022499558e+01 6.485300059318542765e+01
1.212491802313378230e+03 1.200435134724740237e+03 1.736446570761631492e+01 6.494459944963455200e+01
1.374805432114542782e+03 1.400000000000000000e+03 5.713857491117110499e+01 6.489440159797668173e+01
1.420000000000000000e+03 1.400000000000000000e+03 4.000000000000000000e+01 6.764156019687652588e+01
