-1.400000000000000000e+03 -1.400000000000000000e+03 0.000000000000000000e+00 5.863670800924300863e+01
3.403153690585898403e+03 1.510348747463493737e+03 4.491351721485177222e+03 5.865091135501861430e+01
-1.200000000000000000e+03 -1.200000000000000000e+03 0.000000000000000000e+00 5.862850885391235067e+01
-1.100000000000000000e+03 -1.100000000000000000e+03 0.000000000000000000e+00 5.861974840164184286e+01
-9.999999999999856755e+02 -9.999999999999914735e+02 1.662949336896352426e-11 5.869575459957123087e+01
-8.999999999999985221e+02 -9.000000000000000000e+02 4.945965441301493458e-12 5.860452939271927164e+01
-7.999999494215983304e+02 -8.000000000000000000e+02 2.139557829157569583e-04 5.861618450880050801e+01
-6.910010518736014546e+02 -6.999999999999995453e+02 9.948712885456385990e+00 5.859254804849624776e+01
-5.998125219860495463e+02 -6.000000000000000000e+02 3.247206302514566989e-01 5.936474814414977885e+01
-4.999325514140581390e+02 -4.999728746156046100e+02 9.735680979827271431e-02 5.869333634376526021e+01
-4.000000000000000000e+02 -4.000000000000000000e+02 0.000000000000000000e+00 5.876567120552063272e+01
-2.993532766128894309e+02 -2.990050409429067031e+02 5.693913456781057869e-01 5.879225020408630087e+01
-1.991768017410018956e+02 -2.000000000000000000e+02 1.904767433240359908e+00 5.874713435173034526e+01
-9.895922637440297365e+01 -9.968782674401859367e+01 3.680145535989934213e+00 5.863620560169219686e+01
1.524266425409517183e+02 1.170693934401635943e+02 6.659576270595051994e+01 5.859281485080718710e+01
2.000008424574821504e+02 2.000000000000023874e+02 3.182282403446293987e-03 5.881444870233535482e+01
3.015227485910419887e+02 3.020211382353943463e+02 8.746665567298222976e-01 5.870674954652785971e+01
4.018493805310404241e+02 4.021457293668521515e+02 8.602632499995540583e-01 5.871488685607910440e+01
5.000162801791345260e+02 5.000197293441220268e+02 1.629028732206715471e-02 5.866890474557876445e+01
6.000202394543027822e+02 6.000194318197550274e+02 1.372760427753669590e-02 5.867966334819793417e+01
7.700000000000000000e+02 8.000000000000000000e+02 4.582575694955836099e+01 5.869192079305648946e+01
8.162633555888148749e+02 8.000000000000000000e+02 3.305867400740857676e+01 5.868673379421234415e+01
1.008068554759518747e+03 9.000000000000004547e+02 1.283613673450290094e+02 5.870999114513396933e+01
1.005628000444558324e+03 1.000000000000000000e+03 2.168634440812651931e+01 5.949240590333938883e+01
1.115000000000000000e+03 1.100000000000000000e+03 3.570714214271422549e+01 5.949764324426651285e+01
1.208001532482073571e+03 1.200080948985142413e+03 2.269374669771103115e+01 5.960661835670471476e+01
1.371634156743550420e+03 1.400000000000000000e+03 4.778148438482749327e+01 5.955479525327682211e+01
1.435000000000000227e+03 1.400000000000000227e+03 4.769696007084711908e+01 5.885173804759979532e+01
