-1.400000000000000000e+03 -1.400000000000000000e+03 0.000000000000000000e+00 2.188891500234603882e+01
3.748578454718969624e+03 1.656805519672146829e+03 4.986063378010585438e+03 2.201271060705185079e+01
-1.200000000000000000e+03 -1.200000000000000000e+03 0.000000000000000000e+00 2.188679929971694804e+01
-1.100000000000000000e+03 -1.100000000000000000e+03 0.000000000000000000e+00 2.192062500715255879e+01
-9.999999999999097327e+02 -9.999999999999679403e+02 1.290058654694375990e-10 2.193348214626312398e+01
-8.999789297042673297e+02 -8.999908531550615862e+02 3.845306936300275924e-02 2.193007805347442485e+01
-7.961104712597892785e+02 -7.996370881201406746e+02 7.230165345635114704e+00 2.198043520450591970e+01
-6.842381035655851065e+02 -6.800000000000000000e+02 7.263899858242171881e+00 2.193546515703201294e+01
-5.994145099327051867e+02 -5.993192172328595007e+02 3.581695149466025407e-01 2.249887779951095723e+01
-4.962376507484378863e+02 -4.980591974867920726e+02 6.006717085697339087e+00 2.198434950113296438e+01
-3.994527727704896733e+02 -4.000000000000000000e+02 9.159560078955577556e-01 2.199582754373550486e+01
-2.974628581873202506e+02 -2.985075614143600546e+02 2.584492483714733613e+00 2.201585319042205668e+01
-1.970236262885846941e+02 -1.975323301845940591e+02 2.810576237615820538e+00 2.200831050872802663e+01
-6.676626194607290188e+01 -9.953174011602789051e+01 4.755999038387249556e+01 2.190041104555130147e+01
2.097925871576485406e+02 2.180677720395680694e+02 9.529321238357771051e+01 2.193898354768753123e+01
2.014514786659366337e+02 2.012622829677774803e+02 1.204817884793244698e+00 2.209463654756546092e+01
3.021959370534194704e+02 3.020824150846437988e+02 3.863556712857190156e-01 2.195322799682617188e+01
4.035633035205408419e+02 4.027914568130127577e+02 1.967961871866748869e+00 2.200238300561904836e+01
5.001050699491516980e+02 5.000704162528483039e+02 9.660432699277887725e-02 2.192353664636612010e+01
6.001420032107091629e+02 6.000744481502149483e+02 1.813922732024487727e-01 2.194600315093994070e+01
7.700000000000000000e+02 8.000000000000000000e+02 4.582575694955839651e+01 2.201133270263671804e+01
9.007005568173990468e+02 8.119064486507388665e+02 1.386354180623252716e+02 2.199668060541153025e+01
1.101779664283077636e+03 1.131902913242403883e+03 1.105600452416794326e+02 2.198945709466934062e+01
1.035508101390242700e+03 1.018804999997645723e+03 3.653556789373678981e+01 2.261769294738769531e+01
1.171379222106631914e+03 1.200000000000000000e+03 4.736346000393728417e+01 2.262789490222930766e+01
1.232140650248374186e+03 1.229843821929499427e+03 3.547584947778542386e+01 2.268472229242324900e+01
1.467090045507108243e+03 1.446691259734035611e+03 8.482044562597249637e+01 2.266392879486084055e+01
1.490000000000000000e+03 1.500000000000000000e+03 3.000000000000000000e+01 2.642630410194396973e+01
