-1.400000000000000000e+03 -1.400000000000000000e+03 0.000000000000000000e+00 5.856926515102386333e+01
3.238475625059060349e+03 -1.462813933733505110e+02 5.299804439512145109e+03 5.858150984048843668e+01
-1.200000000000000000e+03 -1.200000000000000000e+03 0.000000000000000000e+00 5.854387139081954672e+01
-1.100000000000000000e+03 -1.100000000000000000e+03 0.000000000000000000e+00 5.855606250762939169e+01
-9.999999999999906777e+02 -9.999999999999940883e+02 1.226048110051962584e-11 5.858855119943618917e+01
-8.999979064973600771e+02 -8.999999999991355253e+02 9.124904836561031907e-03 5.845347365140914775e+01
-7.999970709513809197e+02 -8.000000000000000000e+02 1.254378318791967220e-02 5.858711564540863037e+01
-6.879995177643361330e+02 -6.800000481303702600e+02 9.798352753420468630e+00 5.854190775156020976e+01
-5.996753039716550120e+02 -6.000000000000000000e+02 4.135930163245206126e-01 5.933559274673461914e+01
-4.998733648606468591e+02 -4.999112179517425716e+02 1.162207137803351470e-01 5.861770170927047729e+01
-4.000000000000000000e+02 -4.000000000000000000e+02 0.000000000000000000e+00 5.870106905698776245e+01
-2.984080665162146033e+02 -2.990050409429067031e+02 1.554173860063586599e+00 5.869979120492935465e+01
-1.991602031496689165e+02 -2.000000000000000000e+02 1.170641277879885589e+00 5.873108589649200439e+01
-9.158913693102080344e+01 -1.000000000000000000e+02 1.760816048938158929e+01 5.855907529592514038e+01
1.457324998262153315e+02 1.169133068121728911e+02 5.722174776800997620e+01 5.856072390079498291e+01
2.002054954229636223e+02 2.000060362328454175e+02 4.005618730479299505e-01 5.877516659498214580e+01
3.015223873520946540e+02 3.020197639804966911e+02 8.779761629022753144e-01 5.864313035011291220e+01
4.022504706339676659e+02 4.022977019720017324e+02 9.578410341941088202e-01 5.865435165166854858e+01
5.000318474338836268e+02 5.000197293441220268e+02 4.754487164658522530e-02 5.859827600717544271e+01
6.000363108220860795e+02 6.000194318197550274e+02 3.573592293029276973e-02 5.862085750102996684e+01
7.700000000000000000e+02 8.000000000000000000e+02 4.582575694955838941e+01 5.863076659440994121e+01
8.203298888780102516e+02 8.000000000000000000e+02 3.618965479835027566e+01 5.861027339696884297e+01
1.068023414177489940e+03 1.182490187298163391e+03 1.303978227463132100e+02 5.859983570575714396e+01
1.011367453959156023e+03 1.001570000141753781e+03 2.211546517279206725e+01 5.946392019987106181e+01
1.142780416982607449e+03 1.100000000000000000e+03 4.808179921959060721e+01 5.946678864955902100e+01
1.205638748793638797e+03 1.200435134724740237e+03 1.021683359074481423e+01 5.961570849418639995e+01
1.368423735103503986e+03 1.400000000000000000e+03 4.836448501284904467e+01 5.953210430145263388e+01
1.440000000000000000e+03 1.400000000000000000e+03 4.898979485566355407e+01 5.944157000780105449e+01
