-1.400000000000000000e+03 -1.400000000000000000e+03 0.000000000000000000e+00 2.243072404861450053e+01
6.402774450190428070e+03 6.459981846305498038e+03 4.669398848426734730e+03 2.256067409515380717e+01
-1.200000000000000000e+03 -1.200000000000000000e+03 0.000000000000000000e+00 2.241395815610885478e+01
-1.100000000000000000e+03 -1.100000000000000000e+03 0.000000000000000000e+00 2.246563374996185303e+01
-9.999999999999736247e+02 -9.999999999999822649e+02 3.000485127842658565e-11 2.249187169075012349e+01
-8.999999932016502271e+02 -8.999999999867150109e+02 2.812579310874752279e-05 2.246593655347824026e+01
-7.999234633688786289e+02 -7.999999712223338975e+02 3.018669102013745165e-01 2.252464885711669851e+01
-6.869993195944387026e+02 -6.799994391033117154e+02 9.539891326522797144e+00 2.243630384206771922e+01
-5.995774421987873666e+02 -5.996087541417095963e+02 3.885492587481214066e-01 2.311608524322509695e+01
-4.997631323352904360e+02 -4.999334159275791762e+02 4.392865043216912513e-01 2.251029909849166799e+01
-4.000000000000000000e+02 -4.000000000000000000e+02 0.000000000000000000e+00 2.257621474266052175e+01
-2.986568060285969750e+02 -2.990050409429067031e+02 1.484955964070819645e+00 2.259634120464324880e+01
-1.989493313539381347e+02 -2.000000000000000000e+02 1.347714327206813278e+00 2.259205750226974629e+01
-9.812136536519386709e+01 -9.968782674401859367e+01 4.964247603986494894e+00 2.246697385311126638e+01
1.570996048004058991e+02 1.335144403683643759e+02 5.516167968349576967e+01 2.243627264499664165e+01
2.005048726346796570e+02 2.000309972485327705e+02 7.432861246112392184e-01 2.265145915746688843e+01
3.017446757941920055e+02 3.020507274891747329e+02 7.318471114219686768e-01 2.252613170146942068e+01
4.017281659401218121e+02 4.021137064447844978e+02 8.071132485068330809e-01 2.254466184377670146e+01
5.000409721505095035e+02 5.000197293441220268e+02 5.140245056126459960e-02 2.248900219202041484e+01
6.000356893226996817e+02 6.000194318197550274e+02 5.298980861851780577e-02 2.250771495103835917e+01
7.850000000000000000e+02 8.000000000000000000e+02 3.570714214271424680e+01 2.256038515567779612e+01
8.362624297328266039e+02 8.000000000000000000e+02 6.330378577895186964e+01 2.255291545391082764e+01
1.047926301501022863e+03 1.023682210021918763e+03 1.220578608376265919e+02 2.253440999984741211e+01
1.014715691062836413e+03 1.010972365989326931e+03 2.283715712327342118e+01 2.321157134771346975e+01
1.160634168487866191e+03 1.200000000000000000e+03 4.954622816507447425e+01 2.320713719129562236e+01
1.210250151026271396e+03 1.200435134724740237e+03 2.448997364767162566e+01 2.333422070741653442e+01
1.390373905924566316e+03 1.410657301717181554e+03 5.109238509258948113e+01 2.326697850227355957e+01
1.445000000000000000e+03 1.400000000000000000e+03 4.974937185533099893e+01 2.344345670938491821e+01
