-1.400000000000000000e+03 -1.400000000000000000e+03 1.607774677692185771e-13 8.534328866958618391e+02
2.545694532434206456e+06 2.188069541617999785e+06 1.626213607461900683e+06 8.427743641495704878e+02
1.643344549813065052e+09 8.636659816480588913e+08 1.694809346165216684e+09 8.445900894403457642e+02
3.847779792734736111e+04 3.564961748176468973e+04 1.468015401883180493e+04 8.395237370014190219e+02
-9.999999999976937488e+02 -9.999999999980611847e+02 1.703963825939912877e-09 8.489460370421409152e+02
-8.709217170344284114e+02 -8.735922615962795135e+02 2.065848366841861150e+01 8.373907348513603210e+02
-6.071346735903662193e+02 -6.206947113784885914e+02 7.927241922209557856e+01 8.641402904987335205e+02
-6.790917923433013357e+02 -6.790626466469796014e+02 9.039862114758916156e-02 8.489577021479606174e+02
-5.657089828890889294e+02 -5.664445826807703952e+02 3.526732047409505633e+00 1.028551133799552872e+03
-4.997459592929453720e+02 -4.997745598105517502e+02 1.327745111416772372e-01 8.452518296957016446e+02
-4.000000000000000000e+02 -4.000000000000000000e+02 3.362902011246896966e-14 8.604095034003257751e+02
-1.218779868531187027e+01 -2.683522918984860439e+01 7.425432177504586662e+01 8.541595265984535672e+02
1.725619552896669973e+02 1.530288240394516777e+02 8.415110144617722199e+01 8.538845881581306685e+02
8.068288562920160700e+01 4.821153649694679189e+01 1.311672839249800120e+02 8.565280779004096985e+02
4.884742130140592053e+03 4.830593636899285229e+03 7.337402744513465223e+02 8.490514899969100497e+02
2.012570630688786082e+02 2.013085783147747065e+02 3.536093273474690268e-01 9.252279450416565396e+02
3.305679236962396885e+02 3.305508117093223746e+02 7.123797374316989672e-02 8.455596444010734558e+02
6.637895696058119483e+02 6.501411736438055868e+02 8.788577761970148572e+01 8.497257531046867598e+02
5.011637690161443857e+02 5.012086703684433360e+02 2.312116959374775071e-01 8.413145125031471707e+02
6.146524936907101164e+02 6.145097157819129734e+02 3.531410762608140907e-01 8.967661006927489780e+02
1.003630753322799364e+03 1.000000000024551468e+03 8.709430407328061108e+01 8.615476236939430237e+02
9.884656342529897302e+02 9.958107715795554213e+02 1.234888385266974495e+02 8.697066684484482266e+02
6.624975112673414515e+03 6.650701511651748660e+03 8.289948330272500243e+02 8.743661350965500105e+02
1.296230526766096318e+03 1.298521250117961927e+03 9.680706179655938826e+00 1.040257707297801971e+03
1.416487603541909721e+03 1.416071760909019986e+03 1.004714330458401506e+01 1.040721264851093338e+03
1.533669429287519506e+03 1.582777842843383723e+03 8.773534800921790122e+01 1.047137143599986985e+03
2.498548034032811756e+03 2.494291943559372612e+03 7.864443496034839143e+01 1.045386119604110718e+03
2.248131048137957350e+03 1.700000000144357045e+03 8.152127371036848444e+02 8.903773887515068282e+02
