-1.400000000000000000e+03 -1.400000000000000000e+03 0.000000000000000000e+00 5.828695100545883179e+01
4.188242982902005679e+03 2.794935628097384324e+03 4.329411105221074649e+03 5.841292849779129170e+01
-1.200000000000000000e+03 -1.200000000000000000e+03 0.000000000000000000e+00 5.826072864532470419e+01
-1.100000000000000000e+03 -1.100000000000000000e+03 0.000000000000000000e+00 5.828610255718231059e+01
-9.999999999999902229e+02 -9.999999999999940883e+02 1.047409983933731423e-11 5.836091400384903238e+01
-9.000000000000000000e+02 -9.000000000000000000e+02 2.171983984970074842e-13 5.833798145055770590e+01
-8.000000000000000000e+02 -8.000000000000000000e+02 0.000000000000000000e+00 5.837847905158996298e+01
-6.929998528955892425e+02 -7.000000000000000000e+02 9.539592486577207708e+00 5.825215630531310751e+01
-5.997622801919550284e+02 -6.000000000000000000e+02 3.668327318788976443e-01 5.909875559806823730e+01
-4.999471040227848562e+02 -4.999815049717718125e+02 8.523690850566600918e-02 5.836391705274581909e+01
-4.000000000000000000e+02 -4.000000000000000000e+02 0.000000000000000000e+00 5.846310484409332275e+01
-2.997512602357267042e+02 -3.000000000000000000e+02 5.334873602265052250e-01 5.845547045469284342e+01
-1.992630008947874956e+02 -2.000000000000000000e+02 1.149410519435427602e+00 5.844901709556579306e+01
-9.810575670239479962e+01 -9.968782674401859367e+01 5.061272376607762524e+00 5.833986115455627441e+01
1.206462131735511321e+02 1.167572201841821879e+02 2.249152679654662634e+01 5.832989269495010376e+01
2.000001154788446343e+02 2.000000000000005400e+02 5.033606053739825021e-04 5.857515989542007162e+01
3.017341463484759174e+02 3.020197639804966911e+02 7.288802507384442020e-01 5.839647545814514018e+01
4.017525565764007638e+02 4.020840267773229471e+02 8.836008224559730451e-01 5.840345234870910929e+01
5.000079001019593079e+02 5.000000000000000000e+02 1.232232682287565280e-02 5.832631654739380167e+01
6.000194318197552548e+02 6.000194318197550274e+02 2.273736754432320595e-13 5.831410825252532959e+01
7.450000000000001137e+02 7.000000000000004547e+02 4.974937185533096340e+01 5.842614099979400777e+01
8.100000000000000000e+02 8.000000000000000000e+02 2.999999999999999289e+01 5.845222529172897197e+01
9.971240322855712748e+02 1.000000000000000000e+03 1.034115640537082328e+02 5.843226981163024902e+01
1.002508485313944448e+03 1.000000000000000000e+03 5.571505165838785523e+00 5.922157374620437764e+01
1.120000000000000000e+03 1.100000000000000000e+03 4.000000000000004263e+01 5.923983299732208252e+01
1.201672820394933751e+03 1.200080948985142413e+03 6.465517808550322876e+00 5.934475369453430460e+01
1.350923588692595786e+03 1.313327698486419649e+03 5.273656671662955375e+01 5.930363745689392374e+01
1.425000000000002274e+03 1.400000000000000000e+03 4.330127018922087245e+01 5.867277699708938599e+01
