-1.400000000000000000e+03 -1.400000000000000000e+03 0.000000000000000000e+00 7.315475875139236450e+01
2.901405822627372800e+03 5.513840321272398342e+02 4.698345244520728556e+03 7.340400580167769817e+01
-1.200000000000000000e+03 -1.200000000000000000e+03 0.000000000000000000e+00 7.318261234760284140e+01
-1.100000000000000000e+03 -1.100000000000000000e+03 0.000000000000000000e+00 7.321457974910735800e+01
-9.999999999999666898e+02 -9.999999999999836291e+02 5.448617088215797952e-11 7.322047975063324543e+01
-8.999979531278901277e+02 -8.999999047601753546e+02 6.903370658828332854e-03 7.328478279113770100e+01
-7.962023020380122489e+02 -7.997082909640960224e+02 7.633459293059840611e+00 7.330011965036392496e+01
-6.872137875580567652e+02 -6.799997917642028824e+02 9.428739541209528952e+00 7.326954644918441772e+01
-5.994792737491632124e+02 -5.993413083820687461e+02 4.349157558326417483e-01 7.407387919425964640e+01
-4.992015965366745149e+02 -4.994771921099529095e+02 9.932265869761937038e-01 7.329404214620589642e+01
-3.991045373523979833e+02 -3.995025204714533515e+02 1.214501027164907043e+00 7.332481280565261272e+01
-2.968658835087371131e+02 -2.980100818858134062e+02 2.801380279695306008e+00 7.333566579818725018e+01
-1.973971192828403787e+02 -1.979440450976274519e+02 2.001120946276796708e+00 7.330275479555129436e+01
-9.184469430188009653e+01 -9.937565348803718734e+01 1.373777427596586875e+01 7.317437565326690674e+01
1.914440188982392499e+02 1.667270639936470502e+02 7.646583190263319807e+01 7.324095824956893352e+01
2.011747050190145103e+02 2.008995729466003013e+02 9.847964025688429324e-01 7.347325650453566936e+01
3.018135535554444004e+02 3.021497787559600852e+02 9.492875204304187520e-01 7.325825479030609699e+01
4.034070723156810345e+02 4.033588152946090304e+02 1.739913937505424446e+00 7.334240599870682331e+01
5.000439993075989378e+02 5.000197293441220268e+02 8.758464889975887957e-02 7.326527079343796345e+01
6.001445426235022751e+02 6.000744481502149483e+02 1.991498413358395447e-01 7.318345080614089682e+01
7.750000000000000000e+02 8.000000000000000000e+02 4.330127018922193116e+01 7.335341584682464600e+01
8.955994935271367012e+02 8.569672093620449687e+02 1.126497007189960016e+02 7.331590363979339031e+01
1.065392066833768013e+03 1.047774292839648979e+03 1.145080057327964909e+02 7.332247389554977701e+01
1.027325518456667623e+03 1.018957979796875179e+03 2.459521701969172014e+01 7.422138770818710896e+01
1.124813637888111543e+03 1.100000000000000000e+03 4.356870634920758789e+01 7.419766484498977377e+01
1.211192858597110444e+03 1.200258041854944622e+03 2.429467559672914234e+01 7.428560450077057453e+01
1.418231264383302914e+03 1.410275625047948324e+03 5.652674561584342428e+01 7.425283114910125448e+01
1.445000000000000000e+03 1.400000000000000000e+03 4.974937185533103445e+01 7.348330625295639607e+01
