-1.399999999999999773e+03 -1.399999999999999773e+03 0.000000000000000000e+00 2.018589197039604187e+03
7.979404046087502502e+05 8.227806736877126386e+05 2.206870526392129250e+05 2.222001719498634429e+03
2.306053676870209724e+07 5.867957810659295879e+06 3.768618798837455362e+07 2.155650702846050081e+03
7.415885501892347747e+03 7.464880288310650940e+03 2.521028662467407230e+03 2.215530517101287842e+03
-9.999996310002031805e+02 -9.999996319442043387e+02 3.494174870856505869e-05 2.216500650548935027e+03
-8.565526684650305924e+02 -8.565526684650294555e+02 3.184347827603591988e-12 2.079540007746219544e+03
-7.816153239048645673e+02 -7.823972073140889734e+02 9.222346004655459950e+00 2.153860838758945647e+03
-6.788604966529937883e+02 -6.788567643200408384e+02 3.624324640477217391e-02 2.131584462141990571e+03
-5.303138645936217017e+02 -5.306298914540221858e+02 4.850415273776076397e+00 2.536343075501918975e+03
-4.999643886070326744e+02 -4.999691839774780533e+02 1.654506261789681978e-02 2.041826258444786163e+03
-3.406521113800141620e+02 -3.383126065162116447e+02 1.268101567948113306e+01 2.068565402603149323e+03
-1.869984283415034554e+02 -2.422924351878561993e+02 1.141087863407978347e+02 2.081057291805744171e+03
-2.632290543477167333e+01 -3.105029857962959738e+01 5.300534161175929881e+01 2.141798067295551391e+03
2.286088279127227906e+03 2.342457799644507759e+03 5.623224573825018524e+02 2.054399795997142974e+03
1.413352189131715022e+04 1.414369360145737483e+04 2.613699807136551954e+02 2.127677065646648316e+03
2.034465558507136791e+02 2.034994742316206100e+02 2.271796022850019192e-01 2.253641252195835023e+03
4.028739756640679275e+02 3.997491641612770650e+02 1.099888608259885281e+01 2.023188884294032960e+03
7.688658518353221325e+02 7.804565537902331016e+02 6.372223683283445439e+01 2.099015369296073914e+03
5.049730072320007821e+02 5.050624093121828082e+02 1.193421753860948842e+00 2.219399754047393799e+03
6.209784310225768422e+02 6.209876318582372505e+02 1.129752792221522695e+00 2.158365548050403504e+03
1.596197200482369908e+03 1.828262933976493059e+03 4.019496411075597280e+02 2.069164677596092133e+03
3.655604828486978477e+03 3.701698048293940246e+03 5.456893089071454597e+02 2.162210575950145540e+03
1.428117820795144326e+04 1.449620909636645592e+04 1.359145753478030201e+03 2.142984013199806213e+03
1.269580210622211325e+03 1.264315744362241276e+03 2.228801459778186711e+01 2.630982337391376404e+03
1.406906800350530602e+03 1.399175460115620808e+03 2.459029692899661157e+01 2.631304331350326720e+03
1.652249981418120342e+03 1.656136389554750622e+03 1.847108938851144089e+01 2.639243130302429108e+03
2.678270786104828403e+03 2.756334874403103640e+03 4.470089918874639352e+02 2.639667547953128633e+03
3.730298440747580571e+03 4.747180420265938665e+03 1.416623045459787363e+03 2.228824277198314576e+03
