-1.400000000000000000e+03 -1.400000000000000000e+03 0.000000000000000000e+00 5.347897955179214335e+01
4.594992494894361812e+02 -6.402228441590375496e+02 2.553168875889714400e+03 5.354350219964980795e+01
-1.200000000000000000e+03 -1.200000000000000000e+03 0.000000000000000000e+00 5.343024535179138468e+01
-1.100000000000000000e+03 -1.100000000000000000e+03 0.000000000000000000e+00 5.343955169916152670e+01
-9.999999999986066541e+02 -9.999999999996598490e+02 2.343044662814547675e-09 5.354329869747162007e+01
-9.000000000000000000e+02 -9.000000000000000000e+02 2.001663331345640617e-13 5.347949550151825093e+01
-7.999999999933236268e+02 -7.999999999974874072e+02 8.773386233748169175e-09 5.349310789108276509e+01
-6.929999243764092398e+02 -6.999999999914459750e+02 9.539495066579648963e+00 5.346756579875945903e+01
-5.996901167619319040e+02 -5.999999965791303111e+02 3.924352317759894349e-01 5.416556349992752217e+01
-4.999675709993713326e+02 -4.999815049717713009e+02 3.359125744312366907e-02 5.345919585227966309e+01
-4.000000000000000000e+02 -4.000000000000000000e+02 0.000000000000000000e+00 5.359878319501876831e+01
-2.994030245657440901e+02 -2.990050409429067031e+02 5.801558399251652842e-01 5.354689810276031636e+01
-2.000000000000000000e+02 -2.000000000000000000e+02 0.000000000000000000e+00 5.357542725801467753e+01
-9.990634802320558094e+01 -1.000000000000000000e+02 1.738107129681857599e-01 5.348573045730590536e+01
1.368353297066209109e+02 1.167572201841823016e+02 5.486873977587507056e+01 5.347463294267654277e+01
2.000000002128097663e+02 2.000000001316195437e+02 2.361922714501657236e-07 5.368217095136642314e+01
3.015193852759807669e+02 3.020197639804966911e+02 8.761409286788179873e-01 5.350962799787521362e+01
4.014345609712713667e+02 4.020292249841993453e+02 9.573779187812343494e-01 5.349767174720764018e+01
5.000069177872671276e+02 5.000049391575005302e+02 7.709392902145645321e-03 5.353421225547790385e+01
6.000155454558041583e+02 6.000194318197550274e+02 7.772727902010956487e-03 5.353456330299377441e+01
7.400000000061412493e+02 7.000000000095196810e+02 4.898979485346100660e+01 5.358975850343703939e+01
8.131321407234202070e+02 8.000000000011502834e+02 4.498614220091489102e+01 5.357518754005432271e+01
1.020025609981291041e+03 1.014331409085894393e+03 1.087094968869326976e+02 5.358341269493102743e+01
1.005303934589740493e+03 1.000000000000192131e+03 1.924542921469707579e+01 5.427366275787353800e+01
1.115000000006004029e+03 1.100000000001286480e+03 3.570714214023603006e+01 5.427805900573730469e+01
1.201936815448444804e+03 1.200258041854946214e+03 7.235596052091165298e+00 5.432532880306244039e+01
1.346404002391862150e+03 1.305880875966626490e+03 5.416334176493423058e+01 5.431123930215835571e+01
1.430000000016363629e+03 1.400000000020527068e+03 4.582575693941907247e+01 5.364546999931335591e+01
