-1.400000000000000000e+03 -1.400000000000000000e+03 0.000000000000000000e+00 3.021729013919830322e+02
1.084587015326375549e+05 9.082637165812910825e+04 6.636292776236034115e+04 3.066935487031936418e+02
2.062164482170102000e+07 5.352412332178675570e+06 3.070301075831260160e+07 3.063999485969543457e+02
6.937235978136302947e+03 5.934644210462839510e+03 4.977315745103939662e+03 3.068867303013801688e+02
-9.999999999999530473e+02 -9.999999999999554348e+02 2.897023043751109473e-11 3.064930355548858643e+02
-8.880894419296197384e+02 -8.901875417761327753e+02 1.384889153163264197e+01 3.053537115931511039e+02
-7.550427279130051375e+02 -7.704578687597202133e+02 3.609366517182566980e+01 3.076752683520317078e+02
-6.795297343236693450e+02 -6.795135251039431523e+02 9.494558028888525070e-02 3.015260934472083818e+02
-5.945179038626904457e+02 -5.946477919939038657e+02 2.085892873970462080e+00 3.236852284431457747e+02
-4.994574365899972008e+02 -4.994829258629769697e+02 3.139197420648612846e-01 3.052732043981552010e+02
-3.980100818858135199e+02 -3.980100818858134062e+02 1.371456414930772416e+00 3.046673963069915771e+02
-2.675268974417209620e+02 -2.681613757328199199e+02 1.206815566280042695e+01 3.047714154481888045e+02
-1.509100416741825370e+02 -1.474793215475822024e+02 1.405977564061126373e+01 2.989263234496116866e+02
5.084719494479602275e+01 6.088508877753656634e+01 7.961831180778816019e+01 3.032740099906921500e+02
1.115666465462948963e+03 1.141766079291457345e+03 3.192488380329687629e+02 3.050287433981895333e+02
2.004685011166129982e+02 2.004147840570429082e+02 2.807560277553026173e-01 3.107240970015525932e+02
3.110432729128209530e+02 3.111352429405571911e+02 2.359790755472301882e+00 3.043091158986091500e+02
4.328463155893142584e+02 4.332277824918252236e+02 1.079493674424227656e+01 3.068331266999244917e+02
5.006445098525188655e+02 5.006342948162810558e+02 2.153194068994322141e-01 3.060027755498886108e+02
6.036285843365456003e+02 6.038423178766312276e+02 6.295207236507566195e-01 3.063590031981468087e+02
9.900000000000000000e+02 1.000000000000000000e+03 4.358898943540674509e+01 3.071546465516090620e+02
1.030761198730895558e+03 9.969552117496955361e+02 1.186930195786380295e+02 3.056655475020408517e+02
2.144934893603772252e+03 2.074590002070979608e+03 4.013417463650258696e+02 3.073237931489944685e+02
1.220106484788491343e+03 1.220380275694163174e+03 3.864884506651330653e+00 3.248432345032691728e+02
1.319628631177289662e+03 1.318984712534731443e+03 3.413339884012216441e+00 3.250543035507201921e+02
1.427341049052937251e+03 1.400028030279841460e+03 6.490350595050301763e+01 3.260957448005676156e+02
1.841024021027455774e+03 1.841201649257793633e+03 4.078793822983293893e+01 3.253893763065337907e+02
1.743368359856288862e+03 1.700000000000000000e+03 1.309386200403779128e+02 3.094417489051818961e+02
