-1.399999390986840808e+03 -1.399999527276139816e+03 4.571592141473378884e-04 6.513246504068374065e+01
-1.051457965523841040e+03 -1.157568989020919162e+03 3.050425302286526517e+02 6.521636070013046549e+01
-1.193793746617929173e+03 -1.198088446113431701e+03 1.265441724354149322e+01 6.513504749536514282e+01
-1.087236058333803612e+03 -1.094748874203702144e+03 2.260274103808934498e+01 6.517305970191955566e+01
-9.999852709603171661e+02 -9.999858132193328402e+02 9.573352541194317042e-03 6.515533350706100180e+01
-8.999991155788524111e+02 -8.999995680268410752e+02 1.096141264388481723e-03 6.511740624904632568e+01
-7.996916869099537735e+02 -7.998390444323160864e+02 4.235966590990413727e-01 6.521145385503768921e+01
-6.975558592703243903e+02 -6.996440508108335052e+02 5.875934064795633738e+00 6.524999760389327719e+01
-5.997311845889645383e+02 -5.998617277208904852e+02 2.770994038875390642e-01 6.590348165035247519e+01
-4.998099926315000516e+02 -4.998259395952103432e+02 9.638065306946154431e-02 6.518631664514541058e+01
-3.999977280224297829e+02 -3.999993913566893298e+02 3.642778459094068912e-03 6.525046705007552816e+01
-2.998753783052062545e+02 -2.999920860876707707e+02 3.002868316850881292e-01 6.525220489501953125e+01
-1.999636154896739981e+02 -1.999943004240516302e+02 6.200911438699243522e-02 6.529170475006102947e+01
-9.992827241906783797e+01 -9.996036129041124241e+01 8.106615197696533104e-02 6.519780254364013672e+01
1.033384464745908815e+02 1.008049583528905373e+02 5.907159931721927215e+00 6.521284410953521160e+01
2.003138770295908557e+02 2.002705842000941061e+02 1.814335472321902398e-01 6.544155775308608725e+01
3.006208977876634094e+02 3.000444447833891104e+02 8.886133845930519470e-01 6.522035855054855347e+01
4.008643323082029610e+02 4.005830442513297385e+02 7.056071053860323294e-01 6.522826434373855875e+01
5.000173233015040637e+02 5.000150435584243951e+02 1.922865085363578003e-02 6.514394094944000813e+01
6.000176011447325664e+02 6.000194321055666933e+02 5.691799622448618680e-03 6.519550349712372395e+01
7.006757911518213859e+02 7.005924499845580158e+02 4.557180870620902158e-01 6.531510090827941895e+01
8.001046706141374898e+02 8.000663896467606264e+02 1.326960643402908535e-01 6.533602590560913370e+01
9.041757809854613015e+02 9.005702957388321011e+02 6.484611185444991044e+00 6.534161384105682657e+01
1.000739131038364235e+03 1.000117473531014070e+03 1.224819000668425195e+00 6.604412189722060589e+01
1.101951643735624430e+03 1.100169123826194436e+03 4.990691086836884338e+00 6.603724370002746014e+01
1.200386784452663051e+03 1.200314231303687848e+03 3.114486923492925663e-01 6.608068535327910809e+01
1.316087364932272521e+03 1.312691411604717814e+03 1.016453883584672191e+01 6.604900189638138386e+01
1.400407881973213534e+03 1.400416066948449952e+03 2.367554926375340374e-01 6.537911909818649292e+01
