-1.400000000000000000e+03 -1.400000000000000000e+03 0.000000000000000000e+00 3.345561543941497575e+02
8.011375591914709366e+04 6.631648556386679411e+04 5.836310994763684721e+04 3.406713724017143363e+02
7.213272383939997235e+04 -1.199991897464692101e+03 2.376518858720620337e+05 3.392240978479385376e+02
1.157485647293417787e+04 1.106936711665790062e+04 6.028960772271730093e+03 3.412243717908859253e+02
-9.999999998696008561e+02 -9.999999998658922777e+02 8.484965935129156498e-08 3.373731228470802535e+02
-8.906609301871545767e+02 -8.901875771482480104e+02 2.063298509936354108e+00 3.375998268008232230e+02
-7.989644471705397564e+02 -7.999731772754269059e+02 2.910394819612180051e+00 3.397702264070510978e+02
-6.796746686265756807e+02 -6.796711608174529147e+02 1.180983784220270838e-01 3.345230185031890642e+02
-5.969770587935655612e+02 -5.969224611355098205e+02 1.688113230951246102e+00 3.584687188506126176e+02
-4.999205567405307988e+02 -4.999286788693110566e+02 4.219654240557844244e-02 3.363596469998359453e+02
-3.958211732196629100e+02 -3.960201637716268124e+02 3.076336549900632544e+00 3.373525837421417464e+02
-2.883092424210624927e+02 -2.890554579287023671e+02 5.319764658566462856e+00 3.364728338003158683e+02
-1.780441117062806597e+02 -1.793340205819361017e+02 1.059104184759944189e+01 3.349536881566047555e+02
2.820808148808582771e+01 9.122006321842718535e+00 8.867726514363903334e+01 3.353785935997963179e+02
9.391376381222898999e+02 9.271511861572689668e+02 2.568096312701692341e+02 3.360839945435524214e+02
2.002751121816929185e+02 2.002163424008841730e+02 2.069911503842858380e-01 3.451034387111664046e+02
3.135821142602075611e+02 3.136052233734327501e+02 3.081161837879911491e+00 3.363844093084335327e+02
4.182800410092728498e+02 4.182832483437682640e+02 2.697682655476677294e+00 3.373928365468979109e+02
5.006847023458570902e+02 5.006013555586606572e+02 2.363001858386678533e-01 3.385336333990097160e+02
6.034196772359603074e+02 6.035207683871451536e+02 4.784681717948663371e-01 3.392319939494133223e+02
1.000000000000007503e+03 1.000000000000001592e+03 1.295593578392455201e-11 3.407333662986755485e+02
1.020310086391750133e+03 9.848124572439874100e+02 1.185023473027544156e+02 3.376754067063331490e+02
1.656373617413229340e+03 1.670219946279509941e+03 2.727879331416186233e+02 3.399894915938377267e+02
1.211948074204936347e+03 1.213304053005491369e+03 4.810929375576970202e+00 3.595308741927146912e+02
1.311246480844474945e+03 1.312248905999419321e+03 3.386494739892258909e+00 3.595529664993285905e+02
1.405735172924213657e+03 1.400023461836493880e+03 2.489727315828232079e+01 3.610278054952621574e+02
1.812924294591145326e+03 1.820037891974959166e+03 5.559610077794243921e+01 3.597909391045570260e+02
1.700000000000019327e+03 1.700000000000004547e+03 3.880460027048490392e-11 3.434890561938285600e+02
