-1.399999999999998863e+03 -1.399999999999999091e+03 1.005341390256678375e-12 6.979310058593749773e+02
7.211152754592000274e+05 7.292638455971465446e+05 2.161881950285107596e+05 8.666502121448517073e+02
1.942030894006903172e+08 9.220684109103345871e+07 2.018875883866593838e+08 8.552125865578651656e+02
1.224398413952143455e+05 1.270871348803160363e+05 4.045569743570106948e+04 7.123738236069679033e+02
-9.999996236000745284e+02 -9.999996250474755470e+02 3.665725885482223916e-05 8.675455314993857883e+02
-8.780207798124290548e+02 -8.871247165415128393e+02 1.848217208642308407e+01 8.613601993083954085e+02
-6.872812193085547960e+02 -6.888390883133172338e+02 2.524380125902671423e+01 8.678286365032196272e+02
-6.790719188530304109e+02 -6.790604243951488570e+02 6.651625745029206282e-02 8.222406136989593506e+02
-5.593682704225047928e+02 -5.585013139332603487e+02 2.817492958683429638e+00 8.994582566976547469e+02
-4.994504064211860168e+02 -4.994825540095455949e+02 2.863708926606867156e-01 7.346300176024436723e+02
-2.724699259057634322e+02 -2.726456647157089606e+02 3.167797356973408540e+01 7.187206614971161116e+02
-1.820856800154103041e+02 -1.799422323036355067e+02 2.914064432635331769e+01 7.360059944510460355e+02
2.719504351012227517e+01 3.180086001181403788e+01 3.018988866703704943e+01 7.251339292407035373e+02
2.075095587233933657e+03 2.147608686251638574e+03 4.300452623740588933e+02 7.495304416537285306e+02
7.944525434291061174e+03 8.053499820676250238e+03 6.168897630010209241e+02 7.049809887409210205e+02
2.027255290290284222e+02 2.027075454898800899e+02 5.371486927184959681e-01 7.828288555502891768e+02
5.226257763259345666e+02 5.318432220773529480e+02 5.590421730578964343e+01 7.782214010596275102e+02
7.338006798427453532e+02 7.512453994635277468e+02 1.038538697460291758e+02 7.449589136481284868e+02
5.063665740322103375e+02 5.060434691622391483e+02 1.683146246308773852e+00 8.686621234893798373e+02
6.147873709602571353e+02 6.150000000000000000e+02 6.162993075277933830e-01 6.895470937967299960e+02
9.793153766509552725e+02 1.000000000000001251e+03 7.156428189742707957e+01 7.344567625045776822e+02
3.433190766646523116e+03 3.423302497511747788e+03 6.043177213152845297e+02 7.670880213499069669e+02
8.452926022730232944e+03 8.825888702526415727e+03 1.282656762130598281e+03 7.363953484416008450e+02
1.274464998519621759e+03 1.275725595220290415e+03 8.598546959161867065e+00 9.810279607534408797e+02
1.387801791004701272e+03 1.387142038696882082e+03 9.964385132466947681e+00 9.762590860009192966e+02
1.527629039349454160e+03 1.572029195380639749e+03 8.662763900015936258e+01 9.670409839987754594e+02
2.509939499541046644e+03 2.496132920246592221e+03 1.173124381444965110e+02 9.586763070583343733e+02
1.700000000000004775e+03 1.700000000000002956e+03 4.844446814836336703e-12 7.578272698998450778e+02
