-1.400000000000000000e+03 -1.400000000000000000e+03 2.273736754432320595e-13 5.594478439092635824e+01
4.300801192182773775e+03 4.928999887852398388e+03 3.973665370934113525e+03 5.608626769781112387e+01
-1.199999999999948159e+03 -1.199999999999997272e+03 1.916200536304001655e-10 5.598148354291915751e+01
-1.099999999999939519e+03 -1.099999999999997954e+03 1.931537097813882706e-10 5.601388720273971700e+01
-9.999999999410659939e+02 -9.999999999543865670e+02 5.362492130819879104e-08 5.606821180582046793e+01
-8.999999902704764736e+02 -9.000000000000000000e+02 4.240997277938884078e-05 5.592966763973235800e+01
-7.999999974326755137e+02 -7.999999993291277178e+02 4.836896097749397938e-06 5.604889470338821411e+01
-6.909997953830414872e+02 -6.999999968218130562e+02 9.950099183407884240e+00 5.602876884937286661e+01
-5.996860586352208884e+02 -5.999999300381209650e+02 3.955831894731513532e-01 5.673540589809417867e+01
-4.999675714897310286e+02 -4.999728746146159324e+02 2.875237703238661680e-02 5.602651519775390909e+01
-3.999999999999996589e+02 -3.999999999999999432e+02 7.985438258151032253e-13 5.609620805978774882e+01
-2.993035286598894231e+02 -2.990050409429065894e+02 6.370846454424187177e-01 5.611079150438308716e+01
-1.994547453013149720e+02 -1.999999999999996021e+02 9.604966306771525186e-01 5.607851705551147603e+01
-9.911531300239111886e+01 -9.999999999999840838e+01 3.643098702009637258e+00 5.604638580083847188e+01
1.246975407341435584e+02 1.167572201843928497e+02 3.614629088707045668e+01 5.603968225717544271e+01
2.000000779446216654e+02 2.000000545005623280e+02 9.268371626855262814e-05 5.623902004957199097e+01
3.017174707984166844e+02 3.020196068559164360e+02 7.214831892593247531e-01 5.602599200010299541e+01
4.015574860811080953e+02 4.020455998277957406e+02 9.067532443967522005e-01 5.606285974979400777e+01
5.000103579056626586e+02 5.000000000000000000e+02 1.304040994248643198e-02 5.606808655261993124e+01
6.000174886377802750e+02 6.000194318197550274e+02 5.829545924956391206e-03 5.600671994686126709e+01
7.350000032961082752e+02 7.000000048345314099e+02 4.769695861836144246e+01 5.614111344814300253e+01
8.150000002138430091e+02 8.000000001585144673e+02 4.769696002753839537e+01 5.615027694702148153e+01
1.084774668437409446e+03 1.182490187298221372e+03 1.159448437890008989e+02 5.615021910667419291e+01
1.000947610060144143e+03 1.000000000083722171e+03 4.130535576330747638e+00 5.683914909362793111e+01
1.110000001062589490e+03 1.100000000496992925e+03 2.999999966462983281e+01 5.685564240217208720e+01
1.200673165681571618e+03 1.200258041855116744e+03 1.242805768127732025e+00 5.691824795007705973e+01
1.354604995073497321e+03 1.352170893487322246e+03 5.364022120686070849e+01 5.690125399827957153e+01
1.420000002258651421e+03 1.400000002021640057e+03 3.999999929038563096e+01 5.619943280220032022e+01
