-1.400000000000000000e+03 -1.400000000000000000e+03 0.000000000000000000e+00 6.399134105443954468e+01
4.475209430322891421e+03 3.093435647529363450e+03 4.750067973243822053e+03 6.411048845052718548e+01
-1.200000000000000000e+03 -1.200000000000000000e+03 0.000000000000000000e+00 6.400120275020599081e+01
-1.099999999999999091e+03 -1.100000000000000000e+03 4.007198976989494121e-12 6.404413520097732260e+01
-9.999999999983971293e+02 -9.999999999990970991e+02 2.059084556538866971e-09 6.407275094985962482e+01
-8.999905471205669301e+02 -8.999999973800055386e+02 2.673486872536363218e-02 6.394652935266494609e+01
-7.999814755517521689e+02 -7.999999999791975824e+02 7.902496306492169664e-02 6.409899034500122639e+01
-6.879996264284355902e+02 -6.800000000000007958e+02 9.798263964078882893e+00 6.408299459218979166e+01
-5.997717051139237583e+02 -5.999999979354470270e+02 3.561715489363392884e-01 6.486687515974044516e+01
-4.998499404548094276e+02 -4.999605413114823023e+02 2.203213113231638487e-01 6.399967689514160440e+01
-4.000000000000000000e+02 -4.000000000000000000e+02 0.000000000000000000e+00 6.413871384859085367e+01
-2.990547891476515474e+02 -2.990050409429067031e+02 1.111284175074680025e+00 6.413415840864180950e+01
-1.993074742255001581e+02 -2.000000000000000000e+02 1.080817357034073556e+00 6.415602600574493408e+01
-9.829306065598359510e+01 -1.000000000000000000e+02 5.069483377894586695e+00 6.404449434280395792e+01
1.354851830745371331e+02 1.169133068121778365e+02 5.981997939095455052e+01 6.405908434391021444e+01
2.001750727490809254e+02 2.000010781089168859e+02 4.136134200885914214e-01 6.432395470142364502e+01
3.017245404567815399e+02 3.020197639804966911e+02 7.231729214058300048e-01 6.407871090173721029e+01
4.018897896498175442e+02 4.020462313400137191e+02 7.245336174508850702e-01 6.403720009326934814e+01
5.000189142982642920e+02 5.000049638152321450e+02 3.062741705982244267e-02 6.406867229938507080e+01
6.000221826362783304e+02 6.000194318197550274e+02 1.199053123596169508e-02 6.409266049861908243e+01
7.750000000346446996e+02 8.000000000046284185e+02 4.330127015424386627e+01 6.419001595973968222e+01
8.250000000054981228e+02 8.000000000054840257e+02 5.361902647214709106e+01 6.418896725177765461e+01
1.021621710257872792e+03 1.000000000002042839e+03 1.215716480098136572e+02 6.417845929861069010e+01
1.004728636639089700e+03 1.000000000002553747e+03 1.199257339677310696e+01 6.504840744733810709e+01
1.115000000056615590e+03 1.100000000012887995e+03 3.570714213131532233e+01 6.504719220399856283e+01
1.201956841590670138e+03 1.200258041854949624e+03 7.232433126534386858e+00 6.511224679946899130e+01
1.400816792403024010e+03 1.400000000016539616e+03 6.868902099060836974e+01 6.510116394758225056e+01
1.445000000150215328e+03 1.400000001134204467e+03 4.974937174465994616e+01 6.427554409503936483e+01
