-1.399999999999997044e+03 -1.399999999999997044e+03 1.730132897114053759e-12 6.140057666420937039e+02
2.150062932438662276e+06 2.133814869325730950e+06 8.265383394492361695e+05 7.683400313973427274e+02
4.286430762200805545e+08 2.608778761408604980e+08 4.125080015243198872e+08 7.618321074008941878e+02
1.462874829707852314e+03 1.100900714302073538e+03 1.516486549846027174e+03 7.551264223098754655e+02
-9.999999999998068461e+02 -9.999999999998575504e+02 1.767243115122531515e-10 6.695616080522537459e+02
-8.725706056760827778e+02 -8.848754168689459902e+02 2.214410592822105528e+01 7.663969935536384810e+02
-6.300672602956037736e+02 -6.449119092786427245e+02 5.528455237715510151e+01 7.678670021414757230e+02
-6.789231752318248709e+02 -6.788959415785366218e+02 6.083220005199737462e-02 6.410335922956467130e+02
-5.665254833873988218e+02 -5.655405127482390526e+02 3.335879509466582959e+00 9.096575234532356262e+02
-4.993660952176418277e+02 -4.994321823371381015e+02 2.241495697652301222e-01 6.644792973041534196e+02
-3.378778141809326598e+02 -3.408000394918353777e+02 1.540404881459160968e+01 6.334118964552878879e+02
-9.728655316529389552e+01 -1.095487545491729975e+02 5.282838308548459594e+01 6.501533370494842075e+02
1.340868817441393333e+02 1.394833638681830621e+02 4.286527806683416486e+01 6.079251412510872115e+02
1.341510648755158854e+03 1.427658802418068262e+03 3.299363923245809929e+02 6.304320423007011414e+02
5.084374479809188415e+03 5.098130461844235469e+03 9.031212323738791383e+02 6.889803594470024564e+02
2.014348784023801784e+02 2.013658903797295352e+02 5.879044159239540379e-01 7.325309884071350552e+02
4.825831136131436097e+02 4.931747634379735246e+02 4.343037221998316255e+01 6.325018530488014221e+02
7.013695340904081377e+02 6.969238926650385793e+02 6.416788303641544644e+01 7.683486134409904480e+02
5.137259290434978993e+02 5.131106770011306253e+02 3.541699287017065600e+00 7.662693745970725558e+02
6.148396545056032210e+02 6.150000000000000000e+02 4.138424991296907329e-01 6.135868906021117937e+02
9.814730649764320560e+02 1.000000000000002501e+03 8.204086060319023943e+01 6.639172201514244307e+02
2.309698755941985837e+03 2.406701984468875253e+03 4.555278131763688521e+02 6.626734190940857161e+02
6.043884083277993341e+03 5.917222908444570749e+03 9.614802781105283884e+02 7.326087063550949097e+02
1.288127562806947708e+03 1.289705666349600051e+03 6.296162217744384115e+00 9.187236080050467990e+02
1.394405858481725545e+03 1.393084137918089255e+03 7.833737896111633958e+00 9.196959769964217912e+02
1.555382891841332366e+03 1.582566135236093032e+03 6.582990095550468368e+01 9.250979867935180891e+02
2.453180338276862130e+03 2.443616045067067716e+03 6.115193912137167587e+01 9.220035012960433960e+02
3.172165712896621244e+03 3.284164756147360549e+03 5.531141771862857013e+02 7.917120278954505466e+02
