-1.399999309890039285e+03 -1.399999727149768205e+03 9.150202336591481325e-04 5.715128475427627563e+01
-1.048675172578623915e+03 -1.289549541032299658e+03 5.518275118101418002e+02 5.727653300762176514e+01
-1.199707106811150197e+03 -1.199934075890388613e+03 4.602258759966643131e-01 5.710872429609298706e+01
-1.099735783568026818e+03 -1.099867807773305231e+03 3.915687649710676843e-01 5.716451934576034688e+01
-9.999913210150950817e+02 -9.999937672228338670e+02 1.002807593680285839e-02 5.719054505825042867e+01
-8.999999779156571549e+02 -8.999999906338225628e+02 3.096445923966913719e-05 5.717174479961395406e+01
-7.998851722469746619e+02 -7.998906351199700566e+02 9.104358983137755823e-02 5.730989065170287944e+01
-6.968586851758842613e+02 -6.998482012659267184e+02 7.082958979824976353e+00 5.726067019701004313e+01
-5.997366778020441416e+02 -5.999574103821264544e+02 3.411187897936168723e-01 5.805800964832305766e+01
-4.999452219612105068e+02 -4.999482596698416046e+02 2.627171813171202963e-02 5.723052954673767090e+01
-3.999988195296092499e+02 -3.999995461516786008e+02 1.923387326216375670e-03 5.732968864440918111e+01
-2.999957885073570196e+02 -2.999967271015825645e+02 4.079322354473522393e-03 5.731349890232085897e+01
-1.999987880629526558e+02 -1.999993878711056254e+02 1.431148448998996328e-03 5.732316240072250224e+01
-9.994425895316562958e+01 -9.997375851615879583e+01 7.994332461051968652e-02 5.725642935037613057e+01
1.011970931692853526e+02 1.004175319844315482e+02 3.586607270608402231e+00 5.727895100116730021e+01
2.002565227369946967e+02 2.002071817876548607e+02 1.406247383160631470e-01 5.746390250921249532e+01
3.004148727230805207e+02 3.000145022204768566e+02 8.053898783124378014e-01 5.726639975309372232e+01
4.005088176813169980e+02 4.001408333186345772e+02 7.772654340026262654e-01 5.727675849199295044e+01
5.000000185528157886e+02 5.000000012656558397e+02 4.853912041426197346e-05 5.721687444448470927e+01
6.000093087270754495e+02 6.000028840616087109e+02 9.186982834496957434e-03 5.723312414884567545e+01
7.007037053102345681e+02 7.007601668357565359e+02 4.094021481922531791e-01 5.738906289339065836e+01
8.000646188310553271e+02 8.000514491623300728e+02 5.877177180321806194e-02 5.738031554222106934e+01
9.001687199284197050e+02 9.001356973039435161e+02 1.429164315092804893e-01 5.739136940240859985e+01
1.000040772039459853e+03 1.000027532397819186e+03 3.165895720401853963e-02 5.825825635194778584e+01
1.100098043326055858e+03 1.100095590750455358e+03 5.900328200846285953e-02 5.825218615531921529e+01
1.200088537133886348e+03 1.200038942412933920e+03 1.297730703636294225e-01 5.832239259481430338e+01
1.315966645570760420e+03 1.306853084295697727e+03 2.823070255146923913e+01 5.826945444345474101e+01
1.400436005650727566e+03 1.400373214217733221e+03 2.362718243132219398e-01 5.746333700418472290e+01
