-1.400000000000000000e+03 -1.400000000000000000e+03 0.000000000000000000e+00 5.436566408872604228e+01
1.909991811835532189e+03 8.501591834861678763e+02 3.534797123249182278e+03 5.447155839204788208e+01
-1.200000000000000000e+03 -1.200000000000000000e+03 0.000000000000000000e+00 5.437903630733489990e+01
-1.100000000000000000e+03 -1.100000000000000000e+03 0.000000000000000000e+00 5.441907414197921611e+01
-9.999999999996744009e+02 -9.999999999999174634e+02 8.234400750324809270e-10 5.437709639072418355e+01
-9.000000000000000000e+02 -9.000000000000000000e+02 0.000000000000000000e+00 5.438235670328140259e+01
-7.999999999810518148e+02 -7.999999999975775609e+02 3.554422586984462261e-08 5.438866995573043539e+01
-6.939998644064535256e+02 -6.999999999918404683e+02 9.165358502709221256e+00 5.437410285472869731e+01
-5.998125222536112915e+02 -5.999999999740003886e+02 3.247207848086229309e-01 5.528035089969635152e+01
-4.999828617337551577e+02 -4.999901353279390150e+02 1.827952002167363560e-02 5.434750859737395956e+01
-4.000000000000000000e+02 -4.000000000000000000e+02 0.000000000000000000e+00 5.450796424150466635e+01
-2.995522684243068170e+02 -3.000000000000000000e+02 4.949858811229905231e-01 5.450897114276885702e+01
-2.000000000000000000e+02 -2.000000000000000000e+02 0.000000000000000000e+00 5.449229520559310913e+01
-9.992195668600464842e+01 -1.000000000000000000e+02 1.351749850309968970e-01 5.438315669298172139e+01
1.320847036682294515e+02 1.006243465119628127e+02 5.947165942158963503e+01 5.435993499755859659e+01
2.000338881323734483e+02 2.000000000415845989e+02 1.477143143467236908e-01 5.465847904682159708e+01
3.011170053074911834e+02 3.020196068559067726e+02 1.009451271817237261e+00 5.439206345081329630e+01
4.015241163686492882e+02 4.020264749953354340e+02 9.281379705228391952e-01 5.441257270574569560e+01
5.000069052704378691e+02 5.000000000000000000e+02 1.531408922617894658e-02 5.447531720399856425e+01
6.000194318197552548e+02 6.000194318197550274e+02 2.273736754432320595e-13 5.447378455400466635e+01
7.300000000418905302e+02 7.000000000519958121e+02 4.582575692295296932e+01 5.448389759063720561e+01
8.050000000013735644e+02 8.000000000003265086e+02 2.179449471740448629e+01 5.449673680067062520e+01
1.027955644166145703e+03 1.000000000000226464e+03 1.242035554212023953e+02 5.448354880809783651e+01
1.000947613390074935e+03 1.000000000000107775e+03 4.130551003118865694e+00 5.541617215871811197e+01
1.105000000005650918e+03 1.100000000000858336e+03 2.179449471640747760e+01 5.543463679552078105e+01
1.200220681582869474e+03 1.200080948985142413e+03 2.903276393651590404e-01 5.551732655763625957e+01
1.337600092994845909e+03 1.302543982192557223e+03 4.922160003972511788e+01 5.545564320087432719e+01
1.400000000021111873e+03 1.400000000003643663e+03 3.412831257163073908e-08 5.458430920839309408e+01
