-1.399999985938142345e+03 -1.399999988514476627e+03 9.999229745238779143e-06 4.693865601062774431e+02
3.748054862615315942e+05 3.615837759514438221e+05 1.704576956721547176e+05 4.702838582992553711e+02
1.180972444780584052e+07 1.512620921084597241e+06 1.745936241534619406e+07 4.700193500518798828e+02
-6.537873373575982896e+02 -9.206712681402366343e+02 6.980113749731112875e+02 4.700290646433830375e+02
-9.999986539815565720e+02 -9.999988967779884206e+02 7.102435959225944159e-04 4.695667160511017073e+02
-8.928632852543127001e+02 -8.901762823731990011e+02 4.139541120446224021e+00 4.697745029091835249e+02
-7.694864977676024864e+02 -7.767800120625433919e+02 2.185666835991653656e+01 4.703792010545730591e+02
-6.796490305291561071e+02 -6.796461448929570679e+02 6.892775029158332289e-02 4.700108563065529097e+02
-5.949129689476754947e+02 -5.946829665874561215e+02 1.574898340275238562e+00 4.774911197423934937e+02
-4.986302894681784892e+02 -4.986489963622234427e+02 7.369350048383385143e-01 4.700315351009368783e+02
-3.999999788237029179e+02 -3.999999812104372268e+02 1.370434106976313182e-05 4.700589890480041504e+02
-2.672926415674377267e+02 -2.656740199524094805e+02 1.130372777864684508e+01 4.702457045555114519e+02
-1.663247381453326454e+02 -1.648677659789788095e+02 1.093584186567770900e+01 4.701445815443992728e+02
-7.831684016275167437e+01 -9.642679396355515564e+01 4.294096777961311773e+01 4.699944582939148177e+02
1.035271579724624416e+03 1.041169240091545817e+03 2.529728726366409717e+02 4.701119562029838335e+02
2.004744844687503473e+02 2.004586513873418312e+02 1.977628683967085910e-01 4.721442559003829729e+02
3.091211379759374722e+02 3.101256339945244349e+02 3.037114128991395656e+00 4.698786679029464608e+02
4.313361948097009417e+02 4.294405926215450791e+02 8.344250660765439420e+00 4.700732509016990548e+02
5.003835232917894018e+02 5.003491447529261791e+02 1.210996964113752322e-01 4.694370374441147078e+02
6.033471072458145272e+02 6.035161150181738776e+02 5.254197376727084423e-01 4.696578976511955261e+02
9.900410375397854068e+02 1.000038846145719162e+03 4.359030986956523179e+01 4.703491320013999939e+02
8.986223922881865747e+02 9.014664959792839909e+02 5.075602612802553892e+01 4.707115879416465987e+02
2.129107727653065922e+03 2.127161918261635947e+03 3.314176404061544190e+02 4.707065263986587524e+02
1.219281452247628749e+03 1.219294120274735178e+03 2.480468423862385752e+00 4.781533522486686820e+02
1.318376594443908289e+03 1.318722477296553734e+03 3.651769514668167016e+00 4.781929348945617448e+02
1.402467637709941755e+03 1.400035847367168799e+03 6.333837728174613346e+01 4.787871528983116036e+02
1.840680852015098253e+03 1.841833127088061019e+03 4.836083018669348377e+01 4.784630419015884399e+02
1.737684572618437869e+03 1.700083701010293225e+03 1.127937593187110537e+02 4.710900115966796875e+02
