-1.400000000000000000e+03 -1.400000000000000000e+03 0.000000000000000000e+00 5.236278699636459066e+01
5.674873201935197358e+03 5.774111004386226341e+03 5.307732787196282516e+03 5.248448990583419516e+01
-1.200000000000000000e+03 -1.200000000000000000e+03 0.000000000000000000e+00 5.234787834882736490e+01
-1.100000000000000000e+03 -1.100000000000000000e+03 0.000000000000000000e+00 5.235673484802246236e+01
-9.999999999999065494e+02 -9.999999999999764668e+02 1.523670999387324309e-10 5.240456944704055786e+01
-8.998276159924334934e+02 -8.999794701294003971e+02 2.730216047847920935e-01 5.239995719194412516e+01
-7.939710342548969493e+02 -7.983860778476000633e+02 7.659469799647437682e+00 5.246340970993041708e+01
-6.849878178839863949e+02 -6.799985080769275783e+02 8.652136669481828690e+00 5.239942255020141459e+01
-5.994643254743834859e+02 -5.994444687321249603e+02 3.847879912883823694e-01 5.308278340101242065e+01
-4.968097804347576130e+02 -4.984241310757168435e+02 3.779012560156190581e+00 5.246058084964752055e+01
-3.996517643300173859e+02 -4.000000000000000000e+02 4.745652241830685125e-01 5.251461025476455546e+01
-2.962191621390260252e+02 -2.980100818858134062e+02 3.609374102072115953e+00 5.255145570039749003e+01
-1.965721935234946045e+02 -1.964515896784726294e+02 2.295999018799177893e+00 5.252145195007324219e+01
-5.125821971241415298e+01 -8.308669318782710889e+01 5.376359246025705119e+01 5.235313194990158081e+01
2.235915808594415353e+02 2.215279755056639033e+02 9.703496165347335989e+01 5.236735395193100118e+01
2.012477427714671308e+02 2.012139940055875513e+02 7.899133352211625825e-01 5.256760935783385946e+01
3.018386083387021017e+02 3.020510200686074995e+02 9.579870816771129949e-01 5.242966040372848369e+01
4.035872029866758908e+02 4.028902361537992647e+02 1.915251984514574124e+00 5.248764840364456319e+01
5.000442672088269092e+02 5.000199765522406778e+02 5.881472709002148053e-02 5.240456169843673706e+01
6.001530653284480650e+02 6.000194318197550274e+02 2.052972415555636143e-01 5.241157535314560079e+01
7.800000000000000000e+02 8.000000000000000000e+02 5.099019513592784847e+01 5.247083104848861979e+01
8.810722774788046081e+02 8.522626190437904370e+02 9.731258091185974024e+01 5.243381624221801474e+01
1.017369343818722541e+03 9.919285391739410898e+02 1.052045637989657791e+02 5.248316169977188395e+01
1.052014008494401651e+03 1.051160031497699947e+03 3.688614783839715727e+01 5.319804990291595459e+01
1.177205767550261498e+03 1.200000000000000000e+03 4.153104186567542655e+01 5.320967235565185405e+01
1.227629920957931063e+03 1.200916606553979136e+03 3.773266298622623083e+01 5.326524200439452983e+01
1.400444329475218183e+03 1.410657302282631008e+03 4.687135717771425192e+01 5.324752254486084269e+01
1.485000000000000000e+03 1.500000000000000000e+03 6.538348415311010342e+01 5.483935486078262045e+01
