-1.400000000000000000e+03 -1.400000000000000000e+03 0.000000000000000000e+00 6.352640035152435161e+01
4.296661467493868258e+03 2.188225253213921405e+03 5.149986877199488845e+03 6.353986275196075439e+01
-1.200000000000000000e+03 -1.200000000000000000e+03 0.000000000000000000e+00 6.346111520528793193e+01
-1.100000000000000000e+03 -1.100000000000000000e+03 0.000000000000000000e+00 6.348654129505157329e+01
-9.999999999999170086e+02 -9.999999999999698730e+02 1.378287008370756344e-10 6.356008719205856039e+01
-8.999999632563512932e+02 -8.999999977584893713e+02 7.402148707669587260e-05 6.341441050767898702e+01
-7.999999741695721696e+02 -7.999999999970468707e+02 6.842529947116551337e-05 6.353840235471725606e+01
-6.860007996670213970e+02 -6.799999836623392184e+02 9.164628936251457247e+00 6.352917319536209106e+01
-5.995663441254388317e+02 -5.993954037694472845e+02 3.696285434550918292e-01 6.418878695964812664e+01
-4.999125791488787627e+02 -4.999334159275791762e+02 7.711852249417967820e-02 6.350055885314941406e+01
-4.000000000000000000e+02 -4.000000000000000000e+02 0.000000000000000000e+00 6.360087430477142334e+01
-2.990050411947976841e+02 -2.990050409429067031e+02 9.439002431596599241e-01 6.358994729518890665e+01
-1.994069701312095049e+02 -2.000000000000000000e+02 1.047895499215756976e+00 6.361839680671691610e+01
-9.698112099672825082e+01 -1.000000000000000000e+02 1.265851722194556572e+01 6.352627779245376871e+01
1.507294843008001806e+02 1.458534038209648998e+02 4.735934859651055007e+01 6.350615879297256328e+01
2.000578214244275159e+02 2.000000001986898610e+02 2.117052036580863994e-01 6.372113585472106934e+01
3.018243755379590993e+02 3.020196854182017319e+02 6.049545986917974627e-01 6.353179479837417887e+01
4.017435511107838124e+02 4.020987206817489437e+02 8.576924896834193790e-01 6.352528725862502768e+01
5.000464544596812857e+02 5.000197293441220268e+02 5.233342813966050666e-02 6.351889389753341675e+01
6.000253075559941180e+02 6.000194318197550274e+02 3.036566000534514712e-02 6.357849149703979208e+01
7.700000000010171561e+02 8.000000000001909939e+02 4.582575694988069870e+01 6.361549355983733989e+01
8.362642814456169162e+02 8.000000000005171614e+02 5.547354424879719659e+01 6.359448814392089844e+01
9.959353440425689996e+02 9.813125308739595312e+02 1.032310290241037478e+02 6.361006530523300029e+01
1.005358696920285524e+03 1.000000000000564000e+03 7.923073783917124580e+00 6.427530344724655720e+01
1.130000000000594810e+03 1.100000000000708496e+03 4.582575694918366338e+01 6.428644989728927328e+01
1.205031985735244689e+03 1.200435134724740465e+03 1.053609077138581362e+01 6.435635665655135540e+01
1.367707504758409414e+03 1.405137812791764645e+03 5.571711367632696010e+01 6.432545285224914267e+01
1.440000000008760026e+03 1.400000000016872946e+03 4.898979484875398782e+01 6.367103325128555014e+01
