-1.400000000000000000e+03 -1.400000000000000000e+03 0.000000000000000000e+00 4.571696228981018351e+01
2.442558642799965128e+03 8.564537451162266279e+02 3.743248354334765736e+03 4.588139344453811930e+01
-1.200000000000000000e+03 -1.200000000000000000e+03 0.000000000000000000e+00 4.575208204984664917e+01
-1.100000000000000000e+03 -1.100000000000000000e+03 0.000000000000000000e+00 4.582081274986266806e+01
-9.999999999999739657e+02 -9.999999999999898819e+02 5.235475757749934841e-11 4.578453065156936930e+01
-9.000000000000000000e+02 -9.000000000000000000e+02 2.542114972925207483e-14 4.574145284891128682e+01
-7.999999999997882014e+02 -7.999999999999695319e+02 4.554054582697848366e-10 4.574618974924087667e+01
-6.959998128364686636e+02 -6.999999999996493898e+02 8.000374339086793185e+00 4.566062099933624552e+01
-5.997622801817565232e+02 -5.999999999988418722e+02 3.668327254025422479e-01 4.688636250495910929e+01
-4.999799013466684983e+02 -4.999901353279390150e+02 2.857152020089602160e-02 4.576509809494018555e+01
-4.000000000000000000e+02 -4.000000000000000000e+02 0.000000000000000000e+00 4.594305855035781860e+01
-2.996517643300173859e+02 -3.000000000000000000e+02 4.745652241830685680e-01 4.596322824954986430e+01
-1.997565348578687292e+02 -2.000000000000000000e+02 7.438119724391822896e-01 4.592655364274978780e+01
-9.894361771160390617e+01 -9.968782674401859367e+01 3.677683399618645765e+00 4.573516174554824687e+01
1.224600572669049114e+02 1.167572201841821879e+02 3.488296327766730798e+01 4.570434345006943033e+01
2.001176684378156949e+02 2.000000000054894542e+02 3.057681903602925133e-01 4.610825970172881938e+01
3.015202491100668567e+02 3.020197639804966911e+02 8.766303720343101569e-01 4.576753765344619751e+01
4.018533523631224966e+02 4.021025115525782212e+02 7.254586186644007562e-01 4.586355800628662394e+01
5.000054255696310861e+02 5.000000000000000000e+02 1.227150929796015644e-02 4.591724605560303019e+01
6.000155454558041583e+02 6.000194318197550274e+02 7.772727902010956487e-03 4.589866080284118510e+01
7.400000000009483756e+02 7.000000000029996272e+02 4.898979485499786080e+01 4.590669280290603638e+01
8.081321407225868825e+02 8.000000000001132321e+02 2.510128278329137785e+01 4.586530090570450113e+01
1.005118631138754949e+03 9.000000000014215402e+02 1.251743474756802357e+02 4.589433449506759644e+01
1.000000000000012506e+03 1.000000000000007276e+03 1.293314577416798077e-11 4.708729650974273540e+01
1.110208023158031438e+03 1.100000000000173486e+03 3.063113395618066193e+01 4.710345640182494975e+01
1.200212000423161498e+03 1.200080948985145824e+03 2.038881338429803514e-01 4.723113700151443339e+01
1.347768772480218558e+03 1.308506704859845740e+03 4.838132010545898964e+01 4.714554250240325928e+01
1.400000000001733042e+03 1.400000000001181434e+03 2.027497946705720171e-09 4.600858449935913086e+01
