-1.400000000000000000e+03 -1.400000000000000000e+03 0.000000000000000000e+00 2.615585329055786019e+02
1.905147630662032752e+05 1.808522581312858965e+05 1.017232919302746013e+05 2.678862498998641968e+02
4.215454278328830749e+07 7.962211858096061274e+06 1.178024018257481307e+08 2.675051790952682609e+02
1.780333695245345734e+04 1.749886785099566987e+04 1.051268676915855940e+04 2.673625017046928178e+02
-9.999999999999221245e+02 -9.999999999999379270e+02 5.136428070715693157e-11 2.650537916421890259e+02
-8.918347493283359881e+02 -8.901875318312340823e+02 3.427932265613031326e+00 2.667351630449294930e+02
-7.181292928177365411e+02 -7.135775756952723441e+02 3.976699702416735960e+01 2.685962887048721086e+02
-6.795325635254614554e+02 -6.795722740215489921e+02 1.273518453798133110e-01 2.626213893532752763e+02
-5.927524673723355590e+02 -5.925723809050005002e+02 1.385643558705027090e+00 2.853700674414634477e+02
-4.985333289878828396e+02 -4.985649917167935428e+02 7.978047066208105997e-01 2.659948107481002921e+02
-3.987563011786334641e+02 -3.990050409429067031e+02 8.249764685360654326e-01 2.647286730885505790e+02
-2.614047181373879312e+02 -2.603840200167252306e+02 1.403711876691070870e+01 2.649700165033340227e+02
-1.382763827472143703e+02 -1.404180292898379321e+02 1.867923925830116971e+01 2.594543018937110901e+02
5.108699411701538651e+01 4.522611850139423950e+01 1.360484985970002469e+02 2.630847588896751290e+02
1.354782600558655304e+03 1.432323331164875299e+03 2.640580803511662680e+02 2.633069217443465959e+02
2.006495802143849119e+02 2.006114441893477647e+02 2.987700117905998654e-01 2.716104012608528251e+02
3.102359074532134287e+02 3.105935347794983272e+02 2.325083253767181279e+00 2.637579964041709673e+02
4.516441237612774557e+02 4.501997332124830109e+02 1.477122175353903799e+01 2.678741304516792070e+02
5.005465531175074148e+02 5.005424384798018309e+02 2.328833899020095188e-01 2.670524558901786918e+02
6.038296305655326250e+02 6.039028102098864110e+02 2.789007675695593380e-01 2.675236186027526628e+02
1.000000000000000000e+03 1.000000000000000000e+03 5.684341886080801487e-14 2.662961464047431832e+02
1.006684885351635444e+03 9.801481730935756786e+02 1.099057659278477814e+02 2.666057339072227705e+02
2.447463911875622671e+03 2.422337284675364572e+03 3.813234755346998099e+02 2.674146779417991411e+02
1.223035069492507319e+03 1.221994430453913992e+03 4.600903037392439110e+00 2.862860837459564323e+02
1.321507318711557673e+03 1.321729009591339491e+03 3.691947586187880326e+00 2.865268322467803728e+02
1.453525402218038380e+03 1.457053615569855992e+03 6.976002863910819940e+01 2.871128636002540588e+02
1.874590336336369774e+03 1.896088969519874126e+03 6.783494785181611064e+01 2.867296454548835527e+02
1.774109631340777469e+03 1.700000000000000000e+03 1.796352902725336662e+02 2.694568151473998796e+02
