-1.400000000000000000e+03 -1.400000000000000000e+03 0.000000000000000000e+00 2.279314689636230540e+01
1.154313783045004584e+03 6.192075039263880853e+02 2.304531227924750965e+03 2.283920454978942871e+01
-1.200000000000000000e+03 -1.200000000000000000e+03 0.000000000000000000e+00 2.281767100095748901e+01
-1.100000000000000000e+03 -1.100000000000000000e+03 0.000000000000000000e+00 2.282695595026016377e+01
-9.999999999989786374e+02 -9.999999999999920419e+02 4.350706815523583139e-09 2.279295325279235840e+01
-9.000000000000000000e+02 -9.000000000000000000e+02 0.000000000000000000e+00 2.280188130140304636e+01
-7.999999985603419645e+02 -7.999999999999226930e+02 6.271769702747744832e-06 2.276710389852523875e+01
-6.920005279870960067e+02 -6.999999999988613126e+02 9.797312864629619256e+00 2.275783644914627146e+01
-5.998270537807077289e+02 -5.999999999996261977e+02 3.051389649347449606e-01 2.336373865604400635e+01
-4.999762038192550904e+02 -4.999852079193453847e+02 3.321833394520984362e-02 2.279309664964675974e+01
-4.000000000000000000e+02 -4.000000000000000000e+02 0.000000000000000000e+00 2.289255135059356761e+01
-2.997512602357267042e+02 -3.000000000000000000e+02 5.334873602265051140e-01 2.288355009555816721e+01
-1.999005040942906817e+02 -2.000000000000000000e+02 4.336925982830197035e-01 2.288602445125579976e+01
-9.982830470921022936e+01 -9.968782674401859367e+01 1.553042339510841419e-01 2.278949869871139455e+01
1.190403396469822326e+02 1.004682598839721095e+02 3.585277638147032064e+01 2.275276670455932759e+01
2.000000000044309161e+02 2.000000000004029914e+02 1.352060483766441405e-08 2.295758224725723196e+01
3.013171287300766039e+02 3.020196068559067726e+02 9.634201669185655792e-01 2.282978644371032573e+01
4.016710545887741546e+02 4.021042892086157963e+02 9.372517050287262341e-01 2.284459425210952688e+01
5.000044418905317798e+02 5.000000000000000000e+02 7.939758376976514126e-03 2.286341234445571757e+01
6.000155454558041583e+02 6.000194318197550274e+02 7.772727902010956487e-03 2.285960074663162089e+01
7.300000000021279902e+02 7.000000000015668320e+02 4.582575694821715473e+01 2.287037105560302663e+01
8.050000000000916316e+02 8.000000000000547971e+02 2.179449471768506896e+01 2.286410105228424072e+01
1.010255707943725838e+03 9.500000000004160938e+02 1.242446921706857381e+02 2.285380674600601125e+01
1.000628000057019335e+03 1.000000000000018076e+03 1.256000113975795696e+00 2.346204830408096242e+01
1.110000000000893579e+03 1.100000000000070486e+03 2.999999999970430764e+01 2.347062710523605489e+01
1.200636949739626743e+03 1.200258041854941439e+03 1.248394587538999900e+00 2.353508625030517720e+01
1.357307499838241938e+03 1.400000000000000227e+03 4.946274161419202642e+01 2.350462290048599101e+01
1.425000000000706223e+03 1.400000000000935188e+03 4.330127018882503620e+01 2.291171489953994822e+01
