-1.400000000000000000e+03 -1.400000000000000000e+03 0.000000000000000000e+00 5.647339080572128012e+01
3.854472107372633673e+03 1.840590482593832803e+03 4.793746117311746275e+03 5.649025499820709229e+01
-1.200000000000000000e+03 -1.200000000000000000e+03 0.000000000000000000e+00 5.648381689786911153e+01
-1.100000000000000000e+03 -1.100000000000000000e+03 0.000000000000000000e+00 5.650918999910354756e+01
-9.999999999999754436e+02 -9.999999999999814690e+02 3.417813785568545911e-11 5.649937484264373921e+01
-8.999999999998410658e+02 -9.000000000000000000e+02 6.910349084853592944e-10 5.642638365030288838e+01
-7.999999508604644234e+02 -7.999999999999924967e+02 2.141941878227453288e-04 5.643662365674972392e+01
-6.949998780965412379e+02 -6.999999999998690328e+02 8.660465183338946105e+00 5.645249180793761923e+01
-5.997602880805259247e+02 -5.999999999999943157e+02 3.736424541019421341e-01 5.703279135227203511e+01
-4.999012323128507091e+02 -4.999667079637046072e+02 1.425598144406078072e-01 5.645588575601577475e+01
-4.000000000000000000e+02 -4.000000000000000000e+02 0.000000000000000000e+00 5.658980904817580893e+01
-2.988557973362337066e+02 -2.990050409429067031e+02 1.102340123334885513e+00 5.656217689514160440e+01
-1.995097678763281124e+02 -2.000000000000000000e+02 9.990467153466865424e-01 5.658825609683990621e+01
-9.909970433959460934e+01 -1.000000000000000000e+02 3.639942247792315566e+00 5.648026630878448628e+01
1.452067968907053910e+02 1.170693934401635943e+02 5.012474513992561498e+01 5.643288429975509501e+01
2.000242260857003771e+02 2.000000000017877255e+02 1.055990401984851640e-01 5.663762135505676554e+01
3.012191963210948416e+02 3.020196068559067726e+02 9.935308446485965339e-01 5.651345185041427754e+01
4.014128273682396184e+02 4.020239936818749129e+02 1.005169507842032184e+00 5.649654990434646606e+01
5.000152999709171127e+02 5.000148248891478033e+02 1.376261092465101005e-02 5.649468225240707397e+01
6.000174886377797066e+02 6.000194318197550274e+02 5.829545926508217582e-03 5.655081055164337300e+01
7.650000000001014087e+02 8.000000000000010232e+02 4.769696007071870270e+01 5.654842749834060811e+01
8.200000000000094360e+02 8.000000000000043201e+02 4.000000000000321165e+01 5.653085340261459635e+01
1.044162672591816317e+03 1.011671382546683844e+03 1.235422632634655997e+02 5.652001509666443013e+01
1.005763485493729604e+03 1.000000000000003524e+03 2.227595919481147391e+01 5.711477710008621500e+01
1.110000000000009550e+03 1.100000000000004547e+03 2.999999999999682032e+01 5.712372734546661235e+01
1.202105864609914079e+03 1.200080948985150371e+03 6.484205239764038176e+00 5.720270884037017822e+01
1.382685909125425269e+03 1.400000000000001137e+03 4.875332896479626754e+01 5.714297870397567891e+01
1.420000000000030923e+03 1.400000000000005912e+03 3.999999999999165823e+01 5.660122849941253520e+01
