-1.400000000000000000e+03 -1.400000000000000000e+03 1.438037388729016771e-13 7.229159245491027832e+02
1.243215633831535932e+06 1.193533578395626042e+06 5.498250491931117140e+05 7.249684090971946944e+02
1.724523543883372545e+08 7.815575659487751126e+07 1.955630534310079515e+08 7.254059470415115811e+02
1.451346118984045916e+03 1.360170911016169612e+03 1.151733724149761883e+03 7.309163143515586398e+02
-9.999999951748026206e+02 -9.999999950797471229e+02 2.433337404707053351e-06 7.194996332526206970e+02
-8.721728121637906952e+02 -8.786731516319280217e+02 2.037553263960293037e+01 7.201008473515510104e+02
-7.001760785689455133e+02 -7.039458109614640762e+02 3.866954691296475488e+01 7.361800672531128384e+02
-6.790873884578893467e+02 -6.790700567747078367e+02 6.769396432128964303e-02 7.199529865980148315e+02
-5.725521689777544907e+02 -5.723252837639936388e+02 3.653193765788401048e+00 8.419348767995834351e+02
-4.999163511868444516e+02 -4.999186976287447806e+02 3.817726289396361494e-02 7.233424613475799561e+02
-3.877122569043526710e+02 -3.880604913148804940e+02 3.103169747963387959e+00 7.291876127481460799e+02
-1.534465469426658615e+02 -1.583277227701665026e+02 3.522864729346931512e+01 7.283206918001175154e+02
1.991679979451746618e+01 1.252460283958701837e+01 4.691587538734404461e+01 7.228459267020225525e+02
6.188722217664312666e+02 6.091342566526045630e+02 2.204919472091856960e+02 7.272778342962265015e+02
4.747762730605988509e+03 4.863619804454488985e+03 5.652034104395631857e+02 7.244858370542526700e+02
2.009723439617774261e+02 2.009016271864233545e+02 4.243403873189758313e-01 7.677907492995261691e+02
3.357058224352743423e+02 3.387339377410480665e+02 1.065128794746778063e+01 7.217970222473144304e+02
5.432575375580614718e+02 5.445415693603418958e+02 3.062346560871220902e+01 7.266146607518196561e+02
5.023182186495406540e+02 5.023697137442317171e+02 3.625110585609520042e-01 7.210274480462073825e+02
6.133543401605459167e+02 6.128846653892021550e+02 1.155980601971319688e+00 7.420036517977714539e+02
9.864730694643463949e+02 1.000000002347130476e+03 7.994355536388897576e+01 7.324771285057067871e+02
1.502089896644750297e+03 1.497088618904662553e+03 1.990820284631805066e+02 7.377276840090751193e+02
5.729023863509770308e+03 5.509938534258733853e+03 8.602449294721171782e+02 7.407357874035835721e+02
1.277697472351089800e+03 1.277447027895198744e+03 8.301079709420275066e+00 8.516765768527984619e+02
1.387095439104623438e+03 1.389130954205692206e+03 9.564921950417950569e+00 8.518484201908111118e+02
1.527186666064423662e+03 1.566079319086027454e+03 7.395513585730152784e+01 8.589000264406204224e+02
2.337014305437030089e+03 2.328791673391836866e+03 9.304585629400719426e+01 8.563798125982284546e+02
1.825285166771537206e+03 1.700000009096015901e+03 3.758636480440463288e+02 7.506247482538223039e+02
