-1.400000000000000000e+03 -1.400000000000000000e+03 0.000000000000000000e+00 6.191236339807510092e+01
6.219867666382680909e+03 7.093532873573651159e+03 5.424378681045865960e+03 6.190323294401169107e+01
-1.200000000000000000e+03 -1.200000000000000000e+03 0.000000000000000000e+00 6.186397454738617085e+01
-1.100000000000000000e+03 -1.100000000000000000e+03 0.000000000000000000e+00 6.186363465785980509e+01
-9.999999999999770353e+02 -9.999999999999824922e+02 2.445601805927506223e-11 6.194365085363388346e+01
-8.999965540719873616e+02 -8.999995591095046166e+02 8.649671803427828876e-03 6.178766429424285889e+01
-7.998383882321498959e+02 -7.999997705132433339e+02 5.330752794583624166e-01 6.191923834085464762e+01
-6.887298468687561126e+02 -6.800000000000011369e+02 9.719787754588136153e+00 6.185228954553603842e+01
-5.996296697041690322e+02 -5.997667169678359187e+02 3.780747029943729576e-01 6.250472085475921347e+01
-4.996438932338554650e+02 -4.997262676741462428e+02 3.379684861163356757e-01 6.194801709651947164e+01
-3.999502520471453408e+02 -4.000000000000000000e+02 2.168462991415098517e-01 6.200917814970016195e+01
-2.985075621700329407e+02 -2.990050409429067031e+02 1.458894724638634344e+00 6.200050934553146220e+01
-1.989526331933474239e+02 -2.000000000000000000e+02 1.345326154108101635e+00 6.200386340618133829e+01
-9.644564334677565398e+01 -9.968782674401859367e+01 8.498445293422825841e+00 6.185325069427490519e+01
1.771337141569195808e+02 1.961673118332316790e+02 5.942378812181043912e+01 6.184160225391387655e+01
2.006791670285839473e+02 2.006681959333977261e+02 4.984444638239788339e-01 6.203035399913787984e+01
3.014257122258239292e+02 3.020197639804966911e+02 9.258382899221366813e-01 6.194393460750579550e+01
4.022725351085645116e+02 4.020722873424571162e+02 9.596824728391218917e-01 6.197132979631423666e+01
5.000384638222913054e+02 5.000197293441220268e+02 3.986679908869652372e-02 6.191568999290466024e+01
6.000322143113824040e+02 6.000194318197550274e+02 2.474240980721610639e-02 6.189145950078964376e+01
7.600000000000000000e+02 8.000000000000000000e+02 4.898979485566356118e+01 6.191419265270233296e+01
8.300000000000000000e+02 8.000000000000000000e+02 6.403124237432848531e+01 6.192523050308227539e+01
1.057640501288684618e+03 1.049142492895474106e+03 1.157532376593949408e+02 6.193893024921417378e+01
1.025952419247170610e+03 1.010972580193246586e+03 3.377869685541589462e+01 6.264462260007858418e+01
1.147629880272668061e+03 1.116659560910077289e+03 4.958432884735304924e+01 6.262979350090026998e+01
1.202724666525894236e+03 1.200435134724740237e+03 6.860645743912625605e+00 6.276078264713287069e+01
1.393065431386411319e+03 1.410275625169752402e+03 4.615155499227441283e+01 6.268243809938430644e+01
1.460000000000000000e+03 1.500000000000000000e+03 4.898979485566356118e+01 6.264065480232238770e+01
