-1.400000000000000000e+03 -1.400000000000000000e+03 0.000000000000000000e+00 6.102784030437469198e+01
3.420005398693090683e+03 8.080503801773048735e+02 5.005315945897166785e+03 6.135710490942001627e+01
-1.200000000000000000e+03 -1.200000000000000000e+03 0.000000000000000000e+00 6.108564980030060099e+01
-1.100000000000000000e+03 -1.100000000000000000e+03 0.000000000000000000e+00 6.112166650295257853e+01
-9.999999999999469082e+02 -9.999999999999861302e+02 8.411845769396016071e-11 6.113393814563751505e+01
-8.999773352519727041e+02 -8.999981376432634761e+02 5.473842332245922732e-02 6.126716699600219584e+01
-7.963811870829829331e+02 -7.995556341151793731e+02 5.475914675694566469e+00 6.125062680244445801e+01
-6.863316666707326021e+02 -6.799998297892204846e+02 8.756129086986142340e+00 6.120282709598541260e+01
-5.996142176022869990e+02 -5.997168079971609131e+02 3.439143244007054623e-01 6.215543214082718038e+01
-4.944850524562532996e+02 -4.940664061740920943e+02 4.131325137315053908e+00 6.131493740081786825e+01
-3.987065532257788050e+02 -3.990050409429067031e+02 6.370846453727423420e-01 6.130439125299453451e+01
-2.961694131763355813e+02 -2.965176458190827589e+02 3.005938075321272329e+00 6.129062190055847026e+01
-1.954303346179738980e+02 -1.964515896784726294e+02 2.884044495427288357e+00 6.129905139207839682e+01
-7.934631206465034836e+01 -9.130921665192749970e+01 3.541910252896609990e+01 6.110714049339294718e+01
1.892303722023483772e+02 1.667270639936469934e+02 7.400494070060877050e+01 6.112081735134124472e+01
2.017811411341859582e+02 2.014465514009956451e+02 1.423383892988353328e+00 6.150701345205307291e+01
3.017784499314886943e+02 3.020652169652173598e+02 1.218290503483227649e+00 6.122069884538650797e+01
4.026502790772665321e+02 4.029630404076585251e+02 1.578847472897233484e+00 6.136413980722427652e+01
5.000476308228933817e+02 5.000197293443232525e+02 5.297640595256641188e-02 6.115597200393676758e+01
6.002198914679754580e+02 6.001154132572507933e+02 2.204710248775343939e-01 6.115948694944381714e+01
7.900000000000000000e+02 8.000000000000000000e+02 3.000000000000002487e+01 6.128991204500198364e+01
8.559054464995233502e+02 8.268944361451422083e+02 6.796848306811736506e+01 6.131133410930633687e+01
1.093806390523749997e+03 1.092472035095858701e+03 1.053134502882480916e+02 6.129249469041824483e+01
1.031139272558490802e+03 1.018952429195128275e+03 2.796363731404289865e+01 6.232534534931183146e+01
1.160337717299929864e+03 1.187144736522395988e+03 5.032927328879826234e+01 6.231753414869308472e+01
1.231326153554247412e+03 1.215189471540208388e+03 3.729974591552604579e+01 6.239725714921951294e+01
1.444013730441115058e+03 1.446691336629481384e+03 6.007491629413683398e+01 6.237945820093155191e+01
1.475000000000000000e+03 1.500000000000000000e+03 6.982120021884468031e+01 6.468392775058745769e+01
