-1.400000000000000000e+03 -1.400000000000000000e+03 0.000000000000000000e+00 6.193211560249328329e+01
3.755305946730373307e+03 2.544402983269836113e+03 4.197007105967174539e+03 6.206205185651779033e+01
-1.200000000000000000e+03 -1.200000000000000000e+03 0.000000000000000000e+00 6.193171539306640483e+01
-1.100000000000000000e+03 -1.100000000000000000e+03 0.000000000000000000e+00 6.196051065921783163e+01
-9.999999999999887450e+02 -9.999999999999965894e+02 1.583064212135981410e-11 6.198941509723663046e+01
-9.000000000000000000e+02 -9.000000000000000000e+02 3.595093471822541928e-14 6.194795169830322124e+01
-7.999999985610901376e+02 -7.999999999999994316e+02 6.271940800192173798e-06 6.199473409652709677e+01
-6.939998515707914066e+02 -6.999999999999836291e+02 9.165378125955871980e+00 6.189495315551757670e+01
-5.998500178712130264e+02 -6.000000000000000000e+02 2.999642575092849595e-01 6.288953504562378072e+01
-4.999725043208640045e+02 -4.999728746156046100e+02 2.422933936362865748e-02 6.200147640705108643e+01
-4.000000000000000000e+02 -4.000000000000000000e+02 0.000000000000000000e+00 6.211531604528427408e+01
-2.994527725185987492e+02 -2.995025204714533515e+02 5.865197141093929645e-01 6.212175580263137675e+01
-1.998972022548813641e+02 -2.000000000000000000e+02 4.480849825959485333e-01 6.212963554859161519e+01
-9.815258269079200204e+01 -1.000000000000000000e+02 5.078071722542545352e+00 6.199398590326309488e+01
1.183795886670987727e+02 1.167572201841821879e+02 2.733075639041233629e+01 6.199195959568023540e+01
2.000001154790047622e+02 2.000000000000426894e+02 5.033605681909255215e-04 6.225587430000305034e+01
3.013275438546303349e+02 3.020196854182017319e+02 9.701740180442233186e-01 6.202465405464172221e+01
4.015062303439117386e+02 4.021051108365958839e+02 9.800057030412977488e-01 6.205159804821014546e+01
5.000024745323283355e+02 5.000000000000000000e+02 5.301065249851267050e-03 6.202195709943771362e+01
6.000145738648163842e+02 6.000194318197550274e+02 8.414224774807013349e-03 6.199387395381927490e+01
7.300000000001004992e+02 7.000000000000228511e+02 4.582575694954353196e+01 6.208058359622955180e+01
8.050000000000171667e+02 8.000000000000010232e+02 2.179449471769968838e+01 6.209025315046310567e+01
9.969054205241894806e+02 9.000000000004517915e+02 1.198613778905989022e+02 6.209560929536819174e+01
1.003783079670571851e+03 1.000000000000001023e+03 7.566213206256818147e+00 6.306466625928878500e+01
1.110000000000121418e+03 1.100000000000004093e+03 2.999999999995961986e+01 6.305920644998550273e+01
1.200510929859922271e+03 1.200435134724740237e+03 9.145802341229474219e-01 6.317185350656509257e+01
1.363333241487952819e+03 1.400000000000000000e+03 4.940048252321879119e+01 6.311314165592193604e+01
1.415000000000118007e+03 1.400000000000006821e+03 3.570714214266536146e+01 6.219089360237121866e+01
