-1.400000000000000000e+03 -1.400000000000000000e+03 0.000000000000000000e+00 2.285405169725418162e+01
5.057057750895086428e+03 2.695816202764033278e+03 5.784012596602213307e+03 2.292329490184783936e+01
-1.200000000000000000e+03 -1.200000000000000000e+03 0.000000000000000000e+00 2.278550460338592387e+01
-1.100000000000000000e+03 -1.100000000000000000e+03 1.136868377216160297e-13 2.284749275445938110e+01
-9.999999999996543920e+02 -9.999999999998589146e+02 5.153178409037620577e-10 2.294681019783019948e+01
-8.999530604609119564e+02 -8.999924260571754075e+02 9.854708285257628153e-02 2.278367210626602102e+01
-7.977509269185720768e+02 -7.999990172096453307e+02 4.674978737674398310e+00 2.293219839334487986e+01
-6.847313742062403890e+02 -6.799998912306605234e+02 8.264287067146350196e+00 2.293325064182281636e+01
-5.995551311859985617e+02 -5.995530389076609481e+02 4.486145235287684052e-01 2.360507069826126170e+01
-4.992116972240434620e+02 -4.996794080195935521e+02 9.665437850263061126e-01 2.287528824806213379e+01
-4.000000000000000000e+02 -4.000000000000000000e+02 0.000000000000000000e+00 2.301473519802093648e+01
-2.969156307036469116e+02 -2.980100818858133493e+02 2.573459410237312284e+00 2.299822355508804250e+01
-1.984379986644283633e+02 -1.980100818858134062e+02 1.511027988746350248e+00 2.304925554990768433e+01
-9.108487660666631314e+01 -9.968782674401859367e+01 1.472334412892685052e+01 2.291895579099655222e+01
1.673938599816972896e+02 1.335144403683702308e+02 6.210343230714003937e+01 2.290792160034179759e+01
2.005273921791980740e+02 2.003797084309817365e+02 5.562529315772595240e-01 2.317796565294265676e+01
3.017247581471798981e+02 3.020196854182017887e+02 7.233429477282564690e-01 2.290910459756851125e+01
4.021611233151016904e+02 4.021521276910319784e+02 8.841186650309038608e-01 2.292109910249710225e+01
5.000330517166503341e+02 5.000197293481830911e+02 3.990584065308431377e-02 2.289598485231399394e+01
6.000516100746173151e+02 6.000194318197550274e+02 1.172928267902080546e-01 2.297071189880371023e+01
7.800000000464556251e+02 8.000000000050795279e+02 3.999999993347729799e+01 2.303269845247268677e+01
8.697263110485275774e+02 8.626428144480350966e+02 6.670723630041464958e+01 2.303588000535965108e+01
9.984584640011228203e+02 9.161321100093795167e+02 1.120601649310624452e+02 2.303258320093154765e+01
1.022693600597105274e+03 1.018952290471801916e+03 1.931554218217084440e+01 2.370689851045608521e+01
1.165019954273492203e+03 1.200000000000058208e+03 4.655363822812759622e+01 2.370498479604720998e+01
1.221423647893472207e+03 1.200916606553979136e+03 3.544021048578642308e+01 2.376157069206237793e+01
1.415506933361722531e+03 1.410657304737251252e+03 6.321602695588685350e+01 2.373514494895935201e+01
1.450000000025131158e+03 1.450000000077417099e+03 4.999999997847436362e+01 2.312550674676895213e+01
