-1.400000000000000000e+03 -1.400000000000000000e+03 0.000000000000000000e+00 2.652899736523628462e+02
4.654139370848018443e+05 4.431196326723826351e+05 2.859570569505105959e+05 2.614162315487861861e+02
1.256270642515498847e+08 5.500779566863851249e+07 1.769780539107382894e+08 2.607166020989417916e+02
3.878610429450985976e+04 3.152061349410958064e+04 2.094127813086141032e+04 2.601763417005539054e+02
-9.999999999999312195e+02 -9.999999999999361080e+02 3.997242794607927333e-11 2.640071387052536238e+02
-8.810174281634238014e+02 -8.901873480234351064e+02 2.095601563186941618e+01 2.596446379542350655e+02
-7.026785161792194003e+02 -7.145443931169734242e+02 5.228871364767960728e+01 2.634731046557426453e+02
-6.795814565573267600e+02 -6.795477294904383143e+02 1.149851744739629061e-01 2.626220573544502486e+02
-5.921346272601157352e+02 -5.919235311520944833e+02 1.838313276855795486e+00 2.842997380495071411e+02
-4.975150560321397961e+02 -4.977876899247638676e+02 1.399178826396143327e+00 2.623791779518127214e+02
-4.000000000000000000e+02 -4.000000000000000000e+02 0.000000000000000000e+00 2.666152914524078597e+02
-2.573006214433645482e+02 -2.611968119093534142e+02 1.346164703745557034e+01 2.644744675993919145e+02
-1.398172343952429060e+02 -1.429485586739863265e+02 2.034131313695551313e+01 2.622791520476341134e+02
-3.741820561765057107e+01 -5.650074213943980794e+01 5.669386609247298736e+01 2.645044584989547616e+02
1.469285332119970235e+03 1.468058100769091425e+03 4.088151526576441483e+02 2.614937831521034468e+02
2.006256887594590523e+02 2.005221732593383308e+02 2.965292052031118231e-01 2.712609830021858102e+02
3.091945670016976351e+02 3.101575790359582925e+02 3.034100954506017800e+00 2.648371849060058594e+02
4.485607806310337651e+02 4.423454273726573547e+02 1.963177626430488942e+01 2.613433169007301444e+02
5.003666766182532228e+02 5.003461298230096759e+02 2.210656141862418489e-01 2.593559781551360857e+02
6.040346769447285169e+02 6.040574057784009483e+02 3.684717508790233409e-01 2.608617352485656511e+02
1.000000000000022510e+03 1.000000000000006821e+03 4.320499962642542926e-11 2.630220813989639055e+02
9.261529578828809690e+02 9.159761957989137500e+02 7.684500706531652270e+01 2.649290285468101729e+02
2.482529105285152582e+03 2.384588632170749406e+03 3.567774454135384303e+02 2.649854155540466536e+02
1.224272078535831042e+03 1.223642357343720505e+03 5.035085918682510098e+00 2.859395256400108565e+02
1.324308882513835215e+03 1.325001837578842242e+03 5.595928627671502120e+00 2.859503660559654463e+02
1.440995130828650417e+03 1.400064435802963999e+03 6.986176663154809319e+01 2.871886219978332520e+02
1.894341464409327500e+03 1.894201369803400667e+03 4.020984654935979563e+01 2.865313605070114136e+02
1.911427404401190188e+03 1.700000000000042292e+03 2.663973805395347085e+02 2.667981536030769121e+02
