-1.400000000000000000e+03 -1.400000000000000000e+03 0.000000000000000000e+00 5.362145079374313639e+01
2.856219609725424561e+03 1.197696319891560506e+03 3.740226556900448941e+03 5.364661939144134806e+01
-1.200000000000000000e+03 -1.200000000000000000e+03 0.000000000000000000e+00 5.358494074344635294e+01
-1.100000000000000000e+03 -1.100000000000000000e+03 0.000000000000000000e+00 5.361076660156250284e+01
-9.999999999999905640e+02 -9.999999999999969305e+02 1.265258403894506403e-11 5.365492504835128784e+01
-9.000000000000000000e+02 -9.000000000000000000e+02 0.000000000000000000e+00 5.363024638891219809e+01
-7.999999999999832880e+02 -7.999999999999992042e+02 4.103231077302156463e-11 5.354431380033493326e+01
-6.939998984024617812e+02 -6.999999999999715783e+02 9.165306583370433913e+00 5.352601549625396871e+01
-5.998372712562406832e+02 -6.000000000000000000e+02 3.291803744151033939e-01 5.449225854873657227e+01
-4.999705318792209141e+02 -4.999901353279390150e+02 3.217833248717073130e-02 5.363863009214401245e+01
-4.000000000000000000e+02 -4.000000000000000000e+02 0.000000000000000000e+00 5.376739194393157817e+01
-2.994030245657440332e+02 -2.990050409429067031e+02 5.801558399251651732e-01 5.377524764537811564e+01
-1.996982104434627558e+02 -2.000000000000000000e+02 7.185040025715281331e-01 5.376426930427551554e+01
-9.897483503720204112e+01 -9.968782674401859367e+01 3.685185247981977774e+00 5.358448585271835185e+01
1.257365699271484090e+02 1.006243465119628127e+02 4.311390068368640982e+01 5.356071544885635660e+01
2.000000000003247465e+02 2.000000000000500791e+02 7.456859845058480290e-10 5.382790544033050395e+01
3.016253911928191087e+02 3.020196854182017319e+02 8.104294436286332282e-01 5.367701394557953165e+01
4.017359320485448961e+02 4.020872556440319840e+02 9.169520371252691815e-01 5.368374974727630899e+01
5.000088844631979441e+02 5.000000000000000000e+02 1.243938577399150182e-02 5.369534264802932455e+01
6.000126306828409497e+02 6.000194318197550274e+02 9.268387309594429413e-03 5.371403334140777730e+01
7.400000000000530918e+02 7.000000000000566160e+02 4.898979485562217207e+01 5.368143734931945943e+01
8.150000000000006821e+02 8.000000000000002274e+02 4.769696007084714040e+01 5.367508020401000834e+01
1.016020078195143469e+03 1.000000000000000909e+03 1.066869750699378727e+02 5.368874104022980021e+01
1.005471000363940902e+03 1.000000000000000455e+03 2.171513521264171942e+01 5.465175518989563130e+01
1.120139938755150524e+03 1.100000000000001592e+03 4.028352361787710123e+01 5.468023765087127686e+01
1.200671435084828317e+03 1.200080948985146733e+03 1.252852601412902001e+00 5.481410700082778931e+01
1.322973573450342201e+03 1.303079233651836830e+03 3.999152728801107060e+01 5.471975660324096680e+01
1.425000000000017735e+03 1.400000000000020009e+03 4.330127018921670157e+01 5.380187289714812948e+01
