-1.400000000000000000e+03 -1.400000000000000000e+03 0.000000000000000000e+00 4.807110224962234213e+01
4.400939299129565370e+03 3.060192518443464905e+03 5.372178441289324837e+03 4.838731589317321635e+01
-1.200000000000000000e+03 -1.200000000000000000e+03 0.000000000000000000e+00 4.811185730695724772e+01
-1.100000000000000000e+03 -1.100000000000000000e+03 0.000000000000000000e+00 4.814366499185562276e+01
-9.999999999999554348e+02 -9.999999999999917009e+02 6.979083482402574780e-11 4.820204595327377461e+01
-8.999758489911949937e+02 -8.999984314156970413e+02 5.950869533864490413e-02 4.828729599714279175e+01
-7.902045785398424869e+02 -7.954800021641132162e+02 1.024222315017502360e+01 4.820617480278015421e+01
-6.882153180069692553e+02 -6.799998978660671582e+02 9.280800985600345498e+00 4.824032659530639933e+01
-5.993888367832161066e+02 -5.994503274415430951e+02 4.834485240750809321e-01 4.898960579633713053e+01
-4.973707463267253956e+02 -4.985597628993594981e+02 3.311088231808817728e+00 4.831090540885925577e+01
-3.983085706105052282e+02 -3.990050409429067031e+02 1.576309815541461656e+00 4.827732141017914103e+01
-2.962191628969708290e+02 -2.980100818858134062e+02 4.489444591150448360e+00 4.831458564996719218e+01
-1.950232298074982396e+02 -1.964515896784726294e+02 2.995410110172894935e+00 4.825696164369583130e+01
-8.852343193935183763e+01 -9.968782674401859367e+01 2.055726054711129436e+01 4.812006034851074077e+01
2.040909052079830417e+02 1.667270639936470502e+02 9.522333110949456625e+01 4.820303465127945231e+01
2.018656206719064699e+02 2.016692016792669335e+02 9.605187674756884286e-01 4.841544234752655029e+01
3.030366849645896536e+02 3.029301448694364467e+02 9.578697163391207692e-01 4.822309820652007772e+01
4.033369224541230551e+02 4.029507287411134939e+02 1.534304112528295239e+00 4.835586450099945210e+01
5.001761114274013380e+02 5.000493233602564374e+02 2.695656984655517840e-01 4.823358334302902506e+01
6.001968720680765728e+02 6.001563783642867520e+02 1.355458856954941949e-01 4.816944434642791606e+01
7.750000000000000000e+02 8.000000000000000000e+02 4.330127018922192406e+01 4.828196949958801554e+01
8.809844036808226519e+02 8.372746315493870952e+02 9.896308615034905642e+01 4.829171149730682089e+01
1.130185676118175252e+03 1.182490187298220917e+03 9.457338982711304709e+01 4.829266330003738261e+01
1.043474098594614134e+03 1.038456539414384679e+03 3.492585961050034626e+01 4.913771150112152242e+01
1.165718219948022806e+03 1.171469243890884172e+03 3.521498120608561067e+01 4.912628744840621664e+01
1.228685998147522923e+03 1.209622997680013214e+03 3.793989169166801645e+01 4.922963390350341939e+01
1.417091687106080371e+03 1.446691549883333209e+03 5.523828523049652972e+01 4.921284370422362997e+01
1.480000000000000000e+03 1.500000000000000000e+03 4.000000000000000711e+01 4.849096519947052286e+01
