-1.400000000000000000e+03 -1.400000000000000000e+03 0.000000000000000000e+00 5.524276150465011881e+01
2.638992976627836470e+03 2.521577656187378125e+03 3.192229935265012500e+03 5.547323570251464986e+01
-1.200000000000000000e+03 -1.200000000000000000e+03 0.000000000000000000e+00 5.521499545574188517e+01
-1.100000000000000000e+03 -1.100000000000000000e+03 0.000000000000000000e+00 5.526971695423126363e+01
-9.999999999999894271e+02 -9.999999999999993179e+02 1.896910112880509611e-11 5.530545305013656332e+01
-8.999999999999993179e+02 -8.999999999999997726e+02 1.518474878781853482e-12 5.530839040279388286e+01
-7.999999942444667340e+02 -8.000000000000000000e+02 1.151106644101673602e-05 5.535794490575790405e+01
-6.900071749003502646e+02 -6.900816175802112866e+02 9.992886898601344825e+00 5.530462205410003662e+01
-5.997717018143438281e+02 -6.000000000000000000e+02 3.457171618984736794e-01 5.585881340503692627e+01
-4.999320636009468330e+02 -4.999654785752962880e+02 1.175788292201434548e-01 5.530965604782104350e+01
-3.999502520471453408e+02 -4.000000000000000000e+02 2.168462991415098240e-01 5.538230230808257915e+01
-2.986568057767059940e+02 -2.990050409429067031e+02 1.416723981043040537e+00 5.538601839542388916e+01
-1.984753942201150778e+02 -1.989720225488137260e+02 1.577879807411255220e+00 5.536179419755935527e+01
-9.611204266192099510e+01 -9.984391337200929684e+01 1.297286353413820414e+01 5.531099519729614400e+01
1.248273233974512948e+02 1.167572201841821879e+02 3.542064528756255726e+01 5.528289124965667867e+01
2.000267714114452247e+02 2.000000000000007958e+02 7.993088054573939394e-02 5.553887954950332784e+01
3.016244217810975670e+02 3.020197639804966911e+02 8.110704102584294084e-01 5.532574200630187988e+01
4.012540861585272296e+02 4.003612656513993215e+02 1.351447150109687634e+00 5.536007050275802754e+01
5.000133396663151188e+02 5.000000000000000000e+02 2.423959338084136911e-02 5.525936585664749146e+01
6.000136022738287238e+02 6.000194318197550274e+02 8.904778491815125430e-03 5.527223535776138164e+01
7.450000000000000000e+02 7.000000000000000000e+02 4.974937185533100603e+01 5.542549854516983032e+01
8.206266419074188434e+02 8.000000000000000000e+02 5.021765335387961215e+01 5.541258939504623271e+01
1.023353973067774859e+03 1.005260337841569026e+03 1.178403801218138085e+02 5.538327859640121176e+01
1.006793994224145763e+03 1.000000000000000000e+03 1.437751849811801108e+01 5.597830604314803793e+01
1.108712987090634897e+03 1.100000000000000000e+03 2.660444612164026523e+01 5.597422344684601114e+01
1.206266547105324207e+03 1.200435134724740237e+03 2.174931355178999581e+01 5.603932164907455160e+01
1.356814178715922026e+03 1.307315920295705837e+03 6.430595899478066713e+01 5.603002090454101847e+01
1.410000000000000000e+03 1.400000000000000000e+03 3.000000000000000000e+01 5.557502754926681376e+01
