-1.400000000000000000e+03 -1.400000000000000000e+03 0.000000000000000000e+00 5.570415239334106161e+01
3.052193510403084019e+03 1.131910397978248056e+03 4.288580431976916771e+03 5.580754629373550557e+01
-1.200000000000000000e+03 -1.200000000000000000e+03 0.000000000000000000e+00 5.573406105041503622e+01
-1.100000000000000000e+03 -1.100000000000000000e+03 0.000000000000000000e+00 5.575003989934921123e+01
-9.999999999999478177e+02 -9.999999999999840838e+02 1.271877892673023154e-10 5.575613681077957295e+01
-9.000000000000000000e+02 -9.000000000000000000e+02 2.542114972925207483e-14 5.573454655408859537e+01
-7.999999999992817266e+02 -7.999999999999330385e+02 1.702485503164867877e-09 5.573397985696792745e+01
-6.919996909026388039e+02 -6.999999999993411848e+02 9.798337562220210017e+00 5.571709899902343466e+01
-5.999395403741401651e+02 -5.999999999998435669e+02 1.871093883352987763e-01 5.653570485115051270e+01
-4.999509244887503883e+02 -4.999901353279390150e+02 8.117732361544496844e-02 5.573884634971618368e+01
-4.000000000000000000e+02 -4.000000000000000000e+02 0.000000000000000000e+00 5.587415724992752075e+01
-2.995522684243080107e+02 -3.000000000000000000e+02 5.865197141093927424e-01 5.585467770099639750e+01
-1.997565348578687008e+02 -2.000000000000000000e+02 7.438119724391875076e-01 5.585992740392684652e+01
-9.897483503720204112e+01 -9.984391337200929684e+01 3.686507225833009826e+00 5.579396624565124796e+01
1.281527004253633493e+02 1.006243465119628127e+02 4.217226768887402244e+01 5.572146295309066488e+01
2.000502911312523793e+02 2.000000000059802119e+02 2.186846464078702201e-01 5.596990565061569356e+01
3.018269640579263751e+02 3.020197639804966911e+02 6.076642977399334677e-01 5.579629704952240132e+01
4.015284508662602434e+02 4.020188263708391219e+02 8.910120230855586021e-01 5.576280174255371236e+01
5.000148165790198505e+02 5.000000000000000000e+02 2.219001899454966370e-02 5.578293675184249878e+01
6.000126306828409497e+02 6.000194318197550274e+02 9.268387309594429413e-03 5.582395205497741841e+01
7.300000000003132072e+02 7.000000000005074980e+02 4.582575694940474875e+01 5.589097545146942281e+01
8.100000000000239879e+02 8.000000000000177351e+02 2.999999999999564437e+01 5.585174399614334106e+01
1.018256770480700084e+03 1.000000000000040473e+03 1.099253118385229868e+02 5.584560844898224019e+01
1.001261613739210247e+03 1.000000000000014666e+03 4.165779121080785963e+00 5.665553669929504110e+01
1.110000000000204864e+03 1.100000000000059345e+03 2.999999999993196909e+01 5.670488615036011026e+01
1.203002222922402780e+03 1.200435134724740237e+03 6.984417991937448278e+00 5.677470769882202006e+01
1.360570288074606651e+03 1.400000000000001364e+03 4.736896520841136748e+01 5.673703789710998535e+01
1.400000000003482683e+03 1.400000000000239879e+03 9.857324133241076062e-09 5.593241444826126241e+01
