-1.400000000000000000e+03 -1.400000000000000000e+03 0.000000000000000000e+00 6.209765650033951090e+01
3.057264669713127660e+03 2.442773624046831173e+03 3.811771010013287196e+03 6.208636780977249003e+01
-1.200000000000000000e+03 -1.200000000000000000e+03 0.000000000000000000e+00 6.202932349443435811e+01
-1.100000000000000000e+03 -1.100000000000000000e+03 0.000000000000000000e+00 6.204512969255447530e+01
-9.999999999999761258e+02 -9.999999999999863576e+02 2.859515516499778933e-11 6.213745589256286905e+01
-9.000000000000000000e+02 -9.000000000000000000e+02 6.226884551155831951e-14 6.209268875122070597e+01
-7.999999971222333670e+02 -8.000000000000000000e+02 8.633299775813925526e-06 6.204204134941100790e+01
-6.889997194157701870e+02 -6.799999487650484298e+02 9.950128173305936130e+00 6.196922630071640015e+01
-5.998040896926443111e+02 -6.000000000000000000e+02 3.085228064511444379e-01 6.285970599651336954e+01
-4.999680657112429571e+02 -4.999728746156046100e+02 3.509740984202423808e-02 6.209660274982452677e+01
-4.000000000000000000e+02 -4.000000000000000000e+02 0.000000000000000000e+00 6.222682985067367412e+01
-2.995025204714533515e+02 -3.000000000000000000e+02 5.886257162681509669e-01 6.223844879865646362e+01
-1.996982104434627274e+02 -2.000000000000000000e+02 7.185040025715281331e-01 6.223337980508804179e+01
-9.824623466758643531e+01 -1.000000000000000000e+02 5.002910455362769682e+00 6.208252084255218506e+01
1.427019429591658763e+02 1.170693934401635943e+02 4.508523289101546538e+01 6.200414499044418193e+01
2.000242260799263931e+02 2.000000000000049454e+02 1.055990337621234842e-01 6.227378604412079000e+01
3.017206548474815122e+02 3.020197639804966911e+02 7.214865409815275354e-01 6.213655204772949503e+01
4.015469326462114736e+02 4.020432025995144727e+02 9.733284777241927310e-01 6.215922715663909770e+01
5.000185861901815088e+02 5.000000000000000000e+02 3.655328614864381681e-02 6.213870770931244181e+01
6.000136022738287238e+02 6.000194318197550274e+02 8.904778491815125430e-03 6.215777169466018393e+01
7.550000000000011369e+02 8.000000000000000000e+02 4.974937185533018180e+01 6.209925044775009439e+01
8.212642814448033732e+02 8.000000000000000000e+02 3.795052772799445506e+01 6.211031020879745768e+01
1.023871565554325343e+03 1.000000000000000000e+03 1.228254139786042032e+02 6.208164794445038126e+01
1.005314000028350733e+03 1.000000000000000000e+03 2.174275428451350578e+01 6.297331990003586100e+01
1.125000000000000000e+03 1.100000000000000000e+03 4.330127018922192406e+01 6.298537100553512857e+01
1.201967023511467460e+03 1.200258041854941439e+03 3.468551072536000035e+00 6.310146675109863423e+01
1.379468550372406980e+03 1.400000000000000000e+03 5.119776135923319060e+01 6.307190115451813028e+01
1.420000000000000000e+03 1.400000000000000000e+03 4.000000000000004974e+01 6.232697384357452108e+01
