-1.400000000000000000e+03 -1.400000000000000000e+03 0.000000000000000000e+00 4.967271209955215738e+01
3.145055878853497234e+03 2.455417639519325348e+03 3.777799966589164796e+03 4.999086010456085205e+01
-1.200000000000000000e+03 -1.200000000000000000e+03 0.000000000000000000e+00 4.955483690500259542e+01
-1.100000000000000000e+03 -1.100000000000000000e+03 0.000000000000000000e+00 4.965999855995178081e+01
-9.999999999999909051e+02 -9.999999999999952252e+02 1.145227732807370483e-11 4.977668290138244345e+01
-9.000000000000000000e+02 -9.000000000000000000e+02 3.050537967510249106e-13 4.972985270023345805e+01
-8.000000000000000000e+02 -8.000000000000000000e+02 1.271057486462603836e-13 4.985916489362716675e+01
-6.899997833251612747e+02 -6.899999392008760424e+02 1.000021667708144513e+01 4.969271384477615072e+01
-5.997750268068582500e+02 -6.000000000000000000e+02 3.436522289692255927e-01 5.090413714647293375e+01
-4.999483368600072026e+02 -4.999605413118046044e+02 4.245182982389290871e-02 4.979303150177001669e+01
-3.999502520471453408e+02 -4.000000000000000000e+02 2.168462991415098240e-01 4.988886399269104288e+01
-2.993035286600347717e+02 -2.990050409429067031e+02 6.370846453727423420e-01 4.989959200620651103e+01
-1.993151944371491027e+02 -2.000000000000000000e+02 1.091156325092696111e+00 4.989271479845046997e+01
-9.906848701399647439e+01 -1.000000000000000000e+02 3.706022318777141500e+00 4.977030584812164449e+01
1.318825327561805238e+02 1.086907833480725003e+02 5.019244488351223765e+01 4.972776484489440918e+01
2.000861934318842827e+02 2.000000000000000568e+02 2.382684442004588121e-01 5.016581414937972738e+01
3.013325716712760709e+02 3.020211382353943463e+02 9.741248181129776862e-01 4.982060559988021708e+01
4.019316277584613317e+02 4.021381173316109425e+02 7.295770656960186562e-01 4.981327519416809224e+01
5.000088782048549660e+02 5.000000000000000000e+02 9.815224771884980409e-03 4.963363465070724345e+01
6.000155454558041583e+02 6.000194318197550274e+02 7.772727902010956487e-03 4.962701640129089498e+01
7.450000000000000000e+02 7.000000000000002274e+02 4.974937185533098472e+01 4.998985940217971802e+01
8.050000000000000000e+02 8.000000000000000000e+02 2.179449471770336189e+01 4.996312689781188965e+01
1.024515023346383941e+03 1.000000000000000000e+03 1.151272812723068313e+02 4.986398384571075582e+01
1.000940235370584901e+03 1.000000000000000000e+03 4.098390963506709284e+00 5.109704580307006694e+01
1.105000000000009095e+03 1.100000000000000000e+03 2.179449471770129776e+01 5.110975780487060405e+01
1.200196607991406381e+03 1.200080948985142413e+03 2.485850550741164344e-01 5.116443380117416240e+01
1.352344165216680722e+03 1.355698992641317091e+03 4.992744316823132777e+01 5.113681509494781352e+01
1.405000000000002956e+03 1.400000000000000000e+03 2.179449471770265134e+01 5.010686889886856221e+01
