-1.400000000000000000e+03 -1.400000000000000000e+03 0.000000000000000000e+00 5.825643305778503134e+01
1.809747188735328109e+03 1.110761929538703953e+03 2.896101764912284125e+03 5.852628509998321249e+01
-1.200000000000000000e+03 -1.200000000000000000e+03 0.000000000000000000e+00 5.826260910034179830e+01
-1.100000000000000000e+03 -1.100000000000000000e+03 0.000000000000000000e+00 5.825255529880523397e+01
-9.999999999999884039e+02 -9.999999999999931788e+02 1.347239393645966767e-11 5.832368789911269857e+01
-8.999999999999997726e+02 -9.000000000000000000e+02 5.295903383217644184e-13 5.832836034297942973e+01
-8.000000000000000000e+02 -8.000000000000000000e+02 0.000000000000000000e+00 5.836139005422592163e+01
-6.909993582896818225e+02 -7.000000000000000000e+02 9.950583977098355959e+00 5.828284019231796265e+01
-5.998747667885259034e+02 -6.000000000000000000e+02 3.017262119945964272e-01 5.901826164722442769e+01
-4.999447617790112304e+02 -4.999728746156046100e+02 9.529865593775589672e-02 5.830790535211563252e+01
-3.998507561414360225e+02 -4.000000000000000000e+02 3.552714447781128992e-01 5.837774170637131022e+01
-2.995025204714533515e+02 -3.000000000000000000e+02 5.886257162681509669e-01 5.840475150346755839e+01
-1.995097678763281124e+02 -2.000000000000000000e+02 9.990467153466864314e-01 5.835875030755996562e+01
-9.016897228346188342e+01 -9.937565348803718734e+01 1.374725518788084955e+01 5.830428549051284648e+01
1.149716791573583521e+02 1.006243465119628127e+02 2.884732282559399508e+01 5.829795029163360454e+01
2.000431275832894471e+02 2.000000000000000000e+02 1.304737793530642564e-01 5.858456600904465006e+01
3.013562632144437430e+02 3.020211382353943463e+02 9.934639670747826834e-01 5.831929149627685405e+01
4.018701640869662128e+02 4.020772663989185389e+02 8.427461181099976661e-01 5.835433834791183472e+01
5.000204132101980576e+02 5.000197293441220268e+02 2.807470468702403382e-02 5.825707055330276773e+01
6.000184602287674807e+02 6.000194318197550274e+02 4.235066930063082977e-03 5.823407245874405191e+01
7.600000000000000000e+02 8.000000000000000000e+02 4.898979485566356118e+01 5.845939835309982158e+01
8.157211395678262988e+02 8.000000000000000000e+02 4.046978644479933251e+01 5.843634499311447428e+01
1.034826741312539980e+03 1.002660026539210548e+03 1.166839805556338234e+02 5.840609695911407329e+01
1.001575613474335796e+03 1.000000000000000000e+03 4.177174335462289889e+00 5.914797894954681112e+01
1.105832974365481959e+03 1.100000000000000000e+03 2.190555491017362755e+01 5.915792294740676738e+01
1.202078575486260888e+03 1.200080948985146279e+03 6.883959672462695245e+00 5.919189620018005371e+01
1.357435830679121636e+03 1.355705380864862491e+03 5.449339634422337753e+01 5.918748425245284750e+01
1.415000000000000000e+03 1.400000000000000000e+03 3.570714214271424680e+01 5.855120733976364278e+01
