-1.400000000000000000e+03 -1.400000000000000000e+03 0.000000000000000000e+00 7.049081114530562786e+01
2.640282062313966890e+03 2.729436432571037585e+01 4.268908337755729008e+03 7.057848545312882038e+01
-1.200000000000000000e+03 -1.200000000000000000e+03 0.000000000000000000e+00 7.047582255601882650e+01
-1.100000000000000000e+03 -1.100000000000000000e+03 0.000000000000000000e+00 7.050299129486083416e+01
-9.999999999993135589e+02 -9.999999999997821760e+02 1.276914476808097569e-09 7.058660490512848185e+01
-9.000000000000000000e+02 -9.000000000000000000e+02 0.000000000000000000e+00 7.051061470508575724e+01
-7.999999999681500640e+02 -7.999999999849662800e+02 6.014537036293443299e-08 7.055525814294814779e+01
-6.919998795495397417e+02 -6.999999999146400569e+02 9.798106450944580104e+00 7.053516650199890137e+01
-5.997538473408683330e+02 -5.999999996169706264e+02 3.513710498896542300e-01 7.134175859689712240e+01
-4.999695454121550711e+02 -4.999901353279390150e+02 4.163934491829632961e-02 7.054559609889983562e+01
-4.000000000000000000e+02 -4.000000000000000000e+02 0.000000000000000000e+00 7.064473309516907307e+01
-2.997015122828720450e+02 -3.000000000000000000e+02 5.539697580559017620e-01 7.063068460226058676e+01
-2.000000000000000000e+02 -2.000000000000000000e+02 1.100768072947010132e-14 7.061046140193938925e+01
-9.992195668600464842e+01 -1.000000000000000000e+02 1.351749850310001722e-01 7.053748030662536905e+01
1.450388794279764397e+02 1.376308803568646226e+02 4.097169561355595846e+01 7.053495504856110188e+01
2.000684187018311206e+02 2.000000004009971235e+02 1.619001784178313863e-01 7.077977395057678223e+01
3.018205855136467903e+02 3.020197639804966911e+02 6.069366679222376604e-01 7.055326595306397053e+01
4.015579877567819267e+02 4.020341876111033343e+02 9.296986063728244210e-01 7.054154739379882244e+01
5.000044418905317798e+02 5.000000000000000000e+02 7.939758376978477833e-03 7.060512700080872150e+01
6.000184602287674807e+02 6.000194318197550274e+02 4.235066930063082977e-03 7.058420934677124592e+01
7.250000000660328396e+02 7.000000000249581262e+02 4.330127015288316983e+01 7.065831085443497273e+01
8.090656074365002723e+02 8.000000000015982096e+02 2.735686454685107094e+01 7.065599019527435587e+01
1.025223238601274716e+03 1.000000000001935632e+03 1.156147232925024610e+02 7.066987550258636475e+01
1.000000000002880938e+03 1.000000000000937462e+03 5.305413749121815990e-09 7.150017299652100178e+01
1.110000000005679567e+03 1.100000000005263018e+03 2.999999999813754670e+01 7.149795954227447226e+01
1.200539050900643815e+03 1.200435134724740237e+03 9.164056728051898082e-01 7.157503269910812094e+01
1.356812555548309774e+03 1.400000000000091859e+03 4.998966284780432545e+01 7.152709175348282145e+01
1.405000000021082769e+03 1.400000000009511723e+03 2.179449471299388108e+01 7.075500999689101889e+01
