-1.399999999999999773e+03 -1.400000000000000000e+03 8.835449638229623255e-13 5.235246835947036459e+01
3.933279816466555530e+03 1.688853637639514545e+03 5.442224246046751432e+03 5.250667250156402588e+01
-1.199999999999671218e+03 -1.199999999999904503e+03 5.019826324113761267e-10 5.240038655996322348e+01
-1.099999999997766736e+03 -1.099999999999932925e+03 6.697674632010551649e-09 5.243245420455932759e+01
-9.999999998249946884e+02 -9.999999998689540917e+02 1.735934238313195437e-07 5.247766585350036905e+01
-8.999465258710342823e+02 -8.999876515473943073e+02 9.388479929411627789e-02 5.240321390628814413e+01
-7.960466445015034651e+02 -7.999979949161705690e+02 1.205030588067574904e+01 5.249642560482025289e+01
-6.845972698018742904e+02 -6.799996188381553566e+02 8.122188079889681944e+00 5.248145949840545654e+01
-5.994923117979113840e+02 -5.994578581376244983e+02 4.211419671221547922e-01 5.331422710418701172e+01
-4.993527620070648254e+02 -4.998224457587919005e+02 1.051961835965622427e+00 5.242249749898910238e+01
-3.999999999999992042e+02 -3.999999999999999432e+02 2.100823869906255053e-12 5.251140530109405802e+01
-2.980100833960246405e+02 -2.990050409409942631e+02 1.989915469245304935e+00 5.254336254596709921e+01
-1.986757167714166030e+02 -1.990050409418177537e+02 1.407374546721094521e+00 5.259471069574355795e+01
-9.900605236277364440e+01 -9.968782674401830945e+01 3.619532508541968951e+00 5.247387189865112589e+01
1.792256425307169820e+02 1.667270639940346655e+02 7.143963530806682627e+01 5.245374194383621358e+01
2.009098617603035564e+02 2.007971573517506272e+02 7.596073058729894134e-01 5.276383109092712687e+01
3.017234771627346959e+02 3.020196854183605524e+02 7.213569924393579136e-01 5.247394284009933330e+01
4.019442875495129783e+02 4.021586615842442143e+02 7.174235164405430298e-01 5.248585129976272867e+01
5.000329850887180214e+02 5.000197299453666346e+02 2.925226117410997459e-02 5.239730525016784668e+01
6.000811536469594785e+02 6.000194318197550274e+02 1.112816530177992286e-01 5.243179570436477377e+01
8.000000014804679722e+02 8.000000008064075701e+02 3.162277663343198242e+01 5.261082315444946289e+01
8.461959402232205321e+02 8.000000010260769159e+02 6.807149421497541653e+01 5.260243344306945801e+01
1.077959403108633978e+03 1.100692836280215261e+03 1.080880656750241826e+02 5.260718890428542949e+01
1.026187728721808071e+03 1.018805075968548863e+03 3.162811493371623328e+01 5.345093435049057007e+01
1.149808409011432559e+03 1.143920959238244222e+03 4.757749385227125316e+01 5.346316756010055826e+01
1.225402845696349914e+03 1.200916606553996644e+03 3.949458832169402456e+01 5.351918970346450521e+01
1.418345806729704236e+03 1.410657309419950252e+03 5.340916764576586928e+01 5.350555809736251689e+01
1.470000002501067456e+03 1.500000000661657396e+03 4.582575573683273973e+01 5.270055899620056294e+01
