-1.400000000000000000e+03 -1.400000000000000000e+03 0.000000000000000000e+00 6.392022891044616983e+01
2.619796149258484547e+03 2.706181196581088443e+03 3.268825940456763419e+03 6.435711449384689331e+01
-1.200000000000000000e+03 -1.200000000000000000e+03 0.000000000000000000e+00 6.392998989820480205e+01
-1.100000000000000000e+03 -1.100000000000000000e+03 0.000000000000000000e+00 6.396707459688186503e+01
-9.999999999999820375e+02 -9.999999999999897682e+02 1.945462169735818579e-11 6.403135675191879272e+01
-9.000000000000000000e+02 -9.000000000000000000e+02 2.920667743334235845e-13 6.411104825735091595e+01
-8.000000000000000000e+02 -8.000000000000000000e+02 0.000000000000000000e+00 6.423198555707931234e+01
-6.959997347982755400e+02 -7.000000000000000000e+02 8.000530405510749787e+00 6.412886469364165976e+01
-5.997375312746679583e+02 -6.000000000000000000e+02 3.576845803429936632e-01 6.496501564979553223e+01
-4.999823694856560792e+02 -4.999901353279390150e+02 1.724763783254642038e-02 6.410032324790954306e+01
-3.999502520471453408e+02 -4.000000000000000000e+02 2.168462991415098517e-01 6.410502744913101481e+01
-2.997512602357267042e+02 -3.000000000000000000e+02 5.334873602265051140e-01 6.417021144628525064e+01
-1.997565348578687008e+02 -2.000000000000000000e+02 7.438119724391826226e-01 6.416432214975357340e+01
-9.895922637440297365e+01 -9.968782674401859367e+01 3.611072693232205477e+00 6.404833570718764690e+01
1.037104432812150634e+02 1.003121732559814063e+02 6.603069252114875276e+00 6.410369875431061359e+01
2.001224571932908134e+02 2.000000000000000568e+02 2.566559743714237340e-01 6.447369765043258383e+01
3.014593229866753177e+02 3.020257323738570108e+02 9.313841831740709010e-01 6.410649055242538452e+01
4.017685642569518905e+02 4.021051108365958839e+02 7.850562220911528888e-01 6.413670949935912802e+01
5.000084269012325535e+02 5.000000000000000000e+02 1.305988487867436321e-02 6.400065690279006958e+01
6.000174886377797066e+02 6.000194318197550274e+02 5.829545926508218449e-03 6.394055980443954468e+01
7.250000000000017053e+02 7.000000000000000000e+02 4.330127018922092930e+01 6.431834576129912762e+01
8.252977867746703851e+02 8.000000000000000000e+02 5.264145658621016111e+01 6.423781305551528931e+01
9.866800840799747903e+02 9.080660550046812887e+02 1.060342781758619424e+02 6.425109900236130045e+01
1.002764865099445160e+03 1.000000000000000000e+03 1.065252287502367956e+01 6.513923405408858969e+01
1.110000000000000000e+03 1.100000000000000000e+03 3.000000000000000000e+01 6.515310239791870117e+01
1.203612549461177423e+03 1.200435134724740237e+03 9.123224721804177761e+00 6.513355389833449749e+01
1.355130947381559508e+03 1.359457533392405139e+03 5.052152423297661699e+01 6.515336079597473429e+01
1.410000000000000000e+03 1.400000000000000000e+03 2.999999999999998934e+01 6.443022584915161133e+01
