-1.393855754233842617e+03 -1.394073024299204917e+03 1.725510129721833374e+00 1.457689847469329720e+02
5.476533090380311478e+05 4.282953142865173286e+05 4.069060512713175849e+05 1.470143121957779044e+02
2.928510583891515620e+06 2.852539835205675103e+06 9.835888252958949888e+05 1.470454406499862614e+02
-8.626183895198004166e+02 -9.410465966896233567e+02 3.347402732390115148e+02 1.495603408455848751e+02
-9.972219562094935554e+02 -9.972002935381876796e+02 6.243341807549227518e-01 1.453520100474357548e+02
-8.907188938097851860e+02 -8.899426694877433874e+02 2.429558026637578028e+00 1.433145113945007267e+02
-7.972012188769219847e+02 -7.972170809956662652e+02 4.830860471715129334e-01 1.500630957007408028e+02
-6.796193454690594535e+02 -6.796152319139489464e+02 7.372165572758652974e-02 1.487801822543144112e+02
-5.965300764055206173e+02 -5.966524374995910875e+02 1.264297479270721558e+00 1.662107076048851013e+02
-4.982389899640044746e+02 -4.982176476331411550e+02 1.992909313318875220e-01 1.476672430038452148e+02
-3.905799424941787947e+02 -3.907554927344987163e+02 1.584069038368437710e+00 1.470240696430206242e+02
-2.780664607556394117e+02 -2.786219861166512146e+02 5.626450882445018564e+00 1.502301030993461666e+02
-1.808215829025019161e+02 -1.827788157059601986e+02 5.595894441476660042e+00 1.499810068011283875e+02
1.096112152185314415e+02 9.780396242349956992e+01 7.430396414877492361e+01 1.456094416975975037e+02
8.349579067832357850e+02 7.885994193252661262e+02 3.368835480949463772e+02 1.479135169982910156e+02
2.011329046692265194e+02 2.011641593360259321e+02 1.410624008319965317e-01 1.548644299983978385e+02
3.204950099719025616e+02 3.204422868774843209e+02 2.027408451747277685e+00 1.464823942065239066e+02
4.396946456093486404e+02 4.399442432810119499e+02 3.910796732498404538e+00 1.501102909088134822e+02
5.017413675915569229e+02 5.017767208158958852e+02 3.418371794367588423e-01 1.466316243410110474e+02
6.024894069853382916e+02 6.023683780796156952e+02 4.710207234956816369e-01 1.469096593976020699e+02
1.022489434619902795e+03 1.022652810897079917e+03 2.543884036792176673e+00 1.485787768483161813e+02
1.093604272489157438e+03 1.110007779450390444e+03 6.312522036415995075e+01 1.471175126552581673e+02
1.648404276272794959e+03 1.601023128357611313e+03 2.847904255518226364e+02 1.492470329523086434e+02
1.213251083899973764e+03 1.213652795130873301e+03 2.960630436088681705e+00 1.672244049549102840e+02
1.314148692443893651e+03 1.314395195889606839e+03 3.098327540174059980e+00 1.665773155927658138e+02
1.395950686417651696e+03 1.400039906851815203e+03 1.673967373858791063e+01 1.691691241979598885e+02
1.822971431511787841e+03 1.826042778380832715e+03 2.326471682051184331e+01 1.664409361004829293e+02
1.755514391532395848e+03 1.757103035424830523e+03 8.187122087244262048e+00 1.516219326496124324e+02
