-1.400000000000000000e+03 -1.400000000000000000e+03 0.000000000000000000e+00 1.680278679490089360e+02
1.621890018993769190e+05 1.014998522220332234e+05 1.242424480653623614e+05 1.748499179959297294e+02
4.971959751694694906e+07 1.002473846464977786e+07 9.391717255542302132e+07 1.744399056553840524e+02
1.280821584853994682e+04 1.076603074613395256e+04 6.769101384840028004e+03 1.744027077913284245e+02
-9.999999999999051852e+02 -9.999999999999249667e+02 6.423422532253483007e-11 1.712911851406097412e+02
-8.866423532859046190e+02 -8.901875531040325313e+02 1.725023762170384600e+01 1.737275686979293710e+02
-7.061576820196956987e+02 -7.082793872271403188e+02 3.759390173661350332e+01 1.757608976006507930e+02
-6.794990183084748878e+02 -6.794901389974883159e+02 1.339625098027114047e-01 1.724056248903274593e+02
-5.933996109692219534e+02 -5.934353590261730460e+02 1.257057362140564960e+00 1.897916584491729850e+02
-4.984686392570613975e+02 -4.987735079615005134e+02 1.110085020866922401e+00 1.718961547493934745e+02
-3.981095780434137623e+02 -3.985075614143600546e+02 1.691429937728333055e+00 1.714842840433120728e+02
-2.598733070099102633e+02 -2.602017715143940677e+02 1.441266233905734140e+01 1.715122236609458923e+02
-1.326043707907997486e+02 -1.389296002551291735e+02 2.121245867974135280e+01 1.678342023968696708e+02
2.295610121009940485e+01 -1.916399295219480337e+01 1.055417024656910030e+02 1.706327726006507817e+02
1.328859506822459025e+03 1.330039608266267805e+03 3.109856245286539433e+02 1.702237498521804753e+02
2.008305322701789351e+02 2.007481147560406498e+02 4.809311670284986406e-01 1.773060554027557316e+02
3.101042124476136905e+02 3.109129045859594953e+02 3.890056714688757022e+00 1.706081181526184025e+02
4.446928442197760774e+02 4.471735856804832565e+02 1.154723765309932126e+01 1.747894665956497136e+02
5.006993924750193514e+02 5.007393149700229742e+02 3.405827365839959042e-01 1.741957174539566040e+02
6.040484870027580655e+02 6.040860708621635240e+02 5.321022746227636047e-01 1.745058780550956783e+02
1.000000000000000000e+03 1.000000000000000114e+03 1.136868377216160297e-13 1.728771028518676758e+02
1.034153716469870460e+03 1.031905464131619283e+03 1.279125704579199692e+02 1.730118323922157231e+02
2.464896235667073597e+03 2.432754402558104630e+03 3.616595690600543094e+02 1.732917019605636710e+02
1.222128088813929708e+03 1.221635742401094603e+03 4.880871258842422122e+00 1.906445182085037118e+02
1.322581946698919182e+03 1.322399747434754545e+03 3.666772414008311110e+00 1.901710123538970834e+02
1.397196413692081251e+03 1.400032951460854292e+03 3.682801469775115777e+01 1.921444675564765987e+02
1.891924984109818297e+03 1.888936809395174578e+03 3.585556461633663616e+01 1.906131439924239999e+02
1.837904378951890521e+03 1.700000000000000227e+03 2.154781568320414351e+02 1.750658622980117798e+02
