-1.400000000000000000e+03 -1.400000000000000000e+03 0.000000000000000000e+00 3.106747010469436532e+02
6.617089911730485619e+04 5.189248123849865806e+04 4.371906419848914811e+04 3.268476727485656852e+02
4.595250382236499718e+03 -1.199999898417235727e+03 1.620387241780739350e+04 3.233550864458084106e+02
1.310675886193575934e+04 1.155509309865588511e+04 7.382991904291567153e+03 3.264622432947159041e+02
-9.999999002125341576e+02 -9.999998932740743385e+02 2.569836509007056513e-05 3.261792225956916695e+02
-8.906774986346142668e+02 -8.901875770410803170e+02 2.135518901786235713e+00 3.254498858928680534e+02
-7.990554305318894421e+02 -7.999723072531726302e+02 2.538518392188827466e+00 3.188658408999443168e+02
-6.796428067317772275e+02 -6.796345128273112550e+02 8.803622110050481064e-02 3.202943045020103341e+02
-5.947834121653430657e+02 -5.951500148944040802e+02 2.411452841114778867e+00 3.381756919980049361e+02
-4.998966627441932360e+02 -4.999077409640651695e+02 7.308325497163759010e-02 3.134273076415062178e+02
-3.942789866811683055e+02 -3.940302456574402186e+02 2.514608044290274513e+00 3.125245148420333976e+02
-2.913438607373254854e+02 -2.910453735239794355e+02 2.885378190764245510e+00 3.128455810546875000e+02
-1.772501185747984209e+02 -1.781413819888322223e+02 1.133236380533632470e+01 3.139950498461723214e+02
1.108969216386263241e+02 6.723588876533494840e+01 1.472299813197728326e+02 3.114809216022491682e+02
1.080084401256223373e+03 1.036117964094766648e+03 3.367229319775073577e+02 3.164385355472564925e+02
2.009468568622767179e+02 2.009758707532548669e+02 2.999302364456268855e-01 3.232935206532478105e+02
3.140118209763539880e+02 3.138540837322894959e+02 1.786390100458815633e+00 3.123444894552230835e+02
4.175564217374974874e+02 4.174612709617549626e+02 3.774476977980424586e+00 3.180290686488151550e+02
5.006968301087086957e+02 5.006931654221092458e+02 1.751105472575027189e-01 3.236327785491943132e+02
6.034301871285447305e+02 6.035198053751672660e+02 3.074129391420232227e-01 3.262658059000968933e+02
1.000000000000000227e+03 1.000000000000000114e+03 8.806144583576081053e-14 3.161435290932655562e+02
1.114228796054064787e+03 1.093857096492334676e+03 1.486717668896958173e+02 3.142215534090995561e+02
2.033464856507818695e+03 2.070736291210883792e+03 2.875221790334372258e+02 3.188048050522804147e+02
1.211431750600876740e+03 1.211365564668431489e+03 3.722336564236797152e+00 3.395444205045699846e+02
1.311199356848840353e+03 1.309818257012465438e+03 5.884081505122164657e+00 3.384518712520599593e+02
1.419267034919299022e+03 1.400021765471500885e+03 5.080153768828859029e+01 3.412374150991439592e+02
1.812231592252942619e+03 1.814305970673789943e+03 2.156585041804382641e+01 3.369621172547340393e+02
1.700000000000000455e+03 1.700000000000000227e+03 2.329886857742076087e-13 3.183332848548889160e+02
