-1.400000000000000000e+03 -1.400000000000000000e+03 0.000000000000000000e+00 4.984268770217895650e+01
4.799494466878166349e+03 4.173768654963863810e+03 4.716861304747159920e+03 5.002906594276428365e+01
-1.200000000000000000e+03 -1.200000000000000000e+03 0.000000000000000000e+00 4.986907014846801900e+01
-1.100000000000000000e+03 -1.100000000000000000e+03 0.000000000000000000e+00 4.985615874528885172e+01
-9.999999999999841975e+02 -9.999999999999976126e+02 2.196402047871612447e-11 4.989852484464645244e+01
-8.999999999999508873e+02 -8.999999999999988631e+02 2.054799064910634042e-10 4.992231220006942749e+01
-7.999999971222334807e+02 -8.000000000000000000e+02 8.633299830762550318e-06 4.993000465631484985e+01
-6.909994326496926078e+02 -7.000000000000000000e+02 9.950501617266754195e+00 4.982514400482178019e+01
-5.997664933137004937e+02 -6.000000000000000000e+02 3.394152777000724597e-01 5.070219980478286459e+01
-4.998856976718993792e+02 -4.999654785752962880e+02 1.213321237459668855e-01 4.993382450342178203e+01
-4.000000000000000000e+02 -4.000000000000000000e+02 0.000000000000000000e+00 4.999595334529876567e+01
-2.990547891476523432e+02 -2.990050409429067031e+02 1.065813381996181031e+00 5.000098974704742716e+01
-1.990855803787111711e+02 -2.000000000000000000e+02 1.287520784286943165e+00 5.003712095022201822e+01
-9.990634802320558094e+01 -1.000000000000000000e+02 1.430557575475620846e-01 4.989683154821396016e+01
1.354539048277245854e+02 1.167572201841821879e+02 4.753473136274211441e+01 4.985045875310898111e+01
2.001274192099356810e+02 2.000000000000030980e+02 3.000630375076894230e-01 5.017483190298080586e+01
3.013650701179760745e+02 3.020196854182017319e+02 9.978814278493062240e-01 4.998131624460220479e+01
4.022038085447069875e+02 4.022161353298713493e+02 4.484420487261073229e-01 4.994162338972091675e+01
5.000118494410249923e+02 5.000099204341483983e+02 1.191759017012159957e-02 4.990877139568328857e+01
6.000155454558042720e+02 6.000194318197550274e+02 7.772727902010957354e-03 4.989175999164581299e+01
7.800000000000000000e+02 8.000000000000000000e+02 4.000000000000000000e+01 4.998325899839401387e+01
8.243964221672052872e+02 8.000000000000000000e+02 3.864495977142606620e+01 4.999904299974441813e+01
1.016881859385013513e+03 1.014331409085894279e+03 1.204251902164021004e+02 5.000824030637740947e+01
1.007533739005372468e+03 1.000000000000000000e+03 1.261744548994708559e+01 5.085667035579681539e+01
1.115000000000000000e+03 1.100000000000000000e+03 3.570714214271424680e+01 5.086382545232773111e+01
1.200771861883119300e+03 1.200080948985142413e+03 1.500337110052491596e+00 5.097580770254135274e+01
1.400460539446813982e+03 1.410275625185955960e+03 4.334464360068001554e+01 5.090348734855651713e+01
1.435000000000000000e+03 1.400000000000000000e+03 4.769696007084728251e+01 5.264211380481719971e+01
