-1.400000000000000000e+03 -1.400000000000000000e+03 0.000000000000000000e+00 5.804805614948272563e+01
2.372459289463556161e+03 1.511970306493400130e+03 3.713094980194940490e+03 5.826491575241088583e+01
-1.200000000000000000e+03 -1.200000000000000000e+03 0.000000000000000000e+00 5.813087151050567769e+01
-1.100000000000000000e+03 -1.100000000000000000e+03 0.000000000000000000e+00 5.815998079776763774e+01
-9.999999999881749773e+02 -9.999999999999070042e+02 3.530883477823118279e-08 5.813164910078048564e+01
-9.000000000000000000e+02 -9.000000000000000000e+02 0.000000000000000000e+00 5.814175460338592671e+01
-7.999999999118417691e+02 -7.999999999955173280e+02 1.664301290063348603e-07 5.813294954299927042e+01
-6.929998866081352844e+02 -6.999999998640598733e+02 9.539546307611761478e+00 5.810985779762268066e+01
-5.998875122696128983e+02 -5.999999999873575689e+02 2.677712459713099125e-01 5.904942365884780742e+01
-4.999800257637269283e+02 -4.999901353279390150e+02 2.099657047236299159e-02 5.815059785842895224e+01
-4.000000000000000000e+02 -4.000000000000000000e+02 0.000000000000000000e+00 5.825103039741516397e+01
-2.998010081885802833e+02 -3.000000000000000000e+02 3.979836228367688022e-01 5.822931740283966207e+01
-2.000000000000000000e+02 -2.000000000000000000e+02 0.000000000000000000e+00 5.823124334812164449e+01
-9.902166102559918670e+01 -9.999999999999977263e+01 3.624454847861823481e+00 5.812510039806365825e+01
1.201278090145951580e+02 1.006243465119653706e+02 3.575590250774487089e+01 5.812702349424362325e+01
2.000001155458707274e+02 2.000000000289684294e+02 5.033452422376777109e-04 5.841578119993209839e+01
3.013216775057609311e+02 3.020196068559075115e+02 9.689190602661933438e-01 5.816154550313949301e+01
4.017165423070988481e+02 4.020598807751543404e+02 7.910347779963231574e-01 5.819833170175552084e+01
5.000049379122392565e+02 5.000000000000000000e+02 7.956627927926325158e-03 5.819519460201263428e+01
6.000145738648163842e+02 6.000194318197550274e+02 8.414224774807013349e-03 5.820625704526901245e+01
7.250000002193926321e+02 7.000000000500731403e+02 4.330127007404112760e+01 5.827442020177841187e+01
8.031321407440552775e+02 8.000000000052556288e+02 1.365268488093006560e+01 5.826368554830551005e+01
1.010013058875074762e+03 1.000000000006679556e+03 1.199664717055788543e+02 5.826223614215850688e+01
1.000000000005079755e+03 1.000000000002435172e+03 8.669099144045101040e-09 5.919065915346145346e+01
1.105000000208771553e+03 1.100000000021253527e+03 2.179449524337348620e+01 5.920327384471893595e+01
1.200153094518936541e+03 1.200040474492586782e+03 2.409918614711823170e-01 5.930405899286269999e+01
1.352781580183099095e+03 1.353569958463294824e+03 5.052743606853850622e+01 5.925968680381775044e+01
1.405000000287010153e+03 1.400000000021369488e+03 2.179449465238100458e+01 5.838210049867630147e+01
