-1.292194817121403730e+03 -1.395313058839478117e+03 3.738159111802809775e+02 2.141991704702377319e+01
3.727547491402712651e+06 2.945380195130737775e+03 1.507684926777585782e+07 2.151684894561767436e+01
5.372321706743802875e+07 -1.199999999999977717e+03 1.774119635658219159e+08 2.143577299118042134e+01
1.066477675708930838e+04 -1.099999999920570190e+03 2.942783384060056414e+04 2.148287760019302439e+01
-8.272676810987699128e+02 -9.848370700157249757e+02 3.348947582175467232e+02 2.146644264459609985e+01
-8.979920965744620389e+02 -8.993204540186765144e+02 2.704395806202613439e+00 2.140212005376815796e+01
-7.508434162082414787e+02 -7.520497625775012693e+02 3.613022814829921714e+01 2.152624379396438670e+01
-6.838545994504029295e+02 -6.799627093244259868e+02 6.425288384323827096e+00 2.150878629684448384e+01
-5.990412813909558736e+02 -5.989540858203489506e+02 4.612667346079870612e-01 2.208468929529190206e+01
-4.407929062195487973e+02 -4.552293621846887390e+02 6.601368629934626142e+01 2.147215639352798533e+01
-3.923277917386283775e+02 -3.947401846430263959e+02 6.286842965600083488e+00 2.154090905189514160e+01
-2.899613644719929084e+02 -2.913297569095504969e+02 6.672834063314005526e+00 2.154882069826125957e+01
-1.863116582174450002e+02 -1.931100512817871504e+02 1.202062599925540631e+01 2.167936315536498881e+01
9.450036121934292055e+01 7.006634528233507808e+01 1.336166286608914220e+02 2.150895889997482158e+01
4.397625811088622072e+02 4.628590981402951456e+02 1.581630182166895793e+02 2.151470094919204712e+01
2.031222756529370770e+02 2.026013404816868331e+02 1.627177389932876084e+00 2.169776510000228953e+01
3.068682155839120469e+02 3.048123129067065520e+02 6.000964451154210622e+00 2.151543339490890361e+01
4.107976349206513191e+02 4.098375768113484696e+02 6.412307353472285421e+00 2.150746160745620728e+01
5.022164046711653214e+02 5.004325063916930958e+02 3.984216311215802442e+00 2.145211274623870779e+01
6.006757010652506779e+02 6.008030480195000109e+02 3.380393166410903816e-01 2.148302454948425222e+01
8.254552550495288870e+02 8.198550693504198534e+02 5.864740400396475195e+01 2.159138889312744070e+01
1.041687128752356557e+03 1.022808425864490800e+03 1.577176438165035677e+02 2.161556088924407959e+01
1.261903924618960218e+03 1.263701139789186982e+03 1.408079809334669505e+02 2.159685019254684590e+01
1.095328054767528101e+03 1.104400836302706466e+03 2.618260202851275054e+01 2.219796614646911692e+01
1.211795913205581201e+03 1.208687285192594800e+03 1.107118664150792142e+01 2.219767584800720073e+01
1.286163081754149744e+03 1.303132104160508106e+03 4.476357241351448124e+01 2.226612080335616994e+01
1.555775298076520585e+03 1.613282346117957331e+03 1.036514809182130676e+02 2.224469255208969187e+01
1.589732323349101080e+03 1.548792317475531490e+03 1.071238370914814766e+02 2.165602754354477000e+01
