-1.400000000000000000e+03 -1.400000000000000000e+03 0.000000000000000000e+00 5.643037919998168661e+01
2.204401964869484800e+03 -1.655218729579070214e+02 3.751416782141247040e+03 5.664747229814529561e+01
-1.200000000000000000e+03 -1.200000000000000000e+03 0.000000000000000000e+00 5.639188224077224731e+01
-1.100000000000000000e+03 -1.100000000000000000e+03 0.000000000000000000e+00 5.642244664430618428e+01
-9.999999999999772626e+02 -9.999999999999954525e+02 4.012934417363662694e-11 5.650420260429382324e+01
-9.000000000000000000e+02 -9.000000000000000000e+02 7.626344918775622765e-14 5.649158204793930338e+01
-7.999999999999737383e+02 -7.999999999999987494e+02 6.010394743185966454e-11 5.657129709720611288e+01
-6.939998117906345669e+02 -6.999999999999474767e+02 9.165438901950317074e+00 5.642398614883423136e+01
-5.998500178712217803e+02 -6.000000000000000000e+02 2.999642575137556610e-01 5.734200489521026611e+01
-4.999852054556507710e+02 -4.999901353279390150e+02 1.097209403708342655e-02 5.655754565000533773e+01
-4.000000000000000000e+02 -4.000000000000000000e+02 0.000000000000000000e+00 5.660597059726715230e+01
-2.997512602357267042e+02 -3.000000000000000000e+02 5.334873602265052250e-01 5.663073425292968466e+01
-1.997230835782143004e+02 -2.000000000000000000e+02 8.665257012344763643e-01 5.663405690193176412e+01
-9.649246933517285640e+01 -9.984391337200929684e+01 6.744325939366210498e+00 5.652764015197753622e+01
1.147811861090873720e+02 1.003121732559814063e+02 2.472773363815747416e+01 5.652959504127502299e+01
2.001186472497821001e+02 2.000000000000129887e+02 3.081120375881033491e-01 5.679362164735793783e+01
3.010285857231458522e+02 3.010148031746632569e+02 1.027148623575050435e+00 5.653196045160293437e+01
4.012256565856912971e+02 4.020119052827499218e+02 1.026494169404232437e+00 5.659082854986191080e+01
5.000019729344121515e+02 5.000000000000000000e+02 5.918803236608029435e-03 5.644918375015258505e+01
6.000184602287674807e+02 6.000194318197550274e+02 4.235066930063083844e-03 5.646220514774322652e+01
7.400000000008154757e+02 7.000000000024367637e+02 4.898979485507560128e+01 5.666589450836181641e+01
8.020941211820058925e+02 8.000000000000030695e+02 9.128062607760382363e+00 5.666739114522933818e+01
9.911325225338903238e+02 9.500000000005036327e+02 1.086992778590260968e+02 5.661007000207901285e+01
1.000000000001517606e+03 1.000000000000000455e+03 5.910815436598338865e-09 5.748963265419006063e+01
1.100000000000152340e+03 1.100000000000002728e+03 4.325922509510484752e-10 5.748706109523773478e+01
1.200214317278386261e+03 1.200080948985142413e+03 2.523030134582137651e-01 5.757597395181655742e+01
1.353133975726964536e+03 1.356604734485909148e+03 5.013905559364469156e+01 5.753949245214462138e+01
1.410000000000099590e+03 1.400000000000020464e+03 3.000000000000493117e+01 5.675850094556808756e+01
