-1.399999999999999773e+03 -1.399999999999999773e+03 5.084229945850414966e-14 9.949298940062523116e+02
3.721973912898612907e+05 3.658358266312874039e+05 1.645127903156501707e+05 1.121983406651020005e+03
7.258740934472161345e+06 1.048887700235744473e+06 1.337500534928896092e+07 1.093885852193832307e+03
1.612036774123422583e+04 1.426714434499338677e+04 5.089220315110859701e+03 1.120358629250526519e+03
-9.999997621274817448e+02 -9.999997698717704679e+02 2.781095073692346011e-05 1.119619922149181320e+03
-8.892874559992981176e+02 -8.909924696826826676e+02 5.238802697708420553e+00 1.116927813351154327e+03
-7.841443986767365004e+02 -7.854671729695885460e+02 1.079650602854598063e+01 1.043901089251041412e+03
-6.790576143211329736e+02 -6.790395844118372679e+02 5.029968301110961104e-02 1.081303470051288514e+03
-5.638136835275423664e+02 -5.621536287868201498e+02 4.594478688381789411e+00 1.249262932455539612e+03
-4.999413343793245872e+02 -4.999445333680619115e+02 1.854704036931585295e-02 1.009301098453998520e+03
-3.669176438660282997e+02 -3.661714248273711974e+02 7.438090170690380809e+00 1.002159153497219108e+03
-2.597878722155234072e+02 -2.621915936368170605e+02 1.046083549533455503e+01 1.009793180155754044e+03
-1.036643630447516955e+02 -1.140652868046405928e+02 3.562901218098976841e+01 1.045132396745681717e+03
1.533747392259704839e+03 1.565576846785852467e+03 4.256045317869609903e+02 1.004447325742244743e+03
6.957318621537580839e+03 7.371503836585039608e+03 1.130123943961954183e+03 9.998443361997603915e+02
2.024495567589768257e+02 2.025118237963257002e+02 3.238840489259597333e-01 1.057232312500476837e+03
3.607908484443130988e+02 3.609999991827553458e+02 7.120134034664182821e+00 1.004310176396369911e+03
5.570045358593005176e+02 5.935151559755603330e+02 6.232494565936150366e+01 1.022565297341346763e+03
5.026504249704429412e+02 5.026680313659807098e+02 6.018654845804651821e-01 1.120803496301174164e+03
6.139082828862544829e+02 6.150000000000000000e+02 1.693410545934364242e+00 1.024836631393432526e+03
9.771576883254765562e+02 1.000000000000000455e+03 5.918512347420711706e+01 1.021153820753097534e+03
2.521667919392285057e+03 2.511798079851058901e+03 3.348452831656938997e+02 1.019426673090457939e+03
7.057611579864156738e+03 8.056111171502019715e+03 1.703944273298948474e+03 1.012724221944808960e+03
1.254135938553235519e+03 1.252650278215736307e+03 1.481388588989618782e+01 1.278154305899143310e+03
1.365685725311161605e+03 1.362925373200147988e+03 1.179410737103921569e+01 1.279892333304881959e+03
1.536130245920516700e+03 1.558322547205182673e+03 7.122242792565162972e+01 1.281140092647075562e+03
2.285367614703832714e+03 2.288800135382162807e+03 1.910512761027788144e+02 1.283776155245304153e+03
1.700000000000000455e+03 1.700000000000000909e+03 3.522457833430432421e-13 1.038190770804882050e+03
