-1.399999999999971351e+03 -1.399999999999997272e+03 6.478992833422087937e-11 3.256220414638519145e+01
5.048639821540969933e+03 3.976788195178255592e+03 4.742540458964589561e+03 3.269935464859008789e+01
-1.199999999944977390e+03 -1.199999999972819523e+03 7.281818741443270769e-08 3.258967355489730977e+01
-1.099999999896039071e+03 -1.099999999979454060e+03 1.406072026300380099e-07 3.265754070281982280e+01
-9.999999986450563938e+02 -9.999999996980083097e+02 2.427666129626075846e-06 3.266162880659103251e+01
-8.999611461348067678e+02 -8.999972898975901217e+02 7.878741896476311457e-02 3.254037039279937460e+01
-7.994295591362358664e+02 -7.999999660115569213e+02 2.100829520544436946e+00 3.268067610263824463e+01
-6.909997802449931896e+02 -6.999999418697458395e+02 9.950086673307815488e+00 3.268243429660797261e+01
-5.996617018147691169e+02 -5.999991977519546253e+02 3.918729043775054932e-01 3.351303510665893270e+01
-4.998131916212196302e+02 -4.998581946551391866e+02 1.830354714059783117e-01 3.264810060262679769e+01
-3.999999999999359375e+02 -3.999999999999849933e+02 1.077269923799191645e-10 3.272655259370803549e+01
-2.979603354278134475e+02 -2.985075612597819372e+02 1.618909689643148520e+00 3.274360054731369019e+01
-1.991223334963747504e+02 -1.999999999989813944e+02 1.222782782482297659e+00 3.275497413873672770e+01
-9.995317401119669398e+01 -9.999999999946430762e+01 1.114681480982052247e-01 3.264734590053558350e+01
1.929012391758309946e+02 1.886275242552454756e+02 8.456074425861471866e+01 3.265868355035782145e+01
2.002875748218285992e+02 2.000103376019134771e+02 4.225399391437910657e-01 3.296763030290603780e+01
3.011124355625214548e+02 3.020196068560745744e+02 1.004230314281966407e+00 3.265771180391311646e+01
4.019542933523028978e+02 4.020539559886590268e+02 4.748285167871483803e-01 3.268898929357528971e+01
5.000164631241735265e+02 5.000099518479647145e+02 2.698624933640353038e-02 3.259043569564819620e+01
6.000212110453187506e+02 6.000194318197551411e+02 1.292493587024464222e-02 3.259877039194107340e+01
7.750000284289938008e+02 8.000000049773442470e+02 4.330125753628327345e+01 3.281033489704132222e+01
8.350000037824872834e+02 8.000000051386448376e+02 5.722761512998675926e+01 3.282300629615783549e+01
9.846445302592292137e+02 9.161321100281099916e+02 1.085801381897591966e+02 3.282400790452957295e+01
1.016882905645684104e+03 1.003140005406204409e+03 2.723901688119751441e+01 3.364485734701156616e+01
1.132421995363848055e+03 1.100000021401336198e+03 4.619073474721375305e+01 3.365816259384155273e+01
1.207281399195920812e+03 1.200435134728757703e+03 1.182169328345467108e+01 3.372328485250473307e+01
1.392011542182643552e+03 1.410657303300251442e+03 4.709451706161206630e+01 3.370244914293289185e+01
1.440000033947999100e+03 1.400000078955879417e+03 4.898977883983192072e+01 3.291687015295028829e+01
