-1.400000000000000000e+03 -1.400000000000000000e+03 0.000000000000000000e+00 6.457863550186156942e+01
2.618674988945692348e+03 2.582100130136922189e+02 4.950886213613877771e+03 6.443371410369873331e+01
1.393429779239385948e+07 -1.200000000000000000e+03 4.185534901762064546e+07 6.453271214962005331e+01
-1.100000000000000000e+03 -1.100000000000000000e+03 0.000000000000000000e+00 6.456421735286713215e+01
-9.999999999998948397e+02 -9.999999999999481588e+02 1.145429898285865864e-10 6.453418895006180378e+01
-8.996462908778215706e+02 -8.999519697376997556e+02 9.472391246501931095e-01 6.434351010322571085e+01
-7.918892152257152475e+02 -7.986111104552915094e+02 1.560954882953328493e+01 6.454225410223007486e+01
-6.837119064356436411e+02 -6.799991646085998127e+02 7.508561250646788032e+00 6.450928494930266766e+01
-5.993962950836610162e+02 -5.992411047733453415e+02 4.088306636923446091e-01 6.526405915021896931e+01
-4.919484927311328875e+02 -4.938703767928008119e+02 9.973079276838715757e+00 6.437621049880981161e+01
-3.996517643300173859e+02 -4.000000000000000000e+02 4.745652241830684570e-01 6.470958125591278076e+01
-2.955724435553551075e+02 -2.970151253476296915e+02 4.144016288610249177e+00 6.469299075603484539e+01
-1.965102947945739800e+02 -1.967861024750166337e+02 2.258782505069040436e+00 6.475731369256973835e+01
-7.268817867679481992e+01 -9.953174011602789051e+01 4.489043205110492352e+01 6.450357354879379557e+01
1.756013344599641073e+02 1.585045405295466026e+02 6.572467540168563005e+01 6.442498755455017090e+01
2.011786434801731218e+02 2.010377910194923174e+02 8.669933940410390338e-01 6.467097649574279217e+01
3.020796322216004910e+02 3.020696539790901625e+02 5.101758446816131443e-01 6.463106319904326824e+01
4.033224534568653894e+02 4.032571114917434443e+02 1.802585942064182767e+00 6.444321534633635906e+01
5.000978929298111098e+02 5.000494645445289734e+02 1.189714024022596600e-01 6.449286860227584839e+01
6.001194189642972106e+02 6.000469399849849879e+02 2.199373841610421099e-01 6.463669620752334311e+01
8.000000000000003411e+02 8.000000000000000000e+02 1.632109085313286333e-12 6.454524104595184042e+01
8.982446663805645812e+02 8.813121486641330193e+02 1.107109882301169677e+02 6.458187164068222330e+01
1.141776928073100635e+03 1.182490187298210003e+03 1.035748972229697671e+02 6.454931010007858561e+01
1.060015221976140992e+03 1.059005036315793859e+03 3.571780211194460009e+01 6.546024559736251547e+01
1.182267278704706541e+03 1.200000000000000000e+03 3.708252032680343291e+01 6.547111854553222088e+01
1.245262351542407941e+03 1.229843821929499427e+03 4.299055487193842851e+01 6.561764210462570190e+01
1.445372507635073589e+03 1.434227802239761331e+03 4.871631191554745044e+01 6.551337804794312092e+01
1.465000000000000909e+03 1.500000000000000000e+03 4.769696007084700540e+01 6.489051198959350586e+01
