-1.400000000000000000e+03 -1.400000000000000000e+03 0.000000000000000000e+00 5.981018919944763468e+01
2.191144358153071153e+03 3.790230144745368079e+01 4.007819771064108409e+03 6.013672399520874023e+01
-1.200000000000000000e+03 -1.200000000000000000e+03 0.000000000000000000e+00 5.982395110130310201e+01
-1.100000000000000000e+03 -1.100000000000000000e+03 0.000000000000000000e+00 5.986453775167465352e+01
-9.999999957640415005e+02 -9.999999989670216110e+02 5.610066902057879753e-06 6.000681315660476400e+01
-9.000000000000000000e+02 -9.000000000000000000e+02 5.141109365738436259e-13 5.990046700239181376e+01
-7.999999999999998863e+02 -8.000000000000000000e+02 2.529372461741217049e-13 6.012974444627761983e+01
-6.949998713402449084e+02 -7.000000000000000000e+02 8.660476893379325247e+00 5.996783795356750346e+01
-5.999020448463222692e+02 -6.000000000000000000e+02 2.391409065431734648e-01 6.084433920383453653e+01
-4.999877950552477159e+02 -4.999926039596658711e+02 1.502963058530468188e-02 5.996223720312118388e+01
-4.000000000000000000e+02 -4.000000000000000000e+02 0.000000000000000000e+00 5.996913865804672383e+01
-2.998010081885813634e+02 -3.000000000000000000e+02 3.979836228373188067e-01 5.997940249443054483e+01
-1.998010081885813634e+02 -2.000000000000000000e+02 5.969754342559782101e-01 6.001529574394226074e+01
-9.990634802320558094e+01 -1.000000000000000000e+02 1.430557575475620569e-01 5.992972780466079996e+01
1.107199394601164357e+02 1.003121732559814063e+02 2.781914445817853121e+01 5.989889115095138550e+01
2.000000000001023182e+02 2.000000000000009663e+02 2.968423256966346554e-10 6.034842510223388956e+01
3.015114305582047223e+02 3.020211382353943463e+02 8.589199001494099983e-01 5.994935610294341899e+01
4.016781284812726653e+02 4.020553569209711213e+02 7.330498815862508399e-01 5.995532054901123331e+01
5.000039514450330671e+02 5.000000000000000000e+02 7.253594725491300209e-03 5.977633424997329570e+01
6.000145738648163842e+02 6.000194318197550274e+02 8.414224774807013349e-03 5.980309594869613932e+01
7.300000000000153477e+02 7.000000000000031832e+02 4.582575694954834944e+01 6.019355220794678019e+01
8.041882423639548279e+02 8.000000000000000000e+02 1.256472709186358649e+01 6.019786345958709717e+01
1.043474605259038526e+03 1.015991825206838485e+03 9.926237405163475103e+01 6.002407770156860067e+01
1.001104609106209296e+03 1.000000000000000000e+03 4.151153892303654835e+00 6.101108675003051474e+01
1.115208025308278138e+03 1.100000000000000000e+03 3.621030956034430659e+01 6.102799620628356791e+01
1.200238977131041111e+03 1.200000000000000000e+03 3.617189231923617077e-01 6.100893005132675029e+01
1.372755289830523452e+03 1.400000000000000000e+03 4.709331505498784765e+01 6.103431484699249410e+01
1.410000000000004320e+03 1.400000000000000000e+03 2.999999999999854694e+01 6.071498945951461934e+01
