-1.400000000000000000e+03 -1.400000000000000000e+03 0.000000000000000000e+00 2.753205958962440718e+02
8.579779442669296986e+04 7.416931030386126076e+04 5.139966421838152019e+04 2.949596910953521842e+02
1.025836447600062529e+05 -1.198544378370655068e+03 3.481072348989614402e+05 2.925926753997802621e+02
1.414913645094524327e+04 1.358118627140520039e+04 8.204682305834787257e+03 2.945393054962158317e+02
-9.999998954262304096e+02 -9.999998848298821486e+02 3.470077445674177508e-05 2.943422562956810111e+02
-8.906734080433240024e+02 -8.901875769996627241e+02 2.117688544074699308e+00 2.933093252539634932e+02
-7.987166737757972896e+02 -7.999887997565357409e+02 3.668139546970109244e+00 2.849132177948951608e+02
-6.796469220341623441e+02 -6.796432796639269327e+02 7.348559950370660288e-02 2.890111459970474357e+02
-5.948709955592440792e+02 -5.955460411729004591e+02 2.097149696120905293e+00 3.083938150525092965e+02
-4.998861536864651498e+02 -4.998941242995666130e+02 5.419281321978561272e-02 2.791676673412322884e+02
-3.949257100682790451e+02 -3.950252072334430977e+02 1.936976947547821126e+00 2.779892807960510481e+02
-2.896026861680484785e+02 -2.895529374572490724e+02 4.250169141118939287e+00 2.786375722408294564e+02
-1.786015657526969278e+02 -1.779966524246052586e+02 9.120338001285251295e+00 2.802738634943962097e+02
1.324646505887053820e+02 1.393366728437981692e+02 1.533045852438165184e+02 2.769200930476188773e+02
1.111170103132760687e+03 1.128354454816904081e+03 3.171153574306639484e+02 2.823651370525359994e+02
2.010139595961090038e+02 2.010400164142481003e+02 4.884398672965863386e-01 2.922967368960380554e+02
3.151442296004807417e+02 3.140509791288887982e+02 2.623005212880357817e+00 2.777752299070358504e+02
4.188139078277285989e+02 4.181565842689083752e+02 4.424761138826767137e+00 2.841437664985656966e+02
5.007740898454179046e+02 5.008334107469361243e+02 2.144648764396832608e-01 2.907448822975158578e+02
6.033012876870272976e+02 6.034756978684014257e+02 6.048173089929322899e-01 2.938789292573928833e+02
1.000000000000000000e+03 1.000000000000000114e+03 1.482295011829284865e-13 2.822536226511001587e+02
1.084571976715791379e+03 1.080344022017891348e+03 7.308843836944448924e+01 2.806724666595458757e+02
2.047010981187046127e+03 1.993727251195120743e+03 3.905063197320812378e+02 2.860457607030868417e+02
1.211475524032321118e+03 1.211301186968522870e+03 3.958422084706348709e+00 3.097234498023987044e+02
1.310846291266406752e+03 1.310939188555001238e+03 3.903140062582781677e+00 3.081005118966102714e+02
1.396839901509909851e+03 1.400021744297008127e+03 3.909139597161804147e+01 3.103762575507163888e+02
1.800869683539936432e+03 1.805076166986682892e+03 4.968556256387141445e+01 3.071937154531478882e+02
1.700000000000000455e+03 1.700000000000000227e+03 2.542114972925207673e-13 2.851568541049957162e+02
