-1.400000000000000000e+03 -1.400000000000000000e+03 1.245376910231166390e-13 1.037040733551978974e+03
7.903741843956204830e+05 8.030855772883030586e+05 2.617618512634391373e+05 1.042157029008865265e+03
1.043204315110059977e+08 3.828765178051331639e+07 1.398933530953848660e+08 1.042843682551384063e+03
1.888750901846244233e+03 1.680971422865552313e+03 1.358221169528314931e+03 1.052845226347446442e+03
-9.999999977331956416e+02 -9.999999977246550316e+02 1.249628640836793792e-06 1.029410605895519211e+03
-8.807643525674800458e+02 -8.858678393223323155e+02 1.328858807597216085e+01 1.033903000998496964e+03
-7.113770848178863844e+02 -7.187819750123130689e+02 3.546051140391838175e+01 1.055311075842380433e+03
-6.790978034475795084e+02 -6.790727778573426576e+02 8.574431637490982638e-02 1.027404101693630309e+03
-5.756735294829260283e+02 -5.747814308037623050e+02 3.970840434239996775e+00 1.205802550601959183e+03
-4.999492417245466527e+02 -4.999532043107842583e+02 3.629886473373460792e-02 1.036969497406482787e+03
-3.811455336789734929e+02 -3.810957854719560487e+02 4.828109175850697987e+00 1.046498502206802414e+03
-1.611683951926043221e+02 -1.511357922875875488e+02 4.109360040828588723e+01 1.043266111755371185e+03
1.441746623932934845e+01 1.252006579684676524e+01 4.927875005405010000e+01 1.032191629552841277e+03
8.201656152982632193e+02 7.963655005328037078e+02 2.415308440321601040e+02 1.040821607851982208e+03
4.303362392320511390e+03 4.325927234009855965e+03 6.003096636653311862e+02 1.038537825095653488e+03
2.006843842942689662e+02 2.007480420439686668e+02 3.175915779518184712e-01 1.110591042697429657e+03
3.385524730403225249e+02 3.432513871627519961e+02 1.234763288551238603e+01 1.034532950651645706e+03
5.098458521558292205e+02 5.053845120791821728e+02 2.243838730790020364e+01 1.041665754950046448e+03
5.024723806531213199e+02 5.024417246915664350e+02 4.782206701657340520e-01 1.034333780992031052e+03
6.128548852187673219e+02 6.127194970895684492e+02 1.065837282952456722e+00 1.057051972901821046e+03
9.843153791743827696e+02 1.000000001544553129e+03 6.930579052798555040e+01 1.050305565345287278e+03
1.615750983346501016e+03 1.573543133812194583e+03 1.614126883809877597e+02 1.058776936256885620e+03
5.559063217074401109e+03 5.698287040313043690e+03 5.752589432006757306e+02 1.063254796504974365e+03
1.271940876545056199e+03 1.270888978716772726e+03 9.381744437821991411e+00 1.214684325802326157e+03
1.386330862146713571e+03 1.386547244636860341e+03 7.554819950143416563e+00 1.213953380441665558e+03
1.558401899140723344e+03 1.564849759926448314e+03 3.716012197702538344e+01 1.219939345002174377e+03
2.265360775327116244e+03 2.250308421540463314e+03 1.285258114580005326e+02 1.218643260800838561e+03
1.700000007551539284e+03 1.700000005183520216e+03 5.182148552675491676e-06 1.079384439146518616e+03
