-1.400000000000000000e+03 -1.400000000000000000e+03 0.000000000000000000e+00 5.873218274116516113e+01
3.551233703011745092e+03 1.554305511252368433e+03 4.625289289184456720e+03 5.873757745027542398e+01
-1.200000000000000000e+03 -1.200000000000000000e+03 0.000000000000000000e+00 5.873394119739532471e+01
-1.100000000000000000e+03 -1.100000000000000000e+03 0.000000000000000000e+00 5.876028665304183818e+01
-9.999999999999770353e+02 -9.999999999999855618e+02 2.567869596279652014e-11 5.874314024448394633e+01
-8.999777967666850600e+02 -8.999999854389783422e+02 6.910879309349080013e-02 5.858866089582443237e+01
-7.999998888077178663e+02 -7.999999999999979536e+02 2.947856522446291741e-04 5.870460389852523519e+01
-6.949996294070085696e+02 -6.999999999999201918e+02 8.660895931362075473e+00 5.870494560003280782e+01
-5.996460836004634984e+02 -5.997414414942149961e+02 3.623348206642456604e-01 5.956750653982162191e+01
-4.998384696940726712e+02 -4.999334159275791762e+02 2.140286371465409954e-01 5.871711630821228312e+01
-4.000000000000000000e+02 -4.000000000000000000e+02 0.000000000000000000e+00 5.887857730388641642e+01
-2.986568057767059940e+02 -2.990050409429067031e+02 1.146362452281314503e+00 5.886088715791701986e+01
-1.991084824140814931e+02 -2.000000000000000000e+02 1.117556223072271537e+00 5.885622950792312480e+01
-9.813697402799293457e+01 -9.968782674401859367e+01 4.968655630162293058e+00 5.872131130695343160e+01
1.458896993564137858e+02 1.170693934401635943e+02 5.418397664667951830e+01 5.867493765354156210e+01
2.004780555000150741e+02 2.000677951149654064e+02 8.015589886545525511e-01 5.897000945806503580e+01
3.017255378467691003e+02 3.020197639804966911e+02 7.236013723188756686e-01 5.879614009857177592e+01
4.017485032393481674e+02 4.020449463645542778e+02 8.424913307883544755e-01 5.877543935775756978e+01
5.000272989101416101e+02 5.000197293441220268e+02 2.648367321431911378e-02 5.873617444038391255e+01
6.000267126783364802e+02 6.000194318197550274e+02 2.049117790320771626e-02 5.883718829154967978e+01
7.750000000000046612e+02 8.000000000000002274e+02 4.330127018921730553e+01 5.882781020402908467e+01
8.150000000000019327e+02 8.000000000000013642e+02 3.570714214271467313e+01 5.882879534959793233e+01
1.088736108710474809e+03 1.182490187298206365e+03 1.221613730734912764e+02 5.881313920021057129e+01
1.009900127893765102e+03 1.000000000000000909e+03 2.413145443044427907e+01 5.973726165294647217e+01
1.136388970879188491e+03 1.100000000000001819e+03 4.799001701703238609e+01 5.972539705038070679e+01
1.207089257504516809e+03 1.200675870639359346e+03 1.177378899521508870e+01 5.982011195421218730e+01
1.386154079947113587e+03 1.400000000000000455e+03 4.626167528419896513e+01 5.976592459678649760e+01
1.445000000000006366e+03 1.400000000000040018e+03 4.974937185532643014e+01 5.891990000009536743e+01
