-1.399999999999999773e+03 -1.399999999999999773e+03 5.084229945850414966e-14 9.394283635020256042e+02
7.729594525509721134e+05 8.084216846913245972e+05 1.895879107535837975e+05 1.263508022892475083e+03
1.290594306558934450e+08 1.030296241990238726e+08 9.985054080500148237e+07 1.238787029600143342e+03
1.469937293775067665e+05 1.849681871557799168e+05 8.553132786843185022e+04 1.042562459897995041e+03
-9.999995797665333157e+02 -9.999995710707490844e+02 2.400480814949163479e-05 1.261483473300933838e+03
-8.557002660114598029e+02 -8.565526684650255902e+02 2.029123885359477963e+00 1.116781900346279144e+03
-7.311412807833589795e+02 -7.358050139552838118e+02 2.258133268071178890e+01 1.215720719254016785e+03
-6.788675667249970047e+02 -6.788607060787207956e+02 3.943840087335670486e-02 1.193399488949775787e+03
-5.279815640236863601e+02 -5.254971898614031716e+02 5.834893671964370476e+00 1.413480242347717194e+03
-4.997705604783994886e+02 -4.997892361769293643e+02 1.025667256750730644e-01 9.965562818527221225e+02
-3.044330929678122857e+02 -3.104101172384711163e+02 1.820684245504153154e+01 9.752219424962997891e+02
-1.633718180634394912e+02 -2.074689564423011063e+02 1.130511822197828167e+02 1.008489458394050644e+03
8.474626385717407118e+01 7.315533857649202787e+01 7.493872800200828976e+01 1.069181777691841035e+03
3.366597876752217417e+03 3.515298442567571328e+03 6.178816494376069386e+02 1.008327884852886200e+03
1.418121501795624135e+04 1.420266149039882839e+04 6.182700616626457304e+02 9.753886793494224321e+02
2.033997362343100690e+02 2.034162371521281329e+02 3.986138181488864118e-01 1.153667464947700410e+03
4.301612444652995464e+02 4.308416901115643896e+02 2.032484823715219235e+01 1.024017632246017456e+03
8.072700005414938005e+02 8.211065144076764000e+02 6.943491839749421501e+01 9.710570105910301208e+02
5.058623495839413522e+02 5.056136705943872016e+02 1.279840456921522041e+00 1.263277368247509003e+03
6.238567594744065445e+02 6.250000000000000000e+02 1.375697066791083056e+00 9.954476672053336870e+02
1.440342439857098270e+03 1.828262933976493969e+03 4.468868957639244854e+02 1.018662729310989334e+03
4.666651911512641163e+03 4.560480479585919056e+03 8.131961546536374499e+02 1.052587855494022278e+03
1.449386867038881974e+04 1.499647345638706429e+04 1.911324874662756883e+03 1.033795293402671859e+03
1.312558508573045856e+03 1.308823767058484009e+03 2.808279407785262904e+01 1.587245635199546768e+03
1.447574667819385922e+03 1.450203878970387223e+03 2.379166041067514215e+01 1.592940510797500565e+03
1.663200892503558180e+03 1.676961152881738371e+03 3.249505571560784034e+01 1.489572107648849396e+03
3.242711187888485711e+03 3.287074685148501885e+03 1.832463820044684155e+02 1.585622870445251465e+03
3.023928002354977252e+03 1.800000000000001819e+03 1.499143011391225173e+03 1.128354031550884201e+03
