-1.400000000000000000e+03 -1.400000000000000000e+03 5.084229945850414966e-14 5.991703295707702637e+01
1.951807607427029097e+03 3.382014907145813822e+02 3.787768684371992549e+03 6.004944549798965170e+01
-1.200000000000000000e+03 -1.200000000000000000e+03 0.000000000000000000e+00 5.990368725061416910e+01
-1.100000000000000000e+03 -1.100000000000000000e+03 4.631953922276662235e-13 5.993987255096435263e+01
-9.999999999639530870e+02 -9.999999999999034799e+02 1.064353864727082533e-07 5.986313474178314209e+01
-9.000000000000000000e+02 -9.000000000000000000e+02 0.000000000000000000e+00 5.994307129383086874e+01
-7.999999983945890563e+02 -7.999999998938369572e+02 6.260193521063870000e-06 6.003065844774246074e+01
-6.969999707785029841e+02 -6.999999998021266947e+02 7.141495349513665047e+00 5.995770695209503032e+01
-5.997375276196937648e+02 -5.999999896844109344e+02 3.576821553674611742e-01 6.072407354116440104e+01
-4.999876721164053492e+02 -4.999926039596656437e+02 1.567249627612301438e-02 6.001544874906539917e+01
-3.999999999999990905e+02 -4.000000000000000000e+02 2.951345122547026947e-12 6.005526039600372457e+01
-2.999502520471444313e+02 -3.000000000000000000e+02 2.168462991412953011e-01 6.007642884254455851e+01
-1.999999999999999432e+02 -2.000000000000000000e+02 2.002671980102697583e-13 6.007035365104675151e+01
-9.905287835119540318e+01 -9.999999999999931788e+01 3.630053752637453446e+00 6.000613089799880839e+01
1.048038616613019087e+02 1.003121732559815200e+02 1.320638646041686748e+01 6.002160609960556314e+01
2.000000008376909477e+02 2.000000003889735751e+02 1.295624125796074901e-06 6.024964470863342569e+01
3.015209192150010722e+02 3.020196854182024708e+02 8.747187627372209340e-01 5.998135894536972046e+01
4.014466115991262996e+02 4.020161403732639656e+02 8.696289655453901535e-01 6.003961955308913900e+01
5.000034554233257040e+02 5.000000000000000000e+02 7.167137032820276518e-03 5.993763469457626059e+01
6.000068011369143051e+02 6.000000000000000000e+02 9.268387309569402557e-03 5.998259935379028462e+01
7.250000009382216604e+02 7.000000015729169718e+02 4.330127002744861642e+01 6.011487244367599203e+01
8.050000001357805104e+02 8.000000000542986527e+02 2.179449468842049953e+01 6.012284004688262939e+01
1.005013058875495858e+03 9.500000001167857135e+02 1.223400380956330338e+02 5.999832080602645590e+01
1.000000000117883474e+03 1.000000000016157401e+03 2.420288387475609160e-07 6.089561835527420186e+01
1.110000000364500011e+03 1.100000000021150299e+03 2.999999987863735740e+01 6.090169860124588297e+01
1.200131337782746868e+03 1.200000000000298314e+03 2.340903338747974682e-01 6.098231904506683065e+01
1.376947375574730813e+03 1.400000000008600409e+03 4.373528917911001201e+01 6.093892980813980387e+01
1.400000000532091008e+03 1.400000000123350446e+03 7.167605030891554509e-07 6.019870054721832275e+01
