-1.400000000000000000e+03 -1.400000000000000000e+03 0.000000000000000000e+00 5.561806665658950521e+01
4.070814408101380195e+03 2.300357887393886813e+03 4.654559205253226537e+03 5.564292005300521993e+01
-1.200000000000000000e+03 -1.200000000000000000e+03 0.000000000000000000e+00 5.555762050151825093e+01
-1.100000000000000000e+03 -1.100000000000000000e+03 0.000000000000000000e+00 5.557848880290985250e+01
-9.999999999996109636e+02 -9.999999999999553211e+02 9.437161145501619015e-10 5.565880525112152100e+01
-8.999999999999996589e+02 -9.000000000000000000e+02 1.602339250340629773e-12 5.553423550128936625e+01
-7.999999985537980365e+02 -7.999999999975468654e+02 6.270285513857167897e-06 5.562919850349426554e+01
-6.899998410945789828e+02 -6.899999986549187270e+02 1.000015889355115561e+01 5.562064099311828613e+01
-5.996256316018041161e+02 -5.997703580012097291e+02 3.918426913187860738e-01 5.632285629510879232e+01
-4.999464888355987569e+02 -4.999716452271621279e+02 5.705034614891305728e-02 5.559167500734329082e+01
-4.000000000000000000e+02 -4.000000000000000000e+02 0.000000000000000000e+00 5.572132290601730631e+01
-2.991045368486161351e+02 -2.990050409429067031e+02 6.964713399653078563e-01 5.571418859958648540e+01
-1.995987145377534091e+02 -2.000000000000000000e+02 8.026727982149333140e-01 5.571321685314178751e+01
-9.909970433959460934e+01 -1.000000000000000000e+02 3.639942247792315566e+00 5.563184545040130757e+01
1.277906423327076766e+02 1.006243465119629832e+02 3.951763785680426366e+01 5.559122660160064555e+01
2.000000001595543040e+02 2.000000000851878781e+02 1.879255247387513839e-07 5.583520464897155478e+01
3.018234501642708665e+02 3.020196068559067726e+02 6.080272507949611160e-01 5.564213579893112183e+01
4.017486888687365081e+02 4.020784142760243753e+02 8.207146723164844282e-01 5.562044849395751811e+01
5.000083877593562534e+02 5.000000000000000000e+02 9.500792149114768367e-03 5.567754290103912496e+01
6.000212110452905563e+02 6.000194318197550274e+02 1.292493591117913933e-02 5.569726001024245932e+01
7.550000000164493485e+02 8.000000000001489298e+02 4.974937184004768653e+01 5.572662320137023784e+01
8.150000000005801439e+02 8.000000000003176410e+02 4.769696007067695831e+01 5.571124504804610922e+01
9.956101726917564747e+02 9.000000000820052719e+02 1.234112481973261168e+02 5.571567710638046123e+01
1.003306466347949367e+03 1.000000000000505906e+03 6.644251097676267648e+00 5.641977130174636557e+01
1.110000000001346052e+03 1.100000000000634827e+03 2.999999999956059682e+01 5.643863954544067241e+01
1.200190829948129931e+03 1.200000000000114142e+03 2.940272858779213738e-01 5.646723364591598227e+01
1.364332457668880579e+03 1.400000000000465661e+03 5.038664686116229774e+01 5.646704484224319742e+01
1.415000000003774858e+03 1.400000000004148433e+03 3.570714214148702581e+01 5.579397915601730062e+01
