-1.400000000000000000e+03 -1.400000000000000000e+03 0.000000000000000000e+00 5.940469200611114786e+01
4.176730475906512766e+03 3.337430256420463593e+03 4.485320841676954842e+03 5.947516820430755757e+01
-1.200000000000000000e+03 -1.200000000000000000e+03 0.000000000000000000e+00 5.935869688987732218e+01
-1.100000000000000000e+03 -1.100000000000000000e+03 0.000000000000000000e+00 5.941223485469818399e+01
-9.999999999999866986e+02 -9.999999999999920419e+02 1.260343071186906128e-11 5.945708439350128316e+01
-9.000000000000000000e+02 -9.000000000000000000e+02 2.438311024607994265e-13 5.942351830005645752e+01
-8.000000000000000000e+02 -8.000000000000000000e+02 3.595093471822541928e-14 5.940232285261154033e+01
-6.909995538127133159e+02 -6.999999999999834017e+02 9.950367677948076306e+00 5.929898940324783041e+01
-5.997997757241450927e+02 -6.000000000000000000e+02 3.505266052504673047e-01 6.017887194156647013e+01
-4.999694209949252581e+02 -4.999728746156046100e+02 2.605731240820249525e-02 5.945437619686126851e+01
-4.000000000000000000e+02 -4.000000000000000000e+02 0.000000000000000000e+00 5.955270805358886577e+01
-2.995025204714533515e+02 -3.000000000000000000e+02 5.886257162681508559e-01 5.955356744527816915e+01
-1.997120615271560666e+02 -2.000000000000000000e+02 8.638154185318044354e-01 5.955318139791488363e+01
-9.905287835119739270e+01 -1.000000000000000000e+02 3.631395800682584163e+00 5.941232949495315552e+01
1.089619493817308467e+02 1.003121732559814063e+02 1.693982006007237118e+01 5.940320855379104614e+01
2.000352170427329952e+02 2.000000000000010800e+02 1.529785023220908979e-01 5.963054084777832031e+01
3.014240487482780964e+02 3.020211382353943463e+02 9.301986810455117327e-01 5.950115709304809286e+01
4.017534698569465945e+02 4.021596138468930235e+02 8.471264717897284413e-01 5.948130469322204306e+01
5.000103606937635732e+02 5.000000000000000000e+02 1.804850398477701040e-02 5.944946985244750692e+01
6.000136022738287238e+02 6.000194318197550274e+02 8.904778491815125430e-03 5.946746175289153769e+01
7.500000000000026148e+02 7.500000000000006821e+02 5.000000000000240874e+01 5.951028890609741495e+01
8.281321407224019140e+02 8.000000000000000000e+02 5.389609233027498902e+01 5.951132245063782022e+01
1.010470751948652492e+03 1.002660026539211231e+03 1.157146778133899261e+02 5.949041955471038534e+01
1.002044848774174397e+03 1.000000000000000000e+03 5.652596512904181303e+00 6.028276345729828023e+01
1.120000000000000455e+03 1.100000000000000000e+03 3.999999999999975842e+01 6.028714990615844727e+01
1.201521376808418154e+03 1.200435134724740237e+03 3.306645140061605925e+00 6.040765725374221518e+01
1.379271047283879398e+03 1.400000000000000000e+03 4.554146429301114551e+01 6.032533810138702535e+01
1.420000000000000455e+03 1.400000000000000000e+03 3.999999999999971578e+01 5.956532911062240743e+01
