-1.400000000000000000e+03 -1.400000000000000000e+03 0.000000000000000000e+00 2.943610550165176321e+01
1.902424917571358264e+03 4.667968540838745639e+02 3.706742138496914777e+03 2.947253575325012065e+01
-1.200000000000000000e+03 -1.200000000000000000e+03 0.000000000000000000e+00 2.938021090030670024e+01
-1.100000000000000000e+03 -1.100000000000000000e+03 0.000000000000000000e+00 2.942280194759369039e+01
-9.999999999999870397e+02 -9.999999999999920419e+02 1.126260219622650681e-11 2.945793955326080393e+01
-8.999999999999988631e+02 -9.000000000000000000e+02 4.697344232633160362e-12 2.942015190124511648e+01
-7.999999999991355253e+02 -7.999999999998685780e+02 1.462681979030856468e-09 2.939548350572585989e+01
-6.899997839652254470e+02 -6.899999880135962940e+02 1.000021603739293141e+01 2.939232535362243581e+01
-5.997375312538315484e+02 -5.999999999989195203e+02 3.576845663023424660e-01 3.018870664834976125e+01
-4.999746031507503972e+02 -4.999913696438024431e+02 3.716813899911543262e-02 2.940315154790878438e+01
-4.000000000000000000e+02 -4.000000000000000000e+02 0.000000000000000000e+00 2.953843560218810893e+01
-2.993035286600347149e+02 -2.990050409429067031e+02 6.370846453727422309e-01 2.952741245031356954e+01
-1.994547453013314282e+02 -2.000000000000000000e+02 9.604966306567609413e-01 2.953405494689941335e+01
-9.903726968839832523e+01 -1.000000000000000000e+02 3.626617241849697582e+00 2.941274269819259501e+01
1.348254069183660135e+02 1.170693934401635943e+02 4.789149514892509529e+01 2.938097480535507344e+01
2.001666571552196672e+02 2.000000000042015813e+02 4.941714726647049583e-01 2.960745090246200562e+01
3.016192962430459374e+02 3.020196068559067726e+02 8.097586353364262246e-01 2.946609269380569529e+01
4.016587476846733580e+02 4.020826759437851479e+02 9.333425678011080251e-01 2.945907520055770945e+01
5.000133256715954531e+02 5.000197293441220268e+02 8.410525564719571745e-03 2.947190585136413432e+01
6.000155454558041583e+02 6.000194318197550274e+02 7.772727902010957354e-03 2.949288129806518555e+01
7.650000000002465868e+02 8.000000000000023874e+02 4.769696007053180153e+01 2.951475005149841380e+01
8.100000000000160298e+02 8.000000000000094360e+02 4.358898943540334869e+01 2.950817459821701050e+01
1.041058955154391015e+03 1.000000000000061505e+03 1.316165040444255965e+02 2.950929139852523875e+01
1.007508471119335809e+03 1.000000000000021146e+03 2.193072014120343027e+01 3.035417665243148733e+01
1.115000000000032514e+03 1.100000000000015007e+03 3.570714214270168441e+01 3.036341865062713552e+01
1.200543684612971674e+03 1.200258041854945759e+03 9.385790324616403169e-01 3.043861044645309377e+01
1.366585455965392157e+03 1.400000000000006366e+03 5.050117637872536847e+01 3.042690570354461599e+01
1.420000000000715545e+03 1.400000000000066393e+03 3.999999999965602626e+01 2.957536289691925191e+01
