-1.400000000000000000e+03 -1.400000000000000000e+03 2.592458770548405599e-13 3.434133610725402974e+01
4.778747965929683232e+03 3.505670481330650546e+03 5.314445689162179406e+03 3.449953609704971313e+01
5.513060129074304365e+06 -1.200000000000000000e+03 2.403610265103043243e+07 3.431884094476699687e+01
-1.100000000000000000e+03 -1.100000000000000000e+03 0.000000000000000000e+00 3.438815159797668741e+01
-9.999999999995903863e+02 -9.999999999999197371e+02 9.107185825515279521e-10 3.436796970367431925e+01
-8.994203821002716950e+02 -8.999684109131818559e+02 1.512105048245841354e+00 3.435943040847778462e+01
-7.812467718878363030e+02 -7.904417303594043460e+02 2.435144605029323728e+01 3.442202264070510864e+01
-6.828467953844861995e+02 -6.799932811472981484e+02 6.734727696814649001e+00 3.432795554399490356e+01
-5.992013510723562604e+02 -5.991710898587296015e+02 4.756353531115929956e-01 3.505628064870834493e+01
-4.831360329523188852e+02 -4.914190014396565402e+02 1.811374388854522266e+01 3.444655259847640849e+01
-3.979603397446832105e+02 -3.990050409429067031e+02 3.467736320384180004e+00 3.449329675436020182e+01
-2.944282482504760310e+02 -2.955226892808939283e+02 6.152625540753218658e+00 3.452518604993819906e+01
-1.924023901465048993e+02 -1.960030308952422615e+02 7.048155995114975703e+00 3.448724329471588135e+01
-2.572242632604792334e+01 -8.293060655983640572e+01 1.068864953342893358e+02 3.432647039890289165e+01
2.991025390548879273e+02 2.206995584586670702e+02 1.572743312235961071e+02 3.439837335348128988e+01
2.022840840934287030e+02 2.024851206315414061e+02 1.334640209291380497e+00 3.460165220499038696e+01
3.029542218523741894e+02 3.025925658189659089e+02 1.732085430340476240e+00 3.445182669162750244e+01
4.059916390824528776e+02 4.054125120198334002e+02 3.745773115922188978e+00 3.450204429626464986e+01
5.001082264000048667e+02 5.000986467203185271e+02 7.573763129329852406e-02 3.441013320684432841e+01
6.003178476261440437e+02 6.001563783642867520e+02 3.230705180180848957e-01 3.440285619497299052e+01
7.850000000000034106e+02 8.000000000000000000e+02 3.570714214271473708e+01 3.450392090082168295e+01
9.558030843221334862e+02 9.239187775542275176e+02 1.153877363333490678e+02 3.444421719312667562e+01
1.130365698499692598e+03 1.182490187298219780e+03 8.648546368289702002e+01 3.446728075742721842e+01
1.074432123140188651e+03 1.102921292059643747e+03 4.020539173485563822e+01 3.518465635776519917e+01
1.190869701040379823e+03 1.201399376235451655e+03 2.896006127488907111e+01 3.519428344964980937e+01
1.269896818705328087e+03 1.268262851690960815e+03 3.533806164030200847e+01 3.525044714212417318e+01
1.509702323008880057e+03 1.521846116303490135e+03 8.204396864338181672e+01 3.519498775005340718e+01
1.465000000000000000e+03 1.500000000000000000e+03 7.262919523166976887e+01 3.503908489942550375e+01
