-1.399999999939837380e+03 -1.399999999974747425e+03 9.258472571727104659e-08 5.177092400789261006e+01
-6.895706785699543389e+02 -1.049503906470390575e+03 7.785845912989562976e+02 5.196807515621185303e+01
-1.199999941538467510e+03 -1.199999985603771165e+03 8.189878471567034002e-05 5.183505514860153340e+01
-1.099999795208252635e+03 -1.099999977520142693e+03 4.107753532184681968e-04 5.185047949552536295e+01
-9.999999236983525179e+02 -9.999999559204862862e+02 7.604536485957242664e-05 5.186131609678268717e+01
-8.999999999894980647e+02 -8.999999999973526883e+02 2.125065445908093041e-08 5.178128035068512247e+01
-7.999989768535059511e+02 -7.999989750528145578e+02 7.439233000627453341e-04 5.192618775367736816e+01
-6.959979362467892088e+02 -6.999969823454110838e+02 7.999166686758021783e+00 5.192530770301819132e+01
-5.997744012456035989e+02 -5.999952288575863122e+02 3.488874239833328894e-01 5.282796655893325521e+01
-4.999945331063225353e+02 -4.999925503706085124e+02 4.022009660577931765e-03 5.188283289670944498e+01
-3.999999997674990482e+02 -3.999999999199532112e+02 3.588177381397676161e-07 5.196221259832382344e+01
-2.999005033580973532e+02 -2.999999996773461817e+02 2.984875553732956321e-01 5.199434180259704874e+01
-1.999999993037844206e+02 -1.999999996188435603e+02 9.375189922955946890e-07 5.198795120716094686e+01
-9.996877175050202879e+01 -9.999999913027329512e+01 9.366298593452390686e-02 5.187630629539489746e+01
1.071694623291266879e+02 1.003122099612776310e+02 2.630025178380962458e+01 5.193608559370041178e+01
2.000634265201994424e+02 2.000199140920938419e+02 1.850459093875534700e-01 5.222513550519943237e+01
3.008082057856215101e+02 3.000000479077194200e+02 9.898230294385762518e-01 5.188803919553756572e+01
4.010245459839254067e+02 4.010263733440324927e+02 1.009951677639879142e+00 5.193422825336456583e+01
5.000009864882343322e+02 5.000000000000000568e+02 4.300002521175880915e-03 5.185648859739303873e+01
6.000097160453017295e+02 6.000097163546201955e+02 9.715774543766828378e-03 5.186894975900649740e+01
7.150058912560424460e+02 7.000064439496259183e+02 3.570479410802384024e+01 5.205009219646454000e+01
8.000005248439815659e+02 8.000003957260991001e+02 4.147767009669705044e-04 5.204357475042343140e+01
9.150007779794493672e+02 9.000006841451963737e+02 3.570694119327530558e+01 5.206120104789734171e+01
1.000000102713046203e+03 1.000000086828995109e+03 5.167357537674962739e-05 5.297635095119476034e+01
1.100000870050122330e+03 1.100000631197574421e+03 6.575967875099453675e-04 5.298997271060943604e+01
1.200180639786391112e+03 1.200080952878597827e+03 1.895739383523446786e-01 5.304190078973770284e+01
1.336175334172163957e+03 1.301235109640963856e+03 4.801356575345594280e+01 5.305718214511871622e+01
1.400003953489739615e+03 1.400002585375391845e+03 3.839515653566158166e-03 5.216595835685730265e+01
