-1.400000000000000000e+03 -1.399999999999999773e+03 2.096281709166962064e-13 8.859490588426590421e+02
2.341689957565658726e+06 1.875187295239977073e+06 1.391478419946670765e+06 9.095076784610748746e+02
3.037012296407339573e+09 1.145817074012624264e+09 3.977381343284231186e+09 9.107291859030723344e+02
1.000131579178914108e+05 9.946569483193338965e+04 2.146282455680359999e+04 9.056526955962181091e+02
-9.999999999996007318e+02 -9.999999999996307452e+02 1.175501506401907934e-10 9.015505531549454190e+02
-8.747978638197806731e+02 -8.845104508445278952e+02 1.839678658402245404e+01 9.036786209583282243e+02
-6.141763540938081860e+02 -6.139634100152627525e+02 3.351044125953006159e+01 9.261566571474074863e+02
-6.790048112042820776e+02 -6.790096961537361722e+02 6.610710367578809254e-02 8.776926210999488376e+02
-5.642293091188348626e+02 -5.635814664665842884e+02 3.299608375245715042e+00 1.081672063195705505e+03
-4.996919509406221778e+02 -4.997265125894809898e+02 1.748669625298665820e-01 9.131067718029022444e+02
-3.980100818858135199e+02 -3.980100818858134062e+02 1.134427865877582153e+00 8.982663127541542281e+02
3.925778009662625578e+01 5.769659063620719053e+01 8.513224924720860542e+01 8.791127473473549117e+02
2.372656879215629147e+02 2.361000445218961374e+02 8.259364886976371167e+01 8.590292474031448364e+02
2.768655331433157016e+02 1.937818604210215199e+02 3.215431963348316913e+02 8.880020860552788236e+02
4.898723360033011886e+03 4.942461517095869567e+03 7.920906014895743965e+02 8.881418285489082791e+02
2.012244279678919270e+02 2.010825100968022241e+02 5.880182262357982470e-01 9.568089359521866299e+02
3.320964325551022966e+02 3.318468702220825435e+02 9.574518884371827632e-01 8.829903018474578857e+02
6.935135885633437738e+02 6.536044427729609652e+02 8.011869815706343445e+01 9.140657482981681596e+02
5.018685388625780206e+02 5.017920297405522660e+02 6.533902663493165175e-01 9.065394997000694275e+02
6.148279147732032470e+02 6.150000000000000000e+02 2.345212595718642323e-01 8.929871749520301591e+02
1.054419194929287414e+03 1.000000000000000341e+03 8.520799031127991441e+01 8.956164339423179399e+02
1.170362363374303641e+03 1.136200306625829853e+03 1.636868384572901789e+02 8.970561246991157986e+02
7.231592100524059788e+03 7.213128776019502766e+03 1.061187953687683148e+03 9.177203408598900296e+02
1.302543699329103902e+03 1.302226328626228451e+03 1.165325829901107468e+01 1.089764442253112747e+03
1.420417298488525603e+03 1.419105940520421427e+03 1.271917226835543779e+01 1.089821048307418778e+03
1.559987785241270558e+03 1.586376115965100098e+03 6.828846789428600061e+01 1.096391161894798188e+03
2.573579786722923473e+03 2.568062527228448744e+03 1.173780393396471595e+02 1.095861242902278946e+03
2.359520416786648184e+03 1.700000000000000455e+03 1.315009395647967040e+03 9.359602107048034441e+02
