-1.400000000000000000e+03 -1.400000000000000000e+03 0.000000000000000000e+00 5.786645539999008037e+01
4.376522489529545965e+03 3.842769333232487043e+03 4.810193558985670279e+03 5.799103319644927979e+01
-1.200000000000000000e+03 -1.200000000000000000e+03 0.000000000000000000e+00 5.788429729938506796e+01
-1.100000000000000000e+03 -1.100000000000000000e+03 0.000000000000000000e+00 5.784026720523834086e+01
-9.999999999999848797e+02 -9.999999999999947704e+02 2.156684558106251839e-11 5.790545790195464804e+01
-8.999919566904100066e+02 -8.999998388578093227e+02 3.307902312464047756e-02 5.786643680334091044e+01
-7.983150137797501884e+02 -7.999947155684556037e+02 4.715891383039865659e+00 5.795861785411834433e+01
-6.889990337887563783e+02 -6.800000012558932667e+02 9.950748439350542540e+00 5.789839195013045980e+01
-5.996447968985618218e+02 -5.998888708091242279e+02 3.850171856820940319e-01 5.888074305057525493e+01
-4.997448821930926783e+02 -4.997953105205112365e+02 2.336363629631692806e-01 5.797148184776305868e+01
-4.000000000000000000e+02 -4.000000000000000000e+02 0.000000000000000000e+00 5.804526699781418131e+01
-2.982090749566868908e+02 -2.990050409429067031e+02 2.077532970662671730e+00 5.810049145221709921e+01
-1.992577245892940141e+02 -2.000000000000000000e+02 1.317278688110000928e+00 5.808489050865173198e+01
-9.228651997503828852e+01 -9.968782674401859367e+01 1.764855851105559026e+01 5.785015139579773091e+01
1.926034837821880501e+02 2.173850362087172243e+02 7.286071096836168692e+01 5.786101080179214762e+01
2.007027373357969680e+02 2.005211090286155127e+02 8.001836940751926308e-01 5.816982960700988770e+01
3.018330774772363725e+02 3.020292665066018571e+02 8.158094346496012061e-01 5.792715260982513570e+01
4.021149368459555831e+02 4.022819626235758506e+02 7.760516669109787102e-01 5.805855534076690816e+01
5.000455070505674371e+02 5.000197293441220836e+02 6.300103365471713956e-02 5.795018285512924194e+01
6.000454754344809771e+02 6.000194318197550274e+02 4.937168421900476473e-02 5.797689759731292725e+01
7.600000000000000000e+02 8.000000000000000000e+02 4.898979485566356118e+01 5.803610649108886577e+01
8.276376389109967704e+02 8.059532243253693196e+02 3.680999568700988078e+01 5.799643685817718364e+01
1.060524388930370378e+03 1.057827812249975295e+03 1.131547663207430361e+02 5.797787020206451558e+01
1.026321160411915798e+03 1.018878686554777005e+03 3.074995962223224666e+01 5.904225109815597250e+01
1.151605279223043453e+03 1.158329752198542792e+03 5.009366313319863195e+01 5.903085855245590352e+01
1.213257168344518959e+03 1.202611940075762732e+03 2.379769651319118751e+01 5.918410780429839946e+01
1.392598590614343948e+03 1.410657301717181554e+03 4.821128730877805424e+01 5.909967365264892436e+01
1.460000000000000000e+03 1.500000000000000000e+03 4.898979485566356118e+01 6.077291264533996440e+01
