-1.400000000000000000e+03 -1.400000000000000000e+03 0.000000000000000000e+00 5.762740210294723653e+01
1.194240714352822579e+03 -9.017389365146543696e+02 3.411850915581095251e+03 5.776311000585555888e+01
-1.200000000000000000e+03 -1.200000000000000000e+03 0.000000000000000000e+00 5.754263219833374166e+01
-1.100000000000000000e+03 -1.100000000000000000e+03 0.000000000000000000e+00 5.758621270656585978e+01
-9.999999999998124167e+02 -9.999999999999765805e+02 4.236186454792662688e-10 5.754114450216293619e+01
-9.000000000000000000e+02 -9.000000000000000000e+02 0.000000000000000000e+00 5.761836605072021200e+01
-7.999999999636273742e+02 -7.999999999987655883e+02 8.586713653409892864e-08 5.769706308841705322e+01
-6.919999541975337252e+02 -6.999999997769477886e+02 9.798014938701061993e+00 5.753413610458373739e+01
-5.999999997994776777e+02 -5.999999999982508143e+02 4.319039949711972096e-07 5.848667484521865845e+01
-4.999906300397763630e+02 -4.999913696438011357e+02 7.462904533166565824e-03 5.769409584999084473e+01
-4.000000000000000000e+02 -4.000000000000000000e+02 2.542114972925207483e-14 5.773555200099944784e+01
-2.999005040942905680e+02 -3.000000000000000000e+02 2.984877171279654018e-01 5.778053060770034932e+01
-2.000000000000000000e+02 -2.000000000000000000e+02 0.000000000000000000e+00 5.779232060909271240e+01
-9.984391337200928263e+01 -1.000000000000000000e+02 2.094121863395517480e-01 5.767815064191817953e+01
1.133055966234469736e+02 1.003121732559814063e+02 2.980748692645592612e+01 5.769809914827347086e+01
2.000375540599548572e+02 2.000000000024614053e+02 1.178153011079801499e-01 5.794572675228118896e+01
3.013067726417961012e+02 3.020197639804966911e+02 9.383307355320172904e-01 5.767699894905090474e+01
4.015374044292727831e+02 4.020370436345919529e+02 8.642610028664191590e-01 5.773942199945449971e+01
5.000029649778269913e+02 5.000000000000000000e+02 6.322587271236249779e-03 5.765255055427551412e+01
6.000155454558041583e+02 6.000194318197550274e+02 7.772727902010956487e-03 5.763886170387267782e+01
7.450000000392585662e+02 7.000000001834325758e+02 4.974937184039107763e+01 5.778387254476547241e+01
8.000000000128263764e+02 8.000000000004035883e+02 4.429095018884482427e-08 5.779290724992752359e+01
1.019435146509700871e+03 1.000000000001001922e+03 1.039670031460477588e+02 5.775181310176849081e+01
1.000000000003201762e+03 1.000000000000099135e+03 7.047521606280055477e-09 5.862585184574127339e+01
1.105000000006479695e+03 1.100000000000790351e+03 2.179449471690250562e+01 5.865833235979080484e+01
1.200191041052197761e+03 1.200080948985142413e+03 2.362117365237699218e-01 5.873089505434036539e+01
1.376889371826264096e+03 1.400000000000040927e+03 4.386410947448427322e+01 5.869351689815520956e+01
1.415000001254157269e+03 1.400000000032235903e+03 3.570714161600282921e+01 5.790228729248046591e+01
