-1.400000000000000000e+03 -1.400000000000000000e+03 0.000000000000000000e+00 5.353561685085296773e+01
5.462568140252211379e+03 5.275839091805099997e+03 5.370841324600517510e+03 5.378781310319900655e+01
-1.200000000000000000e+03 -1.200000000000000000e+03 0.000000000000000000e+00 5.356253714561462687e+01
-1.100000000000000000e+03 -1.100000000000000000e+03 0.000000000000000000e+00 5.360670394897461222e+01
-9.999999999999757847e+02 -9.999999999999947704e+02 4.107522910502469969e-11 5.361272300481796549e+01
-8.998891254874491779e+02 -8.999964792547917796e+02 2.052759985339555338e-01 5.366748100519180298e+01
-7.974335481453674674e+02 -7.996370881201406746e+02 6.229894404085888127e+00 5.365523375272751139e+01
-6.845571623570119755e+02 -6.799999056887836559e+02 8.057889164443421848e+00 5.362979379892349385e+01
-5.995546570205686976e+02 -5.994594206587889857e+02 3.921544288672837442e-01 5.432686624526977681e+01
-4.972133766006383553e+02 -4.987570711116680968e+02 3.284503467001801624e+00 5.370614384412765219e+01
-3.993532768647802982e+02 -4.000000000000000000e+02 1.008546128383209561e+00 5.373196214437484741e+01
-2.964678996317369410e+02 -2.960201688094459200e+02 2.074549847831430149e+00 5.372424784898758077e+01
-1.959656118397848843e+02 -1.964515896784726294e+02 3.792018319147690164e+00 5.372731974124908305e+01
-8.206223700605940508e+01 -9.937565348803718734e+01 3.275043352907515981e+01 5.358525290489196635e+01
2.075625453233198527e+02 2.180677720395684105e+02 7.701606583593361677e+01 5.359589890241623067e+01
2.011458500372754656e+02 2.009624781145345764e+02 9.241580643774092163e-01 5.382193894386291788e+01
3.018427894514412628e+02 3.020574815054845885e+02 1.024488013060391722e+00 5.369081649780273580e+01
4.032073101933491444e+02 4.030212367692918178e+02 1.518651024869230426e+00 5.375760165452957295e+01
5.001005673621208985e+02 5.000493233602564374e+02 1.536800346781507232e-01 5.362953789234161661e+01
6.000895189353284422e+02 6.000194318197550274e+02 1.696052837903514188e-01 5.360001369714736796e+01
8.000000000000000000e+02 8.000000000000000000e+02 3.162277660168379256e+01 5.367237275838851929e+01
8.762810722158956196e+02 8.372746315493869815e+02 9.325025609745105726e+01 5.373787045478820801e+01
1.023414447791165003e+03 1.002660026539210776e+03 9.006552035350105712e+01 5.371747885942458822e+01
1.047214967904840705e+03 1.051160135377360575e+03 3.688856350851686017e+01 5.444625838994979716e+01
1.167255978444076618e+03 1.200000000000000000e+03 4.376163940813914621e+01 5.445229150056839273e+01
1.219318623642655893e+03 1.200675870639359346e+03 2.987674327831352272e+01 5.451622139215469076e+01
1.409379308595417115e+03 1.425265003686934506e+03 7.798479262399116863e+01 5.449163445234298564e+01
1.435000000000000000e+03 1.400000000000000000e+03 4.769696007084728251e+01 5.579436689615249634e+01
