-1.399999999999999773e+03 -1.399999999999999773e+03 7.190186943645083856e-14 1.908578423798084259e+03
8.981623131096397992e+05 8.298974320801191498e+05 3.803759109464032808e+05 2.353675956296920958e+03
2.218515678954698443e+08 1.341975624666839540e+08 2.218510484726108611e+08 2.340274145245552063e+03
5.635964026828442002e+03 5.591358603266911814e+03 1.656460617036301755e+03 2.361744719147682190e+03
-9.999998521208184457e+02 -9.999998493860717872e+02 9.888732548914737759e-06 2.340131276345252900e+03
-8.574322792858167759e+02 -8.565526684650271818e+02 3.834134677466299213e+00 2.160080111300945191e+03
-7.257604566569790450e+02 -7.272915478548929968e+02 1.952382485037739812e+01 2.345904501998424621e+03
-6.788464619050134843e+02 -6.788438925082377864e+02 2.214941140554723895e-02 2.286801707899570374e+03
-5.563794658140475349e+02 -5.594576636179667730e+02 1.006661526345948587e+01 2.549980295300483704e+03
-4.999008213974479986e+02 -4.999014554111965936e+02 3.115666837549605633e-02 2.002429635751247361e+03
-2.997557756380704177e+02 -3.029924021703137669e+02 2.421754532614489364e+01 1.945805860447883560e+03
-1.811792335339366105e+02 -1.840874942814902226e+02 2.542063948558942599e+01 2.001878105401992798e+03
6.002649472278353926e+01 6.418966831422412156e+01 4.972792462574025052e+01 2.112086804401874360e+03
3.387451208727331505e+03 3.388273924819740387e+03 6.670923562716384367e+02 1.950914175045490310e+03
8.424418298816646711e+03 8.209829333997106005e+03 1.626676044966368863e+03 2.017194728851318359e+03
2.024661770771249394e+02 2.026916096114938455e+02 8.475518795900486291e-01 2.233376638650894165e+03
4.478191559058894313e+02 4.448537845613699915e+02 2.791697564147607480e+01 1.965369943797588348e+03
5.574650480325632316e+02 5.582402880075703706e+02 2.783534277224784859e+01 2.135927088952064423e+03
5.066107005102300604e+02 5.066802491549942715e+02 1.516239792552293242e+00 2.350444948351383118e+03
6.236389270118771719e+02 6.247258001787613466e+02 1.573872718869801401e+00 2.174996336746216002e+03
1.546351238895974802e+03 1.828262933976497607e+03 3.905226592682872138e+02 2.037725243890285583e+03
4.908183466321368542e+03 4.815604352932363327e+03 7.820439405188651563e+02 2.049158443403243837e+03
9.415280513054787662e+03 9.404414615583436898e+03 9.546040224197447515e+02 2.066212427759170623e+03
1.300873049320069413e+03 1.301293429386333401e+03 1.251157718202255964e+01 2.563532777249813080e+03
1.428642694159237863e+03 1.428059377553483046e+03 1.189458321109840533e+01 2.568157626402377900e+03
1.595751698644819726e+03 1.595747983167233315e+03 1.412286574864634403e+01 2.580793008041381654e+03
2.550911279639962686e+03 2.554128722803613528e+03 1.247042291931598328e+02 2.577966145348548707e+03
3.026588588029947914e+03 1.800000000000000909e+03 1.502354500116513464e+03 2.284276135694980439e+03
