-1.399999968079557902e+03 -1.399999984412998856e+03 4.951370232517671291e-05 5.786537410020828531e+01
-4.706132425815366105e+02 -1.103965982260308010e+03 1.171058479060628542e+03 5.799924529790878580e+01
-1.199991613030025519e+03 -1.199999365756941643e+03 2.499358151946118323e-02 5.762771250009537027e+01
-1.099985075559029838e+03 -1.099998780481038921e+03 4.183609088507474205e-02 5.773531244993209555e+01
-9.999990671026956761e+02 -9.999993848193892063e+02 9.674329886770484908e-04 5.788746744394302368e+01
-8.999999995701012949e+02 -8.999999997861280008e+02 5.042023704677568948e-07 5.790091400146484091e+01
-7.999787328047322035e+02 -7.999815597951566133e+02 1.552986470948199832e-02 5.798698385953903056e+01
-6.959754364362270280e+02 -6.999608687581110189e+02 7.987969021912512346e+00 5.788004804849624918e+01
-5.999855362508681083e+02 -5.999875460717684064e+02 7.865624709485012286e-03 5.888314474821090982e+01
-4.999897974041111297e+02 -4.999908496579162716e+02 7.053596829447472162e-03 5.796312919855117940e+01
-3.999999370899366795e+02 -3.999999650082245353e+02 6.591330012483326067e-05 5.803519150018691874e+01
-2.999996802444289870e+02 -2.999999317228180189e+02 6.442127495757270271e-04 5.807028208971023275e+01
-1.999999401152990686e+02 -1.999999707789824299e+02 8.729061175265096363e-05 5.804510480165481567e+01
-9.996254830479111320e+01 -9.999859388402097693e+01 9.449273481496389682e-02 5.794657410383224772e+01
1.009808616564003927e+02 1.000051048713974637e+02 3.625272798738091495e+00 5.799752154350280620e+01
2.001490623513138303e+02 2.001027237794125142e+02 1.709160143190821546e-01 5.806129986047744751e+01
3.008665453913241095e+02 3.000170479656161433e+02 9.717363285461688704e-01 5.798047729730605937e+01
4.007383920199669092e+02 4.000548422491060023e+02 9.414513372466832841e-01 5.800522595643997192e+01
5.000000000014414354e+02 5.000000000006687060e+02 1.963353759681915602e-09 5.793192590475082682e+01
6.000040308271952654e+02 6.000000801986939223e+02 7.709526124969882932e-03 5.795912964344024942e+01
7.001883680139018225e+02 7.001736002718982945e+02 1.231833915448811156e-01 5.810642194747924805e+01
8.000172904122612181e+02 8.000140497694828809e+02 1.480457309995452005e-02 5.810120735168457173e+01
9.050157638200374777e+02 9.000139756863900402e+02 2.179410036276263085e+01 5.812630310058593608e+01
1.000003404047332879e+03 1.000002680451014385e+03 3.199276114819554935e-03 5.913176225423812582e+01
1.100025505753378866e+03 1.100025833772745955e+03 1.308514334629513193e-02 5.906985234022140219e+01
1.200051941295618008e+03 1.200000352128812438e+03 1.301088440055203077e-01 5.919002485275268555e+01
1.330745764973543828e+03 1.301132534448614706e+03 4.534419012069693622e+01 5.913886020183563375e+01
1.400110891140127478e+03 1.400097637747206136e+03 8.277128951385616384e-02 5.824218935966491983e+01
