-1.400000000000000000e+03 -1.399999999999999773e+03 1.833145176601317471e-13 1.088239128899574325e+03
2.253108241311248392e+06 1.972697685750658158e+06 1.234740472940721549e+06 1.094436668550968079e+03
5.371759483489056826e+08 2.990087142095365524e+08 5.608364945558680296e+08 1.095514615309238479e+03
2.616763313401334017e+03 1.856722005291830556e+03 2.796747531457528112e+03 1.094954112195968719e+03
-9.999999999671902060e+02 -9.999999999977450216e+02 7.908732908586420735e-08 1.093938767755031677e+03
-8.746822180653647365e+02 -8.840860150948501541e+02 1.768420156553511191e+01 1.089717913353443237e+03
-6.523393009005175145e+02 -6.516586237237420391e+02 3.313226298877665243e+01 1.108952129948139145e+03
-6.790290104454983293e+02 -6.790136871351286345e+02 5.372422635255559575e-02 1.059764273142814545e+03
-5.697091172071917526e+02 -5.698013879816010103e+02 2.809871675944254577e+00 1.235899348556995392e+03
-4.998085227397673407e+02 -4.998385312690065803e+02 1.531565495748674621e-01 1.100742921447753815e+03
-3.935825140817482293e+02 -3.930352866003469217e+02 2.235338887934283925e+00 1.096451034796237991e+03
-7.245010785476321757e+01 -6.585663072807419383e+01 4.420331809545296409e+01 1.086909142148494766e+03
7.942093232734129060e+01 7.592697111393238174e+01 4.110711333196663020e+01 1.060512528944015457e+03
3.571221365223591420e+02 2.715637055320930813e+02 1.984883277194315667e+02 1.083389989006519272e+03
4.620422209721486979e+03 4.397843512468620247e+03 8.093008059087392212e+02 1.089198570346832184e+03
2.011204265442918881e+02 2.009878531698551853e+02 4.377764757818936037e-01 1.127562502348423095e+03
3.334792428159452129e+02 3.342931751813428605e+02 7.180629682344475739e+00 1.085754357647895858e+03
6.104297084250649732e+02 6.098383429112958538e+02 5.522899670503337433e+01 1.098097613596916290e+03
5.021836326717116208e+02 5.022079914402110035e+02 5.342267291303341992e-01 1.091458508598804428e+03
6.142687291945738934e+02 6.145048024863972387e+02 9.222786726927588719e-01 1.090320650303363891e+03
9.864730649764363761e+02 1.000000000000000796e+03 7.994355608019778003e+01 1.103202715289592788e+03
1.249215755835883328e+03 1.264879970659869741e+03 1.737339346377714833e+02 1.098627051997184708e+03
6.547187700366430363e+03 6.755341264682319888e+03 8.695430551968059945e+02 1.106953467011451721e+03
1.287118137797729787e+03 1.287583096970709448e+03 1.014336147060632776e+01 1.246317030191421509e+03
1.400218206224343930e+03 1.401012326997553373e+03 1.055948685281672716e+01 1.246433625304699035e+03
1.565134011094010930e+03 1.580569239665234591e+03 5.579869249157648170e+01 1.251773962855339050e+03
2.415362521100762478e+03 2.427110168670189523e+03 7.872161048075913925e+01 1.250380450892448380e+03
1.949721792112302182e+03 1.700000000000013188e+03 6.288497184308536134e+02 1.126155989444255738e+03
