-1.399999999999999773e+03 -1.399999999999999773e+03 0.000000000000000000e+00 2.063818300747871490e+03
8.457648352048679953e+05 8.119631375438866671e+05 2.375110232996542763e+05 2.153645596897601990e+03
1.047626456762537062e+08 5.332355683121573925e+07 1.325009574384881258e+08 2.155880533051490602e+03
4.571313713945804921e+03 4.288525472139465819e+03 1.146719477727377352e+03 2.165755150151252565e+03
-9.999999838589321826e+02 -9.999999834160032606e+02 4.140139043167647127e-06 2.149511858510971251e+03
-8.528606580583857522e+02 -8.565526684650287734e+02 9.871040333230808983e+00 2.132398741340637116e+03
-7.420940304813670991e+02 -7.439719072478563930e+02 8.438695122596213238e+00 2.113846747958660217e+03
-6.788685963346780454e+02 -6.788724745675605163e+02 5.178627690128218691e-02 2.112077117300033478e+03
-5.678526309062719974e+02 -5.667984093548980127e+02 3.383098093272940865e+00 2.482873902201652527e+03
-4.999565097897781811e+02 -4.999617904027832083e+02 2.328136786802926031e-02 2.089213346159458069e+03
-3.097080754175918855e+02 -3.080805955178502700e+02 1.728671963089763963e+01 2.069104714703559694e+03
-1.913409969134816606e+02 -1.893367450306172941e+02 1.345807103016153583e+01 2.081122680807113738e+03
3.171143101017336718e+01 2.316936643255856154e+01 4.790778301014906759e+01 2.120876463699341002e+03
3.005833258921651577e+03 2.981279844895252609e+03 4.628093524868446593e+02 2.050403763294219971e+03
6.722746955542743308e+03 6.718380710805182389e+03 9.170437703092682113e+02 2.059376771748065948e+03
2.010981114070384592e+02 2.011098282361863312e+02 7.977400245563032177e-01 2.152361033356189637e+03
4.325424955363993149e+02 4.323426088431197059e+02 2.393617438046404899e+01 2.056501275396346955e+03
5.403572106163636590e+02 5.393700856567584196e+02 2.344588492332939822e+01 2.104849497997760864e+03
5.061595314399184531e+02 5.063175806128025442e+02 1.285389054986020296e+00 2.148305532908439545e+03
6.213487190819313355e+02 6.211939829165269202e+02 1.438103530263390217e+00 2.154189517951011567e+03
1.576149065065997092e+03 1.828262933976493059e+03 3.617437243738859252e+02 2.087474620103836060e+03
4.141288040198006456e+03 3.950622016064058698e+03 6.699973155403901046e+02 2.091655434548854828e+03
7.787876630095121982e+03 7.791494050139047431e+03 1.114463298242156043e+03 2.096831651997566041e+03
1.291169056737177925e+03 1.289582839564433698e+03 8.720375393752796356e+00 2.520007917797565369e+03
1.420643091670685408e+03 1.420591967534780679e+03 1.636929208266263203e+01 2.519046260201931091e+03
1.577848431575692757e+03 1.575108507462245598e+03 1.160549525818344740e+01 2.537676516902446565e+03
2.436776975786094226e+03 2.461382424923127928e+03 1.061280560458420013e+02 2.534845396542549224e+03
3.012537420005396143e+03 1.800000000000000909e+03 1.485199792589403614e+03 2.178910860848426637e+03
