-1.389611889385065297e+03 -1.390000914843212286e+03 1.690505962144913887e+00 1.959040245342254593e+03
6.515031109502140433e+06 6.095662129635918885e+06 1.683441250468899030e+06 1.956708654892444656e+03
1.185139258879508078e+07 8.701168346777543426e+06 8.677384464594326913e+06 1.965624191701412201e+03
-1.053858183939356195e+03 -1.054191347957324297e+03 1.112216236879546294e+01 1.954104292845725922e+03
-9.970203163022721355e+02 -9.970265885992431549e+02 2.418304668694093440e-01 1.956269646346569061e+03
-8.533030812655255204e+02 -8.531227186038747732e+02 7.951359943579427991e-01 1.961753071200847671e+03
-7.953580013259800126e+02 -7.962205019294815429e+02 2.118389246819619931e+00 1.992334286391735077e+03
-6.788655383823065677e+02 -6.788448079842925154e+02 3.926935024030670657e-02 1.916795607459545181e+03
-5.275568321948375115e+02 -5.273839759887032415e+02 1.364932200418707442e+00 2.352480952644348235e+03
-4.971391166959950851e+02 -4.971459990894319958e+02 2.180803573825700337e-01 1.972672416198253586e+03
-3.446048586107526148e+02 -3.474769694377368978e+02 7.822595882323342131e+00 1.967630053448677018e+03
3.035390877850695190e+01 2.707627128885704337e+01 1.845271935949894271e+01 1.978226468896865754e+03
1.358732545645239611e+02 1.385872734570027944e+02 1.827565277227384755e+01 1.978777215194702194e+03
1.854331168263972359e+03 1.933354390506292475e+03 3.990688492143285089e+02 1.920929798698425202e+03
1.388988025538946749e+04 1.384102537799691345e+04 2.743790816951970442e+02 1.919105090141296387e+03
2.033686606024648427e+02 2.034384253325674763e+02 3.047478460180318427e-01 2.072751419150829406e+03
6.292345297482410160e+02 6.269181701480002857e+02 1.310486098789605158e+01 1.965389196646213577e+03
7.938860993233154204e+02 7.937651704127537187e+02 1.461764032458015805e+01 1.976409606242179962e+03
5.196249045299686031e+02 5.197350380395769207e+02 1.889485294440295116e+00 1.956495445406436829e+03
6.209145682722744368e+02 6.209641667786168000e+02 5.204845670332669538e-01 1.937250879549980255e+03
1.615413200721377962e+03 1.832584638960970096e+03 3.764080965630257651e+02 1.999200057196617081e+03
3.075821199830209025e+03 3.203190008166919142e+03 4.967347690116642411e+02 1.964208568453788757e+03
1.451956252766159560e+04 1.456540793873254370e+04 3.566206475862955472e+02 1.968848755860328765e+03
1.266518417740987843e+03 1.261544285710810072e+03 2.868847828318659055e+01 2.406563835346698852e+03
1.391915781750854421e+03 1.392844968024724949e+03 6.800863347986887852e+00 2.395081290102004914e+03
1.617582193624898309e+03 1.607697248895542998e+03 7.033690532315721100e+01 2.417454075896740051e+03
2.444358363058144732e+03 2.316176242240601823e+03 3.420711826426064590e+02 2.420966190898418517e+03
3.303549471231377538e+03 3.289705371171549814e+03 1.483839201650256882e+03 2.049716827797889891e+03
