-1.399999999999946112e+03 -1.399999999999981583e+03 7.146119862675607949e-11 5.592253940105437948e+01
3.571884091124681618e+03 2.131125998005704787e+03 4.680213376955529384e+03 5.608152890205383301e+01
-1.199999999858123601e+03 -1.199999999983346697e+03 4.794534933347267613e-07 5.595295535326003744e+01
-1.099999999746671620e+03 -1.099999999951470272e+03 5.292725046302348162e-07 5.600321115255356119e+01
-9.999999980873720915e+02 -9.999999989869911587e+02 2.168843412771570596e-06 5.602134619951247885e+01
-8.999999997482085519e+02 -8.999999999998387921e+02 6.722026148638498899e-07 5.590599114894867228e+01
-7.999999135497412226e+02 -7.999999706189648805e+02 8.971406983462995631e-05 5.605969294309615947e+01
-6.899996390329799851e+02 -6.899997177657064640e+02 1.000020350719238316e+01 5.605215585231781006e+01
-5.996123228056067092e+02 -5.999980847114269409e+02 4.452089257648675913e-01 5.685687185525894449e+01
-4.999390860621195998e+02 -4.999815046258896700e+02 8.803999795056347000e-02 5.600129400491714193e+01
-3.999999999999584475e+02 -3.999999999999653255e+02 3.674455062384060270e-11 5.608476719856262349e+01
-2.993532766100253184e+02 -2.990050409428765761e+02 6.505388996179765071e-01 5.610918115377425863e+01
-1.998560307614543490e+02 -1.999999999993716528e+02 6.275473520550479689e-01 5.609296754598617696e+01
-9.995317401072082930e+01 -9.999999999975568699e+01 1.114681483853153521e-01 5.604891635179519938e+01
1.414700852239212736e+02 1.167572201997232924e+02 4.871170245363158102e+01 5.604872339963912964e+01
2.000020006797556960e+02 2.000016998922309313e+02 1.220147249254987295e-03 5.630333585739136026e+01
3.015152758265982129e+02 3.020196068660077913e+02 8.736925536594630781e-01 5.605315845012664511e+01
4.014936106376477483e+02 4.020462321503230214e+02 8.977901513183403903e-01 5.602828974723816202e+01
5.000162767235119645e+02 5.000197293441466400e+02 2.276902441041957215e-02 5.595157289505004883e+01
6.000165170471457259e+02 6.000194318197550274e+02 6.938546660565211334e-03 5.600588229894638204e+01
7.350000682065621049e+02 7.000001199393627758e+02 4.769692259016959923e+01 5.615817865133285380e+01
8.150000105855046968e+02 8.000000118060049772e+02 3.570713980407431620e+01 5.614990575313568399e+01
1.020595675619182657e+03 1.002660034975624512e+03 1.217030866427705718e+02 5.618676129579544209e+01
1.001418616804141493e+03 1.000000004627644557e+03 4.174421386699682657e+00 5.701329345703125284e+01
1.120000020230697146e+03 1.100000019380172034e+03 3.999999102214970748e+01 5.702665845155716084e+01
1.202148131756074690e+03 1.200435134727479635e+03 7.240023271999293186e+00 5.706437385082244873e+01
1.381375237468452724e+03 1.400000004285836440e+03 4.727946233068335147e+01 5.705979526042938232e+01
1.415000070513602623e+03 1.400000064143792770e+03 3.570712088069056023e+01 5.627965425252914144e+01
