-1.399999999998838121e+03 -1.399999999999590273e+03 1.933392427265893399e-09 6.841793179512023926e+01
6.176988756288041031e+02 -9.617638294411628976e+02 3.158361440428381684e+03 6.851825935840606974e+01
-1.199999992135958792e+03 -1.199999999039174782e+03 1.455440106088234149e-05 6.844457755088805584e+01
-1.099999957627309868e+03 -1.099999996408321294e+03 8.951561783183229772e-05 6.844993319511414143e+01
-9.999999850090628115e+02 -9.999999925399116592e+02 2.073549153054940369e-05 6.846251585483551594e+01
-8.999999730899207862e+02 -8.999999999963498567e+02 1.172578695656403244e-04 6.838055440187454792e+01
-7.999993794794274891e+02 -7.999996680005517646e+02 6.493298053560373146e-04 6.852968585491180420e+01
-6.869985766462345964e+02 -6.799994680700863228e+02 9.539126051176197052e+00 6.852913495302200886e+01
-5.995379074012105320e+02 -5.992496872682238518e+02 3.897090047055568607e-01 6.921391134262084677e+01
-4.999655721262641350e+02 -4.999901231396539742e+02 4.814725058582681322e-02 6.848111025094985393e+01
-3.999999999928894567e+02 -3.999999999992584208e+02 2.239734356250390845e-08 6.853609139919281290e+01
-2.997015120210580790e+02 -2.999999999598417730e+02 4.559475388432986942e-01 6.856605294942855267e+01
-1.999005040249502656e+02 -1.999999999909552457e+02 4.336927599689692214e-01 6.855606064796447185e+01
-9.999999985759123433e+01 -9.999999996773766497e+01 1.863876558032873553e-07 6.849779024124146076e+01
1.189704949172631387e+02 1.169133109062847211e+02 2.174660469230035176e+01 6.851961979866027264e+01
2.000456396769007483e+02 2.000105957285333318e+02 1.508786335896852848e-01 6.873692795038223835e+01
3.018181769705474835e+02 3.020197639965451799e+02 6.060595581618331007e-01 6.848401489257813068e+01
4.014674457000910479e+02 4.020098494638739339e+02 9.027867562014536551e-01 6.851038845777512165e+01
5.000152930528768707e+02 5.000049602199387664e+02 1.883918287528588489e-02 6.845392749309539226e+01
6.000145738971699529e+02 6.000194318197554821e+02 8.414168853532251469e-03 6.849774999618530558e+01
7.550004315419098475e+02 8.000000367896740272e+02 4.974903047231295972e+01 6.860584354400634766e+01
8.150000543001768847e+02 8.000000489245981043e+02 4.769695753836298024e+01 6.862449190616607098e+01
1.039898899596177216e+03 1.034353982443064979e+03 1.267258866011591891e+02 6.861968450546264364e+01
1.001104651622795927e+03 1.000000024249055969e+03 4.151223111086565609e+00 6.936255354881286905e+01
1.105000182545744110e+03 1.100000147203044889e+03 2.179445466264052911e+01 6.934039300680160522e+01
1.200581506298404292e+03 1.200080949785725807e+03 1.255210173276303243e+00 6.939829465150833698e+01
1.339175671850246090e+03 1.303085164429257929e+03 4.918211191589234943e+01 6.938862324953079508e+01
1.430000319619593938e+03 1.400000315198369890e+03 4.582561447003207178e+01 6.868483765125274942e+01
