-1.400000000000000000e+03 -1.400000000000000000e+03 0.000000000000000000e+00 4.743854058980942057e+01
1.495069679250944546e+03 -5.301385416315272323e+02 3.725024024304811064e+03 4.764088095426559732e+01
-1.200000000000000000e+03 -1.200000000000000000e+03 0.000000000000000000e+00 4.739874074459076070e+01
-1.100000000000000000e+03 -1.100000000000000000e+03 0.000000000000000000e+00 4.743186035156249858e+01
-9.999999999999838565e+02 -9.999999999999917009e+02 1.756972975181160102e-11 4.744465265274047994e+01
-9.000000000000000000e+02 -9.000000000000000000e+02 2.542114972925207483e-14 4.746681100130081177e+01
-7.999999999963646360e+02 -7.999999999999907914e+02 1.359156002199600361e-08 4.757293480634689331e+01
-6.909997759527336711e+02 -6.999999999983604084e+02 9.950122069306464923e+00 4.734905965328216837e+01
-5.998500176932190016e+02 -5.999999999999949978e+02 2.999641685137212632e-01 4.828313454389572001e+01
-4.999860675057838080e+02 -4.999926039596658711e+02 1.669448527569818846e-02 4.756684784889220907e+01
-4.000000000000000000e+02 -4.000000000000000000e+02 0.000000000000000000e+00 4.760141619443893291e+01
-2.998010081885813065e+02 -3.000000000000000000e+02 3.979836228372817808e-01 4.762130368947983072e+01
-1.998972022548813925e+02 -2.000000000000000000e+02 4.480849825959484223e-01 4.761981835365295268e+01
-9.815258269079200204e+01 -9.984391337200929684e+01 7.267807375831019989e+00 4.750806795358657553e+01
1.156814817694927626e+02 1.006243465119628127e+02 2.584707931988934604e+01 4.754588365554809570e+01
2.001410485031687756e+02 2.000000000012488783e+02 2.251573767501787726e-01 4.776050670146942423e+01
3.014327975355392937e+02 3.020229838640617004e+02 9.228873376151930374e-01 4.754417939186096476e+01
4.014139057150383678e+02 4.020264749953354340e+02 9.310431240991260404e-01 4.759200555086135864e+01
5.000024689561195146e+02 5.000000000000000000e+02 6.144079126464127572e-03 4.745865476131439209e+01
6.000136022738287238e+02 6.000194318197550274e+02 8.904778491815125430e-03 4.744678115844726562e+01
7.350000001504196234e+02 7.000000000191882918e+02 4.769695998444419160e+01 4.768350064754486084e+01
8.050000000083039140e+02 8.000000000000939053e+02 2.179449475228637922e+01 4.764395639896392964e+01
1.034077457618443077e+03 1.032013441655860106e+03 1.292045539243035250e+02 4.756082409620285034e+01
1.000000000000192244e+03 1.000000000000004661e+03 4.418152732568690848e-10 4.840288780927657797e+01
1.100000000000765795e+03 1.100000000000044565e+03 2.382724565365646696e-09 4.841332064867019369e+01
1.200137702087177558e+03 1.200000000000000682e+03 2.765643244508567689e-01 4.848203289508819580e+01
1.380755334490355381e+03 1.400000000000000455e+03 3.989759046943076726e+01 4.844507374763488627e+01
1.405000000005061111e+03 1.400000000000542059e+03 2.179449471654680437e+01 4.776471629142761088e+01
