-1.400000000000000000e+03 -1.400000000000000000e+03 0.000000000000000000e+00 5.710877530574798300e+01
2.826771108354686930e+03 -1.903442683915328644e+02 5.088336054929796774e+03 5.712139335870742940e+01
-1.200000000000000000e+03 -1.200000000000000000e+03 0.000000000000000000e+00 5.703324050903320597e+01
-1.100000000000000000e+03 -1.100000000000000000e+03 0.000000000000000000e+00 5.706344689130783365e+01
-9.999999999998678959e+02 -9.999999999999490683e+02 2.772790695155123962e-10 5.716993780136108683e+01
-8.999918228937749518e+02 -8.999999973122951360e+02 2.673669054471611295e-02 5.699358685016632364e+01
-7.998653239867737739e+02 -7.999999999832764388e+02 3.659359154009632076e-01 5.713044245243072794e+01
-6.930010590926217446e+02 -6.999999999903504886e+02 9.537950222458363214e+00 5.708744380474090718e+01
-5.995345939428954125e+02 -5.992500893534702300e+02 4.040448259382444784e-01 5.784087384939194010e+01
-4.998695473514471814e+02 -4.998927229237630172e+02 1.154958412261910122e-01 5.707441174983978271e+01
-4.000000000000000000e+02 -4.000000000000000000e+02 0.000000000000000000e+00 5.722575269937514975e+01
-2.991542848014706806e+02 -2.990050409429067031e+02 6.505388974245478462e-01 5.717100254297256612e+01
-1.985219504791799920e+02 -1.990050409429066463e+02 2.191158531785776908e+00 5.718963320255279825e+01
-9.987513069760743178e+01 -1.000000000000000000e+02 1.820267238484808425e-01 5.709465384483337402e+01
1.405880365534615350e+02 1.167572201841824153e+02 5.428482196256963732e+01 5.705127675533294962e+01
2.002585578805423552e+02 2.000089758433717861e+02 6.318985868500541780e-01 5.730343974828720377e+01
3.017218786408377014e+02 3.020197639804966911e+02 7.191982025552549063e-01 5.713046360015869141e+01
4.019836369368613873e+02 4.020539558988568842e+02 5.483453379178634401e-01 5.709582535028457784e+01
5.000274341885751710e+02 5.000197293441220268e+02 3.098420565216558967e-02 5.709345175027847574e+01
6.000229902708257441e+02 6.000194318197550274e+02 1.810460299497458972e-02 5.718282225131988383e+01
7.750000000042205102e+02 8.000000000004954472e+02 5.361902647205520367e+01 5.721652660369873189e+01
8.500000000009333689e+02 8.000000000019210802e+02 6.708203932487680277e+01 5.720654435157776163e+01
1.060495254427842383e+03 1.082013441655891256e+03 1.152991718117879572e+02 5.719687834978103780e+01
1.016358693760447522e+03 1.003140007573212642e+03 2.565539190005279124e+01 5.798829820156097270e+01
1.130208037665077882e+03 1.100000000002141860e+03 4.615135519777653172e+01 5.801262055635451986e+01
1.207574048692510814e+03 1.200435134724740237e+03 1.230164220207127812e+01 5.808909070491790771e+01
1.387959506544930036e+03 1.410275624861462347e+03 4.767113427104960977e+01 5.807509745359421061e+01
1.445000000007247536e+03 1.400000000038343842e+03 4.974937184992481320e+01 5.728306939601898051e+01
