-1.400000000000000000e+03 -1.400000000000000000e+03 0.000000000000000000e+00 4.700127154946327437e+02
1.516638670256559853e+05 1.095420900357493374e+05 1.020024070377591706e+05 4.674801987528800851e+02
3.568333509465637803e+07 1.503049034424725175e+07 4.715432420099321753e+07 4.674124178528785478e+02
8.305451050964775277e+03 5.378886915869437871e+03 8.823074686692893010e+03 4.676020264506340141e+02
-9.999999999974261300e+02 -9.999999999997139639e+02 5.726378298512539943e-09 4.677997342586517107e+02
-8.904988583189108340e+02 -8.901874277509912190e+02 1.137487001460404734e+01 4.668896284461021651e+02
-7.432298734693983988e+02 -7.472096743582721956e+02 2.510267721393348594e+01 4.682004729032516366e+02
-6.796174505751735069e+02 -6.796297399118968769e+02 9.315571243294391846e-02 4.674561915516853219e+02
-5.939205612540860102e+02 -5.939296230248741040e+02 1.150427833001001376e+00 4.806031853437423820e+02
-4.982080416599806085e+02 -4.983002686457278969e+02 9.871999191771733129e-01 4.675012799501419067e+02
-4.000000000000000000e+02 -4.000000000000000000e+02 0.000000000000000000e+00 4.704085063934326172e+02
-2.657837117274197567e+02 -2.641815825081280309e+02 1.316218268133658853e+01 4.685546965956688155e+02
-1.531357787537346553e+02 -1.561589229023673511e+02 1.842997976760926804e+01 4.672217334508895874e+02
-3.577899776011611266e+01 -7.808172886026250126e+01 9.152826629038013095e+01 4.690086348533630485e+02
1.101744224203048361e+03 1.126048550687044781e+03 3.415997634436785120e+02 4.671474400043487663e+02
2.005122885528920449e+02 2.004894009688221672e+02 2.812512230401484903e-01 4.713165001988410836e+02
3.093771708992411504e+02 3.103553417356562818e+02 3.100603594572008070e+00 4.692078737020492554e+02
4.341726254091243504e+02 4.302732315822129294e+02 1.178551152328228291e+01 4.674800931572914351e+02
5.003809579779024830e+02 5.003971979900962879e+02 1.897890851231344989e-01 4.668900644540786971e+02
6.034861690598161204e+02 6.035309690133111644e+02 5.671521297261901129e-01 4.672712386488914262e+02
1.000000000000538762e+03 1.000000000000195087e+03 6.441529803567802991e-10 4.676949108004570235e+02
9.384107218015244598e+02 9.129864292045216416e+02 1.088271656466741604e+02 4.684605036973953247e+02
2.214273898258220470e+03 2.189801186678957947e+03 3.349553943944065963e+02 4.683429600954056014e+02
1.213588492316865995e+03 1.216711322321421449e+03 1.615733411081803084e+01 4.818956544041633379e+02
1.319100280914006817e+03 1.318720593976271857e+03 3.380314400888583926e+00 4.818136844992637862e+02
1.421114296569516455e+03 1.400034929930317503e+03 7.010384378216338064e+01 4.832391062021255266e+02
1.855585278448367944e+03 1.848455805328926544e+03 3.551796934760844948e+01 4.823905659437179452e+02
1.770326632830727931e+03 1.700000000000578893e+03 1.687908905486485196e+02 4.692719031453132743e+02
