-1.399999999999999545e+03 -1.400000000000000000e+03 1.343237771629167481e-12 6.107031465768814371e+01
4.818745706292510476e+03 3.249359657025885099e+03 4.939531093278911612e+03 6.138778154850005819e+01
-1.200000000000000000e+03 -1.200000000000000000e+03 5.084229945850414966e-14 6.100248570442199991e+01
-1.100000000000000000e+03 -1.100000000000000000e+03 0.000000000000000000e+00 6.108569945096969889e+01
-9.999999999999824922e+02 -9.999999999999934062e+02 2.372057547783391119e-11 6.110717500448227213e+01
-8.999912645425240498e+02 -8.999991381260008438e+02 2.157629165310118863e-02 6.124765734672546103e+01
-7.947790320683574237e+02 -7.964361513681003544e+02 4.873167180949597999e+00 6.112146099805831767e+01
-6.881077394701528647e+02 -6.799999747087969126e+02 9.070570883257376593e+00 6.114583690166473673e+01
-5.993964275015260910e+02 -5.994220513631148606e+02 4.182511887448155941e-01 6.202700860500335978e+01
-4.968029713998113834e+02 -4.985696217335486153e+02 3.744819650307551484e+00 6.130375645160675191e+01
-3.996517643300173859e+02 -4.000000000000000000e+02 4.745652241830664031e-01 6.123245329856872843e+01
-2.977115966898654733e+02 -2.985075614143600546e+02 2.271030198758570151e+00 6.127560844421386577e+01
-1.968409853990235092e+02 -1.964515896784726294e+02 1.696106416876526080e+00 6.119462780952453329e+01
-9.897483503720202691e+01 -9.968782674401859367e+01 3.685185247982001755e+00 6.108418364524841593e+01
1.462628127215340896e+02 1.169133068121728911e+02 5.883526157864923078e+01 6.122278394699096538e+01
2.014606215857962752e+02 2.011297355827750835e+02 1.218601372031572705e+00 6.135256904363632202e+01
3.023243704554212741e+02 3.024174611919469271e+02 8.450263404929347910e-01 6.112289624214172079e+01
4.026769025392620733e+02 4.023010736590080683e+02 1.605581571399279595e+00 6.134239079952239848e+01
5.000953455133923740e+02 5.000947822195596473e+02 7.256628721821603567e-02 6.118932955265044882e+01
6.001399107058766731e+02 6.000744481502149483e+02 1.167216155652574944e-01 6.109186145067214824e+01
7.850000000000000000e+02 8.000000000000000000e+02 3.570714214271420417e+01 6.130454030036926127e+01
8.354307854425147752e+02 8.000000000000001137e+02 6.677251827651890892e+01 6.127269945144653462e+01
1.074966153666885475e+03 1.082629361290997849e+03 1.010907881681373652e+02 6.127046929597854330e+01
1.022724447269695702e+03 1.018805412877375716e+03 2.589351582737675628e+01 6.219949715137481405e+01
1.141395402539207225e+03 1.116660729776663175e+03 3.736105222323523378e+01 6.219515249729156636e+01
1.208412261319880145e+03 1.200675870639359346e+03 1.556303121704656434e+01 6.232861934900283529e+01
1.368221171711754550e+03 1.400000000000004547e+03 5.350267977788242035e+01 6.227555634975433208e+01
1.430000000000000000e+03 1.400000000000000227e+03 4.582575694955833967e+01 6.141665514707565166e+01
