-1.399999999999995225e+03 -1.399999999999999545e+03 7.581642154190127845e-12 2.307281390428543233e+01
-8.241761658937717527e+01 -9.157696124788391216e+02 2.243311418464891176e+03 2.326795419454574443e+01
-1.199999999999995453e+03 -1.199999999999999091e+03 8.147468573574277275e-12 2.308490200042724538e+01
-1.099999999999984539e+03 -1.099999999999996817e+03 2.417795915229515520e-11 2.312586660385131765e+01
-9.999999965113153166e+02 -9.999999994469383182e+02 1.046824339531484381e-05 2.316164579391479350e+01
-9.000000000000000000e+02 -9.000000000000000000e+02 2.142024150250196253e-13 2.310372385978698873e+01
-7.999999933966653316e+02 -7.999999984747812505e+02 9.848332072448873770e-06 2.320185724496841573e+01
-6.949997261536798305e+02 -6.999999906280434061e+02 8.660715725960841382e+00 2.316941655874252248e+01
-5.998499223916577421e+02 -5.999999130700298338e+02 2.999292967578920943e-01 2.369946340322494649e+01
-4.999861914290044069e+02 -4.999913696394739873e+02 8.767690315661741396e-03 2.314819270372390747e+01
-3.999999999999751594e+02 -3.999999999999978968e+02 5.243833272379621465e-11 2.321375539302825786e+01
-2.999502520471342564e+02 -2.999999999999983515e+02 2.168462991390157912e-01 2.323360209465026927e+01
-1.999999999998082387e+02 -1.999999999999723173e+02 4.705515677698442002e-10 2.322987265586852956e+01
-9.982830470893236452e+01 -9.984391337140124278e+01 1.840234202931600171e-01 2.318327435255050517e+01
1.018161999846706323e+02 1.003121732559940256e+02 4.982540909013410513e+00 2.318204250335693217e+01
2.000971323130078190e+02 2.000000397722358230e+02 2.509000074325156704e-01 2.333309534788131856e+01
3.012208477161490237e+02 3.020196854196900063e+02 9.948795273674748696e-01 2.316551820039749288e+01
4.012403543069454486e+02 4.020021061541941663e+02 9.921241235244759871e-01 2.319700945615768362e+01
5.000069052704378691e+02 5.000000000000000000e+02 1.531408922625693801e-02 2.318232804536819458e+01
6.000116590918557904e+02 6.000194318197550274e+02 9.519608631647004382e-03 2.315321509838104319e+01
7.000000523573751252e+02 7.000000303114760527e+02 5.293051378585929918e-05 2.325425134897232127e+01
8.000000058374992022e+02 8.000000011554391222e+02 9.501844371213706772e-06 2.326003705263137888e+01
9.585150296804622485e+02 9.000000052995360420e+02 9.279373741188263125e+01 2.324891099929809712e+01
1.000000000794718517e+03 1.000000000558252623e+03 8.714674182544275332e-07 2.379828580617904521e+01
1.105000005388801128e+03 1.100000003009415195e+03 2.179449350272136243e+01 2.379622875452041697e+01
1.200144999621441002e+03 1.200000000003025889e+03 2.446116207602390125e-01 2.384871110916137837e+01
1.331010272578181002e+03 1.302119312402203150e+03 4.519522270193667168e+01 2.384092999696731496e+01
1.405000026046297080e+03 1.400000020568242235e+03 2.179448962932187328e+01 2.330292384624481272e+01
