-1.400000000000000000e+03 -1.400000000000000000e+03 0.000000000000000000e+00 2.383674954175949168e+01
1.675658365991251458e+03 -8.758505608025083120e+02 3.689337842293881295e+03 2.398544064760208272e+01
-1.200000000000000000e+03 -1.200000000000000000e+03 0.000000000000000000e+00 2.386315330266952373e+01
-1.100000000000000000e+03 -1.100000000000000000e+03 0.000000000000000000e+00 2.386489640474319529e+01
-9.999999996002683247e+02 -9.999999999998590283e+02 1.735470907114033475e-06 2.385121414661407613e+01
-9.000000000000000000e+02 -9.000000000000000000e+02 0.000000000000000000e+00 2.385494464635848999e+01
-7.999999999714476644e+02 -7.999999999990458264e+02 8.838059384661452130e-08 2.383651930093765259e+01
-6.959999037233076251e+02 -6.999999999841444378e+02 8.000192469688556685e+00 2.383188509941101074e+01
-5.997622794848482499e+02 -5.999999998140698381e+02 3.668322753151506688e-01 2.442390215396881104e+01
-4.999811351697579767e+02 -4.999901353279390150e+02 1.680382089133508269e-02 2.386129494905471660e+01
-4.000000000000000000e+02 -4.000000000000000000e+02 0.000000000000000000e+00 2.395888099670410298e+01
-2.997015122828720450e+02 -3.000000000000000000e+02 4.559475192511884267e-01 2.395953025817870952e+01
-1.998972022548813925e+02 -2.000000000000000000e+02 4.480849825959483668e-01 2.397497435808181621e+01
-9.987513069760737494e+01 -9.999999999999988631e+01 2.070723119347480101e-01 2.385144155025482249e+01
1.160775171055438761e+02 1.003121732559824295e+02 2.622015911238921149e+01 2.385784909725189351e+01
2.000133280698082103e+02 2.000000000169999907e+02 5.809523448116558214e-02 2.405765935182571269e+01
3.014239436044473450e+02 3.020197639804966911e+02 9.279500133304561249e-01 2.385974725484847880e+01
4.015181667813564559e+02 4.020292249841822922e+02 8.871740050131180499e-01 2.388836609125137400e+01
5.000059188032366251e+02 5.000000000000000000e+02 9.041121285101970731e-03 2.391619195938110209e+01
6.000165170467919324e+02 6.000194318197550274e+02 6.938547500843658851e-03 2.389194744825363159e+01
7.250000001875872613e+02 7.000000000772415660e+02 4.330127008679664158e+01 2.395384470224380635e+01
8.000000000081702183e+02 8.000000000020615971e+02 1.835463993974029502e-08 2.397850754261016704e+01
1.017660124135617707e+03 9.393837099794375263e+02 1.297577800755209125e+02 2.395943694114685130e+01
1.000000000005966626e+03 1.000000000000366072e+03 1.372841402030564476e-08 2.460354679822921753e+01
1.115000000007686594e+03 1.100000000003717787e+03 3.570714213962387618e+01 2.461535655260086131e+01
1.200107264191235572e+03 1.200000000000015461e+03 1.673350637566146104e-01 2.469673730134963918e+01
1.361953525787542731e+03 1.400000000000007731e+03 4.995006770200289026e+01 2.465997694730758738e+01
1.400000000053567419e+03 1.400000000016384547e+03 9.801154390055995128e-08 2.403171044588088989e+01
