-1.399999999999999773e+03 -1.399999999999999773e+03 0.000000000000000000e+00 2.314198785042762665e+03
8.508715311850572471e+05 8.167288128373719519e+05 2.759656269124288810e+05 2.373059852302074432e+03
7.720208969535288401e+06 9.554262471897522919e+05 1.273497414036107622e+07 2.376258745956421080e+03
4.308840795903935032e+03 4.129657500179231647e+03 1.267782822229645717e+03 2.371171464049816223e+03
-9.999996099598927231e+02 -9.999996064754542431e+02 3.875219663139941321e-05 2.360030344247817993e+03
-8.565526684650352536e+02 -8.565526684650303650e+02 1.888344876802272990e-11 2.362304571604728608e+03
-7.908961844973994175e+02 -7.918510703247687843e+02 5.370642822726113152e+00 2.342800321900844665e+03
-6.788764306011305507e+02 -6.788684984662852457e+02 2.641028049758421814e-02 2.316639744293689546e+03
-5.421531079162157312e+02 -5.369624310200430273e+02 1.158245257151969554e+01 2.765848201942443666e+03
-4.999757289107938050e+02 -4.999778143391426966e+02 1.765086946644027141e-02 2.342025611150264922e+03
-3.436046843919201024e+02 -3.434726219356746242e+02 1.300620227120721850e+01 2.335145128846168518e+03
-2.384467159795053703e+02 -2.393075605127667700e+02 1.202449915087727028e+01 2.348315057456493378e+03
-5.753284068206191648e+01 -5.515304069168138312e+01 2.610779379187641069e+01 2.371098843348026094e+03
2.101219517966407693e+03 2.178794790932637625e+03 5.359754568890655264e+02 2.320904593348503113e+03
1.112286968864980008e+04 1.297588122104246759e+04 3.327758647891568671e+03 2.327597427999973206e+03
2.033781133358486954e+02 2.033951699061514944e+02 2.946785394488974363e-01 2.473975793898105621e+03
4.096243674477544801e+02 4.084482489221564947e+02 9.754788030037488511e+00 2.300050424849986939e+03
6.207262861773565419e+02 5.077565859849979688e+02 1.359627767138392187e+02 2.340361563360690980e+03
5.044868752573882489e+02 5.045853225574347789e+02 6.058413013126793256e-01 2.364577263200283141e+03
6.195289443034541819e+02 6.195998319138656143e+02 8.154274576930947704e-01 2.376627790856361571e+03
1.410544613687097126e+03 1.828262933976491695e+03 4.618049788191415814e+02 2.364124423944950195e+03
3.065980418963838474e+03 3.286759055853532573e+03 5.976720296885243897e+02 2.376974653506279083e+03
1.131015155602218510e+04 1.295013793848280693e+04 2.992609704779264575e+03 2.363077995395660309e+03
1.261363567876878278e+03 1.259556422051270374e+03 1.027231326438669967e+01 2.802310522353649048e+03
1.390957540717880420e+03 1.390061783954531165e+03 1.094808307901919697e+01 2.801817572295665741e+03
1.601226375020472688e+03 1.596400551681140769e+03 3.652729046992412520e+01 2.819805862605571747e+03
2.460546929893726883e+03 2.358746325959808928e+03 3.335130366143246192e+02 2.818407461750507537e+03
3.124989121670020722e+03 1.800000000000037062e+03 1.464944769666638877e+03 2.459934333097934541e+03
