-1.399999999210510850e+03 -1.399999999573375362e+03 1.046605644441178594e-06 5.256518009901046895e+01
-8.209017325593961800e+01 -1.255502296429875969e+03 2.260520870436232144e+03 5.270714811086654805e+01
-1.199996375374052150e+03 -1.199999795791452925e+03 9.396577666784141497e-03 5.259204709529876709e+01
-1.099979492075607368e+03 -1.099997935940981051e+03 3.985074484646545373e-02 5.266249200105666972e+01
-9.999996853409338655e+02 -9.999997582106384471e+02 2.139326773092267546e-04 5.263366309404373311e+01
-8.999999986680622897e+02 -8.999999995866564859e+02 1.752510886839171898e-06 5.257267999649047852e+01
-7.999909746669462720e+02 -7.999928224152107532e+02 7.942861479642685657e-03 5.268600500822067545e+01
-6.969762735617063072e+02 -6.999877768845965420e+02 7.131669876656886231e+00 5.269358325004577637e+01
-5.997780874994360829e+02 -5.999900332125896512e+02 3.713983137804953705e-01 5.344195909500122355e+01
-4.999863642604868801e+02 -4.999894671597429578e+02 9.706401301156577024e-03 5.268820365667342998e+01
-3.999999983911769164e+02 -3.999999996099209056e+02 2.857623368958731212e-06 5.276808345317840576e+01
-2.999999774667884367e+02 -2.999999924174010744e+02 3.102194176518098301e-05 5.274408940076828145e+01
-1.999999805937811175e+02 -1.999999871423127615e+02 1.864481436775767003e-05 5.277048360109328939e+01
-9.999992475116131629e+01 -9.999996029466717573e+01 1.171508126910355494e-04 5.269651035070419454e+01
1.141140486841002541e+02 1.003157802284430318e+02 2.845271543662417102e+01 5.269968249797820903e+01
2.001670639583710170e+02 2.001621183713131416e+02 1.071370126909174381e-01 5.293894394636154033e+01
3.014138457356976346e+02 3.020196240609730012e+02 9.255398630952035299e-01 5.267523725032806681e+01
4.013582155285083672e+02 4.020095346950099611e+02 9.598990748132965045e-01 5.270415769815444662e+01
5.000019756642602147e+02 5.000000000005512675e+02 5.926961306759693723e-03 5.263012880086898804e+01
6.000078137437892565e+02 6.000000413380359987e+02 9.487349938307507169e-03 5.265950551033019877e+01
7.250196292494899808e+02 7.000259302442482294e+02 4.329175130216571432e+01 5.282055014371871948e+01
8.000020774530706831e+02 8.000014564781613444e+02 1.750753059277853317e-03 5.281628555059432983e+01
9.806250331932740210e+02 9.000054089161590127e+02 1.202073043376735910e+02 5.282755979299545146e+01
1.000000794053660456e+03 1.000000608725868460e+03 8.100888878735365605e-04 5.356400535106659078e+01
1.100003112714660801e+03 1.100002435241085095e+03 2.713913480731723182e-03 5.355322384834289551e+01
1.200115596730802736e+03 1.200080995785453524e+03 1.638596754362344754e-01 5.358496664762496664e+01
1.326322543174047041e+03 1.302099466590685097e+03 4.254682368130374925e+01 5.357583785057067871e+01
1.400014153650993876e+03 1.400013719851670430e+03 6.335733688458065373e-03 5.290124264955520772e+01
