-1.400000000000000000e+03 -1.400000000000000000e+03 0.000000000000000000e+00 2.943937106966972124e+02
9.619579958632896887e+04 9.454980549743877782e+04 4.813811351561188349e+04 3.135683019995689165e+02
3.821208363137686774e+03 -1.199999989629296579e+03 2.108769081433627071e+04 3.092922686576843034e+02
1.219104308487285016e+04 1.092793313941902670e+04 6.808821077084478020e+03 3.130844313025474435e+02
-9.999999486214899207e+02 -9.999999392107248468e+02 2.199808433674467183e-05 3.122491896033287162e+02
-8.904519302452778220e+02 -8.901875771174804868e+02 1.152288693410752574e+00 3.117869322538375627e+02
-7.999364222491734608e+02 -7.999906246922491846e+02 1.255137516163097322e-01 3.039199359536170846e+02
-6.796242457832580612e+02 -6.796412534859357493e+02 7.211899003620181325e-02 3.057857607960701216e+02
-5.958232838624152237e+02 -5.965630282495840220e+02 2.899165023260085849e+00 3.298886024951934814e+02
-4.999164176559282851e+02 -4.999237514159908642e+02 4.188287693328421324e-02 2.976205748081207503e+02
-3.957714250149174404e+02 -3.960201637716268124e+02 2.154148035456095123e+00 2.970363171458244551e+02
-2.901001641852494686e+02 -2.900504144668861954e+02 3.510311918748295845e+00 2.975812623023986703e+02
-1.756750380486720928e+02 -1.752665762274222061e+02 1.059342565271882286e+01 2.984131989955902213e+02
7.161309415666116251e+01 5.092436221929983731e+01 1.458547697011794071e+02 2.963258582949638367e+02
1.086895246517352916e+03 1.027812896764419520e+03 3.545568271299677576e+02 3.022816427946090698e+02
2.007063614963269345e+02 2.005347807597930796e+02 3.911722340137992471e-01 3.119774845004081953e+02
3.145377115301282060e+02 3.152202537342354844e+02 3.459826185920056307e+00 2.965037231564521676e+02
4.179331711486894960e+02 4.170878155933334597e+02 4.270851149603702268e+00 3.028006248950958366e+02
5.007230492361498477e+02 5.007310627366197764e+02 1.380945949340305345e-01 3.097729787468909990e+02
6.033823374123151098e+02 6.034049161269896331e+02 3.940464424647983632e-01 3.131340488553047408e+02
1.000000000000000000e+03 1.000000000000000000e+03 7.190186943645083856e-14 3.019820941567421073e+02
1.110648630749655695e+03 1.105323258146218450e+03 1.050361591683911229e+02 2.999880904436111564e+02
1.920757038629844146e+03 1.958649117355811768e+03 3.844621173018663853e+02 3.048738009929656982e+02
1.212719074478975244e+03 1.213331687770062217e+03 3.377352426169382138e+00 3.308321263551712264e+02
1.310580826436641019e+03 1.311906959675678081e+03 4.643667010233953008e+00 3.322479791522026176e+02
1.403929698902518567e+03 1.400021977121818281e+03 6.319061870295224992e+01 3.327590995073318254e+02
1.813050141321264846e+03 1.813112431794003214e+03 1.879265598473511290e+01 3.298801612973213082e+02
1.700000000000000000e+03 1.700000000000000000e+03 5.084229945850414966e-14 3.053063282489776498e+02
