-1.399999999999999773e+03 -1.399999999999999773e+03 0.000000000000000000e+00 2.256443670094013214e+03
1.093910876482918859e+06 1.095310078471167013e+06 2.669747617385057965e+05 2.293025754809379578e+03
1.943851170551974773e+08 1.416643885087255836e+08 1.952353582890610099e+08 2.303075826954841432e+03
2.655535418290927737e+03 2.205066298905528583e+03 1.292458024441356201e+03 2.315203882396221161e+03
-9.999999993282681316e+02 -9.999999993050766989e+02 1.197633270095271422e-07 2.281490933203697296e+03
-8.559834705025998574e+02 -8.565526684650290008e+02 1.707598056859852331e+00 2.304283496999740692e+03
-7.372393419419786369e+02 -7.362472681763736091e+02 2.129513517290545366e+01 2.276826005351543245e+03
-6.788637606365871306e+02 -6.788615242755904546e+02 4.131379469797256260e-02 2.172644424951076417e+03
-5.663165980963501625e+02 -5.676568368938728781e+02 5.220821153394243908e+00 2.762213176298141661e+03
-4.999599671969605765e+02 -4.999679717893229736e+02 2.561453218422141825e-02 2.280993113648891267e+03
-3.254167853336060716e+02 -3.264549195589024180e+02 1.435893519016858377e+01 2.251269007456302461e+03
-1.611964460521600415e+02 -1.592194447290170274e+02 1.778743101151482620e+01 2.242758154153823853e+03
6.201910477885814998e+01 7.312857098190005445e+01 4.396550680019856117e+01 2.201990811693668547e+03
2.091488437472946771e+03 2.088728130512427015e+03 3.702644422858735993e+02 2.222143574500084014e+03
6.204949655384336438e+03 6.113682500177541442e+03 7.107993467435819639e+02 2.221224857091903687e+03
2.002117658980598094e+02 2.001626854552688997e+02 2.108884597771321368e-01 2.357635924303531738e+03
4.248364222161027328e+02 4.230177103928232327e+02 1.195159349550800165e+01 2.218323282599449158e+03
5.504992498078133849e+02 5.503809975215002623e+02 2.316080723989745849e+01 2.275075621700286774e+03
5.063689147746940762e+02 5.060057388795543147e+02 1.272703977111755869e+00 2.284439201998710814e+03
6.221004591463671431e+02 6.217852764145370656e+02 1.498343501443893278e+00 2.299358778095245270e+03
1.562966559424771731e+03 1.828262933976492604e+03 3.950678515766162491e+02 2.261277831900119963e+03
3.725472228298468053e+03 3.783811165546102075e+03 6.183882579743758470e+02 2.256183009600639252e+03
7.666406885984943074e+03 7.865636458024077911e+03 8.527007585553137687e+02 2.270641228652000336e+03
1.303319795925300468e+03 1.300371924822180063e+03 1.132573065240122823e+01 2.819548206341266450e+03
1.428606485058762473e+03 1.430219106543895123e+03 1.074560283278759520e+01 2.818224934506416503e+03
1.559251444993488349e+03 1.586976149380668630e+03 6.771162445038271471e+01 2.849922997450828461e+03
2.536787813080779870e+03 2.513659797109169631e+03 1.178410666344278610e+02 2.842053816199302673e+03
2.872581162579775082e+03 1.800000000000000909e+03 1.461888505177841125e+03 2.365164712595939818e+03
