-1.400000000000000000e+03 -1.400000000000000000e+03 2.690321608997517573e-13 4.369156605005264282e+01
1.710285400029827088e+03 1.055051934425289346e+02 3.892810751007321869e+03 4.392099455595016622e+01
-1.199999999999964757e+03 -1.199999999999993406e+03 7.012741967581165027e-11 4.375524735450744629e+01
-1.099999999999919964e+03 -1.099999999999967258e+03 1.324576172406554182e-10 4.376573239564895346e+01
-9.999999999202075287e+02 -9.999999999543422291e+02 8.058721665140534941e-08 4.389290134906768515e+01
-8.999954573153308957e+02 -8.999999983462518003e+02 1.961848692720642370e-02 4.369707100391387655e+01
-7.999999954765482926e+02 -7.999999989399561855e+02 8.264848816692759549e-06 4.388011465072631978e+01
-6.879998308026345057e+02 -6.800000013418687104e+02 9.798093818590507098e+00 4.389023300409316874e+01
-5.997886065024666777e+02 -5.999998063480385326e+02 3.263198694360635033e-01 4.520956284999847696e+01
-4.999017250388404250e+02 -4.999605412941920122e+02 1.390550421462901642e-01 4.377153054475784444e+01
-3.999999999999998863e+02 -4.000000000000000000e+02 1.535824604400920182e-13 4.393554375171661519e+01
-2.992537807070654594e+02 -2.990050409429060210e+02 6.193570183740181312e-01 4.397018915414810181e+01
-1.989371927695040654e+02 -1.999999999999915303e+02 1.324263994601158068e+00 4.396254924535751485e+01
-9.911531300238996778e+01 -9.999999999999818101e+01 3.643098702009236245e+00 4.384922330379485800e+01
1.695890819603834245e+02 1.376308803868892596e+02 7.828670898809023981e+01 4.382224644422531412e+01
2.000080928033337955e+02 2.000000794506498210e+02 3.466609948863928065e-02 4.429805490970611714e+01
3.019198006097549865e+02 3.020197639804968048e+02 4.404378875012057715e-01 4.385575560331344747e+01
4.014860869222384281e+02 4.020690164349107931e+02 9.211931356015863326e-01 4.387672529220581197e+01
5.000199061767256126e+02 5.000099223826748585e+02 2.866689955765862677e-02 4.381597518920898438e+01
6.000212110452915795e+02 6.000194318197550274e+02 1.292493590942536685e-02 4.375984314680099629e+01
7.550000029046909731e+02 8.000000001795242497e+02 4.974936985436973913e+01 4.404899040460586690e+01
8.200000003532047685e+02 8.000000002886320090e+02 5.099019509893329172e+01 4.406878740787506388e+01
1.059981192657090332e+03 1.092565786638328518e+03 1.299797193737256009e+02 4.407150235176086284e+01
1.002194485606485955e+03 1.000000000171445890e+03 5.615374126026988044e+00 4.542784249782562256e+01
1.125000000630969453e+03 1.100000000508906851e+03 4.330126989178853592e+01 4.542718764543533183e+01
1.202104134017084107e+03 1.200080948985244959e+03 6.486520633734435215e+00 4.550671474933623983e+01
1.364326975671978062e+03 1.400000000028624072e+03 5.379591786044560564e+01 4.549555635452270508e+01
1.435000002046412646e+03 1.400000004047358743e+03 4.769695904376740714e+01 4.437872380018234253e+01
