-1.400000000000000000e+03 -1.400000000000000000e+03 0.000000000000000000e+00 3.239250514507293843e+01
2.003708176558203149e+03 1.072860709733308795e+02 3.370632576891316603e+03 3.298264315128326274e+01
-1.200000000000000000e+03 -1.200000000000000000e+03 0.000000000000000000e+00 3.255412849187850810e+01
-1.100000000000000000e+03 -1.100000000000000000e+03 0.000000000000000000e+00 3.256749039888381958e+01
-9.999999981178422104e+02 -9.999999998486548520e+02 3.202774245809362135e-06 3.275258680582046367e+01
-8.999999999999994316e+02 -9.000000000000000000e+02 8.118864148562864132e-13 3.267317880392074869e+01
-7.999999885256621610e+02 -8.000000000000000000e+02 5.001547905812215911e-05 3.268842800855636455e+01
-6.920075569335873524e+02 -7.000000000000000000e+02 9.788763416470919410e+00 3.262122114896774150e+01
-5.998500178712389470e+02 -6.000000000000000000e+02 2.999642575222423724e-01 3.331381834745407389e+01
-4.999739835289477696e+02 -4.999901353279390150e+02 3.159611861381139003e-02 3.261411969661712362e+01
-3.998010081885813634e+02 -4.000000000000000000e+02 3.979836228373188067e-01 3.266166179180144979e+01
-2.993532766128893741e+02 -2.990050409429067031e+02 5.693913456781058979e-01 3.263863990306854390e+01
-1.980899343076460184e+02 -1.979440450976274519e+02 1.335786654686556441e+00 3.263386344909667969e+01
-9.736154766998011212e+01 -9.984391337200929684e+01 5.976732385065973929e+00 3.258581470251083090e+01
1.237757974787783013e+02 1.086907833480725003e+02 3.721818323723935151e+01 3.258708225488662436e+01
2.000000000001543015e+02 2.000000000000004547e+02 4.240387549805220700e-10 3.297868164777755595e+01
3.017495923310724493e+02 3.020503130079529228e+02 9.137045312095214422e-01 3.260629634857177450e+01
4.019012209491376098e+02 4.021266830971168815e+02 7.224372986841269828e-01 3.266311099529266215e+01
5.000098702482699196e+02 5.000099204341501036e+02 9.358464576582884234e-03 3.254030574560165689e+01
6.000184602287674807e+02 6.000194318197550274e+02 4.235066930063082977e-03 3.254520364999770976e+01
7.600000000000000000e+02 8.000000000000000000e+02 4.898979485566356118e+01 3.275283844470978067e+01
8.184953759805650861e+02 8.000000000000000000e+02 3.780757895084286702e+01 3.276622658967971802e+01
9.746781473920862027e+02 9.787674297251905955e+02 8.598894446409896375e+01 3.273202029466629170e+01
1.005670918283440528e+03 1.000000000000000000e+03 8.662554517041760604e+00 3.343036495447158529e+01
1.110416048466042639e+03 1.100000000000000000e+03 3.124814539812831882e+01 3.342902945280074789e+01
1.200319639771506900e+03 1.200435134724740237e+03 3.166192002702957753e-01 3.343039954900741861e+01
1.377257633536323510e+03 1.410466463201746592e+03 4.938218905926073887e+01 3.345408099889755249e+01
1.420000000000000000e+03 1.400000000000000000e+03 4.000000000000000000e+01 3.284150465726852275e+01
