-1.400000000000000000e+03 -1.400000000000000000e+03 0.000000000000000000e+00 2.260134314298629832e+01
2.195773478527727093e+03 9.865696160447657803e+02 3.348138951724482922e+03 2.279910545349121165e+01
-1.200000000000000000e+03 -1.200000000000000000e+03 0.000000000000000000e+00 2.258519574403762675e+01
-1.100000000000000000e+03 -1.100000000000000000e+03 0.000000000000000000e+00 2.261230419874191355e+01
-9.999999999999923830e+02 -9.999999999999973852e+02 1.250338157592209159e-11 2.267613040208816599e+01
-9.000000000000000000e+02 -9.000000000000000000e+02 1.482295011829284865e-13 2.265729260444641113e+01
-7.999999999999997726e+02 -8.000000000000000000e+02 8.114883337267621782e-13 2.275133615732192993e+01
-6.949997258827112319e+02 -6.999999999999986358e+02 8.660728826814153791e+00 2.268026084899902273e+01
-5.999250089356155513e+02 -6.000000000000000000e+02 2.249731931403725349e-01 2.327245790958404470e+01
-4.999848346681455951e+02 -4.999901353279390150e+02 1.556321986853820283e-02 2.269938684701919485e+01
-4.000000000000000000e+02 -4.000000000000000000e+02 0.000000000000000000e+00 2.273811969757080220e+01
-2.996517643300173859e+02 -3.000000000000000000e+02 5.693913456781057869e-01 2.276065630912780691e+01
-1.995141862485677677e+02 -2.000000000000000000e+02 1.013700337133158769e+00 2.274388300180435252e+01
-9.985952203480836431e+01 -1.000000000000000000e+02 2.088296756525269138e-01 2.267557010650634908e+01
1.308445392141939294e+02 1.086907833480725003e+02 4.670484813542448421e+01 2.269159514904022146e+01
2.000353318270315413e+02 2.000000000000012506e+02 1.529497168003587648e-01 2.288939850330352854e+01
3.016318547428513170e+02 3.020211382353943463e+02 8.036452835783932658e-01 2.270329760313034129e+01
4.016483497531927469e+02 4.020490773514884495e+02 9.327113801338866583e-01 2.272137969732284546e+01
5.000064176130459828e+02 5.000000000000000000e+02 1.219354298116017039e-02 2.260503294467925883e+01
6.000165170467920461e+02 6.000194318197550274e+02 6.938547500843658851e-03 2.264959574937820364e+01
7.450000000001120952e+02 7.000000000011044676e+02 4.974937185523078398e+01 2.282228629589080882e+01
8.000000000000341061e+02 8.000000000000000000e+02 1.443535124512075685e-10 2.282519379854202413e+01
1.043719770678601208e+03 1.023342765093367348e+03 1.158376959616054620e+02 2.272643305063247610e+01
1.000157000014176447e+03 1.000000000000000000e+03 6.843471959247032776e-01 2.336244676113128804e+01
1.100000000000000909e+03 1.100000000000000000e+03 2.183260928024138248e-12 2.336372039318084859e+01
1.200325417814796083e+03 1.200435134724740237e+03 2.722162105188502546e-01 2.341092799901962351e+01
1.375510320605100333e+03 1.400000000000000227e+03 4.799674980590388884e+01 2.340498775243759155e+01
1.405000000000100272e+03 1.400000000000000227e+03 2.179449471768039004e+01 2.286517039537429952e+01
