-1.400000000000000000e+03 -1.400000000000000000e+03 0.000000000000000000e+00 5.699361920356750488e+01
4.118311608444559170e+03 1.235094888527312378e+03 5.008345192677724299e+03 5.688862165212631083e+01
-1.200000000000000000e+03 -1.200000000000000000e+03 0.000000000000000000e+00 5.697444795370101644e+01
-1.100000000000000000e+03 -1.100000000000000000e+03 0.000000000000000000e+00 5.694734286069869711e+01
-9.999999999999745341e+02 -9.999999999999904503e+02 3.373357833663307997e-11 5.695625699758529947e+01
-8.999993857634899541e+02 -8.999999454752727388e+02 2.132444797047273067e-03 5.675375344753265239e+01
-7.999985965901391864e+02 -7.999999999999989768e+02 3.836345515063905275e-03 5.695130079984664917e+01
-6.858206845107673644e+02 -6.799996207815499929e+02 8.922419195298926908e+00 5.687900669574737833e+01
-5.995468708177166945e+02 -5.993454260302551120e+02 3.866085110292404869e-01 5.777579805850982808e+01
-4.997882897086965386e+02 -4.999371188752620583e+02 3.684470382970031488e-01 5.695352419614791728e+01
-4.000000000000000000e+02 -4.000000000000000000e+02 0.000000000000000000e+00 5.710462670326232626e+01
-2.990547888957614191e+02 -2.990050409429067031e+02 5.865197141093928535e-01 5.709597665071487427e+01
-1.990587327778753775e+02 -2.000000000000000000e+02 1.340219890226256538e+00 5.708238794803619243e+01
-9.821501734198828615e+01 -1.000000000000000000e+02 4.993809488206498948e+00 5.693231605291366293e+01
1.748420373973571600e+02 1.458534038209647292e+02 8.282547676250256075e+01 5.686083090305328369e+01
2.003883492766404402e+02 2.000197477828841102e+02 7.074636411982615503e-01 5.717516880035400106e+01
3.015321496952951748e+02 3.020197639804966911e+02 8.744897914895551905e-01 5.703892749547958374e+01
4.016289552763631718e+02 4.021487910378775155e+02 1.115704817657203529e+00 5.703103530406951904e+01
5.000344350951063461e+02 5.000197293441220268e+02 3.610577030296272666e-02 5.697762755155563497e+01
6.000262791469818922e+02 6.000194318197550274e+02 2.984680741404401386e-02 5.706161630153656006e+01
7.800000000000012506e+02 8.000000000000002274e+02 4.000000000000010658e+01 5.703621915578842305e+01
8.390656074332079015e+02 8.000000000000009095e+02 6.560839574241553862e+01 5.703595035076141073e+01
1.051734969361610410e+03 1.034353982150335924e+03 1.167299786744794545e+02 5.701561539173125936e+01
1.037082307591894050e+03 1.018878444626149530e+03 4.190112240830892887e+01 5.792072284221649170e+01
1.140208023157765183e+03 1.100000000000000909e+03 4.925225860791519494e+01 5.791971060037612773e+01
1.215287256146738400e+03 1.200675870639359346e+03 3.063460746637713683e+01 5.802078105211258219e+01
1.391195805367151934e+03 1.410466463650343258e+03 5.098661748687951700e+01 5.796660164594650411e+01
1.455000000000003865e+03 1.500000000000000000e+03 4.974937185532908757e+01 5.710208550691604756e+01
