-1.400000000000000000e+03 -1.400000000000000000e+03 0.000000000000000000e+00 3.177328032493591081e+02
5.847755997554671194e+04 3.724230484910513042e+04 5.294724939036617434e+04 3.308100697398185730e+02
2.812543805510804668e+04 -1.190598266670970816e+03 5.837983179813333845e+04 3.274992799043655509e+02
1.329282194164955217e+04 1.092607782112108907e+04 6.374143212758498521e+03 3.312192694544792175e+02
-9.999999998746137635e+02 -9.999999998941755166e+02 7.573103480268179513e-08 3.284067606568336259e+02
-8.876149784210504095e+02 -8.901875772087944370e+02 1.360297042512769572e+01 3.288205044507980119e+02
-7.995168481560330065e+02 -7.999121835770623647e+02 8.259032220036871541e-01 3.242906311988830339e+02
-6.796232948868882886e+02 -6.795989302132162493e+02 1.234593398145369114e-01 3.236384553909301758e+02
-5.962689258547437703e+02 -5.959945298554447390e+02 1.857632340688483819e+00 3.483768087983131636e+02
-4.998940851257540885e+02 -4.998942138767814072e+02 5.643296955542703719e-02 3.208099467039108390e+02
-3.951247016278067576e+02 -3.950252072334430977e+02 2.352398476496516455e+00 3.205697236418724287e+02
-2.874886917858409561e+02 -2.890554579287024239e+02 6.422652708831538604e+00 3.214995097994804496e+02
-1.785063388269852851e+02 -1.790768410884492141e+02 9.469561514103483901e+00 3.210641513943672294e+02
9.381924757941730775e+01 6.131352434708423971e+01 1.417806157587933171e+02 3.194444684028625261e+02
9.821234962162245665e+02 9.851316215980743891e+02 3.314641307416936797e+02 3.200082219004631270e+02
2.007133559498871591e+02 2.008095374044874575e+02 3.994604571721392938e-01 3.313107005953788757e+02
3.144189252813482653e+02 3.145202138570781472e+02 3.279219716763660752e+00 3.204342771053314323e+02
4.181571546236142467e+02 4.174182423874550523e+02 5.123655057759693321e+00 3.232052543520927657e+02
5.007103166333118907e+02 5.007314443301744973e+02 1.834536523740824265e-01 3.284052577614784241e+02
6.035205164058927494e+02 6.034659011882520190e+02 3.516559473037682015e-01 3.301837845087051164e+02
1.000000000000000000e+03 1.000000000000000114e+03 9.511723266474241003e-14 3.246923242449760210e+02
1.139166876592318886e+03 1.109165210078816699e+03 1.444947126810417046e+02 3.239626782059669381e+02
1.976853986339805033e+03 1.942825991312666702e+03 3.204925825018339083e+02 3.248322672009468306e+02
1.212828967168459712e+03 1.212571105776844206e+03 3.463581399743609346e+00 3.495148193955421334e+02
1.312770333671201115e+03 1.313021477457476522e+03 3.241378121098188014e+00 3.492803207039833069e+02
1.403526005130066324e+03 1.400023946502626131e+03 5.434572458183465216e+01 3.503317837476730574e+02
1.802570923863967664e+03 1.813146647658705660e+03 5.181123325562029436e+01 3.479207485556602251e+02
1.700000000000000000e+03 1.700000000000000000e+03 1.761228916715216211e-13 3.280013744592666853e+02
