-1.400000000000000000e+03 -1.400000000000000000e+03 0.000000000000000000e+00 4.396979650259017802e+01
5.380143482010436855e+03 3.937807974921069672e+03 5.542322811894526239e+03 4.406328284740447998e+01
-1.200000000000000000e+03 -1.200000000000000000e+03 0.000000000000000000e+00 4.398126455545425273e+01
-1.100000000000000000e+03 -1.100000000000000000e+03 0.000000000000000000e+00 4.398577295541763021e+01
-9.999999999999054126e+02 -9.999999999999713509e+02 1.917853215790468477e-10 4.399268845319748067e+01
-8.999305587403241589e+02 -8.999898145630038471e+02 1.419963701683460422e-01 4.396951074600220011e+01
-7.972941730680684032e+02 -7.994494530395580796e+02 4.714392629234833265e+00 4.405378264188766479e+01
-6.856715374938554532e+02 -6.799999478523652670e+02 8.305636264092987275e+00 4.402250299453735494e+01
-5.995126195203085899e+02 -5.997349959495171561e+02 5.113074901171862363e-01 4.455335595607757426e+01
-4.956968267465705935e+02 -4.984339957462199209e+02 5.455413356653378010e+00 4.403203715085983561e+01
-3.995522684243080107e+02 -4.000000000000000000e+02 5.865197141093928535e-01 4.410222289562225484e+01
-2.961196654753706525e+02 -2.955226892808870502e+02 2.812402347288487814e+00 4.411622514724731303e+01
-1.954297085454784906e+02 -1.971206152715606663e+02 5.719783858906353657e+00 4.408633975982665731e+01
-8.302876787027902594e+01 -9.953174011602789051e+01 3.217225659741186661e+01 4.395016249418258525e+01
2.301048181669095243e+02 1.884714375719923964e+02 1.263678755227189185e+02 4.399254574775695659e+01
2.013261535472961157e+02 2.010112577107066159e+02 1.079257985640318163e+00 4.415037535429000570e+01
3.019153361337230308e+02 3.020901904107880682e+02 8.300690402638313259e-01 4.405137670040130615e+01
4.029853644971911990e+02 4.026712051623035222e+02 8.938667461780592793e-01 4.406337175369262837e+01
5.000879860214661790e+02 5.000493233602564374e+02 9.238169855897163107e-02 4.399123855829238749e+01
6.001606250678379411e+02 6.000194318197550274e+02 2.436887410409624422e-01 4.403174555301666260e+01
7.750000000000000000e+02 8.000000000000000000e+02 5.361902647381804599e+01 4.406135594844818115e+01
9.179130621621436603e+02 8.813121486641331330e+02 1.193833250519206928e+02 4.415250325202941895e+01
1.092056914074700671e+03 1.099659230277486586e+03 1.138754755621066721e+02 4.404968155622482584e+01
1.047503257132972067e+03 1.049017824188772465e+03 3.997126670214861122e+01 4.464412759542464926e+01
1.181299807752867537e+03 1.202060883229318506e+03 3.793441285112466232e+01 4.464462180137634562e+01
1.240746454832395102e+03 1.232629559844340292e+03 3.902180915976401820e+01 4.469545334577560425e+01
1.429154803928981892e+03 1.422603581943297286e+03 7.622275982193394839e+01 4.467596535682677938e+01
1.475000000000000000e+03 1.500000000000000000e+03 8.874119674649423928e+01 4.516312215328216695e+01
