-1.400000000000000000e+03 -1.400000000000000000e+03 0.000000000000000000e+00 6.687190725803375813e+01
2.578137460678739899e+03 3.620714137461080782e+02 4.177954495424642118e+03 6.688287509679794596e+01
-1.200000000000000000e+03 -1.200000000000000000e+03 0.000000000000000000e+00 6.683094710111618042e+01
-1.100000000000000000e+03 -1.100000000000000000e+03 0.000000000000000000e+00 6.684936339855194376e+01
-9.999999999999330385e+02 -9.999999999999869260e+02 1.354816996874927731e-10 6.686411600112914755e+01
-9.000000000000000000e+02 -9.000000000000000000e+02 1.164943428871038043e-13 6.682195310592651083e+01
-7.999999999989912567e+02 -7.999999999997367013e+02 1.992004436848487853e-09 6.684397780895233154e+01
-6.919998851244964726e+02 -6.999999999990317292e+02 9.798099647726244754e+00 6.681082065105438517e+01
-5.996885879568166047e+02 -5.999999999886392743e+02 3.951115914499480075e-01 6.745320329666137127e+01
-4.999490764641253122e+02 -4.999728746156044963e+02 6.961101071549877228e-02 6.682182310819625570e+01
-4.000000000000000000e+02 -4.000000000000000000e+02 0.000000000000000000e+00 6.697125425338745686e+01
-2.993532768647802982e+02 -3.000000000000000000e+02 1.008546128383209561e+00 6.694791129827498821e+01
-1.993246271486028149e+02 -2.000000000000000000e+02 1.183229267525084394e+00 6.692111920118331625e+01
-9.818380001639015120e+01 -9.968782674401859367e+01 4.982540909359339132e+00 6.684853990077972696e+01
1.416760564578433446e+02 1.167572201841821879e+02 5.159647049476268421e+01 6.683915364742279053e+01
2.000945440387852443e+02 2.000000000391041226e+02 2.282182786013264852e-01 6.702382695674896240e+01
3.012135938821430159e+02 3.020196068559067726e+02 9.878387048242330826e-01 6.688991525173187824e+01
4.014679675849469618e+02 4.020462313400136054e+02 9.057387900642389633e-01 6.687322854995727539e+01
5.000143317097346767e+02 5.000099204341480004e+02 1.577401001934082905e-02 6.690978779792786213e+01
6.000163530903516858e+02 6.000194318197550274e+02 1.597310057006067971e-02 6.692224370241164877e+01
7.350000000014247235e+02 7.000000000030756837e+02 4.769696007009869732e+01 6.688801064491272541e+01
8.250000000004732783e+02 8.000000000001244871e+02 4.330127018905763947e+01 6.691651585102081867e+01
1.010038703809363824e+03 9.000000000025129339e+02 1.306996657261590542e+02 6.690732870101928143e+01
1.001097235385009640e+03 1.000000000000025693e+03 4.119454532114222189e+00 6.758892515897750286e+01
1.105000000000664386e+03 1.100000000000221007e+03 2.179449471755235734e+01 6.755949599742889689e+01
1.203212361309059133e+03 1.200435134724740237e+03 8.880569018934231451e+00 6.764317309856414795e+01
1.374960965040558449e+03 1.400000000000005230e+03 7.167499179397229625e+01 6.761808935403823284e+01
1.405000000001149147e+03 1.400000000000356977e+03 2.179449471744977274e+01 6.697480684518814087e+01
