-1.400000000000000000e+03 -1.400000000000000000e+03 0.000000000000000000e+00 2.423446919918060161e+01
4.902488322650279770e+03 4.191700774685567012e+03 5.301079875605861162e+03 2.445674655437469625e+01
-1.200000000000000000e+03 -1.200000000000000000e+03 0.000000000000000000e+00 2.425281835794448781e+01
-1.100000000000000000e+03 -1.100000000000000000e+03 0.000000000000000000e+00 2.429736845493316721e+01
-9.999999999999745341e+02 -9.999999999999863576e+02 3.842428435323095578e-11 2.434050979614257670e+01
-8.999939483287528219e+02 -8.999999880796676734e+02 2.503718280452581907e-02 2.433711144924163960e+01
-7.990615683650154324e+02 -7.999997705132433339e+02 3.657438838121167102e+00 2.435170699357986379e+01
-6.888163153974905981e+02 -6.800000000000001137e+02 9.785850634450545371e+00 2.435412845611572408e+01
-5.996156700425539157e+02 -5.999504753003961923e+02 4.295892005044897322e-01 2.493949559926986836e+01
-4.996865601570050899e+02 -4.998150497201864368e+02 3.156816630736631879e-01 2.436633005142211772e+01
-3.997015122828720450e+02 -4.000000000000000000e+02 4.559475192511921460e-01 2.441935670375823975e+01
-2.988557975881246307e+02 -2.990050409429067031e+02 1.381344376119255202e+00 2.443751153945922994e+01
-1.977543820784827062e+02 -1.979440450976274519e+02 2.368663626864163430e+00 2.444020760059356689e+01
-9.603399934792564352e+01 -9.968782674401859367e+01 1.297146690403261360e+01 2.429843224287033010e+01
1.544931724214679321e+02 1.460094904489554324e+02 5.412807722827746915e+01 2.429561544656753469e+01
2.007520166991330655e+02 2.005338088037568980e+02 7.825680732575497345e-01 2.448687955141067363e+01
3.018145211448867258e+02 3.020339392073594809e+02 7.310883901029030518e-01 2.437505819797515727e+01
4.025547085624240253e+02 4.021625821263154990e+02 1.800733505112328992e+00 2.439974600076675415e+01
5.000347072088872551e+02 5.000197293441220836e+02 4.166645341059675711e-02 2.433878114223480083e+01
6.000672302189989296e+02 6.000194318197550274e+02 8.651880916428313084e-02 2.427073529958725118e+01
7.850000000000000000e+02 8.000000000000000000e+02 3.570714214271424680e+01 2.443195110559463501e+01
8.629029231881468149e+02 8.119064486507388665e+02 8.810466247287827457e+01 2.440643399953842163e+01
1.055399496982327491e+03 1.023682210021918763e+03 1.250283545824181317e+02 2.436697170734405660e+01
1.024174973489913555e+03 1.010972431844006337e+03 3.250119383814107010e+01 2.504380755424499583e+01
1.146803761282016012e+03 1.116659597148619696e+03 4.414525882769506637e+01 2.505060504674911570e+01
1.207504375125438401e+03 1.200080948985146279e+03 1.698400617453244976e+01 2.509846600294113017e+01
1.366720707973436674e+03 1.388539291967832014e+03 5.670007219002049226e+01 2.508759000301360942e+01
1.440000000000000000e+03 1.400000000000000000e+03 4.898979485566356118e+01 2.935973443984985209e+01
