-1.400000000000000000e+03 -1.400000000000000000e+03 0.000000000000000000e+00 6.543589600324631306e+01
5.610604575698394910e+03 8.203699854296071862e+03 5.360700367359125266e+03 6.559428805112838745e+01
-1.200000000000000000e+03 -1.200000000000000000e+03 0.000000000000000000e+00 6.542050514221190838e+01
-1.100000000000000000e+03 -1.100000000000000000e+03 0.000000000000000000e+00 6.546891120672225384e+01
-9.999999999999783995e+02 -9.999999999999940883e+02 2.404258909756337505e-11 6.554341645240783976e+01
-8.999999998730127118e+02 -8.999999999999938609e+02 5.461329596157643331e-07 6.546365019083023640e+01
-7.980764972967697304e+02 -8.000000000000000000e+02 8.348324196954493459e+00 6.554500384330749796e+01
-6.889993260519570413e+02 -6.799999976570109084e+02 9.950484025515057951e+00 6.550282690525054363e+01
-5.996839442351879370e+02 -5.999979266535294755e+02 4.101369986249586153e-01 6.654263700246811197e+01
-4.999483368600672293e+02 -4.999605413118046044e+02 4.404103847504867858e-02 6.553047199249267862e+01
-3.999502520471453408e+02 -4.000000000000000000e+02 2.168462991415098517e-01 6.565311024188994793e+01
-2.983583183114689632e+02 -2.990050409429067031e+02 1.842016120451698269e+00 6.567700550556182293e+01
-1.989061887632535388e+02 -1.990050409429067031e+02 1.121003447445446444e+00 6.566682294607161907e+01
-9.902166102559925775e+01 -1.000000000000000000e+02 3.625798968277774481e+00 6.550073125362396809e+01
1.579316268777256198e+02 1.252919169042639851e+02 5.856783170295867791e+01 6.550826585292816162e+01
2.002492818833349304e+02 2.000000000000131308e+02 6.582608383988065581e-01 6.581591999530792236e+01
3.017338023609499942e+02 3.020229838640617004e+02 7.175564411511833329e-01 6.557365679740905762e+01
4.021460611492428256e+02 4.020968608700554796e+02 7.244749422147929163e-01 6.560639809370040609e+01
5.000370823389680481e+02 5.000197293441220268e+02 4.224543034836238109e-02 6.554983614683150961e+01
6.000243359650063439e+02 6.000194318197550274e+02 3.084520585462907291e-02 6.554624035358429524e+01
7.450000000000000000e+02 7.000000000000000000e+02 4.974937185533099893e+01 6.565793495178222372e+01
8.062642814448034869e+02 8.000000000000000000e+02 1.879284433441052826e+01 6.564992444515227987e+01
1.004358670065297474e+03 9.945885657131516382e+02 1.105545217259003721e+02 6.565776430368423178e+01
1.006175876784023103e+03 1.001570000141753781e+03 1.157125381937590625e+01 6.673026430606842041e+01
1.135000000000000000e+03 1.100000000000000000e+03 4.769696007084728251e+01 6.670249170064926147e+01
1.207806183844027373e+03 1.200435134724740237e+03 2.249171809473277861e+01 6.686121410131454468e+01
1.375216216210266566e+03 1.410275624686311403e+03 5.208816433309303306e+01 6.679708245992659954e+01
1.465000000000000000e+03 1.500000000000000000e+03 4.769696007084728251e+01 6.608554716110229776e+01
