-1.400000000000000000e+03 -1.400000000000000000e+03 0.000000000000000000e+00 2.777043859958648753e+01
5.443805762363283065e+03 5.486294733778051523e+03 5.591058145477583821e+03 2.801960500478744365e+01
-1.200000000000000000e+03 -1.200000000000000000e+03 0.000000000000000000e+00 2.776690864562988281e+01
-1.100000000000000000e+03 -1.100000000000000000e+03 0.000000000000000000e+00 2.782122629880905151e+01
-9.999999999999165539e+02 -9.999999999999618012e+02 9.649664181883582960e-11 2.786253230571746897e+01
-8.999042326367136866e+02 -8.999961156111351102e+02 1.743056887816546996e-01 2.783285534381866455e+01
-7.977250188648725953e+02 -7.999997705132433339e+02 5.179094779781905800e+00 2.796480914354324199e+01
-6.849816081883335528e+02 -6.800000000000000000e+02 8.633635716128029713e+00 2.790928529500961375e+01
-5.994708069365468646e+02 -5.993651069781053593e+02 4.038167541951522832e-01 2.868725924491882395e+01
-4.983482937854496413e+02 -4.990283692906305077e+02 2.225374746721260788e+00 2.795562360286712789e+01
-3.998010081885813634e+02 -4.000000000000000000e+02 3.979836228373188067e-01 2.798347284793853618e+01
-2.968658835087371699e+02 -2.980100818858134062e+02 3.197433797726036531e+00 2.799470204114913940e+01
-1.969691571390399645e+02 -1.971206152715606379e+02 1.760377873047689778e+00 2.798523070812225200e+01
-8.438095288170350727e+01 -9.130921665192749970e+01 2.179376170010836233e+01 2.779043835401535034e+01
1.703256115973294698e+02 1.667270639936469365e+02 5.939844281557169126e+01 2.784111465215682912e+01
2.012808802653479461e+02 2.012744227132473043e+02 8.666511393213869319e-01 2.811624854803085327e+01
3.017801955924790605e+02 3.020292665066018571e+02 8.048089130567007699e-01 2.790851345062255717e+01
4.024019352574197796e+02 4.024635161147317035e+02 1.393026294627697892e+00 2.799176014661788869e+01
5.000450244276462399e+02 5.000197293442173532e+02 5.519922538492918335e-02 2.786816310882568359e+01
6.000484851549015275e+02 6.000194318197550274e+02 1.146459474479667451e-01 2.783212355375290059e+01
7.700000000000000000e+02 8.000000000000000000e+02 4.582575694955839651e+01 2.797978820800781108e+01
8.912556418093661250e+02 8.000000000000000000e+02 1.205135862600892551e+02 2.797626539468765117e+01
1.139106136152326599e+03 1.182490187298205456e+03 1.096770945781407391e+02 2.795728470087051321e+01
1.029052520788198763e+03 1.018805093538948654e+03 3.486604904294849661e+01 2.883548420667648315e+01
1.142686709192661056e+03 1.116661244532972887e+03 4.388153199965866236e+01 2.883079689741134644e+01
1.222705514539408341e+03 1.202611940094555621e+03 3.203900666288907928e+01 2.891547060012817383e+01
1.382495249079162704e+03 1.410466463756365783e+03 5.810554521966498953e+01 2.890476250648498535e+01
1.455000000000000000e+03 1.500000000000000000e+03 4.974937185533099893e+01 2.822281725406646657e+01
