-1.400000000000000000e+03 -1.400000000000000000e+03 0.000000000000000000e+00 6.376280335187912129e+01
1.215118763324221163e+03 -2.374263385403892244e+02 3.349801037501495557e+03 6.380991554260253906e+01
-1.200000000000000000e+03 -1.200000000000000000e+03 0.000000000000000000e+00 6.377420489788055136e+01
-1.100000000000000000e+03 -1.100000000000000000e+03 0.000000000000000000e+00 6.379249069690704488e+01
-9.999999999999774900e+02 -9.999999999999931788e+02 4.309754659572720897e-11 6.379473140239715434e+01
-9.000000000000000000e+02 -9.000000000000000000e+02 2.542114972925207483e-14 6.374462285041808940e+01
-7.999999999997841087e+02 -7.999999999999631655e+02 4.711460310222434159e-10 6.375974044799804830e+01
-6.909997283631405480e+02 -6.999999999986157491e+02 9.950174688168857529e+00 6.373044894933700277e+01
-5.997495335769833673e+02 -5.999999999999224656e+02 3.882147594690110171e-01 6.448465919494628906e+01
-4.999868080952852551e+02 -4.999901353279390150e+02 1.103584688635609809e-02 6.378458460569381572e+01
-4.000000000000000000e+02 -4.000000000000000000e+02 0.000000000000000000e+00 6.391252000331878946e+01
-2.995025204714533515e+02 -3.000000000000000000e+02 5.886257162681508559e-01 6.389221445322036885e+01
-1.997977063491720457e+02 -2.000000000000000000e+02 6.069707669423454188e-01 6.388951849937438965e+01
-9.981269604641116189e+01 -9.984391337200929684e+01 2.070723119347788743e-01 6.378625434637069702e+01
1.522317753889686003e+02 1.086907833480725003e+02 7.090137446241479324e+01 6.377009514570236348e+01
2.001236485518415122e+02 2.000000000026697080e+02 4.813276872156246333e-01 6.404620909690856934e+01
3.012152295901453272e+02 3.020196068559067726e+02 9.922747899060052612e-01 6.380115544795989990e+01
4.018975952298929428e+02 4.020462313400133780e+02 7.654789092295823938e-01 6.382661914825439453e+01
5.000073985040433513e+02 5.000000000000000000e+02 1.281458489930533025e-02 6.384387530088424967e+01
6.000126306828409497e+02 6.000194318197550274e+02 9.268387309594429413e-03 6.383727825880050943e+01
7.250000000004246203e+02 7.000000000003568630e+02 4.330127018898151192e+01 6.386554670333862305e+01
8.050000000000229647e+02 8.000000000000053433e+02 2.179449471770162816e+01 6.386288800239562846e+01
1.007102538043551817e+03 9.080660550047076640e+02 1.258734285112173836e+02 6.383667690753937052e+01
1.005000000000070600e+03 1.000000000000015689e+03 2.179449471768720059e+01 6.460436890125274090e+01
1.100000000000193268e+03 1.100000000000028649e+03 4.199801950024747915e-10 6.462931685447692587e+01
1.200603261759699080e+03 1.200080948985142413e+03 1.248696840022363475e+00 6.470814960002898886e+01
1.365391010812091054e+03 1.400000000000000909e+03 4.970399697364261016e+01 6.466861965656281086e+01
1.420000000000493401e+03 1.400000000000288310e+03 3.999999999978759035e+01 6.394031004905700399e+01
