-1.400000000000000000e+03 -1.400000000000000000e+03 0.000000000000000000e+00 6.149567705392837524e+01
2.878637261003833373e+03 3.973424182210701474e+02 4.321584973538260783e+03 6.208463734388351440e+01
-1.200000000000000000e+03 -1.200000000000000000e+03 0.000000000000000000e+00 6.168006215095520162e+01
-1.100000000000000000e+03 -1.100000000000000000e+03 0.000000000000000000e+00 6.165872730016708658e+01
-9.999999996973881480e+02 -9.999999999999444071e+02 9.575519100157528953e-07 6.187508695125579550e+01
-8.999999999999997726e+02 -9.000000000000000000e+02 4.582862941503293048e-13 6.181459989547729350e+01
-8.000000000000000000e+02 -8.000000000000000000e+02 0.000000000000000000e+00 6.187101780176162436e+01
-6.939998985225203114e+02 -7.000000000000000000e+02 9.165306401059291730e+00 6.168167520761490152e+01
-5.998875134034291250e+02 -6.000000000000000000e+02 2.677716595270112077e-01 6.259018249511719034e+01
-4.999839721252745335e+02 -4.999901353279390150e+02 1.587681830803161498e-02 6.171854020357132242e+01
-3.997015122828720450e+02 -4.000000000000000000e+02 4.559475192511921460e-01 6.178305075168609761e+01
-2.999005040942906817e+02 -3.000000000000000000e+02 2.984877171279891050e-01 6.172587629556655742e+01
-1.995097678763281124e+02 -2.000000000000000000e+02 9.990467153466828787e-01 6.173796485662460043e+01
-9.823062600478735362e+01 -1.000000000000000000e+02 4.997898972338932211e+00 6.166826103925704672e+01
1.237251709377631386e+02 1.086907833480725003e+02 3.695832128970256747e+01 6.163822920322418497e+01
2.000672547507578827e+02 2.000000000000003126e+02 1.776232212858149251e-01 6.214353940486908101e+01
3.018677611486385217e+02 3.020329964598200831e+02 6.208899037356607753e-01 6.174358689785003662e+01
4.018794620982739616e+02 4.020777892512116978e+02 6.975009945612333784e-01 6.175634379386902140e+01
5.000049379122392565e+02 5.000000000000000000e+02 7.956627927931666372e-03 6.159292144775390909e+01
6.000165170467920461e+02 6.000194318197550274e+02 6.938547500843658851e-03 6.161785554885864258e+01
7.350000000000000000e+02 7.000000000000000000e+02 4.769696007084728251e+01 6.192436879873275757e+01
8.080472547318074703e+02 8.000000000000000000e+02 2.705077712413855195e+01 6.188021204471588277e+01
1.010878135139852930e+03 1.014331409085894393e+03 1.013688651764862811e+02 6.184440895318984843e+01
1.000314000028350733e+03 1.000000000000000000e+03 9.420000850522685099e-01 6.272920324802398540e+01
1.115000000000000000e+03 1.100000000000000000e+03 3.570714214271424680e+01 6.275369440317153646e+01
1.200400626688786133e+03 1.200080948985142413e+03 9.390634156367680951e-01 6.271683620214461996e+01
1.369051758138782589e+03 1.400000000000000000e+03 5.018185589742491004e+01 6.276956450939178467e+01
1.405000000000000000e+03 1.400000000000000000e+03 2.179449471770336899e+01 6.205687584877014018e+01
