-1.400000000000000000e+03 -1.400000000000000000e+03 0.000000000000000000e+00 6.616833554506301596e+01
3.997331577932134678e+03 6.267993704052038083e+03 4.258632108400203833e+03 6.633233430385590168e+01
-1.200000000000000000e+03 -1.200000000000000000e+03 0.000000000000000000e+00 6.610776669979095743e+01
-1.100000000000000000e+03 -1.100000000000000000e+03 0.000000000000000000e+00 6.620439144372940632e+01
-9.999999999874626155e+02 -9.999999999999913598e+02 5.458827511841833987e-08 6.614803800582885174e+01
-9.000000000000000000e+02 -9.000000000000000000e+02 0.000000000000000000e+00 6.621024855375290485e+01
-7.999999999642232069e+02 -7.999999999996787210e+02 8.002074455579567353e-08 6.625550404787063030e+01
-6.949997970914934058e+02 -6.999999999989875050e+02 8.660605478504434629e+00 6.613829820156097128e+01
-5.998875133876686050e+02 -5.999999999966767064e+02 2.677716529069895657e-01 6.692664190530777546e+01
-4.999868076025601908e+02 -4.999926039596658711e+02 1.835991431070416180e-02 6.626892384290695759e+01
-4.000000000000000000e+02 -4.000000000000000000e+02 0.000000000000000000e+00 6.632031459808349894e+01
-2.999502520471453408e+02 -3.000000000000000000e+02 2.168462991415098240e-01 6.632134774923324017e+01
-2.000000000000000000e+02 -2.000000000000000000e+02 0.000000000000000000e+00 6.632966799736023233e+01
-9.900605236280017607e+01 -9.999999999999994316e+01 3.622223903734838935e+00 6.623808804750441936e+01
1.085981670225680347e+02 1.003121732559814063e+02 2.016936094634239751e+01 6.627888430356979654e+01
2.000004619384967839e+02 2.000000000012915393e+02 9.238191831816455106e-04 6.644269139766693399e+01
3.017294433525736395e+02 3.020229838640617004e+02 6.512331181294320759e-01 6.623976570367813110e+01
4.016384319362746282e+02 4.020342936457451515e+02 8.358486612962978679e-01 6.630018244981765463e+01
5.000019729344121515e+02 5.000000000000000000e+02 5.918803236608028567e-03 6.617336114645004841e+01
6.000106875008654015e+02 6.000194318197550274e+02 9.667208268186245831e-03 6.622577670812606243e+01
7.500000000634050821e+02 7.500000004388500656e+02 4.999999994047130514e+01 6.635553100109100910e+01
8.100000000023194389e+02 8.000000000000843556e+02 4.358898943487476174e+01 6.636790450811386677e+01
1.018219951073610673e+03 1.000000000000058662e+03 1.179910780958845891e+02 6.628157764673233032e+01
1.000000000000647219e+03 1.000000000000059572e+03 1.400372866804433334e-09 6.703787870407104776e+01
1.115000000005959009e+03 1.100000000001638000e+03 3.570714214021413113e+01 6.707315514087676434e+01
1.200238390869848445e+03 1.200080948985142413e+03 2.920612382601009971e-01 6.712985794544219686e+01
1.375768910334190423e+03 1.400000000000026375e+03 4.326489675891681230e+01 6.709628045558929443e+01
1.405000000020199650e+03 1.400000000002759862e+03 2.179449471309557396e+01 6.641214874982833294e+01
