-1.400000000000000000e+03 -1.400000000000000000e+03 5.084229945850414966e-14 7.006926255226134970e+01
3.361153150454251772e+03 1.353154019395469504e+03 4.754412976890546815e+03 7.033008590936660198e+01
-1.199999999999960437e+03 -1.199999999999995907e+03 1.040957436823277675e-10 7.018504074811934856e+01
-1.099999999999898591e+03 -1.099999999999984084e+03 2.461637289147609316e-10 7.022904169559478760e+01
-9.999999999209964017e+02 -9.999999999680121618e+02 9.118782860273365719e-08 7.025972795486450195e+01
-8.999993003830716134e+02 -8.999999999999994316e+02 3.049544160728305617e-03 7.012637050151825235e+01
-7.999999844272389282e+02 -7.999999993643232301e+02 4.955171425003276247e-05 7.028603830337524982e+01
-6.929998229891025403e+02 -6.999999950224346321e+02 9.539628964832544966e+00 7.023305100202560425e+01
-5.997538002967876309e+02 -5.999999258627549352e+02 3.513694480023134004e-01 7.142241640090942667e+01
-4.999688052888868697e+02 -4.999728746153843986e+02 3.197707631237912268e-02 7.020839539766311077e+01
-3.999999999999969305e+02 -3.999999999999999432e+02 1.059930105208669041e-11 7.035173234939574627e+01
-2.992040327542623004e+02 -2.990050409429064189e+02 7.445591811149867567e-01 7.032790569067000774e+01
-1.998972022548757650e+02 -1.999999999999997726e+02 4.480849825946573994e-01 7.037402060031891438e+01
-9.996878267439679178e+01 -9.999999999999829470e+01 9.365197679280944099e-02 7.025817289352417561e+01
1.430668124899711415e+02 1.169133068123038015e+02 5.589294748276076774e+01 7.026631244421005817e+01
2.000339503887690853e+02 2.000000515088358384e+02 1.477002845654483143e-01 7.064037730693817707e+01
3.015151056925857915e+02 3.020196854182046309e+02 8.747472146895143297e-01 7.021758295297622965e+01
4.015098402182351833e+02 4.020342936461131558e+02 9.533173965783922066e-01 7.023114050626755045e+01
5.000108595036532506e+02 5.000099204341502173e+02 1.243823075142588483e-02 7.021357164382934002e+01
6.000165170467919324e+02 6.000194318197550274e+02 6.938547500843659718e-03 7.021994335651397989e+01
7.650000010224473499e+02 8.000000001677821047e+02 4.769695918304923765e+01 7.043831244707106976e+01
8.050000002433255304e+02 8.000000002020651664e+02 2.179449469653919635e+01 7.043920975923538208e+01
1.033352508414637896e+03 1.002660026693226314e+03 1.251980846007619732e+02 7.045838979482650188e+01
1.006229417968641087e+03 1.000000000093700237e+03 2.249782416076899949e+01 7.161958769559859661e+01
1.115139936467277039e+03 1.100000000807922788e+03 3.604387745735531468e+01 7.163407720327377604e+01
1.201257865945885214e+03 1.200435134724766613e+03 3.267039931091372029e+00 7.172653130292891888e+01
1.365133330568345400e+03 1.400000000022182803e+03 5.053982501823738005e+01 7.172026664018630981e+01
1.405000003926358204e+03 1.400000001656707809e+03 2.179449389404384263e+01 7.056095219850540445e+01
