-1.399999999999999773e+03 -1.400000000000000000e+03 1.088072723542190889e-12 2.863363513946533345e+01
1.426795532229021546e+03 -3.054651822096922729e+02 3.299179635000047710e+03 2.890351399183273173e+01
-1.199999999999997272e+03 -1.200000000000000000e+03 8.004070117273586520e-12 2.864034210443496775e+01
-1.099999999999976126e+03 -1.099999999999998636e+03 7.321248753319120667e-11 2.868784430027007915e+01
-9.999999996822274397e+02 -9.999999999057638433e+02 7.409842389257518246e-07 2.875130790472030640e+01
-9.000000000000000000e+02 -9.000000000000000000e+02 0.000000000000000000e+00 2.866334215402603292e+01
-7.999999991934998889e+02 -7.999999993968266381e+02 4.753098233477793723e-07 2.875581599473953176e+01
-6.939999218740133529e+02 -6.999999947849712498e+02 9.165264131714856433e+00 2.872775290012359761e+01
-5.998499669204759357e+02 -5.999999444986719936e+02 2.999492947724359260e-01 2.962333685159683228e+01
-4.999870539725076242e+02 -4.999913696414872675e+02 1.458695678795196050e-02 2.871992784738540649e+01
-3.999999999999996589e+02 -3.999999999999999432e+02 7.113380984701806409e-13 2.876446094512939311e+01
-2.999502520471149296e+02 -2.999999999999957936e+02 2.168462991400610107e-01 2.882235189676284648e+01
-1.999999999998687485e+02 -1.999999999999993747e+02 5.467971565004943161e-10 2.882043669223785542e+01
-9.982830470920535504e+01 -9.999999999998692601e+01 2.088296756530346465e-01 2.872635074853896953e+01
1.044702609765573698e+02 1.003121732560117607e+02 8.914117481523893716e+00 2.875443429946899343e+01
2.000351491954867811e+02 2.000000199766174376e+02 1.529907159958581175e-01 2.904253090620040823e+01
3.011127496851916021e+02 3.020196068559073979e+02 1.004515826593213923e+00 2.872433900833129883e+01
4.011871402134494247e+02 4.020021061521013053e+02 9.455040225101143392e-01 2.875210925340652324e+01
5.000029594016183410e+02 5.000000000000000000e+02 7.044784949504397098e-03 2.879664769172668315e+01
6.000145738648174074e+02 6.000194318197550274e+02 8.414224773182495121e-03 2.872254739999771189e+01
7.000000190494405388e+02 7.000000057535561382e+02 3.876857177518159615e-05 2.888501130342483592e+01
8.131321413849468627e+02 8.000000005105105174e+02 4.498614209474345671e+01 2.887082879543304514e+01
9.544161603370373541e+02 9.000000037666367234e+02 8.820217736774256423e+01 2.888892329931259084e+01
1.000000000288567435e+03 1.000000000125793918e+03 4.859581944640097888e-07 2.975446715354919291e+01
1.100000001378414254e+03 1.100000000579939751e+03 1.456872725273617722e-06 2.977275054454803538e+01
1.200198338591976153e+03 1.200080948985287023e+03 1.958686193496760874e-01 2.981667859554290700e+01
1.341827381996021813e+03 1.302836790332363307e+03 4.977194228003835264e+01 2.980089274644851827e+01
1.405000011452088984e+03 1.400000004209389999e+03 2.179449213990265832e+01 2.897037580013275004e+01
