-1.399999999999999773e+03 -1.399999999999999773e+03 0.000000000000000000e+00 1.524940886056423096e+03
7.308831264400940854e+05 7.849060578774558380e+05 2.549618541079036077e+05 1.892391044342517944e+03
4.051094776609438658e+07 4.530993596324859187e+06 7.419776833272460103e+07 1.790909870946407409e+03
9.331283280087252933e+03 8.955782915820680500e+03 2.305445642149552441e+03 1.885480528450012116e+03
-9.999996455583817578e+02 -9.999996490015971631e+02 2.593037040343300351e-05 1.885081151390075775e+03
-8.559845673000916122e+02 -8.565526684650285461e+02 1.704303528253949374e+00 1.676072845458984375e+03
-7.607302327465985172e+02 -7.623050290024032165e+02 1.545264107802420028e+01 1.815832757794857116e+03
-6.788804763304991639e+02 -6.788746905251857697e+02 4.751120971933255749e-02 1.773374743151664688e+03
-5.295175100970039921e+02 -5.289944256623518868e+02 2.874742895626429817e+00 2.090078198158741088e+03
-4.999420781605850834e+02 -4.999531822024474081e+02 3.019390852465093922e-02 1.573734576153755143e+03
-3.356842017282293682e+02 -3.343334963257956360e+02 1.201809356526461592e+01 1.552133867943286987e+03
-2.256014777835174243e+02 -2.328403493572843672e+02 5.715378594071249552e+01 1.583377271759509995e+03
4.215334247019944058e+01 -1.901033067000149401e+01 1.025368083055647901e+02 1.674086038148403077e+03
2.689990886660337765e+03 2.727311713805771433e+03 4.562331490416030988e+02 1.566594072055816696e+03
1.398419360843696086e+04 1.399125364327489842e+04 5.301055802296644970e+02 1.528218876099586396e+03
2.032907324749385793e+02 2.032644500623261479e+02 3.636338131454548428e-01 1.725433372759819122e+03
4.104977295229047058e+02 4.120813470766528894e+02 1.014564737857146248e+01 1.541110391652583985e+03
7.661489104983968446e+02 7.957631214812333837e+02 8.905685286299728887e+01 1.588694928944110870e+03
5.044432079313008899e+02 5.041567467018568891e+02 9.210645692792304162e-01 1.888509471547603653e+03
6.220573840079734964e+02 6.217860421900325036e+02 1.753113260735457146e+00 1.630315074908733322e+03
1.440342439857096679e+03 1.828262933976492604e+03 4.468868957639245991e+02 1.592693949794769196e+03
3.853273182323192941e+03 3.901290992387654114e+03 7.256049596072012946e+02 1.709751272749900863e+03
1.348808475145292141e+04 1.483132588950288118e+04 2.972535984608628041e+03 1.613493786001205535e+03
1.298025840908829650e+03 1.288102021392010556e+03 3.753827056634299453e+01 2.280690117096900849e+03
1.408207492191290839e+03 1.406498642046243276e+03 2.404504986685746459e+01 2.278406340205669494e+03
1.661386519428397605e+03 1.667988547967614977e+03 3.073037473521198137e+01 2.216950521159172240e+03
2.974316881130414913e+03 3.143850940595199063e+03 3.405111128329637609e+02 2.284865964901447114e+03
3.745018995036308297e+03 4.773453975751519465e+03 1.427398481001932623e+03 1.851819693589210601e+03
