-1.400000000000000000e+03 -1.400000000000000000e+03 0.000000000000000000e+00 5.478742164373397827e+01
3.443921718537691959e+03 1.125176170048332551e+02 5.207112664092552222e+03 5.490233559608459757e+01
-1.200000000000000000e+03 -1.200000000000000000e+03 0.000000000000000000e+00 5.478525445461273335e+01
-1.100000000000000000e+03 -1.100000000000000000e+03 0.000000000000000000e+00 5.479483499526977397e+01
-9.999999999999566853e+02 -9.999999999999799911e+02 6.109081522523274195e-11 5.486589480638504313e+01
-8.999276265277127322e+02 -8.999991269988045133e+02 1.492940717061115030e-01 5.479417784214020060e+01
-7.996739869098857980e+02 -7.999999999999993179e+02 1.370749873419530696e+00 5.485022410154342509e+01
-6.888184325475616561e+02 -6.800000000000000000e+02 9.783926635485446610e+00 5.480861650705337240e+01
-5.997102761162205979e+02 -5.999696842321887971e+02 3.472194847044148824e-01 5.560520000457763956e+01
-4.997569676492215081e+02 -4.999075396423606890e+02 3.016000528514115597e-01 5.488397754430771158e+01
-3.998507561414360225e+02 -4.000000000000000000e+02 3.552714447781128992e-01 5.494635319709777832e+01
-2.982090747047959098e+02 -2.990050409429067031e+02 1.711790413270833033e+00 5.494878890514373637e+01
-1.980992854941042083e+02 -1.980100818858134062e+02 1.949773717855298294e+00 5.495328880548477457e+01
-9.358285097149459375e+01 -9.968782674401859367e+01 1.457590714140208199e+01 5.481926449537277080e+01
1.870135860753112240e+02 1.667270639936469365e+02 7.752720220011265440e+01 5.480721169710159302e+01
2.008822819110892794e+02 2.005486765172079231e+02 9.700073567183513656e-01 5.502447065114974833e+01
3.019431631055271623e+02 3.020333892712948227e+02 4.464626806296377870e-01 5.487652800083160542e+01
4.024433045680310101e+02 4.022168986097352672e+02 1.336026441209410054e+00 5.492581535577774332e+01
5.000667193214145527e+02 5.000197293441220836e+02 8.351237441173943454e-02 5.484935514926910116e+01
6.000174886377797066e+02 6.000194318197550274e+02 5.829545926508217582e-03 5.486010110378265381e+01
8.050000000000000000e+02 8.000000000000000000e+02 4.974937185533099893e+01 5.490036075115203573e+01
8.459242854545585715e+02 8.000000000000000000e+02 6.392185948184788202e+01 5.486700325012206747e+01
1.074187534152184071e+03 1.021159610917603231e+03 1.223330071156971428e+02 5.489016189575195170e+01
1.024162998542164360e+03 1.018878640659884468e+03 2.678420251013411857e+01 5.574982695579528524e+01
1.126823182535934166e+03 1.116659594975849359e+03 3.979662356943057944e+01 5.576389319896698282e+01
1.213367638854399956e+03 1.202611940075762504e+03 2.426779767043991498e+01 5.585318955183029033e+01
1.382979844081187366e+03 1.410466463650343258e+03 5.782131310391649492e+01 5.580325959920882894e+01
1.455000000000000000e+03 1.500000000000000000e+03 4.974937185533099893e+01 5.516757684946060181e+01
