-1.399999999999976808e+03 -1.399999999999997499e+03 8.619377364760787189e-11 6.692106800079345419e+01
2.936616390232663434e+03 1.354925421612573928e+03 4.005046252794509201e+03 6.709238960742951008e+01
-1.199999999986313469e+03 -1.199999999994109658e+03 2.178139091402716884e-08 6.698648879528045086e+01
-1.099999999954560735e+03 -1.099999999996123734e+03 9.296786840653588503e-08 6.700494295358657837e+01
-9.999999986947159414e+02 -9.999999991422913581e+02 1.385992420620651298e-06 6.704589254856109903e+01
-8.999999999999747615e+02 -8.999999999999890861e+02 3.262712220427367476e-11 6.693909494876861288e+01
-7.999998686196174731e+02 -7.999999711544071488e+02 2.878104571740853698e-04 6.710592919588088989e+01
-6.919998228831880169e+02 -6.999997987196622944e+02 9.798082080052521903e+00 6.706975699663162516e+01
-5.996743217690511756e+02 -5.999995353827463305e+02 4.046445486518852608e-01 6.795444355010985760e+01
-4.999771879623194764e+02 -4.999901344672088044e+02 2.737073199997908102e-02 6.701937735080718994e+01
-3.999999999999791953e+02 -3.999999999999944293e+02 3.247279497027909996e-11 6.712436945438385294e+01
-2.995522684217131655e+02 -2.999999999997036184e+02 5.865197164428812560e-01 6.712435309886932089e+01
-1.999999999994866471e+02 -1.999999999999537295e+02 1.365935413264878119e-09 6.713544745445251749e+01
-9.999999999963685582e+01 -9.999999999993713118e+01 6.314622379871618168e-10 6.703820664882660196e+01
1.338568376064147003e+02 1.169133068228100001e+02 4.186563417323113612e+01 6.706584270000458048e+01
2.000686523385932105e+02 2.000005688410495850e+02 2.030395618331039820e-01 6.733791090250015543e+01
3.016162234629514387e+02 3.020196854200315215e+02 8.081124781743745933e-01 6.704193044900894449e+01
4.017474262057675105e+02 4.020360374338129645e+02 7.062363590780557088e-01 6.707649565935135172e+01
5.000125019031670490e+02 5.000000000000000000e+02 2.657908095733147597e-02 6.699312154054641155e+01
6.000165170468902716e+02 6.000194318197550274e+02 6.938547266872328693e-03 6.701517904996872232e+01
7.500000588694636008e+02 7.500001086912246819e+02 4.999995146203155372e+01 6.718275469541549683e+01
8.000000051599498647e+02 8.000000038727786205e+02 4.456591051349103431e-06 6.718457434177398113e+01
1.020539097512205217e+03 1.000000005085121757e+03 1.145379302644037551e+02 6.719099539518356323e+01
1.000000002908016540e+03 1.000000001384314373e+03 3.600032604834525182e-06 6.808878979682921795e+01
1.105000008395840723e+03 1.100000006870454172e+03 2.179449291955696566e+01 6.809114710092543987e+01
1.200274606819573364e+03 1.200080948999860539e+03 3.166153002194176946e-01 6.815748879909514812e+01
1.368409225088195399e+03 1.400000001445449925e+03 4.771120812884422691e+01 6.814253084659576132e+01
1.415000027505089065e+03 1.400000038186799429e+03 3.570713223593450181e+01 6.737921234369278523e+01
