-1.399999999999999773e+03 -1.399999999999999773e+03 0.000000000000000000e+00 1.692963152348995209e+03
6.820103538198296446e+05 6.699233269156763563e+05 2.095458648525941535e+05 2.074590110850333986e+03
6.430000490877489001e+07 1.478835239667936973e+07 8.070050827009339631e+07 1.995681455159187408e+03
1.528240569476161363e+04 7.966215823439699307e+03 3.034512116518567200e+04 2.061004700458049683e+03
-9.999996293553847408e+02 -9.999996262862310914e+02 2.152051635530601031e-05 2.070629821860790344e+03
-8.559846712059937772e+02 -8.565526684650284324e+02 1.703991777127589424e+00 1.838528014349937393e+03
-7.659096171019912163e+02 -7.665647052706547129e+02 1.308294235401934280e+01 2.000300355350971131e+03
-6.788714053439518921e+02 -6.788610966376949136e+02 3.943440231066110829e-02 1.937702684903144927e+03
-5.258707065529117699e+02 -5.259313295221842282e+02 1.631841083928606162e+00 2.285388391292095093e+03
-4.999403556499805745e+02 -4.999396293570519560e+02 2.028013631559918289e-02 1.734741321194171860e+03
-3.393278423846891201e+02 -3.393075529560381369e+02 1.241279850626003167e+01 1.721160484910011292e+03
-1.712929826342076467e+02 -2.218958022254486480e+02 1.148398782712715445e+02 1.797402054154872985e+03
4.481781788711155201e+01 4.589829404974310023e+00 9.891052137942671152e+01 1.893719634950160980e+03
2.689019605217356911e+03 2.632392301821069850e+03 4.848953783835504510e+02 1.792092942202091308e+03
1.432771447512136365e+04 1.446807062469680750e+04 3.778851854289648600e+02 1.889449475789070220e+03
2.036623464436449353e+02 2.036767378196922493e+02 3.239031361321677571e-01 1.990662823450565384e+03
4.111029440654095879e+02 4.120017683735476339e+02 1.305976903543890266e+01 1.710219544494152160e+03
8.087108517855929222e+02 8.126835058338519957e+02 1.340587719563199798e+01 1.825071747446060272e+03
5.045881477667520016e+02 5.046875646923517706e+02 5.789646313932885757e-01 2.073834577143192291e+03
6.216754263156136631e+02 6.217026830586421511e+02 1.781362873937248237e+00 1.967196672451496170e+03
1.549784053783545687e+03 1.828262933976493514e+03 4.253835159769074039e+02 1.751919307553768249e+03
3.638009119500776251e+03 3.672649956167700111e+03 4.522248243112844648e+02 1.933521510398387818e+03
1.442184935888288601e+04 1.520411073582329482e+04 2.337963704150165540e+03 1.906033695602417083e+03
1.292219126639842671e+03 1.288878576711281767e+03 2.947592778089522270e+01 2.450944995260238557e+03
1.408588912619235998e+03 1.403129639838507501e+03 1.799134154184315904e+01 2.451106912851333618e+03
1.650778285261667861e+03 1.660880256127834855e+03 3.190749182612667312e+01 2.442862261450290589e+03
3.221106627829261470e+03 3.272830973034777799e+03 2.709644786032390016e+02 2.427291365957260041e+03
3.140825214999710170e+03 1.800000000000000909e+03 1.482354169526687429e+03 1.941059850597381683e+03
