-1.399999999999995680e+03 -1.400000000000000000e+03 1.925467087608269267e-11 5.767606285810470723e+01
1.832396518956035607e+03 8.755076553590618005e+02 3.135859632780264747e+03 5.783695205450057841e+01
-1.199999999999997499e+03 -1.200000000000000000e+03 1.063540214979189635e-11 5.762235355377197266e+01
-1.099999999999997499e+03 -1.100000000000000000e+03 7.720834658993597736e-12 5.768134349584579468e+01
-9.999999999740215344e+02 -9.999999999958266699e+02 6.633569556253331883e-08 5.757746764421462871e+01
-9.000000000000000000e+02 -9.000000000000000000e+02 0.000000000000000000e+00 5.769223430156707622e+01
-7.999999991982477923e+02 -7.999999996637807271e+02 1.702710991813411218e-06 5.781028749942779399e+01
-6.950064413118886932e+02 -6.999999997016382167e+02 8.649129280225581695e+00 5.767496269941329956e+01
-5.999249936336398150e+02 -5.999999923459949969e+02 2.249681148641212158e-01 5.859172240495681905e+01
-4.999930957150116910e+02 -4.999926039596656437e+02 3.624377998405970552e-03 5.778313955068588115e+01
-3.999999999999960210e+02 -4.000000000000000000e+02 1.376565820603070798e-11 5.784867055416107462e+01
-2.999502520471451135e+02 -3.000000000000000000e+02 2.168462991414518148e-01 5.785677365064621114e+01
-1.999999999999995453e+02 -2.000000000000000000e+02 1.233515286771947860e-12 5.784142274856567667e+01
-9.990634802319497965e+01 -9.999999999999960210e+01 1.430557575407943038e-01 5.775317670106888102e+01
1.068287930273615984e+02 1.003121732559814063e+02 1.756235441072294279e+01 5.779199634790420248e+01
2.000267761857502080e+02 2.000000009480058907e+02 7.992928326646409065e-02 5.800105475187301352e+01
3.016401472316618424e+02 3.020254966870203361e+02 8.017052764296109801e-01 5.775081095695495748e+01
4.010914855473902776e+02 4.011471715034114709e+02 9.989822010229361116e-01 5.781908318996429585e+01
5.000014824889135525e+02 5.000000000000000000e+02 4.710130389212199668e-03 5.772107405662536905e+01
6.000116590918531756e+02 6.000194318197550274e+02 9.519608634696299573e-03 5.776164144277572632e+01
7.200000029868540423e+02 7.000000021553250917e+02 3.999999960212178962e+01 5.792427080869674683e+01
8.031321411169640214e+02 8.000000000645122782e+02 1.365268479537957624e+01 5.789621254205703593e+01
1.004359747950290284e+03 9.500000021821495011e+02 1.217925828226739355e+02 5.782100789546966269e+01
1.000000000049475602e+03 1.000000000011894144e+03 9.379925541046669056e-08 5.873373780250549459e+01
1.100000000869379392e+03 1.100000000108881068e+03 1.650764963746289175e-06 5.876069400310516500e+01
1.200129020927554620e+03 1.200040474493026522e+03 1.797980588640830935e-01 5.884125939607620381e+01
1.365814208586036330e+03 1.400000000003556352e+03 4.771946488901511430e+01 5.879825215339660360e+01
1.400000011025315644e+03 1.400000000442009878e+03 2.944398970732527558e-05 5.797450535297393515e+01
