-1.399999999322911435e+03 -1.399999999668132205e+03 7.253950274605519670e-07 2.179143749475479197e+01
4.665578754383363957e+03 3.449930301577300270e+03 4.911899823419786117e+03 2.188136399984359670e+01
-1.199990430131328139e+03 -1.199998834954341419e+03 2.182566176580812145e-02 2.182809799909591675e+01
-1.099963281075471514e+03 -1.099994474215750415e+03 5.903600861085063489e-02 2.186865620613098216e+01
-9.999995311500484831e+02 -9.999996874838667509e+02 4.804617818746599665e-04 2.183098595142364573e+01
-8.999709165903656185e+02 -8.999890353032146777e+02 6.249696847920870046e-02 2.178840615749358989e+01
-7.987529196974066963e+02 -7.999711918000140258e+02 4.373041218438723732e+00 2.189152920246124268e+01
-6.859403868581572397e+02 -6.799999772307778585e+02 9.078526116426433035e+00 2.187841385602951050e+01
-5.994140548055939917e+02 -5.994477808368862952e+02 4.143535529830124076e-01 2.244712224006652690e+01
-4.989238705573633297e+02 -4.994885940858613367e+02 1.277583304299199751e+00 2.185010960102081157e+01
-3.999999975038780917e+02 -3.999999990276214703e+02 3.966162079417580902e-06 2.190742220878600932e+01
-2.979601226794831632e+02 -2.990047848029845454e+02 2.026313384570687770e+00 2.192481575012207173e+01
-1.984342195372084632e+02 -1.979770204551015240e+02 1.219338105408322548e+00 2.194149409532547068e+01
-9.902164478039580331e+01 -9.999996119399315830e+01 3.624451338278942281e+00 2.186682679653167583e+01
1.751990769501423131e+02 1.583487224372496485e+02 6.720243440990185491e+01 2.186934109926223613e+01
2.004211367091866691e+02 2.002703557156423244e+02 3.524726917191471909e-01 2.206039999723434519e+01
3.015200201442409025e+02 3.020197723356367305e+02 8.764529314196085608e-01 2.187451000213622976e+01
4.019454522776264866e+02 4.021267706020623791e+02 9.481098691534799450e-01 2.187524183988571025e+01
5.000453847669284073e+02 5.000379253925457874e+02 4.115524457211826997e-02 2.183885694742202688e+01
6.000306453682048868e+02 6.000194318246152534e+02 3.662660997672782109e-02 2.185976984500884868e+01
7.900049508837298617e+02 8.000025050017147805e+02 2.999995346567420285e+01 2.196326259374618672e+01
8.503309861851910227e+02 8.000028068914732557e+02 6.472927872343232991e+01 2.196438509225845337e+01
1.068343668164016663e+03 1.098501995910586857e+03 1.323236625321838744e+02 2.195713440179824971e+01
1.033671978016810499e+03 1.033539799949611734e+03 3.354136852137355618e+01 2.254781910181045390e+01
1.143305739389930068e+03 1.116660692191879662e+03 4.546031106691543755e+01 2.254234384298324656e+01
1.221560928712867280e+03 1.200435604150376548e+03 3.140286362329348080e+01 2.259819215536117554e+01
1.406012973956187807e+03 1.410657338997353236e+03 7.012632525655864413e+01 2.257983815670013428e+01
1.455006515277317703e+03 1.500000337947293701e+03 4.974480393389129063e+01 2.203014739751815654e+01
