-1.400000000000000000e+03 -1.400000000000000000e+03 0.000000000000000000e+00 6.139544540643692017e+01
9.100810542437382082e+02 3.600659453183378673e+02 2.708132553751707292e+03 6.138894470930099345e+01
-1.200000000000000000e+03 -1.200000000000000000e+03 0.000000000000000000e+00 6.132507054805755331e+01
-1.100000000000000000e+03 -1.100000000000000000e+03 0.000000000000000000e+00 6.135742909908294962e+01
-9.999999999999929514e+02 -9.999999999999971578e+02 8.719009660958694160e-12 6.141290699243545248e+01
-9.000000000000000000e+02 -9.000000000000000000e+02 0.000000000000000000e+00 6.140138639211654947e+01
-7.999999870867768550e+02 -7.999999999999998863e+02 5.007858769113901650e-05 6.133781319856643677e+01
-6.909996290488576278e+02 -6.999999999999590727e+02 9.950284488096942326e+00 6.128707785606384562e+01
-5.996497935953841534e+02 -6.000000000000000000e+02 3.908801997219671920e-01 6.185301294326782084e+01
-4.999732439249143567e+02 -4.999913696438024431e+02 3.522631380254807876e-02 6.140341114997863770e+01
-4.000000000000000000e+02 -4.000000000000000000e+02 0.000000000000000000e+00 6.148629180192947530e+01
-2.993035289119256390e+02 -3.000000000000000000e+02 9.999206500749300286e-01 6.148461540937423564e+01
-1.999005040942906817e+02 -2.000000000000000000e+02 4.336925982830197035e-01 6.149335515499114990e+01
-9.987513069760743178e+01 -1.000000000000000000e+02 2.070723119347788743e-01 6.140194609165191508e+01
1.162620409755223534e+02 1.003121732559814063e+02 3.162752682174366115e+01 6.132407115697860434e+01
2.000847700078450089e+02 2.000000000000077875e+02 1.860790591351272616e-01 6.147914245128631450e+01
3.015275129621276164e+02 3.020197639804966911e+02 8.821172871617685152e-01 6.143084030151366903e+01
4.017615525272722721e+02 4.021255080041179326e+02 9.742055861114725657e-01 6.142687025070190288e+01
5.000103613759027894e+02 5.000049391573978710e+02 1.266166835042384885e-02 6.143718180656433248e+01
6.000194318197552548e+02 6.000194318197550274e+02 2.273736754432320595e-13 6.141896635293960571e+01
7.550000000000065938e+02 8.000000000000000000e+02 4.974937185532774464e+01 6.139187955856323242e+01
8.221977481556093608e+02 8.000000000000004547e+02 5.033934209877592991e+01 6.140818744897842407e+01
9.987287663464388743e+02 9.919285391739410898e+02 1.038953437790453336e+02 6.141930944919586466e+01
1.000940241220323287e+03 1.000000000000000114e+03 4.098416461938605870e+00 6.192645105123519755e+01
1.110000000000002274e+03 1.100000000000001364e+03 2.999999999999923617e+01 6.193204790353775024e+01
1.201730581966323143e+03 1.200080948985142413e+03 6.455997320286081198e+00 6.205475499629974223e+01
1.368592991749299927e+03 1.400000000000000000e+03 4.749822062938868328e+01 6.197524244785309122e+01
1.420000000000009777e+03 1.400000000000003638e+03 3.999999999999519673e+01 6.157763879299163534e+01
