-1.399999943904305837e+03 -1.399999980674740755e+03 8.648560664409779921e-05 2.820601174831390523e+01
2.054278666321238234e+03 1.091527055640870458e+03 3.781092159668834938e+03 2.836987165212631368e+01
-1.199805117751895750e+03 -1.199914813954071178e+03 3.082052062232583101e-01 2.827296825647353984e+01
-1.096990528270310506e+03 -1.099544455115887786e+03 7.248256760893194262e+00 2.833896209001541067e+01
-9.999962564361915156e+02 -9.999972451928015289e+02 2.310028406385561048e-03 2.829141619205474711e+01
-8.999997975352556523e+02 -8.999999358296907985e+02 2.430108801957844150e-04 2.819428150653839182e+01
-7.998579207915239522e+02 -7.999419162219355712e+02 1.573458456191124677e-01 2.838488024473190308e+01
-6.909232947065781900e+02 -6.995933398431002388e+02 9.882903654646632674e+00 2.839673780202865672e+01
-5.996778006220008592e+02 -5.998992851922985210e+02 3.687783875883512419e-01 2.918310669660568379e+01
-4.998739507343971127e+02 -4.999164407506632415e+02 9.150926115354433843e-02 2.832070070505142212e+01
-3.999999081341632063e+02 -3.999999718644671702e+02 1.439068468363993583e-04 2.841864900588989329e+01
-2.996015415954810805e+02 -2.999995379647891696e+02 5.802775150193287823e-01 2.842392749786376882e+01
-1.998997895482260105e+02 -1.999996887572948481e+02 4.336544478504554267e-01 2.843501079082489014e+01
-9.999415398691269274e+01 -9.999860640090673769e+01 1.473729618263181114e-02 2.835811624526977681e+01
1.187335198850496170e+02 1.006754529901597834e+02 3.048517744055950018e+01 2.836739546060562134e+01
2.003783392200805906e+02 2.003111969994131414e+02 2.327709171398859578e-01 2.864663599729538035e+01
3.018208385501249040e+02 3.020222739463938524e+02 6.056347087108061578e-01 2.836684410572052073e+01
4.013768205264565836e+02 4.020402778042802652e+02 9.504145210853851555e-01 2.837181279659271382e+01
5.000094454794318040e+02 5.000000168198924939e+02 1.787501927714092026e-02 2.822274734973907329e+01
6.000146628987536133e+02 6.000194318306134846e+02 8.261051986660914587e-03 2.831149479150771953e+01
7.550787847286512715e+02 8.000054580346991315e+02 4.967992778614514293e+01 2.846753965616226267e+01
8.000154428833351403e+02 8.000125436548601101e+02 1.011915570443405049e-02 2.847091449499130178e+01
9.627907361577342726e+02 9.002709412352398886e+02 1.004614884842948612e+02 2.847292165756225657e+01
1.000028020746549942e+03 1.000006922049169816e+03 5.370244573563066892e-02 2.934770455360412456e+01
1.105015808415551419e+03 1.100016158443126642e+03 2.179102546605429325e+01 2.935499529838562083e+01
1.200588522995722542e+03 1.200437541412625706e+03 9.189200722722045134e-01 2.939769200086593770e+01
1.323509909993433439e+03 1.310557596105869607e+03 3.241837885343325354e+01 2.936540334224700999e+01
1.415092612502484144e+03 1.400084674341999971e+03 3.567674025063293897e+01 2.853041219711303711e+01
