-1.400000000000000000e+03 -1.400000000000000000e+03 0.000000000000000000e+00 5.549704614877700948e+01
4.047481925654660245e+03 1.672225504938630593e+03 5.138987139562446828e+03 5.552483270168304585e+01
-1.200000000000000000e+03 -1.200000000000000000e+03 0.000000000000000000e+00 5.547595244646072388e+01
-1.100000000000000000e+03 -1.100000000000000000e+03 0.000000000000000000e+00 5.547145104408264160e+01
-9.999999999999696456e+02 -9.999999999999827196e+02 3.386883352489039171e-11 5.555334100723266744e+01
-8.999796739278775703e+02 -8.999996877677710927e+02 4.574840647142456446e-02 5.542860355377197124e+01
-7.991522499012783101e+02 -7.999979979656200157e+02 1.968293038184300237e+00 5.559992020130157186e+01
-6.888202275995515720e+02 -6.799996859196163541e+02 9.782306453080201081e+00 5.547605124711990499e+01
-5.996581471735215700e+02 -5.996548702390549579e+02 3.424287858480047908e-01 5.633401470184325888e+01
-4.997196112447783776e+02 -4.998483368280431023e+02 3.562075560200169688e-01 5.556694995164870932e+01
-3.999502520471453408e+02 -4.000000000000000000e+02 2.168462991415098240e-01 5.565721724033355855e+01
-2.979105877433407841e+02 -2.990050409429067031e+02 2.222567436777924677e+00 5.566980160474777506e+01
-1.976423989051571084e+02 -1.979440450976274519e+02 2.529520308117144456e+00 5.564673540592193746e+01
-8.927042105537670125e+01 -9.984391337200929684e+01 3.176027082595615170e+01 5.549190285205840922e+01
1.830381615567228550e+02 1.585045405295464889e+02 7.920591372025845089e+01 5.549577800035476827e+01
2.004382658380540931e+02 2.002377375471223786e+02 4.856404696526333553e-01 5.570145089626312540e+01
3.015271502798517531e+02 3.020225124902920015e+02 8.737514657485142555e-01 5.555947240591049052e+01
4.022197069514139116e+02 4.023102228580841029e+02 1.460247854860128314e+00 5.561460369825363159e+01
5.000480803757075705e+02 5.000197293441220268e+02 6.151687463681455165e-02 5.552386914491653158e+01
6.000257410873487061e+02 6.000194318197550274e+02 2.125963774207514576e-02 5.556906105279922770e+01
7.650000000000000000e+02 8.000000000000000000e+02 4.769696007084728251e+01 5.558358914852142618e+01
8.634663875764306340e+02 8.000000000000000000e+02 9.082002258022869512e+01 5.560390344858169698e+01
1.069349582965130594e+03 1.086759073898568431e+03 1.210451817802546230e+02 5.559336060285568237e+01
1.013284168895063203e+03 1.003140007912229521e+03 2.214615616793567909e+01 5.648172994852065898e+01
1.137809096424516156e+03 1.100000000000000000e+03 4.829238265285858489e+01 5.649433490037917949e+01
1.210979752787167854e+03 1.200435134724740237e+03 2.414845663085529281e+01 5.664394780397415019e+01
1.377571775125283693e+03 1.400000000000000000e+03 5.345063378426092981e+01 5.655051795244217061e+01
1.465000000000000000e+03 1.500000000000000000e+03 4.769696007084726830e+01 5.786029410362243652e+01
