-1.399964394006892235e+03 -1.399974469914755673e+03 4.517848512774280678e-02 3.882834069728851034e+01
9.233653546165976877e+03 1.029849668466934600e+04 6.569205816882039471e+03 3.903362109661102153e+01
-4.287181841122755941e+02 -9.304117814557514521e+02 9.819519863495648906e+02 3.888795430660248087e+01
-2.054614238273086535e+00 -8.250715575601989258e+02 1.945167497725293515e+03 3.893181560039520406e+01
-9.999162783382716952e+02 -9.999405347672588960e+02 6.345371418887328641e-02 3.898079810142517232e+01
-8.994087796593481698e+02 -8.998393705302328272e+02 9.972094661142342220e-01 3.880992280244826986e+01
-7.887477315460962473e+02 -7.991723239004650168e+02 1.896621909398497507e+01 3.905155880451202677e+01
-6.809091247787471275e+02 -6.799704625219562786e+02 4.142699348017441885e+00 3.900887960195541382e+01
-5.990969145806855067e+02 -5.990424688001490949e+02 5.342406979483244056e-01 4.048850350379943563e+01
-4.783650674261382960e+02 -4.839175041326824385e+02 1.899202535598450936e+01 3.894659110307693339e+01
-3.990270124596158894e+02 -3.989889848883884724e+02 1.130636627685866813e+00 3.906548600196838095e+01
-2.946872178919178396e+02 -2.960861718565929550e+02 4.962926972869307285e+00 3.909030989408493184e+01
-1.957796770861922369e+02 -1.970982795030336376e+02 3.615080052336715255e+00 3.922364460229873373e+01
-9.242255929623155453e+00 1.895920259950378295e+01 7.255441789233849192e+01 3.898596374988555624e+01
2.700338269626338956e+02 2.305269676552299529e+02 1.352204270082032167e+02 3.896368490457534506e+01
2.022150469798217785e+02 2.020967697574303656e+02 1.320623356469393439e+00 3.948138010501861572e+01
3.020261031864146730e+02 3.022562502946315135e+02 1.069570621223727480e+00 3.898454045057296469e+01
4.048891927595237803e+02 4.033867357775071127e+02 3.577708544420842518e+00 3.900732730627059652e+01
5.001418862024991654e+02 5.001032238413306459e+02 1.311700095677108546e-01 3.882897745370864584e+01
6.003046142618690055e+02 6.001566887221397337e+02 2.973268156856906930e-01 3.894646930694580078e+01
7.965146214086478267e+02 8.004144414106910972e+02 5.742099712481682872e+01 3.923642621040344380e+01
9.780683155970157259e+02 9.613110118564612776e+02 1.267834013568767233e+02 3.922075099945068644e+01
1.137366844592376538e+03 1.182499246091506393e+03 1.117794760214491703e+02 3.923334265947342203e+01
1.078553610779100381e+03 1.101215144278589150e+03 3.477560686922640087e+01 4.077997235059738301e+01
1.202028993925805935e+03 1.205907279069561355e+03 1.967038762645302086e+01 4.075171209573746012e+01
1.263039509120429784e+03 1.270219940748075942e+03 4.206058724926450765e+01 4.090800305604934550e+01
1.474720929703468755e+03 1.442772767153563564e+03 8.235873977594718554e+01 4.084582824707031534e+01
1.561604592525731050e+03 1.501257134882113405e+03 1.193559217513236632e+02 3.959074299335479452e+01
