-1.400000000000000000e+03 -1.400000000000000000e+03 0.000000000000000000e+00 6.308702770471573018e+01
3.741520458138050344e+03 2.111534558258294510e+03 4.153256489305004834e+03 6.312982970476150513e+01
-1.200000000000000000e+03 -1.200000000000000000e+03 0.000000000000000000e+00 6.304693635702133037e+01
-1.100000000000000000e+03 -1.100000000000000000e+03 0.000000000000000000e+00 6.306567900180816366e+01
-9.999999999999954525e+02 -9.999999999999968168e+02 6.040452472016046500e-12 6.315399225950240947e+01
-8.999999999999990905e+02 -9.000000000000000000e+02 2.667404307123903378e-12 6.306678400039672994e+01
-8.000000000000000000e+02 -8.000000000000000000e+02 6.226884551155831951e-14 6.306056225299835205e+01
-6.909994955045880261e+02 -6.999999999999988631e+02 9.950432131289744575e+00 6.304313750267029093e+01
-5.997768116348480589e+02 -6.000000000000000000e+02 3.516995923168856342e-01 6.379580144882201864e+01
-4.999635031772715479e+02 -4.999901353279390150e+02 4.136621817593379852e-02 6.314539915323257446e+01
-4.000000000000000000e+02 -4.000000000000000000e+02 0.000000000000000000e+00 6.322467914819717549e+01
-2.990547888957614191e+02 -2.990050409429067031e+02 7.362024722162785473e-01 6.323057529926300191e+01
-1.996451589678472658e+02 -2.000000000000000000e+02 1.064523096458211304e+00 6.324440010786056376e+01
-9.900605236280019028e+01 -9.984391337200929684e+01 3.620878456205493201e+00 6.308441709280013754e+01
1.404545750599904181e+02 1.167572201841821879e+02 6.030437372187613931e+01 6.307401599884033061e+01
2.002357609199527246e+02 2.000000000000055707e+02 7.077539495104375744e-01 6.328373500108718730e+01
3.015319708936644929e+02 3.020211382353943463e+02 8.766209817925844083e-01 6.317378269433974936e+01
4.017403406037857962e+02 4.020987206817489437e+02 8.745777148681603830e-01 6.317121529579162598e+01
5.000210241026293261e+02 5.000197293441220268e+02 2.611373254634772462e-02 6.314994535446167134e+01
6.000184602287674807e+02 6.000194318197550274e+02 4.235066930063082977e-03 6.315075504779815674e+01
7.650000000000007958e+02 8.000000000000000000e+02 4.769696007084613143e+01 6.314066084623336650e+01
8.231321407224016866e+02 8.000000000000000000e+02 4.075671939321843240e+01 6.315828495025634481e+01
1.001384849534509158e+03 9.474497687265132981e+02 1.170286810490289469e+02 6.316735099554061605e+01
1.005233856592534380e+03 1.000000000000000000e+03 1.190305004920283061e+01 6.390071120262145854e+01
1.115000000000000000e+03 1.100000000000000000e+03 3.570714214271424680e+01 6.393192604780197286e+01
1.200232823930639597e+03 1.200080948985142413e+03 2.824295084582200688e-01 6.405860790014267536e+01
1.359628927218238687e+03 1.356118341686962367e+03 5.719983686382013843e+01 6.400091619491577433e+01
1.415000000000000000e+03 1.400000000000000000e+03 3.570714214271421838e+01 6.325079715251922607e+01
