-1.400000000000000000e+03 -1.400000000000000000e+03 0.000000000000000000e+00 2.230653295516967916e+01
5.233610476672309233e+03 5.166507888004031884e+03 2.949736329715645297e+03 2.254364354610443044e+01
-1.200000000000000000e+03 -1.200000000000000000e+03 0.000000000000000000e+00 2.232368409633636475e+01
-1.100000000000000000e+03 -1.100000000000000000e+03 0.000000000000000000e+00 2.234507761001587056e+01
-9.999999999999848797e+02 -9.999999999999904503e+02 1.694955992224898861e-11 2.235699719190597534e+01
-8.999999999999993179e+02 -8.999999999999997726e+02 1.462765736585117845e-12 2.242174504995346140e+01
-7.999999971222334807e+02 -8.000000000000000000e+02 8.633299830762550318e-06 2.244206694364547872e+01
-6.909989021870644592e+02 -7.000000000000000000e+02 9.951088415618311700e+00 2.235508699417114187e+01
-5.998240712258458416e+02 -6.000000000000000000e+02 3.081993337212647344e-01 2.297842129468917705e+01
-4.999453809077566575e+02 -4.999568531466083527e+02 4.862734466866232980e-02 2.239433130025863505e+01
-3.997015122828720450e+02 -4.000000000000000000e+02 4.559475192511920905e-01 2.243218615055084086e+01
-2.994030245657440332e+02 -3.000000000000000000e+02 7.959672456746375024e-01 2.245926549434661723e+01
-1.991190316583655431e+02 -2.000000000000000000e+02 1.225866968732392204e+00 2.243223215341567922e+01
-9.516492101311840202e+01 -9.968782674401859367e+01 1.319646627889761170e+01 2.237549070119857930e+01
1.309445693803525614e+02 1.085346967200817971e+02 4.561477604475879843e+01 2.233375290632248067e+01
2.002415879875643725e+02 2.000000000000015348e+02 5.141413789437976334e-01 2.258409010171890330e+01
3.017445465147735604e+02 3.020375120359877883e+02 7.220263072886778932e-01 2.239273614883422781e+01
4.014702832276022946e+02 4.020687603958306227e+02 1.142527906723338926e+00 2.241614519357681345e+01
5.000148193671266199e+02 5.000049602170740286e+02 1.808146827516977223e-02 2.235346394777297974e+01
6.000184602287674807e+02 6.000194318197550274e+02 4.235066930063083844e-03 2.233340500593185496e+01
7.500000000000000000e+02 7.500000000000000000e+02 5.000000000000000000e+01 2.248071069717407156e+01
8.313850010560003057e+02 8.000000000000000000e+02 8.429095823370448670e+01 2.248227219581604075e+01
9.954419350406769809e+02 9.813122489636946284e+02 1.047452957812535885e+02 2.246570605039596558e+01
1.010420688871651919e+03 1.000000000000000000e+03 2.263571708924778747e+01 2.311108900308608938e+01
1.110000000000000000e+03 1.100000000000000000e+03 3.000000000000000000e+01 2.308126409053802419e+01
1.204695354859161398e+03 1.200435134724740237e+03 9.881528036294341177e+00 2.315836300849914409e+01
1.359738679859698777e+03 1.310470459887245170e+03 6.240052224101466294e+01 2.316142859458923198e+01
1.405000000000000000e+03 1.400000000000000000e+03 2.179449471770336899e+01 2.256181944608688283e+01
