-1.399999999881643589e+03 -1.399999999964914196e+03 1.553798229396033998e-07 2.460664254426956177e+01
-1.415340390808266022e+02 -1.079137856151878168e+03 1.846883747340984428e+03 2.478046585321426321e+01
-1.199999981680310611e+03 -1.199999999035297606e+03 6.678877105839464852e-05 2.455795445442199565e+01
-1.099999990042383615e+03 -1.099999995289056415e+03 1.849733767649138562e-05 2.462737104892730855e+01
-9.999999033614061545e+02 -9.999999434813473727e+02 1.000788127091080051e-04 2.467366894483566142e+01
-8.999999999964359176e+02 -8.999999999990570814e+02 6.335090664704285262e-09 2.464543495178222798e+01
-7.999990825841171045e+02 -7.999990169405630240e+02 7.124440694534463691e-04 2.478252865076064992e+01
-6.949986707768770202e+02 -6.999982697611516187e+02 8.659668199803524757e+00 2.467392680644989156e+01
-5.998628613568746459e+02 -5.999982219439350501e+02 2.763737769692415358e-01 2.558270779848098897e+01
-4.999904919369779464e+02 -4.999926002307724957e+02 1.534305581913818564e-02 2.467900189161300517e+01
-3.999999997964956719e+02 -3.999999998441003299e+02 2.365871086827663597e-07 2.475647095441818379e+01
-2.999999995087658817e+02 -2.999999998944655886e+02 9.133526328887636414e-07 2.479060280323028564e+01
-1.999999991405967705e+02 -1.999999999528643855e+02 2.762129350667788648e-06 2.477790689468383789e+01
-9.911530722257137427e+01 -9.999999433977620811e+01 3.643097628079300154e+00 2.468465465307235718e+01
1.018942680278990878e+02 1.003121749459942293e+02 4.958804023846586695e+00 2.473976664543151927e+01
2.000447126624355008e+02 2.000065481477470257e+02 1.157742103659304550e-01 2.495041655302047801e+01
3.008130002479068708e+02 3.000002346587830289e+02 9.946947428539798519e-01 2.466555039882659983e+01
4.011419269804782175e+02 4.020102024766943032e+02 1.003008075579923997e+00 2.473979229927062917e+01
5.000009864673921811e+02 5.000000000000000000e+02 4.299911667698971644e-03 2.464355964660644460e+01
6.000106876574636772e+02 6.000194318197553685e+02 9.667035193738042140e-03 2.464706110954284668e+01
7.000084660140022379e+02 7.000035686304611318e+02 1.123220908761336789e-02 2.484441515207290507e+01
8.000007739726260070e+02 8.000003661709137077e+02 1.230077563590193821e-03 2.485069035291671824e+01
9.391251704191012095e+02 9.000007048061166870e+02 7.042232077525085288e+01 2.484701780080795430e+01
1.000000260562469293e+03 1.000000207806853382e+03 2.096985068685087235e-04 2.578999425172805715e+01
1.100001213524361901e+03 1.100000873072102422e+03 8.686073047414371359e-04 2.577186945676803731e+01
1.200103221818046222e+03 1.200000016913242462e+03 1.688931113021800712e-01 2.583404109477996968e+01
1.335555765834170870e+03 1.301216185491686701e+03 4.729682205952498464e+01 2.581563766002654958e+01
1.400005180652991157e+03 1.400005223866857705e+03 4.227308599560029162e-03 2.494307495355606008e+01
