-1.399999999999999773e+03 -1.400000000000000000e+03 5.972617844492423294e-13 5.827815510034561441e+01
5.501031252519491090e+02 -3.630402436419002470e+02 2.014407646445708224e+03 5.846326124668121338e+01
-1.199999999999992497e+03 -1.199999999999998636e+03 1.656959821673436924e-11 5.829430395364761353e+01
-1.099999999999991360e+03 -1.099999999999999091e+03 1.396674149382445451e-11 5.831372264623642110e+01
-9.999999997504925204e+02 -9.999999999229771674e+02 3.638148147263837110e-07 5.838792189359664775e+01
-9.000000000000000000e+02 -9.000000000000000000e+02 3.863680255555307123e-13 5.830268729925155924e+01
-7.999999976285537286e+02 -7.999999993122586375e+02 4.683410414525279648e-06 5.840886445045471476e+01
-6.949999324141969055e+02 -6.999999985444671893e+02 8.660368359740859390e+00 5.838346810340881632e+01
-5.998372406275399271e+02 -5.999999721254655469e+02 3.291822761359948224e-01 5.911136865615844727e+01
-4.999854503476569221e+02 -4.999901353279017258e+02 1.817051164887887107e-02 5.836762219667434692e+01
-3.999999999999998863e+02 -3.999999999999999432e+02 2.767288025242597661e-13 5.844300049543380737e+01
-2.997512602357190303e+02 -2.999999999999964757e+02 4.308299095892312858e-01 5.844637774229049398e+01
-1.999005040942832352e+02 -1.999999999999994316e+02 4.336925982818857772e-01 5.844044015407562398e+01
-9.993756534879491937e+01 -9.999999999999818101e+01 1.248693023950551151e-01 5.835742635726928995e+01
1.167049023001440844e+02 1.006243465119664506e+02 3.136237136115302349e+01 5.839365694522857808e+01
2.000001429716089945e+02 2.000000303103448971e+02 4.972806537237159027e-04 5.861548579931259439e+01
3.010101489850690086e+02 3.010098034281794526e+02 1.010149431820495547e+00 5.837594245672225668e+01
4.015091939391747928e+02 4.020504783744737551e+02 9.601804245788583270e-01 5.839359509944915771e+01
5.000049323360256608e+02 5.000000000000000000e+02 1.750805606358775413e-02 5.840993959903717325e+01
6.000126306828412908e+02 6.000194318197550274e+02 9.268387308959218779e-03 5.833990595340728902e+01
7.200000080912111571e+02 7.000000109175542775e+02 3.999999726017784951e+01 5.849922585487365723e+01
8.000000005660325542e+02 8.000000003270264415e+02 6.051269112059269817e-07 5.849101644754409790e+01
9.291245102247241903e+02 9.000000007879706345e+02 6.813074345480106331e+01 5.849179760217666768e+01
1.000000000383978886e+03 1.000000000163324103e+03 5.503453750961401514e-07 5.924992960691452026e+01
1.100000001376754653e+03 1.100000000635602646e+03 1.441248025729727249e-06 5.922678095102310181e+01
1.200133068376996107e+03 1.200080948985154237e+03 1.777475335452844141e-01 5.930728764533996866e+01
1.357067914347890337e+03 1.400000000055930741e+03 4.968142420249418478e+01 5.928352160453796671e+01
1.405000019123751827e+03 1.400000003808900146e+03 2.179449074477000181e+01 5.856682155132293843e+01
