-1.399999993827404523e+03 -1.399999997492466264e+03 8.512625379341220744e-06 3.722891759872436523e+01
-9.282911341439237276e+02 -1.276585611276146437e+03 8.094163995887274723e+02 3.732389014959335327e+01
-1.199983097076119066e+03 -1.199995403354084601e+03 2.743304656967602076e-02 3.726446164846420572e+01
-1.099890035031537082e+03 -1.099973200245460930e+03 1.847338481639913821e-01 3.727551580667496012e+01
-9.999992008842571067e+02 -9.999993627436856514e+02 6.133358352739986304e-04 3.727769409418105795e+01
-8.999999966672352230e+02 -8.999999969623312381e+02 3.020039496921595994e-06 3.725177339315414571e+01
-7.999698871040429822e+02 -7.999836222646491706e+02 3.124033520873113062e-02 3.733264650106430338e+01
-6.919531004588695851e+02 -6.998967302398615402e+02 9.760509106996426709e+00 3.733741589784622050e+01
-5.997938457959182870e+02 -5.999782897405978019e+02 3.378551786092946485e-01 3.787255529165268086e+01
-4.999759208923281335e+02 -4.999763155635967564e+02 1.408630472079241622e-02 3.728674449920654155e+01
-3.999999825078724029e+02 -3.999999932845261128e+02 2.056946344772280733e-05 3.736166614294052124e+01
-2.999999231668908806e+02 -2.999999687517600933e+02 1.135474379539384707e-04 3.736778769493103169e+01
-1.999999552515385801e+02 -1.999999666139543422e+02 3.893683218691080703e-05 3.737673299312591269e+01
-9.999976694533245336e+01 -9.999989960498783148e+01 3.204779902130322315e-04 3.732251075506210469e+01
1.055516616957798277e+02 1.003122802357237333e+02 1.344347339432599675e+01 3.732901215553283691e+01
2.003211572574950310e+02 2.002916505269749905e+02 1.579756739940294807e-01 3.748823080062866353e+01
3.007078666202502291e+02 3.000019821726920100e+02 9.630771285761119405e-01 3.731595959663390971e+01
4.011945171510841419e+02 4.020133561969593075e+02 9.418503531920455751e-01 3.732688235044479086e+01
5.000009882938290389e+02 5.000000000112029284e+02 4.307293648763707052e-03 3.727858899831771566e+01
6.000097358414018345e+02 6.000098158466212226e+02 9.696249322243822438e-03 3.728681484460830831e+01
7.000467425395776218e+02 7.000406110475946662e+02 3.032465224898284184e-02 3.740915600061416768e+01
8.050037621576854008e+02 8.000027663570549521e+02 2.179387319947461776e+01 3.739889400005340292e+01
9.482575842973295721e+02 9.000062582264763478e+02 8.747354869651790921e+01 3.741658389568328857e+01
1.000002055876404711e+03 1.000001848249814429e+03 1.239290672129512516e-03 3.796235059499740316e+01
1.100007971652188644e+03 1.100007614184052272e+03 5.560830510337041836e-03 3.797814445495605185e+01
1.200168988031704203e+03 1.200080983541294700e+03 1.980114298634491066e-01 3.802008215188980245e+01
1.317354003764790377e+03 1.302702951419120836e+03 3.476437854284701956e+01 3.800930615663528300e+01
1.400034783849650012e+03 1.400025953614774380e+03 2.371996584608895148e-02 3.746721069812774374e+01
