-1.399999999577836888e+03 -1.399999999828194632e+03 6.919903831013976300e-07 5.435099979639053203e+01
-3.501449449786863966e+02 -9.678445743328436492e+02 1.148609219774661369e+03 5.451175345182419107e+01
-1.199998961008198876e+03 -1.199999745555418940e+03 2.915814643565300089e-03 5.438704330921173380e+01
-1.099997103023007639e+03 -1.099999581106289497e+03 5.685374368356628169e-03 5.442804884910583496e+01
-9.999998149209714029e+02 -9.999998402789439069e+02 1.119851656315697043e-04 5.438905605077743388e+01
-8.999999997912107119e+02 -8.999999999567872919e+02 3.844249062930852642e-07 5.437977069616317749e+01
-7.999967565959293552e+02 -7.999985503843652168e+02 4.056915512684181047e-03 5.452692869901657247e+01
-6.939937935821242263e+02 -6.999922910265058817e+02 9.161300369983045755e+00 5.450449609756469727e+01
-5.996569736612826773e+02 -5.999885074144403916e+02 3.733360272267249313e-01 5.526682360172272013e+01
-4.999816998116817786e+02 -4.999901850171087858e+02 2.297637414573849846e-02 5.446504729986190796e+01
-3.999999989531989968e+02 -3.999999994010416344e+02 1.619378380690620305e-06 5.454891734123229696e+01
-2.998507530800669088e+02 -2.999999982162171364e+02 3.552704387153661769e-01 5.453849359750747539e+01
-1.999999955686272983e+02 -1.999999979578016394e+02 7.491059094773610650e-06 5.453509800434112265e+01
-9.999999022627447687e+01 -9.999999582615686222e+01 1.429147763374979606e-05 5.448454954624175883e+01
1.087673215393568569e+02 1.003123515875738008e+02 2.628793931308319998e+01 5.449026895761490152e+01
2.000859451316947002e+02 2.000696700860189594e+02 5.437737806548902098e-02 5.475003705024719380e+01
3.013129859845982423e+02 3.020196134719053020e+02 9.634290773901416083e-01 5.448220795392990112e+01
4.013525748163352773e+02 4.020059807563586673e+02 9.300387165140395762e-01 5.449598029851913594e+01
5.000029595270225400e+02 5.000000000000069349e+02 7.045082556136758427e-03 5.437956664562225484e+01
6.000087451154106475e+02 6.000000064215080329e+02 9.666489655587409344e-03 5.442658289670944072e+01
7.100106131376895746e+02 7.000126312730610607e+02 2.999683332625134469e+01 5.460249134302139140e+01
8.050008709812234429e+02 8.000007701634604018e+02 2.179450763723834328e+01 5.459639090299606323e+01
9.532496393359153899e+02 9.000008453138374307e+02 8.743321376147112289e+01 5.461989409923553751e+01
1.000000300959121660e+03 1.000000199450645823e+03 2.291182884308998484e-04 5.542281875610351705e+01
1.100001633413532772e+03 1.100001564588104884e+03 1.229326126310769773e-03 5.539500025510788106e+01
1.200059739776875404e+03 1.200000058796121948e+03 1.291489731049300371e-01 5.546272629499435425e+01
1.336181892448082408e+03 1.301284814222381101e+03 4.800209089462889267e+01 5.545899004936218546e+01
1.400008347594909083e+03 1.400006025562136756e+03 7.611377377587106446e-03 5.480163369178772115e+01
