-1.399999998977604264e+03 -1.399999999347841367e+03 1.267338917209019733e-06 8.559819434881210043e+01
6.435253553218602974e+03 8.522022809741501987e+03 5.552254337228346230e+03 8.564929960966109945e+01
2.080334712939038873e+07 -1.199997590755141800e+03 9.020091503983338177e+07 8.561979750394820599e+01
-1.099965772145745404e+03 -1.099988863892003792e+03 6.149269089557909962e-02 8.563125244379043011e+01
-9.999994859165748267e+02 -9.999998893107245976e+02 8.701843454283821619e-04 8.561260575056076050e+01
-8.999070266969823706e+02 -8.999417952098497153e+02 1.341150715505687041e-01 8.559074760675430582e+01
-7.951049688558516664e+02 -7.990492949388722081e+02 7.821455991959612497e+00 8.566332780122756674e+01
-6.834071908814152039e+02 -6.799999886701066316e+02 6.109265402149203439e+00 8.563428930044173626e+01
-5.994800801140598878e+02 -5.995491282164389304e+02 4.545227283037696631e-01 8.596935855150222494e+01
-4.898441475782406087e+02 -4.953932583837379298e+02 9.460780969250633277e+00 8.563304389715194986e+01
-3.999005000128352663e+02 -3.999999955335462687e+02 2.984868070516997762e-01 8.566641149520873455e+01
-2.974616524486307299e+02 -2.990038607934875472e+02 2.344990017675235183e+00 8.567249234914780232e+01
-1.971037613772666361e+02 -1.971206152386762938e+02 1.667577920725942464e+00 8.570418145656586262e+01
-8.725930854277429205e+01 -9.937561841318387224e+01 1.785758943866329318e+01 8.564190900325775146e+01
2.274913893470176731e+02 2.203881151856742235e+02 5.999384401463158412e+01 8.565129630565643026e+01
2.013949135541421924e+02 2.015640914904755618e+02 9.644463151308554361e-01 8.575381140708923056e+01
3.019531283940594903e+02 3.020508688719305610e+02 4.397750026671726764e-01 8.564158349037170126e+01
4.026579289722334920e+02 4.022266671419297381e+02 1.317092078920329756e+00 8.564584419727324871e+01
5.000452722315512801e+02 5.000170965629347393e+02 5.578362831890493201e-02 8.560374765396117880e+01
6.001485225233304845e+02 6.000744481510298556e+02 2.296379947807894173e-01 8.564146980047226521e+01
8.000048843064465700e+02 8.000021843283702765e+02 5.476960831067975022e+01 8.569944984912872599e+01
8.743356044182952473e+02 8.664175910582069946e+02 7.774778062940829670e+01 8.569532489776611328e+01
1.113136017306282838e+03 1.166490369418135742e+03 9.749671151681906167e+01 8.569612040519714924e+01
1.042795304312566941e+03 1.021281685597581600e+03 4.043615627680549096e+01 8.602214299440383627e+01
1.179555003094584663e+03 1.202798872730439598e+03 3.769093672991240140e+01 8.603630570173262981e+01
1.242867773396011444e+03 1.227957960852995484e+03 4.231387605229756588e+01 8.604998019933699993e+01
1.427892468231799512e+03 1.431665153581526283e+03 7.733363357186064491e+01 8.604433754682540325e+01
1.500006150603888045e+03 1.500001615079606381e+03 9.486757818852576918e+01 8.572710909843445393e+01
