-1.400000000000000000e+03 -1.400000000000000000e+03 0.000000000000000000e+00 2.356986640691757273e+01
2.013948823499988748e+03 -3.269426097275896268e+02 3.606332949016304610e+03 2.366931904554366994e+01
-1.200000000000000000e+03 -1.200000000000000000e+03 0.000000000000000000e+00 2.354733989238739156e+01
-1.100000000000000000e+03 -1.100000000000000000e+03 0.000000000000000000e+00 2.357926489114761281e+01
-9.999999999951847940e+02 -9.999999999996524593e+02 9.050179712327304933e-09 2.360618115663528371e+01
-9.000000000000000000e+02 -9.000000000000000000e+02 0.000000000000000000e+00 2.357291824817657400e+01
-7.999999999784917009e+02 -7.999999999939816462e+02 2.956854566356751885e-08 2.358976215124130249e+01
-6.939998237656991478e+02 -6.999999999900824150e+02 9.165420577936979285e+00 2.357381020784378123e+01
-5.997247833907686072e+02 -5.999999982615385079e+02 3.787493697079499788e-01 2.414282189607620310e+01
-4.999785455701713772e+02 -4.999901353279384466e+02 1.805634241043743010e-02 2.354578434228897166e+01
-4.000000000000000000e+02 -4.000000000000000000e+02 1.271057486462603742e-14 2.365124419927597188e+01
-2.997015122828720450e+02 -3.000000000000000000e+02 4.559475192511921460e-01 2.363870534896850728e+01
-2.000000000000000000e+02 -2.000000000000000000e+02 2.620352136458702580e-14 2.365666579008102488e+01
-9.995317401160276916e+01 -1.000000000000000000e+02 1.114681482448239558e-01 2.358466376066207815e+01
1.028257562836089107e+02 1.003121732559816337e+02 5.899581297181542006e+00 2.358420394659042429e+01
2.000000003945458218e+02 2.000000001268504661e+02 5.755558755829337575e-07 2.375377739667892385e+01
3.015303112551506501e+02 3.020211382353943463e+02 8.779770689379001736e-01 2.358840410709381175e+01
4.015928121244248814e+02 4.020438560611946173e+02 8.721769744727478901e-01 2.360498609542846538e+01
5.000039458688244167e+02 5.000000000000000000e+02 7.891737648810704178e-03 2.364480614662170410e+01
6.000165170467919324e+02 6.000194318197550274e+02 6.938547500843659718e-03 2.363113869428634573e+01
7.000000001323077186e+02 7.000000000508064204e+02 1.489604684434249594e-07 2.366786525249481343e+01
8.000000000150030246e+02 8.000000000031509444e+02 4.117502871783335623e-08 2.366605584621429514e+01
1.011180197141320832e+03 1.000000000001800117e+03 1.199769273836073324e+02 2.366568800210952617e+01
1.000157000024403487e+03 1.000000000002657998e+03 6.843471935807728945e-01 2.424110435247421336e+01
1.100000000015224487e+03 1.100000000006982646e+03 1.821990021567627531e-08 2.425869444608688497e+01
1.200150777663721328e+03 1.200080948985142413e+03 1.889628251112899782e-01 2.431182910203933645e+01
1.356912811436994389e+03 1.400000000000136879e+03 4.988111136350305230e+01 2.428267499208450175e+01
1.405000000160607215e+03 1.400000000042684860e+03 2.179449468091667441e+01 2.372221089601516653e+01
