-1.399999999999999091e+03 -1.400000000000000000e+03 4.004295092329934056e-12 4.937581934928893901e+01
8.609462321905250803e+01 -7.936053734635485171e+02 1.872576200112905781e+03 4.948286420106887817e+01
-1.200000000000000000e+03 -1.200000000000000000e+03 2.096281709166962064e-13 4.926942420005798340e+01
-1.100000000000000000e+03 -1.100000000000000000e+03 1.136868377216160297e-13 4.934860340356826924e+01
-9.999999999796684733e+02 -9.999999999982851477e+02 5.170653471604683070e-08 4.927955784797668315e+01
-8.999999999999947704e+02 -9.000000000000000000e+02 2.289311091857568532e-11 4.939010839462279989e+01
-7.999999979455130870e+02 -7.999999995799653334e+02 6.281172811405056921e-06 4.948620929718017436e+01
-6.959999268421533998e+02 -6.999999999261603989e+02 8.000145935500846406e+00 4.938333984613418437e+01
-5.998874955993539970e+02 -5.999999880125074014e+02 2.677652047868869789e-01 5.011452500820159628e+01
-4.999923566037107889e+02 -4.999926039596658711e+02 8.137063097573964468e-03 4.944330575466155864e+01
-3.999999999999970441e+02 -3.999999999999999432e+02 1.128473584520725643e-11 4.950271835327148295e+01
-2.999999999999987494e+02 -3.000000000000000000e+02 3.073174135533089192e-12 4.953667834997177266e+01
-1.999999999999999716e+02 -2.000000000000000000e+02 5.789942402845827794e-14 4.952074559926986552e+01
-9.989073936032896484e+01 -9.999999999999965894e+01 2.041097514308696514e-01 4.946071175336837911e+01
1.073330533517326302e+02 1.003121732559823158e+02 1.686439453853182613e+01 4.945813560485839844e+01
2.000364813382267641e+02 2.000000018177676679e+02 1.118926643847600183e-01 4.961906764507293843e+01
3.014555431353521158e+02 3.020196068559077389e+02 8.883179535935616933e-01 4.945523964166640951e+01
4.013747976646058078e+02 4.020021061518295937e+02 9.021605856563222892e-01 4.949360675811767862e+01
5.000019729344121515e+02 5.000000000000000000e+02 5.918803236608029435e-03 4.940030845403671123e+01
6.000068011369144187e+02 6.000000000000000000e+02 9.268387309573572833e-03 4.941241350173950053e+01
7.150000332373676883e+02 7.000000092484119705e+02 3.570712826275517671e+01 4.955984274148941182e+01
8.000000005023828180e+02 8.000000001135633738e+02 1.439828037640364448e-06 4.955430384874343730e+01
1.013685427361574284e+03 1.000000000004264393e+03 1.175842280501547918e+02 4.946799899339676188e+01
1.000000000087505782e+03 1.000000000044962462e+03 1.481323577409329292e-07 5.021650664806365683e+01
1.100000001284471637e+03 1.100000000202663387e+03 1.989740702615088890e-06 5.022095140218734599e+01
1.200186196237718377e+03 1.200080948985142413e+03 2.050628275935763578e-01 5.028883479833602621e+01
1.380102233484307817e+03 1.400000000010707936e+03 3.979622748568606738e+01 5.025444359779358194e+01
1.405000002551686748e+03 1.400000000673036993e+03 2.179449418782272119e+01 4.961672329902648926e+01
