-1.400000000000000000e+03 -1.400000000000000000e+03 0.000000000000000000e+00 2.739155290126800679e+01
3.113575734232607374e+03 1.777196366729050396e+03 4.145069175861358417e+03 2.739771029949188375e+01
-1.200000000000000000e+03 -1.200000000000000000e+03 0.000000000000000000e+00 2.739146854877471782e+01
-1.100000000000000000e+03 -1.100000000000000000e+03 0.000000000000000000e+00 2.741872390508651591e+01
-9.999999999999863576e+02 -9.999999999999943157e+02 2.186208530874448604e-11 2.740949645042419291e+01
-8.999999999999632792e+02 -9.000000000000000000e+02 1.585275350821639274e-10 2.731999199390411448e+01
-7.999999999999880629e+02 -7.999999999999974989e+02 3.402485806078030945e-11 2.730326009988784719e+01
-6.929999085003119035e+02 -6.999999999999690772e+02 9.539516711608879262e+00 2.734817624092102051e+01
-5.998500178711535682e+02 -5.999999999999997726e+02 2.999642574797292682e-01 2.816514369249343730e+01
-4.999504337189276271e+02 -4.999728746156046100e+02 7.108631287178800162e-02 2.737790814638137959e+01
-4.000000000000000000e+02 -4.000000000000000000e+02 0.000000000000000000e+00 2.749605089426040649e+01
-2.990547891476524001e+02 -2.990050409429067031e+02 9.684884931820899601e-01 2.748220674991607737e+01
-1.994860112744068772e+02 -2.000000000000000000e+02 8.902545872448910380e-01 2.749026615619659353e+01
-9.995317401160278337e+01 -1.000000000000000000e+02 1.114681482448199729e-01 2.737583134174347066e+01
1.669045949840327410e+02 1.460094904489554324e+02 6.826292789548465123e+01 2.733536450862884593e+01
2.000000000009279688e+02 2.000000000001961666e+02 1.918350995203759488e-09 2.756163129806518697e+01
3.014180358074519290e+02 3.020197639804966911e+02 9.273279696354224111e-01 2.742955715656280447e+01
4.018317725040436699e+02 4.020888028773524070e+02 7.431021491428221326e-01 2.742536884546279907e+01
5.000123594576191977e+02 5.000099204341481709e+02 1.359045505489779072e-02 2.739639714956283711e+01
6.000165170467919324e+02 6.000194318197550274e+02 6.938547500843657984e-03 2.744863480329513550e+01
7.550000000000979981e+02 8.000000000000002274e+02 4.974937185523388905e+01 2.744397464990615987e+01
8.343964221672109716e+02 8.000000000000050022e+02 6.249403549452348727e+01 2.745014749765396189e+01
1.056232719102244801e+03 1.143671584652913225e+03 1.338400358702034509e+02 2.744127154350280762e+01
1.005825854110540945e+03 1.000000000000000455e+03 1.226436883455464510e+01 2.830048199892043925e+01
1.120000000000013642e+03 1.100000000000003411e+03 3.999999999999378986e+01 2.829791030883789205e+01
1.200661023331088700e+03 1.200258041854941439e+03 1.248912903316264256e+00 2.841169879436493062e+01
1.346094684718292001e+03 1.310023117196498333e+03 4.939889621164674338e+01 2.838292388916015696e+01
1.435000000000036607e+03 1.400000000000064119e+03 4.769696007082200140e+01 2.752485325336456157e+01
