-1.400000000000000000e+03 -1.400000000000000000e+03 8.806144583576081053e-14 8.513969980001450040e+02
4.157311436381351086e+05 3.945149791883586440e+05 1.549052929569139087e+05 8.550665357470512618e+02
4.840992508374511264e+06 3.973220337747107806e+03 1.288287516213219240e+07 8.547710647940635909e+02
4.678509312716623754e+03 4.263064958826547809e+03 1.917412638299502532e+03 8.566077788472175598e+02
-9.999996938388618446e+02 -9.999996882204291069e+02 3.871563233735397829e-05 8.472838975906372525e+02
-8.866972405682523686e+02 -8.898935257394623477e+02 6.558094854818242503e+00 8.461266157507895969e+02
-7.982835007404553380e+02 -7.988257570328253223e+02 1.913911230999524982e+00 8.663366528034209750e+02
-6.790638500290212960e+02 -6.790603588221257496e+02 4.664863789045174680e-02 8.498230038523673784e+02
-5.798067675588955581e+02 -5.837577375590178690e+02 9.795830643325293963e+00 9.832976478576659929e+02
-4.999911291769320769e+02 -4.999901427153921531e+02 4.947522551263345940e-03 8.550413142561912991e+02
-3.751260386906688495e+02 -3.746285641953973595e+02 6.821085966188978666e+00 8.577817163586616971e+02
-2.735142985110186373e+02 -2.751260361672153749e+02 6.605876713420170354e+00 8.629134199976921309e+02
-1.282174695459573570e+02 -1.292360959809740280e+02 1.775706442916583683e+01 8.607940034508704912e+02
1.225694659910639302e+03 1.264195896493534747e+03 3.360177396066814026e+02 8.431248988032341458e+02
4.128127294770620210e+03 3.772248107350267674e+03 1.297785460818605088e+03 8.552092872500419389e+02
2.021307562877038890e+02 2.022880033466908571e+02 4.538731198522890642e-01 8.989736155390739896e+02
3.508675604702319220e+02 3.526169652513757455e+02 1.755514815902448333e+01 8.498944382429123152e+02
4.920571798748840706e+02 4.630615110686861726e+02 5.905277245847346279e+01 8.593240278959274292e+02
5.025029094420381739e+02 5.024082226801721163e+02 5.531530672906513901e-01 8.503159144997596286e+02
6.104737988142386484e+02 6.102942988969563203e+02 1.265547122368583244e+00 8.569339496970176242e+02
9.821576889530863355e+02 1.000000000551415951e+03 5.662421704015836355e+01 8.610462859034538496e+02
1.994864608758198983e+03 2.044699264717588449e+03 3.860062878932285457e+02 8.588929162979126204e+02
4.804247699267596545e+03 4.792374579853149953e+03 1.228139528015376072e+03 8.702463513970375288e+02
1.237191815271196219e+03 1.235971727751534900e+03 6.976473841396991560e+00 9.935636514425277710e+02
1.345927906360386714e+03 1.345073719219926943e+03 7.489067743964952228e+00 9.925163101077080228e+02
1.482186635280089376e+03 1.521010465261094851e+03 6.054343612278087505e+01 1.001074463450908638e+03
1.921010080823049520e+03 1.891877573152135938e+03 7.343661335790565658e+01 9.977181496500968478e+02
1.700000001201235818e+03 1.700000001150423486e+03 5.987009909184881956e-07 8.783246796488762129e+02
