-1.400000000000000000e+03 -1.400000000000000000e+03 7.190186943645083856e-14 2.224788334369659282e+01
5.493779657817384759e+03 5.268515591299772495e+03 4.952988830871962818e+03 2.236430560350418162e+01
-1.200000000000000000e+03 -1.200000000000000000e+03 0.000000000000000000e+00 2.222554810047149587e+01
-1.100000000000000000e+03 -1.100000000000000000e+03 0.000000000000000000e+00 2.227436075210571431e+01
-9.999999999999106421e+02 -9.999999999999729425e+02 1.455072679711266887e-10 2.225584380626678538e+01
-8.999041280418314273e+02 -8.999688834629500889e+02 2.044341980269152315e-01 2.228987895250320506e+01
-7.942406032676813084e+02 -7.968688395529527497e+02 6.312238243445496444e+00 2.229268529415130473e+01
-6.819651983255560026e+02 -6.799627093244259868e+02 6.008896044570785300e+00 2.224161190986633230e+01
-5.993450024549289310e+02 -5.992419898851569542e+02 3.521919411791152865e-01 2.285433335304260183e+01
-4.818288103524806729e+02 -4.962033288595811200e+02 2.355022345185679455e+01 2.232904120683669902e+01
-3.990050414466886650e+02 -3.990050409429067031e+02 1.297266543275525263e+00 2.235150974988937378e+01
-2.954231959007996693e+02 -2.955226892804906811e+02 2.991492978410616566e+00 2.236562958955764913e+01
-1.908456240347756534e+02 -1.931100512817871504e+02 7.227065561704550944e+00 2.234837855100631643e+01
-3.656012334539083497e+01 -6.236911964313560475e+01 8.664167956999052933e+01 2.224752709865570210e+01
2.421603912040818045e+02 2.179116854115778779e+02 1.368938047348511020e+02 2.228542749881744456e+01
2.017702713012437812e+02 2.013807970436219534e+02 1.596771897077480018e+00 2.242394955158233572e+01
3.028930046427391289e+02 3.027634781196021549e+02 1.678503521877105609e+00 2.232073155641555928e+01
4.044168064736649058e+02 4.041907513980632416e+02 2.342287012780537747e+00 2.235984590053558208e+01
5.002115850405815536e+02 5.000947968296089812e+02 3.464933560167028914e-01 2.228285700082778931e+01
6.003968727707931521e+02 6.004509633986551762e+02 2.715916191051136463e-01 2.227616604566573955e+01
7.800000000000000000e+02 8.000000000000000000e+02 4.000000000000001421e+01 2.234184254407882619e+01
9.475663110051593776e+02 9.247728940812392011e+02 1.220066827873669695e+02 2.234583144187927317e+01
1.146208931815101550e+03 1.167046685333775486e+03 7.996478468240947279e+01 2.231739280223846578e+01
1.065801793117002262e+03 1.053302638314388332e+03 3.536236971981991672e+01 2.298629574775695872e+01
1.205742509007469380e+03 1.205738138887936657e+03 8.894362944718791297e+00 2.296611984968185283e+01
1.246064351588168620e+03 1.233452407862008840e+03 3.825489198225375276e+01 2.304967803955078054e+01
1.466256132093568795e+03 1.444980721582664728e+03 8.269044541044783614e+01 2.302074040174484182e+01
1.465000000000000000e+03 1.500000000000000000e+03 7.262919523166974045e+01 2.353644340038299632e+01
