-1.399999999999999773e+03 -1.399999999999999773e+03 0.000000000000000000e+00 9.866181380987167131e+02
9.339327905079061165e+05 9.080442749601996038e+05 2.422859185060430609e+05 1.291151235544681640e+03
3.494680277586957067e+07 2.688749006655021757e+07 3.554175717082901299e+07 1.228993979454040527e+03
9.346915935089462437e+03 8.760487175709764415e+03 3.210323389244515511e+03 1.293832816195488022e+03
-9.999996535376374140e+02 -9.999996505804456319e+02 2.404090597829453533e-05 1.284038483250141098e+03
-8.565526684650301377e+02 -8.565526684650287734e+02 6.003483176672018378e-12 1.106144151449203491e+03
-7.695824996345176032e+02 -7.698709874746086825e+02 8.521706847560496456e+00 1.141388936090469315e+03
-6.788654430032037226e+02 -6.788634294836399476e+02 2.926454444837398028e-02 1.234741553747654052e+03
-5.436490526327586394e+02 -5.379425300042198614e+02 1.365508877917292629e+01 1.598597959947586105e+03
-4.999609424960077604e+02 -4.999655019662029645e+02 2.361369455542391624e-02 1.038113526844978423e+03
-3.181578538912582985e+02 -3.178161707163990854e+02 1.690612197032760022e+01 1.034245654153823807e+03
-2.258918561813085830e+02 -2.273360652234973998e+02 1.412054805452002704e+01 1.071733482801914306e+03
-3.612677848758184318e+00 -1.190979191259204129e+01 6.130591856849935795e+01 1.195879734301567169e+03
2.998081763653494818e+03 3.033208137492631067e+03 5.188019084194133939e+02 1.040731128191947846e+03
1.074136408905341341e+04 1.080788200020897420e+04 2.780637457896001251e+03 1.012405478155612968e+03
2.031227701688268041e+02 2.030847622814288229e+02 3.737890732825694395e-01 1.252393254303932281e+03
4.239315633457999866e+02 4.214949915859762655e+02 1.972096250045898458e+01 1.011278802692890167e+03
5.827837162261854473e+02 5.266952650819903283e+02 1.109486455088945860e+02 1.122579926002025559e+03
5.056666560085000128e+02 5.056298562576650966e+02 1.375719612352421573e+00 1.285896880447864532e+03
6.212185900700330876e+02 6.207112050997304777e+02 1.738506228705672729e+00 1.229994948494434311e+03
1.440342439857096679e+03 1.828262933976493059e+03 4.468868957639245423e+02 1.077796143996715500e+03
4.261301535569235966e+03 4.121855648809212653e+03 6.470857099709687645e+02 1.169639811599254699e+03
9.787517660142208115e+03 8.681913700415461790e+03 2.753058969414954390e+03 1.108596702504157975e+03
1.273832889409401560e+03 1.274593595525318278e+03 8.464521256073759048e+00 1.636557930755615189e+03
1.405350797618288652e+03 1.403844845121188882e+03 1.008603189263915567e+01 1.629278214895725341e+03
1.594610420991507226e+03 1.608189017767343557e+03 7.308820691016477156e+01 1.665368090152740479e+03
2.638852762022204388e+03 2.602206926593450135e+03 3.772493984481992584e+02 1.660281849205493927e+03
3.144288257833262378e+03 1.800000000000000909e+03 1.486303365834896567e+03 1.270228367102146194e+03
