-1.400000000000000000e+03 -1.400000000000000000e+03 0.000000000000000000e+00 5.281956449747085713e+01
1.126813086095869267e+03 -4.005485260795809381e+02 2.926679811210664866e+03 5.304750994443893575e+01
-1.200000000000000000e+03 -1.200000000000000000e+03 0.000000000000000000e+00 5.275261194705963419e+01
-1.100000000000000000e+03 -1.100000000000000000e+03 0.000000000000000000e+00 5.286407084465027140e+01
-9.999999999999938609e+02 -9.999999999999986358e+02 8.948966867309555835e-12 5.289885590076446675e+01
-8.999999999999997726e+02 -9.000000000000000000e+02 4.929343819794394142e-13 5.288281250000000000e+01
-7.999999885256622747e+02 -8.000000000000000000e+02 5.001547905942623748e-05 5.295448579788207866e+01
-6.899994220777048213e+02 -6.900001249954423201e+02 1.000057795673536276e+01 5.284277889728546285e+01
-5.998011071365485805e+02 -6.000000000000000000e+02 3.113300173365105561e-01 5.368709444999694824e+01
-4.999646125832705366e+02 -4.999728746156046100e+02 3.675563386787682185e-02 5.291639024019241333e+01
-3.999005040942906817e+02 -4.000000000000000000e+02 2.984877171279891050e-01 5.299480559825897075e+01
-2.996517643300173859e+02 -3.000000000000000000e+02 4.745652241830684570e-01 5.299811104536056661e+01
-1.995130697157374016e+02 -2.000000000000000000e+02 9.939627507214322533e-01 5.300028204917907715e+01
-9.981269604641116189e+01 -9.968782674401859367e+01 1.820267238484808148e-01 5.290775334835052490e+01
1.276883915062266226e+02 1.086907833480725003e+02 4.399038956241642495e+01 5.288058035373687460e+01
2.000000000000004547e+02 2.000000000000000000e+02 7.702755188385965402e-13 5.320909950733184957e+01
3.014646048226824178e+02 3.020196854182017319e+02 8.851394336122179185e-01 5.289857670068740703e+01
4.016267074439637668e+02 4.021127448911746569e+02 9.242076461212649363e-01 5.295155500173568441e+01
5.000088865691656110e+02 5.000000000000000000e+02 1.243955741736054235e-02 5.280904439687729024e+01
6.000182962723272340e+02 6.000194318197550274e+02 1.501897089353585076e-02 5.280301234722137593e+01
7.450000000000000000e+02 7.000000000000000000e+02 4.974937185533099182e+01 5.306897449493408203e+01
8.380316959533120098e+02 8.000000000000000000e+02 6.959707537421245149e+01 5.304327185153961466e+01
1.030702455591652551e+03 1.011671382546683617e+03 1.193271222329986756e+02 5.301853049993515299e+01
1.000157000014175310e+03 1.000000000000000000e+03 6.843471959249262104e-01 5.381895874738692953e+01
1.100000000000000000e+03 1.100000000000000000e+03 0.000000000000000000e+00 5.381777335405350016e+01
1.200422383425022872e+03 1.200080948985142413e+03 9.345593592997780696e-01 5.385502934455871582e+01
1.348691225446407316e+03 1.303713278397131489e+03 5.184203315734870898e+01 5.385556679964065552e+01
1.430000000000000000e+03 1.400000000000000000e+03 4.582575694955838941e+01 5.423866989612579204e+01
