-1.400000000000000000e+03 -1.400000000000000000e+03 0.000000000000000000e+00 2.615498685836791992e+01
9.322485394608354454e+02 3.031426622127619908e+02 2.420833567176272027e+03 2.630671210289001394e+01
-1.200000000000000000e+03 -1.200000000000000000e+03 0.000000000000000000e+00 2.613427495956420898e+01
-1.100000000000000000e+03 -1.100000000000000000e+03 0.000000000000000000e+00 2.616980555057525493e+01
-9.999999994034745896e+02 -9.999999999937729172e+02 1.365332360750908414e-06 2.616372530460357737e+01
-9.000000000000000000e+02 -9.000000000000000000e+02 2.542114972925207483e-14 2.612404350042343282e+01
-7.999999999998756266e+02 -7.999999999999943157e+02 2.879209215538849279e-10 2.630565890073776103e+01
-6.919997969971699376e+02 -6.999999999990986908e+02 9.798207600233922676e+00 2.611963884830474925e+01
-5.999625044040518560e+02 -5.999999999999938609e+02 1.634392210249306643e-01 2.697335729598999166e+01
-4.999823699783869415e+02 -4.999913696438024431e+02 1.847439477942023831e-02 2.624822155237198018e+01
-4.000000000000000000e+02 -4.000000000000000000e+02 0.000000000000000000e+00 2.628119094371795583e+01
-2.999502520471453408e+02 -3.000000000000000000e+02 2.168462991415098240e-01 2.629384495019912649e+01
-1.998010081885813349e+02 -2.000000000000000000e+02 5.969754342559783211e-01 2.629935069084167409e+01
-9.981269604641116189e+01 -9.968782674401859367e+01 1.529330376995364504e-01 2.625695264339447021e+01
1.077280530364708540e+02 1.006243465119628127e+02 8.263564455502573125e+00 2.626408115625381612e+01
2.000134441702016090e+02 2.000000000004376375e+02 5.807077336683219571e-02 2.648963754177093577e+01
3.016698198874011609e+02 3.020254966869721329e+02 7.339902304153909096e-01 2.625172646045684743e+01
4.016968060223751991e+02 4.020203134035687640e+02 7.232238575321248142e-01 2.625442074537277293e+01
5.000034554233257040e+02 5.000000000000000000e+02 7.167137032820278253e-03 2.610316125154495381e+01
6.000116590918530619e+02 6.000194318197550274e+02 9.519608634710225933e-03 2.618170825242996358e+01
7.200000000155233693e+02 7.000000000025579538e+02 3.999999999360384351e+01 2.639631080627441406e+01
8.000000000029812099e+02 8.000000000000593445e+02 1.130684995558135742e-08 2.637741245031356740e+01
1.009045590374944140e+03 9.893837089369750402e+02 1.160624978204081827e+02 2.630534750223159790e+01
1.000000000000286832e+03 1.000000000000001137e+03 7.846826251095675505e-10 2.712321879863738872e+01
1.105000000000560931e+03 1.100000000000026603e+03 2.179449471759121337e+01 2.712581354379653931e+01
1.200172534399944425e+03 1.200080948985142413e+03 1.952942534248833517e-01 2.715800005197525024e+01
1.365224583924575882e+03 1.400000000000000000e+03 4.739209732779158912e+01 2.717010329961776804e+01
1.405000000018055289e+03 1.400000000000354248e+03 2.179449471356146617e+01 2.646001479625702046e+01
