-1.400000000000000000e+03 -1.400000000000000000e+03 0.000000000000000000e+00 2.422046405076980591e+01
3.682754969422098839e+03 2.205857604857204024e+03 4.454483863127909899e+03 2.432895200252533030e+01
-1.200000000000000000e+03 -1.200000000000000000e+03 0.000000000000000000e+00 2.420075825452804708e+01
-1.100000000000000000e+03 -1.100000000000000000e+03 0.000000000000000000e+00 2.422437335252761770e+01
-9.999999999999696456e+02 -9.999999999999876081e+02 5.077397233781885765e-11 2.425685620307922363e+01
-8.999976308256897255e+02 -8.999999921249509498e+02 6.770742539303157420e-03 2.421753804683685374e+01
-7.989019939306106153e+02 -7.999999712223338975e+02 4.365144634621755060e+00 2.427446370124816966e+01
-6.894713705685843479e+02 -6.860211611829690810e+02 9.628713240277642527e+00 2.421450210809707571e+01
-5.996157674223684353e+02 -5.999803219191823018e+02 4.370514283666375177e-01 2.494827139377593994e+01
-4.996787938281503330e+02 -4.998828631795763613e+02 4.710808991024169612e-01 2.426895350217819214e+01
-4.000000000000000000e+02 -4.000000000000000000e+02 0.000000000000000000e+00 2.435086150169372488e+01
-2.983085703586143040e+02 -2.985075614143600546e+02 1.576310022231223407e+00 2.435082759857177592e+01
-1.983629051639662464e+02 -1.980100818858134062e+02 1.289655289610220468e+00 2.433831444978714131e+01
-9.151109361702546607e+01 -9.968782674401859367e+01 1.758651829255160948e+01 2.423951605558395528e+01
1.457596025800678206e+02 1.252919169042639851e+02 4.452483405997635657e+01 2.419106670618057109e+01
2.006862127849063029e+02 2.004643337037095989e+02 7.830255588094957586e-01 2.441148035526275706e+01
3.016697257908916754e+02 3.020257323738570108e+02 8.331952779004457854e-01 2.427032870054244995e+01
4.022321621730754373e+02 4.022594763140122609e+02 1.253598834491458591e+00 2.429597215652465891e+01
5.000257583970345650e+02 5.000197293441220268e+02 3.477751245738485569e-02 2.427633525133132864e+01
6.000304350858472162e+02 6.000194318197550274e+02 2.200653218396837404e-02 2.424302738904953003e+01
7.850000000000000000e+02 8.000000000000000000e+02 3.570714214271424680e+01 2.429907710552215505e+01
8.293707854264637263e+02 8.000000000000000000e+02 5.578509503802587943e+01 2.429688969850540303e+01
1.070283095613022624e+03 1.077408272962543833e+03 1.186573253544475079e+02 2.428762950897216655e+01
1.019123359066694888e+03 1.000000000000000000e+03 3.240116826956897000e+01 2.506684119701385427e+01
1.140653056237407782e+03 1.116659656360595818e+03 4.241033744018319851e+01 2.508594919443130422e+01
1.210732600743401690e+03 1.200080948985146279e+03 2.329502429410855768e+01 2.516567660570144582e+01
1.399972791166711659e+03 1.410657301717181781e+03 4.965410315635286764e+01 2.513157044649124217e+01
1.460000000000000000e+03 1.500000000000000000e+03 4.898979485566356118e+01 2.454085410833358694e+01
