-1.400000000000000000e+03 -1.400000000000000000e+03 0.000000000000000000e+00 3.165305467009544600e+02
1.752570324539247667e+05 1.722705031047630473e+05 1.066264346869436849e+05 3.238189296960830461e+02
1.275186204686998948e+07 4.143603284967284417e+05 4.882804901997265220e+07 3.231416325569152832e+02
7.765687301406574079e+03 7.170817777055567603e+03 5.945797008995809847e+03 3.237393988013267290e+02
-9.999999999999447482e+02 -9.999999999999647571e+02 4.256346992842758942e-11 3.213873950004577864e+02
-8.892919829921214614e+02 -8.901875727206904685e+02 1.091043760687328223e+01 3.221014208078384513e+02
-7.513903069844939182e+02 -7.616629118157420635e+02 3.843428667864713333e+01 3.241402554988861198e+02
-6.795801901476795592e+02 -6.795702575290322329e+02 1.126877148216590824e-01 3.184384480476379622e+02
-5.942173404286069172e+02 -5.942443186949212759e+02 1.785808657043890024e+00 3.383028121590614319e+02
-4.994682959398364801e+02 -4.995119606755149562e+02 2.598697194941350652e-01 3.195886424899101144e+02
-3.964181484020280095e+02 -3.970151228287201093e+02 2.211405593574482964e+00 3.184711814522743225e+02
-2.699973245023561503e+02 -2.754240421806009067e+02 1.666467877460307179e+01 3.182694129467010384e+02
-1.517711507434097200e+02 -1.529669129671339078e+02 1.567829058994270319e+01 3.138277893900871049e+02
5.973626459392178134e+01 6.256134261999250157e+01 7.916924310285497768e+01 3.174157216548919678e+02
1.144181019891257620e+03 1.086183804401734051e+03 3.668356170489043393e+02 3.168477154970169067e+02
2.005603200061997029e+02 2.005130263862232027e+02 3.334303078096078621e-01 3.253247381091117632e+02
3.100567398649174038e+02 3.118036328429238324e+02 4.058194962209797474e+00 3.183706190943718184e+02
4.272319118801335094e+02 4.270194379880947508e+02 1.128279256824894539e+01 3.234625455021858329e+02
5.005684002080430446e+02 5.005100622543703821e+02 1.993337016003847995e-01 3.227672840952873230e+02
6.037114733954310850e+02 6.036615242521788787e+02 4.460319669453334246e-01 3.228901633024215698e+02
1.000000000000000000e+03 1.000000000000000000e+03 7.626344918775622765e-14 3.219151952981948739e+02
1.056711525938121213e+03 1.074119853727036116e+03 1.227905517720684117e+02 3.202629175543785323e+02
2.032622030847098358e+03 2.027403975275575931e+03 3.875902300584389764e+02 3.197582361578941459e+02
1.218543096944276385e+03 1.218099650494757043e+03 3.390422792052669720e+00 3.392661960482597578e+02
1.315721208104247353e+03 1.317373505118389403e+03 5.767028744655331884e+00 3.392432361960410958e+02
1.417647277702380961e+03 1.400027858386456273e+03 4.195445473320694418e+01 3.407619182586669808e+02
1.858760530196289665e+03 1.860786186291059721e+03 2.976373931789864713e+01 3.385066230535506975e+02
1.770305426502921136e+03 1.700000000000000000e+03 1.676272210143099812e+02 3.246490308523178214e+02
