-1.399999999999740794e+03 -1.399999999999928605e+03 4.157016826057519604e-10 5.109252685308456421e+01
7.142411162765708923e+02 -5.572181999709175670e+02 2.615517295968289545e+03 5.125092455148696757e+01
-1.199999999982047029e+03 -1.199999999999978400e+03 7.072686707053974175e-08 5.100480589866638326e+01
-1.099999999989420303e+03 -1.099999999999950887e+03 3.671182780712438037e-08 5.110191880464553549e+01
-9.999999969666172319e+02 -9.999999995144742115e+02 8.196783909413904337e-06 5.108224779367446899e+01
-8.999999999999985221e+02 -9.000000000000000000e+02 2.819571096542675542e-12 5.112860035896301270e+01
-7.999999620907531153e+02 -7.999999712168489623e+02 4.711421301659937839e-05 5.120160880088806010e+01
-6.929999317106627359e+02 -6.999999475990806559e+02 9.539436189021989421e+00 5.110966740846633627e+01
-5.998370813295985045e+02 -5.999998010186611737e+02 3.291525121649797603e-01 5.171045110225677632e+01
-4.999967946309157014e+02 -4.999999997300416226e+02 3.983435891235893693e-03 5.116931464672088481e+01
-3.999999999985706154e+02 -3.999999999999471356e+02 3.678610422400204120e-09 5.122525680065155029e+01
-2.999502520447855431e+02 -2.999999999998400426e+02 2.168462990370193522e-01 5.124247639179229452e+01
-1.999999999936781876e+02 -1.999999999998945839e+02 2.476966077822504992e-08 5.123962624073028849e+01
-9.824623464574230525e+01 -9.999999998708562998e+01 5.002910449937186144e+00 5.117589024305343770e+01
1.102582803928072082e+02 1.003121732683757728e+02 2.295256095778640315e+01 5.118508719205856039e+01
2.000137305662422591e+02 2.000001234775820649e+02 5.800830407472729044e-02 5.134728059768676900e+01
3.012180977720782948e+02 3.020196070595196716e+02 9.915772927423875949e-01 5.116315335035324097e+01
4.011101697530124284e+02 4.016375669326617981e+02 9.578006362437626597e-01 5.120376304388046407e+01
5.000014803829548100e+02 5.000000000000000000e+02 4.706365136181715758e-03 5.115427345037460327e+01
6.000116590919689088e+02 6.000194318197550274e+02 9.519608493124392598e-03 5.114886310100555278e+01
7.100011635800144632e+02 7.000001678181595253e+02 2.999961805565598283e+01 5.127003024816512777e+01
8.050000300428039282e+02 8.000000150960938754e+02 2.179449975826743824e+01 5.126743299961090372e+01
9.623735406292746575e+02 9.000000275255919178e+02 1.003974484520320090e+02 5.124797165393829346e+01
1.000000018777825403e+03 1.000000007976643474e+03 2.468119981360801483e-05 5.180355454683304117e+01
1.100000103564015035e+03 1.100000026648199764e+03 1.853651243461827084e-04 5.179688340425491333e+01
1.200067798201391724e+03 1.200000000021593223e+03 1.276849599816128333e-01 5.184605525732040121e+01
1.355484828633045254e+03 1.400000001310490688e+03 4.921603916523520184e+01 5.182718755006790445e+01
1.400000231289790008e+03 1.400000137602025006e+03 3.347412534171520081e-04 5.133059304952621460e+01
