-1.400000000000000000e+03 -1.400000000000000000e+03 0.000000000000000000e+00 5.140546739101409912e+01
5.305514104269625932e+03 3.921566884373228277e+03 5.753502858301403649e+03 5.158063975572586202e+01
-1.200000000000000000e+03 -1.200000000000000000e+03 0.000000000000000000e+00 5.141507599353790425e+01
-1.100000000000000000e+03 -1.100000000000000000e+03 0.000000000000000000e+00 5.145125235319137857e+01
-9.999999999997589839e+02 -9.999999999998810836e+02 3.439074561032827371e-10 5.144938294887542440e+01
-8.993859582879488244e+02 -8.999728658037035984e+02 1.514926178910989130e+00 5.147317590713500834e+01
-7.846387906486606880e+02 -7.943287209477443866e+02 1.617725585439213276e+01 5.150964750051498697e+01
-6.822172858783859510e+02 -6.799922048181213086e+02 6.012085586978274776e+00 5.143144670724868917e+01
-5.993952500206121385e+02 -5.992612549749421760e+02 3.237487411724154773e-01 5.220483964681625366e+01
-4.773128382035657751e+02 -4.897728082426248193e+02 2.809361403624953013e+01 5.153387994766235636e+01
-3.984578144690692625e+02 -3.990050409429067031e+02 1.976813633476294019e+00 5.157712033987045430e+01
-2.937317807019485372e+02 -2.955226892808991579e+02 5.672962797782179933e+00 5.160138669013976909e+01
-1.927107932704123243e+02 -1.963807380293735889e+02 6.849446276451107707e+00 5.160171749591827250e+01
-4.524002418199388131e+01 -6.236911964313566159e+01 5.421202995799090019e+01 5.142857910394668863e+01
2.305089072692884713e+02 2.187505078704193693e+02 1.128089367752121461e+02 5.149588545560836650e+01
2.013488441868726682e+02 2.012696797093002488e+02 7.877583442579784156e-01 5.167756874561310099e+01
3.023719611337268134e+02 3.021810518702072841e+02 1.408620497170195440e+00 5.149615345001220845e+01
4.036656010630677542e+02 4.031266573847063341e+02 2.895194748549456687e+00 5.156453299522399902e+01
5.002293016610759082e+02 5.001217415402749111e+02 3.770484194398417976e-01 5.148817174434661581e+01
6.003924712062764684e+02 6.003052128212848402e+02 3.393659022164125516e-01 5.146604545116424845e+01
7.800000000000000000e+02 8.000000000000000000e+02 4.000000000000000000e+01 5.155625410079956339e+01
9.857476415230106568e+02 9.194224803026386326e+02 1.465108629378370040e+02 5.155957344770431661e+01
1.157633690749609286e+03 1.165183200726270115e+03 1.467322686363471291e+02 5.155374139547348022e+01
1.074644621399876087e+03 1.097403125466324354e+03 3.789301323180342251e+01 5.232324420213699057e+01
1.181898592784294351e+03 1.200000000000000000e+03 3.303947247136643028e+01 5.230942499637603760e+01
1.252564029507090936e+03 1.250034781758817189e+03 4.574343346527587073e+01 5.239217530488967611e+01
1.485522028410194707e+03 1.450290919747469161e+03 9.254783658502806531e+01 5.234740259647369243e+01
1.505000000000000000e+03 1.500000000000000000e+03 9.205976319760991089e+01 5.215638295412063741e+01
