-1.400000000000000000e+03 -1.400000000000000000e+03 3.092616341003904975e-13 8.352799378514289401e+02
4.567154163381364197e+05 4.177856556329233572e+05 1.742605657604908629e+05 8.445187942981719971e+02
1.286178856899822596e+06 9.164584937352323323e+04 4.313303890910947695e+06 8.436424510002136685e+02
3.919029773451858546e+03 3.418937908739955674e+03 2.696270329295831743e+03 8.449677585005759965e+02
-9.999997002043315888e+02 -9.999997024064285824e+02 3.474445815099078290e-05 8.354031320929527737e+02
-8.866017842882145032e+02 -8.898568889509001565e+02 6.511984921367663937e+00 8.341719491600990750e+02
-7.987790742346420529e+02 -7.988022691931348618e+02 9.975115118293923500e-01 8.544077127933502425e+02
-6.790539560182214700e+02 -6.790443998008686322e+02 4.058287043633763275e-02 8.380975564002990268e+02
-5.832598356594722873e+02 -5.841492923117737064e+02 6.121956050648495129e+00 9.727032984495162964e+02
-4.999916221623125239e+02 -4.999901427153915847e+02 5.128262916704655512e-03 8.413578199028968356e+02
-3.726386453323536330e+02 -3.741310796290316603e+02 8.030853926211335647e+00 8.425692100524902344e+02
-2.688881137062903122e+02 -2.701512459195679412e+02 7.209135758848035813e+00 8.487724339962005615e+02
-1.162941154485830992e+02 -1.107422038759098086e+02 2.576680415087912479e+01 8.497670077443123091e+02
1.280489193562840683e+03 1.271600490849198650e+03 2.732977770319257615e+02 8.290842249989509583e+02
4.400889842815672637e+03 4.096904225945113467e+03 1.187936431114694642e+03 8.434517714977264404e+02
2.023719930124872235e+02 2.022648790640217271e+02 3.072377896856318680e-01 8.846972862958907626e+02
3.495996472120488647e+02 3.542187116176806967e+02 1.316856759126861398e+01 8.373011329531669844e+02
4.692755062863319608e+02 4.508762301994952395e+02 5.140843622936477431e+01 8.482271932482719876e+02
5.024903260133934850e+02 5.025557581595020338e+02 5.712498966772378006e-01 8.388410030007362366e+02
6.103081840410264931e+02 6.102446060600035480e+02 8.778019086987710606e-01 8.442759620547294617e+02
9.821576943960095605e+02 1.000000004730658247e+03 5.662421677867798309e+01 8.494048902511597134e+02
1.997049345741299931e+03 1.915063768769043691e+03 3.073369077181351940e+02 8.495111295461654208e+02
4.632563835402232144e+03 4.400287292691468792e+03 1.513018991741667151e+03 8.558817424416541826e+02
1.237663317889460359e+03 1.238451636617792929e+03 7.325877574870238718e+00 9.814557000041007768e+02
1.346354322926028317e+03 1.346678155599658112e+03 4.300639804798409571e+00 9.824282653450966336e+02
1.491533175303812186e+03 1.526234121766241969e+03 6.048014948773369781e+01 9.910618526458740689e+02
1.941409681448615174e+03 1.933211124153692253e+03 8.968305611162665514e+01 9.882289258003235091e+02
1.700000011715793107e+03 1.700000011938235957e+03 3.566720216173063384e-06 8.647701609969138872e+02
