-1.400000000000000000e+03 -1.400000000000000000e+03 1.607774677692185771e-13 6.378146209001540683e+02
1.629035943296768004e+06 1.504731230483382475e+06 9.334468642122294987e+05 6.536076155543327104e+02
4.060776567335575819e+08 2.143994003893670738e+08 4.904970993679798841e+08 6.547226260900497437e+02
2.304412172838461174e+03 1.819689795874353194e+03 1.851789357716132599e+03 6.563257725000381697e+02
-9.999999996345241016e+02 -9.999999998942366801e+02 4.693914600660014411e-07 6.508689994096755527e+02
-8.762637411046214311e+02 -8.848823688882844181e+02 1.940099900129915866e+01 6.499647508502006303e+02
-6.730372002444185000e+02 -6.682753400653950848e+02 2.851954056592360232e+01 6.623309921026229858e+02
-6.790310266300647299e+02 -6.790120829641110731e+02 7.998143118987278977e-02 6.132403622984886624e+02
-5.715701321157860093e+02 -5.721399455766199935e+02 3.455536815148629870e+00 8.015873617529869080e+02
-4.998685577886685678e+02 -4.998731433655024716e+02 6.459334500082647423e-02 6.608993959546089627e+02
-3.870157865719511392e+02 -3.880604913148804940e+02 4.071738123434498924e+00 6.472683845520019759e+02
-1.348850668889746771e+02 -1.475697236805990826e+02 4.820345495627538668e+01 6.444746011495590210e+02
5.476068404098141684e+01 6.470643743097735978e+01 5.500313350203838070e+01 6.059984273552894365e+02
6.132019464206101702e+02 5.788039049494582287e+02 1.517117972157242320e+02 6.359588795065880049e+02
4.725333558959744551e+03 4.762935248401673562e+03 6.141497894554362347e+02 6.419003261446953275e+02
2.009158334498777947e+02 2.008788920082073162e+02 4.383489250329494213e-01 6.773290813446044467e+02
3.395996142432833835e+02 3.394892328156605572e+02 2.393152206876423271e+00 6.415739152550697781e+02
5.672539336115038395e+02 5.656144919243608911e+02 3.510468886981928449e+01 6.564479907035827182e+02
5.024279771943841411e+02 5.024573477568499129e+02 4.498760742341856855e-01 6.514627593994140398e+02
6.145450805805996879e+02 6.150000000000000000e+02 7.747638606607895051e-01 6.313197257995605014e+02
1.002946129952973592e+03 1.000000000000052978e+03 1.006936968138649320e+02 6.584354892611503374e+02
1.674963479673421944e+03 1.675290948478451355e+03 2.835910293724101621e+02 6.533172106504440535e+02
5.847667055937419718e+03 5.881684898223447817e+03 9.949867619150229530e+02 6.619401788592338107e+02
1.284069503306832758e+03 1.286948040905324433e+03 9.058946590659511244e+00 8.146248208999634244e+02
1.393254956786051025e+03 1.393569536099600555e+03 1.012975340669845359e+01 8.146593244433403243e+02
1.554902486908627452e+03 1.571015997416737491e+03 5.214003278484140935e+01 8.212875279903412320e+02
2.348766170441819668e+03 2.351200224029320452e+03 8.777983969760370542e+01 8.202181951999664307e+02
1.760036203920013122e+03 1.700000000000078899e+03 2.616917458401921976e+02 6.780414703011513211e+02
