-1.400000000000000000e+03 -1.400000000000000000e+03 0.000000000000000000e+00 4.809040324687957479e+01
5.759771426270837765e+03 6.041598477192561404e+03 5.566920857116136176e+03 4.833189104795455648e+01
-1.200000000000000000e+03 -1.200000000000000000e+03 0.000000000000000000e+00 4.811238515377044678e+01
-1.100000000000000000e+03 -1.100000000000000000e+03 0.000000000000000000e+00 4.817180064916610860e+01
-9.999999999998930207e+02 -9.999999999999514557e+02 1.373873237112626388e-10 4.811503480672836019e+01
-8.998804515221221436e+02 -8.999959450585624836e+02 2.116631569769000243e-01 4.822100999355316020e+01
-7.991657781744778504e+02 -7.999836480996715409e+02 2.557139282509420131e+00 4.823324034214019917e+01
-6.868121389855242569e+02 -6.800000000000000000e+02 9.171168560763291566e+00 4.819547560214996196e+01
-5.995310909957373724e+02 -5.996798110881042021e+02 5.089156981215612330e-01 4.891967355012893393e+01
-4.969587489566787326e+02 -4.979210230102787591e+02 4.095293898236173291e+00 4.824981119632720805e+01
-3.991542850533616615e+02 -3.990050409429067031e+02 1.146362922320177002e+00 4.828295824527740621e+01
-2.965176465747559291e+02 -2.955226892808992716e+02 2.385824801310306942e+00 4.832332504987716959e+01
-1.962253467681677250e+02 -1.967861024750166337e+02 2.871621146089136989e+00 4.832923560142516806e+01
-7.860327676194968660e+01 -9.953174011602789051e+01 3.852129892527506883e+01 4.814215384721755697e+01
1.898523390217451947e+02 1.961673118332312811e+02 6.583465921284073374e+01 4.811104555130005167e+01
2.011010813012681524e+02 2.007609361082137980e+02 1.094521777937572216e+00 4.842463089227676676e+01
3.021051664358109861e+02 3.020894833501334915e+02 5.882588538228239461e-01 4.820502365827560709e+01
4.036331138498538280e+02 4.028647779242818388e+02 1.752550536469154929e+00 4.832083370685577250e+01
5.000669506025195687e+02 5.000398569051777713e+02 7.145167723107369306e-02 4.820301505327224589e+01
6.001118972208244031e+02 6.000194318197550274e+02 2.023435032919177201e-01 4.816960704326629639e+01
7.750000000000000000e+02 8.000000000000000000e+02 4.330127018922193116e+01 4.831096860170364238e+01
8.893980260360655166e+02 8.626428144480350966e+02 1.065227350692929775e+02 4.823959329128265239e+01
1.062218036641793333e+03 1.072179537933067877e+03 1.140834316487553934e+02 4.824891710281372070e+01
1.028904297979804596e+03 1.010972491859932120e+03 3.710800321304972726e+01 4.900862264633178711e+01
1.178062403503651240e+03 1.200000000000000000e+03 5.012625079827036956e+01 4.901866024732589722e+01
1.228289311004623187e+03 1.220505185979140606e+03 3.309448521398392273e+01 4.908332105875015117e+01
1.429158098583240871e+03 1.410657306833037637e+03 7.021400645347840452e+01 4.906986029148102091e+01
1.445000000000000000e+03 1.400000000000000000e+03 4.974937185533099893e+01 5.283300645351410196e+01
