-1.400000000000000000e+03 -1.400000000000000000e+03 0.000000000000000000e+00 4.843460680007934798e+02
6.178854735664287582e+05 6.821990477046415908e+05 3.887539722386001376e+05 4.825635838031768685e+02
2.986855510023594499e+08 6.631996402559582889e+07 5.258138347326029539e+08 4.822312039971351396e+02
3.569676096182339097e+04 3.580105778974297573e+04 1.498784668683665041e+04 4.820073719024658203e+02
-9.999999999997899067e+02 -9.999999999999113243e+02 3.977291204137825631e-10 4.835997134566306954e+02
-8.869934441811419674e+02 -8.901873914519547952e+02 1.470994247160407120e+01 4.816710123538970834e+02
-6.915369703317117001e+02 -7.059818785192350106e+02 4.193811306788447979e+01 4.835073336958885193e+02
-6.796654037215931794e+02 -6.796816122489325380e+02 1.095861385092510298e-01 4.825406998515128976e+02
-5.912713222342960080e+02 -5.910757714500349493e+02 1.595685403704359961e+00 4.991337954521179086e+02
-4.965770413649814827e+02 -4.971234236178818264e+02 2.249580924564213547e+00 4.821506173491478080e+02
-4.000000000000000000e+02 -4.000000000000000000e+02 0.000000000000000000e+00 4.846495052099227792e+02
-2.545333284659361652e+02 -2.597042844063996654e+02 1.822719179751265273e+01 4.831335386037826538e+02
-1.298120237608918899e+02 -1.255715133104599204e+02 2.207594393402829525e+01 4.827193382501602059e+02
-5.685379080301747479e+01 -9.301394252201998825e+01 7.441512287557938521e+01 4.836669255495071411e+02
1.463210706763790313e+03 1.420871156325295715e+03 3.146725690197657173e+02 4.824844956517219430e+02
2.008823868060792108e+02 2.008149047197258596e+02 3.313661269436686818e-01 4.877503242969513053e+02
3.086418829041905383e+02 3.101344542717081936e+02 3.603814653697486659e+00 4.832172729015350114e+02
4.394144857881335042e+02 4.410702410966756588e+02 1.046055570980700011e+01 4.823842599987983704e+02
5.003842345793585764e+02 5.003913121819383605e+02 1.521379471412292739e-01 4.820342044472694170e+02
6.038733796523649744e+02 6.039320839251098505e+02 4.806062527592512845e-01 4.823205407500266801e+02
1.000000000005065885e+03 1.000000000004152866e+03 3.557627156956222685e-09 4.830944039940833932e+02
9.424427840391693962e+02 9.209026696146424911e+02 9.922418774237571881e+01 4.840897713541984331e+02
2.446805934531334060e+03 2.512035311854558131e+03 3.327713526226422118e+02 4.840141942977905387e+02
1.223969587827117721e+03 1.225725424241710243e+03 5.177819829579722644e+00 5.007398022413253784e+02
1.326306926505578986e+03 1.327021255816842313e+03 4.578167246862520301e+00 5.005656998038292045e+02
1.438151129662538324e+03 1.400058922735231590e+03 7.276050726495279264e+01 5.018624880433082467e+02
1.901191863520007701e+03 1.914267269706270781e+03 4.183829266471416730e+01 5.012595190525054818e+02
1.801614948518322763e+03 1.700000000028169097e+03 2.394614185279065453e+02 4.850415410995483398e+02
