-1.400000000000000000e+03 -1.400000000000000000e+03 0.000000000000000000e+00 4.895873659849166870e+01
1.760675853758660651e+03 -3.080817872747716137e+02 3.296226708865694036e+03 4.952932249307632162e+01
-1.200000000000000000e+03 -1.200000000000000000e+03 0.000000000000000000e+00 4.909521964788437032e+01
-1.100000000000000000e+03 -1.100000000000000000e+03 0.000000000000000000e+00 4.914548285007477091e+01
-9.999999999999914735e+02 -9.999999999999943157e+02 1.052831578441554417e-11 4.924499660730361938e+01
-8.999999999999996589e+02 -8.999999999999998863e+02 5.499435529803951657e-13 4.928961009979248331e+01
-7.999999885256621610e+02 -8.000000000000000000e+02 5.001547905942622393e-05 4.929006029367447184e+01
-6.910416008544505075e+02 -7.000000000000000000e+02 9.905498463049632107e+00 4.911738464832306050e+01
-5.998990622902264249e+02 -6.000000000000000000e+02 2.439523401363080379e-01 5.005316179990768433e+01
-4.999663391473010279e+02 -4.999728746156046100e+02 4.402074261852304687e-02 4.921684229373931885e+01
-3.998010081885813634e+02 -4.000000000000000000e+02 3.979836228373188622e-01 4.928564419746398784e+01
-2.992537807071800557e+02 -2.990050409429067031e+02 6.193570182460542695e-01 4.927878639698028707e+01
-1.983604578911078420e+02 -1.975653485786870363e+02 1.516697891719177127e+00 4.924513759613036967e+01
-9.816819135359108373e+01 -9.968782674401859367e+01 4.977313128981622370e+00 4.917283780574798868e+01
1.106064540745509532e+02 1.006243465119628127e+02 1.549014745305163032e+01 4.919000495672226236e+01
2.000602458070707144e+02 2.000000000000029559e+02 1.481874329128694268e-01 4.959168105125426962e+01
3.018672149438938277e+02 3.020257323738570108e+02 5.841687137566102805e-01 4.922824214696883871e+01
4.016466675654305050e+02 4.020462313400133780e+02 9.945250866943269319e-01 4.922869020700454712e+01
5.000069052704427008e+02 5.000000000000000000e+02 9.410297388123158371e-03 4.907069100141525553e+01
6.000165170467919324e+02 6.000194318197550274e+02 6.938547500843657984e-03 4.911113430261612223e+01
7.250000000000000000e+02 7.000000000000000000e+02 4.330127018922193116e+01 4.939043174982070639e+01
8.070941211819772434e+02 8.000000000000000000e+02 2.318146490521122871e+01 4.938261990547179892e+01
9.897127210802639183e+02 9.919285391739410898e+02 8.767324936103074151e+01 4.938337835073470927e+01
1.006801359758269427e+03 1.000000000000000000e+03 1.438370705423939633e+01 5.021078044176101685e+01
1.115426135751988113e+03 1.100000000000000000e+03 3.675450067326898562e+01 5.021793265342712687e+01
1.200420066569798337e+03 1.200080948985142413e+03 9.231895118849983151e-01 5.023948065042495870e+01
1.363573211621917835e+03 1.400000000000000000e+03 5.537560577427741038e+01 5.023872184753417969e+01
1.405000000000000000e+03 1.400000000000000000e+03 2.179449471770336899e+01 4.945290564298629477e+01
