-1.399999979524057380e+03 -1.399999986571435784e+03 1.689071811189770761e-05 4.661205841064453352e+02
1.009252136418860318e+05 8.017187111043550249e+04 6.421441673343322327e+04 4.677652256965637321e+02
1.373783083612293376e+04 -1.185663453770152046e+03 6.491144279893321800e+04 4.668809029459953308e+02
1.347005826520500250e+03 1.103676645285068844e+03 1.910459896760144829e+03 4.680794457435607683e+02
-9.999996838386523450e+02 -9.999997957418775059e+02 2.785663230875478204e-04 4.659606438517570268e+02
-8.904194336650982677e+02 -8.901875162677042681e+02 1.010912215817688420e+00 4.657498874425888289e+02
-7.999537641460220811e+02 -7.999950257985960889e+02 1.567202867465360139e-01 4.679159738063812028e+02
-6.796696073812482837e+02 -6.796343913587641055e+02 1.270612625913205840e-01 4.638536386489868164e+02
-5.975081230536723069e+02 -5.974989389560983000e+02 1.511849941205513970e+00 4.743925133466720467e+02
-4.999113478065522713e+02 -4.999222620537844364e+02 3.807231998435918474e-02 4.671075691461563224e+02
-3.968161198226839588e+02 -3.965176384263951377e+02 1.495747392101727913e+00 4.667315269470215071e+02
-2.898015804712630370e+02 -2.905478792496348888e+02 4.873044226442573290e+00 4.673899259567260742e+02
-1.829861328478390305e+02 -1.850386296071956451e+02 7.270202093971423807e+00 4.675594666481018180e+02
5.408208406759442965e+01 4.298918071149114439e+01 1.086235863758610662e+02 4.664463847517966997e+02
6.048694562629168558e+02 5.168717746563911533e+02 3.427568909126962353e+02 4.661409312963485831e+02
2.001349710412477805e+02 2.000950607950485107e+02 1.202686420765289033e-01 4.691732851505279314e+02
3.124811158022014297e+02 3.123275179057525293e+02 1.014820777729780410e+00 4.662867957472801095e+02
4.173371598124138586e+02 4.169711895324609259e+02 2.778404788071769715e+00 4.676223012447356950e+02
5.006083651163378931e+02 5.005956591891373364e+02 2.048562970325723820e-01 4.664280856966972237e+02
6.026866943306604298e+02 6.026929153792234501e+02 6.297455890842462711e-01 4.665313692569732780e+02
1.000033523635766869e+03 1.000029621024983726e+03 1.352220020019003800e-02 4.674196664452553023e+02
1.106339280456294773e+03 1.093528423778263004e+03 1.324526372844472917e+02 4.671810243487358321e+02
1.532309468409097235e+03 1.495035333716759396e+03 1.944611742988592766e+02 4.671006047487259139e+02
1.211857823590480166e+03 1.210382418269525942e+03 4.320587331497754313e+00 4.746791059017181169e+02
1.311790718568029433e+03 1.312267698766939020e+03 3.768833884353635089e+00 4.745936877012252921e+02
1.378283845302096324e+03 1.400026442418267152e+03 5.278254846310909443e+01 4.758551642417907601e+02
1.812949625653334351e+03 1.815056482502719064e+03 1.463977718718909848e+01 4.745415618419647217e+02
1.700080781796522615e+03 1.700073435017016891e+03 2.705240215670474263e-02 4.681306715011596680e+02
