-1.400000000000000000e+03 -1.400000000000000000e+03 0.000000000000000000e+00 2.481822789907455373e+01
1.482420045944616277e+03 -3.100864445898084227e+02 3.295761624622561158e+03 2.493367215394973613e+01
-1.200000000000000000e+03 -1.200000000000000000e+03 0.000000000000000000e+00 2.474826734066009593e+01
-1.100000000000000000e+03 -1.100000000000000000e+03 0.000000000000000000e+00 2.480281400680541992e+01
-9.999999999997313580e+02 -9.999999999999982947e+02 1.039799377198460030e-09 2.479139450788498067e+01
-9.000000000000000000e+02 -9.000000000000000000e+02 0.000000000000000000e+00 2.483809634447097636e+01
-7.999999999929128762e+02 -7.999999999999417923e+02 1.745877071171118578e-08 2.488027280569076538e+01
-6.929999227229905046e+02 -6.999999999983697307e+02 9.539497318567807582e+00 2.473801159858703613e+01
-5.998875132441078222e+02 -5.999999999989188382e+02 2.677715929325509281e-01 2.549063529968261577e+01
-4.999842199739631496e+02 -4.999926039596658711e+02 2.015617856592718388e-02 2.487428599596023560e+01
-4.000000000000000000e+02 -4.000000000000000000e+02 0.000000000000000000e+00 2.491335400342941142e+01
-2.997512602357266474e+02 -3.000000000000000000e+02 4.308299095841034987e-01 2.492768579721450806e+01
-1.999005040942906817e+02 -2.000000000000000000e+02 4.336925982830196480e-01 2.493266190290450979e+01
-9.903726968839828260e+01 -1.000000000000000000e+02 3.627960561121970962e+00 2.485842095613479685e+01
1.133330133964271198e+02 1.006243465119628127e+02 2.814967582127900769e+01 2.487281235456466533e+01
2.000712562859410468e+02 2.000000000023814550e+02 1.693942588898887658e-01 2.503504015207290578e+01
3.014734040067108936e+02 3.020211382353943463e+02 8.783222172668240235e-01 2.485496164560317922e+01
4.015269194522537077e+02 4.020353839491048120e+02 9.276359081999352441e-01 2.489833295345306396e+01
5.000069052704427008e+02 5.000000000000000000e+02 9.410297388123158371e-03 2.482331254482269145e+01
6.000155454558042720e+02 6.000194318197550274e+02 7.772727902010957354e-03 2.483648129701614238e+01
7.300000000039700581e+02 7.000000000026175258e+02 4.582575694751412954e+01 2.494962604045867849e+01
8.081321407440925668e+02 8.000000000003660716e+02 2.510128277633489802e+01 2.493882020711898662e+01
1.022306963769693766e+03 1.000000000000045247e+03 1.256274935637427319e+02 2.488422834873199463e+01
1.000000000002912884e+03 1.000000000000054797e+03 6.903026302455973637e-09 2.561837339401245117e+01
1.105000000100168108e+03 1.100000000000699629e+03 2.179449469481897239e+01 2.561559560298919536e+01
1.200342654013315723e+03 1.200000000000000909e+03 9.391159566553384241e-01 2.571330950260162496e+01
1.371373221630875378e+03 1.400000000000005457e+03 4.612214666293844800e+01 2.568168275356292796e+01
1.430000000020355628e+03 1.400000000017448656e+03 4.582575693748518120e+01 2.501187475919723369e+01
