-1.400000000000000000e+03 -1.400000000000000000e+03 5.084229945850414966e-14 6.125695005655288838e+01
1.417815362987134449e+03 -3.247368696376002504e+02 3.252068372807694686e+03 6.142241594791412496e+01
-1.200000000000000000e+03 -1.200000000000000000e+03 1.016845989170082993e-13 6.122042354345321513e+01
-1.100000000000000000e+03 -1.100000000000000000e+03 5.084229945850414966e-14 6.125721639394760132e+01
-9.999999997067336608e+02 -9.999999999839285465e+02 9.888135944766996994e-07 6.132108805179596089e+01
-9.000000000000000000e+02 -9.000000000000000000e+02 0.000000000000000000e+00 6.127624830007552958e+01
-7.999999995708110418e+02 -7.999999996822020876e+02 5.330824667934250310e-07 6.133565404415130473e+01
-6.959999260759993831e+02 -6.999999995766781922e+02 8.000147070054527632e+00 6.127631940841674663e+01
-5.997018103803029589e+02 -5.999999705671298216e+02 3.752719020545716155e-01 6.203546320199966146e+01
-4.999890269073661102e+02 -4.999926039596630858e+02 1.044756094566770890e-02 6.128777059316634990e+01
-3.999999999999999432e+02 -4.000000000000000000e+02 1.363057300327659253e-13 6.137256640195846558e+01
-2.998010081885792601e+02 -3.000000000000000000e+02 3.979836228375603913e-01 6.139047034978866435e+01
-1.999999999999987779e+02 -2.000000000000000000e+02 3.795048595625088259e-12 6.137384164333343506e+01
-9.908409567679514396e+01 -9.999999999999977263e+01 3.636716062772928026e+00 6.132173190116882466e+01
1.240749917433660414e+02 1.004682598839821708e+02 4.187004063000061649e+01 6.131776815652847290e+01
2.000133300567370611e+02 2.000000014737768197e+02 5.809477896735287805e-02 6.154404385089874552e+01
3.016251966787829133e+02 3.020197639804982828e+02 8.127737601226885378e-01 6.130435415506362773e+01
4.014974035915050194e+02 4.020203134035712083e+02 8.877406872780329028e-01 6.133133565187453939e+01
5.000088782048500207e+02 5.000000000000000000e+02 1.556618993961803032e-02 6.137738779783249043e+01
6.000116590918531756e+02 6.000194318197550274e+02 9.519608634703261019e-03 6.132636795043945455e+01
7.200000020849145130e+02 7.000000020429343977e+02 3.999999901864174490e+01 6.141048334836959555e+01
8.150000000570738621e+02 8.000000000311000576e+02 4.769696006654172038e+01 6.141871265172958516e+01
1.003202792715687224e+03 1.000000000013053295e+03 1.043543971684076155e+02 6.142903535366058065e+01
1.000000000057657644e+03 1.000000000030295382e+03 9.965436526310829972e-08 6.215130105018615581e+01
1.100000000444985517e+03 1.100000000149559128e+03 7.388263447937750939e-07 6.216683149337768555e+01
1.200288268646859706e+03 1.200080948985159466e+03 3.183821235720560860e-01 6.223377070426941060e+01
1.336557455618289623e+03 1.302121122903132346e+03 4.774707700770495222e+01 6.219413410425185873e+01
1.405000001615889687e+03 1.400000000320361778e+03 2.179449443898683114e+01 6.151312063932418539e+01
