-1.399999999999999773e+03 -1.399999999999999545e+03 2.438311024607994265e-13 8.984841416001320340e+02
5.575452116000566166e+05 5.585338777880182024e+05 2.603530839240114728e+05 1.082361839199066253e+03
2.069091865948953927e+08 1.031161155457780063e+08 3.287985976318606138e+08 1.057583890199661255e+03
1.329656238197078055e+05 1.186238714530273137e+05 3.813636872588205733e+04 9.368242360472679593e+02
-9.999995048665705326e+02 -9.999995040704789062e+02 6.255756880676787205e-05 1.082762608098983719e+03
-8.845559875680067989e+02 -8.880216410668709841e+02 6.341588938293529765e+00 1.077349470448494003e+03
-6.915284920670953852e+02 -6.908495250690484681e+02 2.747376937744028069e+01 1.042738199996948197e+03
-6.790643932854525247e+02 -6.790629643918605325e+02 6.066603468612419975e-02 1.006780256593227364e+03
-5.584501627836901889e+02 -5.585001608089199863e+02 1.652842097366950425e+00 1.116407123005390076e+03
-4.992787654937983461e+02 -4.992827650546224731e+02 2.984261057257109329e-01 9.207046717524528958e+02
-3.303296875271424824e+02 -3.338353715921599587e+02 2.011310407384175036e+01 9.084589871525764693e+02
-1.769434059416162199e+02 -2.049817155643718252e+02 6.496195105218038179e+01 9.243834207057952881e+02
6.864493326633164472e+00 1.359778494383985503e+01 3.827993211134133844e+01 9.447080986976623080e+02
1.983986758192365642e+03 2.009319753533249241e+03 5.218943720624429261e+02 9.434489006042480241e+02
7.912267038322711414e+03 7.936290248248740681e+03 3.393897657862470965e+02 9.203729286551475752e+02
2.029275451844360418e+02 2.028884575208363117e+02 3.971879407264957140e-01 9.875511654973030318e+02
3.737066279253828043e+02 3.702760498894100465e+02 1.426410953996830422e+01 9.535819260478019714e+02
6.131024927018650033e+02 6.234372722236837490e+02 3.594369142281102114e+01 9.384272098541259766e+02
5.030925669154638058e+02 5.030812138438677152e+02 6.502611218358014256e-01 1.082994170391559692e+03
6.146824253722015783e+02 6.150000000000000000e+02 6.148225182245465881e-01 9.114096537113189243e+02
9.650000000000027285e+02 1.000000000000002160e+03 4.769696007084721856e+01 9.221597143530846097e+02
3.135355299812916201e+03 3.104454428643888605e+03 4.325500832342883086e+02 9.514282910466193925e+02
8.548921195404167520e+03 8.990248579146371412e+03 1.293625089205393351e+03 9.621879348516464461e+02
1.266496487529444039e+03 1.264930638477783759e+03 1.287703143181243348e+01 1.216190402746200562e+03
1.380751938370391827e+03 1.379639336181197223e+03 1.272395983587561119e+01 1.210093377459049179e+03
1.579297539028926167e+03 1.591489242238428233e+03 4.480567357921584204e+01 1.179639902853965850e+03
2.453229689654220238e+03 2.492476722497124683e+03 2.145630802467583180e+02 1.185948273301124573e+03
1.700000000000004320e+03 1.700000000000004547e+03 6.821210263296961784e-13 9.398119874477386020e+02
