-1.399999999999999773e+03 -1.399999999999999773e+03 5.084229945850414966e-14 1.915414094507694244e+03
8.664853383326526964e+05 7.972966344561299775e+05 3.754411659563895664e+05 2.446288072252273651e+03
2.111870739375867248e+08 1.029793277864882648e+08 2.336479160043372512e+08 2.427868722903728667e+03
5.165620942948489756e+03 5.124967998241543683e+03 1.607491625897729136e+03 2.449494075095653443e+03
-9.999997009797938290e+02 -9.999996984227418579e+02 2.319113127653760602e-05 2.441080564796924591e+03
-8.559846597444714007e+02 -8.565526684650267271e+02 1.704026162267384681e+00 2.223292495346069245e+03
-7.279831688555805158e+02 -7.300045928294541682e+02 2.203444475238362799e+01 2.407967388904094605e+03
-6.788700820870284360e+02 -6.788597975363470596e+02 4.347496111676583952e-02 2.343193353593349457e+03
-5.455202882370658699e+02 -5.438174559916685666e+02 1.316437767969369510e+01 2.640718431103229705e+03
-4.998733310221308557e+02 -4.998817014723172178e+02 4.787947140942785951e-02 2.023449354946613312e+03
-3.005159805237550472e+02 -3.014992602624236042e+02 2.015785352372778760e+01 1.951961225497722580e+03
-1.879118452129817740e+02 -1.895748644624175370e+02 2.629278199794068627e+01 2.012495989406108947e+03
5.769883027850952573e+01 6.615961323935627547e+01 5.696117071723202230e+01 2.070147834110260192e+03
3.731767945498596418e+03 3.711859407547063711e+03 6.981119199967901068e+02 1.973416385841369674e+03
1.239206057511898143e+04 1.394849240762332192e+04 2.902072825546039894e+03 1.943821935689449219e+03
2.030484556221226171e+02 2.032000132770832010e+02 6.355307700910426405e-01 2.228434124898910341e+03
4.422115541064242166e+02 4.422672374849432799e+02 1.880926594370574634e+01 2.020498481202125504e+03
5.721686362625964648e+02 5.349742335010818124e+02 1.080103026481605895e+02 2.172240127301216035e+03
5.062748977518872380e+02 5.061005625571082192e+02 1.149645550621544166e+00 2.448870664751529603e+03
6.239977335335167936e+02 6.248638450691690878e+02 1.401698689805095155e+00 2.169014752900600342e+03
1.516553412725949329e+03 1.828262933976497379e+03 4.151885737723764578e+02 2.042881991457939193e+03
5.099746494997694754e+03 5.167441717209651870e+03 9.163634221724656754e+02 2.031440201497077851e+03
1.045594487158845914e+04 9.435493104735756788e+03 2.489490591673227300e+03 2.097107421040534973e+03
1.303034546936699144e+03 1.302342731400464345e+03 2.010439794725442653e+01 2.657389408099651519e+03
1.433322508679141038e+03 1.431458741775671115e+03 1.719236111092561359e+01 2.666786678409576325e+03
1.601456803914641114e+03 1.606784947839545339e+03 5.474932715322745480e+01 2.675731339657306762e+03
2.710312462163465170e+03 2.549424628343189852e+03 3.502367839240831699e+02 2.659663468742370696e+03
2.872044164385668864e+03 1.800000000000001364e+03 1.461094522825028662e+03 2.308226403856277557e+03
