-1.400000000000000000e+03 -1.400000000000000000e+03 0.000000000000000000e+00 5.091294939517975138e+01
4.578452497158930896e+02 -6.233231381647312901e+02 2.470387796405970221e+03 5.112425690889358521e+01
-1.199999999999994088e+03 -1.199999999999999091e+03 9.797404769016661504e-12 5.094890350103378296e+01
-1.099999999999990450e+03 -1.099999999999998181e+03 1.775488514478605857e-11 5.098938355445861959e+01
-9.999999997506607770e+02 -9.999999999353033218e+02 4.381165705620836590e-07 5.104134044647216939e+01
-9.000000000000000000e+02 -9.000000000000000000e+02 2.542114972925207483e-14 5.094258999824523926e+01
-7.999999971193025203e+02 -7.999999993882840954e+02 6.965019128848517109e-06 5.105236865282059000e+01
-6.929998802232096295e+02 -6.999999961985934078e+02 9.539552066557343224e+00 5.102543275356292440e+01
-5.997749842662000219e+02 -5.999999413882658246e+02 3.436433645272229942e-01 5.172897034883499146e+01
-4.999826138814383967e+02 -4.999901353279041132e+02 2.596479177430357013e-02 5.098725540637970255e+01
-3.999999999999995453e+02 -3.999999999999999432e+02 1.684618757878410083e-12 5.107010059356689169e+01
-2.998507561414133988e+02 -2.999999999999994884e+02 3.552714448252469737e-01 5.109394900798797323e+01
-1.998972022548737755e+02 -1.999999999999991758e+02 4.480849825941980447e-01 5.108918654918670654e+01
-9.996878267439910815e+01 -9.999999999999909051e+01 9.365197679629584659e-02 5.102471899986267090e+01
1.098466363806017796e+02 1.006243465119853795e+02 1.462606740615290235e+01 5.104087060689926147e+01
2.000000355848306981e+02 2.000000220326870704e+02 4.214496415312237972e-05 5.127174805402755453e+01
3.013132195827720352e+02 3.020196068559070000e+02 9.636402781135059437e-01 5.101881884336471273e+01
4.014090987690876773e+02 4.020444875750040410e+02 9.683320599790657957e-01 5.103930770158767416e+01
5.000029594016185115e+02 5.000000000000000000e+02 7.044784950059184217e-03 5.108563635349273824e+01
6.000116590918534030e+02 6.000194318197550274e+02 9.519608634508331876e-03 5.098802150487900064e+01
7.300000040218486674e+02 7.000000037101808630e+02 4.582575557582524794e+01 5.114423044919967509e+01
8.050000002585641141e+02 8.000000001774253633e+02 2.179449467313359179e+01 5.114768270254135274e+01
9.573735286719687565e+02 9.000000010668879895e+02 1.008879779611928313e+02 5.116198385953903482e+01
1.000000000300834813e+03 1.000000000127349722e+03 4.841577770285879957e-07 5.184480149745941446e+01
1.110000000552486426e+03 1.100000000461085619e+03 2.999999983620620014e+01 5.183798495531082295e+01
1.200451437694887090e+03 1.200258041854949170e+03 9.180904741736303221e-01 5.189740434885025167e+01
1.348411371383851701e+03 1.303710510337404912e+03 5.213272761011526768e+01 5.187352240085601807e+01
1.410000002631032203e+03 1.400000002758082246e+03 2.999999943537435243e+01 5.122347074747085571e+01
