-1.400000000000000000e+03 -1.400000000000000000e+03 0.000000000000000000e+00 7.202670459747314169e+01
2.618358900344069752e+03 -6.898949648785442150e+02 4.937705381933098579e+03 7.220066695213317587e+01
-1.200000000000000000e+03 -1.200000000000000000e+03 0.000000000000000000e+00 7.202864295244216919e+01
-1.100000000000000000e+03 -1.100000000000000000e+03 0.000000000000000000e+00 7.205547050237655071e+01
-9.999999999999683951e+02 -9.999999999999945430e+02 4.033283917964068958e-11 7.209645354747772217e+01
-8.999999805893157827e+02 -8.999999998583795104e+02 7.861350509878148622e-05 7.203666529655455975e+01
-7.997076204703832900e+02 -7.999998708677885588e+02 1.101850908611046176e+00 7.209969168901443481e+01
-6.889967869077561318e+02 -6.800000000000001137e+02 9.952785463956836054e+00 7.210008515119552897e+01
-5.994882654536177142e+02 -5.992500893561943940e+02 3.770591848096944143e-01 7.295054135322570232e+01
-4.998072725464792825e+02 -4.999605413118046044e+02 2.376312753023193669e-01 7.213496940135955526e+01
-4.000000000000000000e+02 -4.000000000000000000e+02 0.000000000000000000e+00 7.219932160377501873e+01
-2.990050409429067599e+02 -2.990050409429067031e+02 5.449615193640692246e-01 7.221886689662933634e+01
-1.988086639569254999e+02 -2.000000000000000000e+02 1.379181257773930636e+00 7.222673790454864218e+01
-9.516492101311840202e+01 -9.968782674401859367e+01 1.319609703798463052e+01 7.210602389574050619e+01
1.490559156321354521e+02 1.170693934401635943e+02 4.733775359594014986e+01 7.209705770015716553e+01
2.005149534949837005e+02 2.000555102710222286e+02 8.853894553742615026e-01 7.236319550275803181e+01
3.019399917560691620e+02 3.020292665066018571e+02 4.433219039454971422e-01 7.214423760175705524e+01
4.020757989415315592e+02 4.022012338426358156e+02 1.234119200460877197e+00 7.217266575098037151e+01
5.000457986854519845e+02 5.000197293441220268e+02 6.582964926922792170e-02 7.212700625658035847e+01
6.000221826362783304e+02 6.000194318197550274e+02 1.199053123596169335e-02 7.208596739768981365e+01
7.600000000000000000e+02 8.000000000000000000e+02 4.898979485566356118e+01 7.220203444957732586e+01
8.282971109863708534e+02 8.000000000000000000e+02 6.110867322144710556e+01 7.220807704925536541e+01
1.056200173915438882e+03 1.025003181214311553e+03 1.180699750261330507e+02 7.229114890098571777e+01
1.009022180364137057e+03 1.003140000363040372e+03 1.536773862630387022e+01 7.311401929855347248e+01
1.140302016496046463e+03 1.100000000000000000e+03 4.827366057737618377e+01 7.307247649431228353e+01
1.215479059481192508e+03 1.200675870639359346e+03 2.529358534262492952e+01 7.317863464355468750e+01
1.389919756943352695e+03 1.400000000000000000e+03 5.679917594720320295e+01 7.314905910491943075e+01
1.430000000000000000e+03 1.400000000000000000e+03 4.582575694955839651e+01 7.369928950071334839e+01
