-1.400000000000000000e+03 -1.400000000000000000e+03 0.000000000000000000e+00 2.630156797051429862e+02
1.072176651294572803e+05 8.962732564206214738e+04 6.383689102055366675e+04 2.779684704065322762e+02
1.757819708672999986e+05 -8.339371109316700768e+02 4.690149879073223565e+05 2.759886121988296281e+02
1.164622092744324982e+04 8.711302837163191725e+03 7.319872476561163239e+03 2.783959125518798601e+02
-9.999999999997760369e+02 -9.999999999997788791e+02 1.431909099151075852e-10 2.735143512964248771e+02
-8.906989878669671725e+02 -8.901875771145258796e+02 1.534267844410913240e+00 2.761554952025413741e+02
-7.932921600663738673e+02 -7.984904557940276391e+02 8.586320958668190784e+00 2.710828640460968018e+02
-6.796178462306643269e+02 -6.795883918772055949e+02 1.639311114995932184e-01 2.673273742556572188e+02
-5.953547193938134114e+02 -5.955496488398855490e+02 1.352684502437367042e+00 2.959245510935783159e+02
-4.998308222311646318e+02 -4.998337485529168021e+02 8.237817124409119174e-02 2.667119933485984689e+02
-3.953734413920799966e+02 -3.955226842430801639e+02 1.946536058657448942e+00 2.666661296010017281e+02
-2.839850694943749545e+02 -2.846170158823121028e+02 6.394004304429561358e+00 2.665500583052635193e+02
-1.725187942308780862e+02 -1.763803664329277581e+02 1.466063646761928574e+01 2.646034153938293230e+02
8.915054846653228537e+01 8.440737348508150717e+01 1.183405879601174320e+02 2.655491462945938110e+02
1.009694472742228754e+03 9.873021456069761825e+02 4.054446641607243009e+02 2.648671468496322632e+02
2.003913963416084698e+02 2.002939184328874944e+02 2.980271995282003372e-01 2.781473477482795715e+02
3.142311850940831732e+02 3.143663950713555550e+02 3.945127967985000872e+00 2.664588299512863045e+02
4.188597131474751336e+02 4.185733872201865324e+02 5.069341773692702446e+00 2.710057694077491988e+02
5.006411124092446698e+02 5.006230835470533407e+02 2.243014096514253097e-01 2.731093036532402039e+02
6.035024069559913187e+02 6.035926206244284913e+02 3.607986615949541620e-01 2.767217280507087480e+02
1.000000000000000000e+03 1.000000000000000114e+03 9.165725883006587357e-14 2.703046635031699907e+02
1.203091848238151670e+03 1.215039325002672740e+03 1.453648520381094613e+02 2.692383272051811218e+02
1.943996972283795458e+03 1.914090390263888366e+03 3.174503500541829908e+02 2.699780117511749040e+02
1.214800267190540353e+03 1.215291589607189508e+03 3.084250523836908897e+00 2.976128264069557190e+02
1.311261902843445341e+03 1.310101046390863985e+03 6.407642207043735993e+00 2.963027993440628052e+02
1.407257263231033676e+03 1.400024672116869169e+03 4.061638075965549177e+01 2.988499011039733659e+02
1.825940649904971451e+03 1.820793265938046716e+03 3.751140672307156620e+01 2.963354420423507918e+02
1.700000000000000000e+03 1.700000000000000000e+03 8.806144583576081053e-14 2.747759209394454842e+02
