-1.399994887163230032e+03 -1.399995490698777303e+03 2.653692311136528897e-03 4.707617045044898987e+02
1.797829506387456204e+05 1.617357903287869412e+05 9.148989550171913288e+04 4.719432791948318595e+02
3.492780112791494389e+02 -2.313583003423096898e+02 1.916973817209527624e+03 4.714531685471534956e+02
-6.033158205064823960e+02 -7.861621668109761458e+02 4.983581265898854440e+02 4.723798111915588152e+02
-9.999886320592515858e+02 -9.999898746497474349e+02 4.903155680650489283e-03 4.703594173431396257e+02
-8.906741597333408436e+02 -8.901866251312972054e+02 2.126332623723244275e+00 4.695159461975097770e+02
-7.999386284048159723e+02 -7.999425983349414082e+02 1.650055271224271092e-02 4.723345164060592651e+02
-6.796255365354102196e+02 -6.796126886508430971e+02 4.637740084873143848e-02 4.705093094468116988e+02
-5.979792157297816857e+02 -5.983394593205331375e+02 1.207261567001213232e+00 4.788246834516525041e+02
-4.997213109810508058e+02 -4.997971946669905492e+02 1.631508581040189421e-01 4.717727895021438371e+02
-3.969593904802087536e+02 -3.970105853778277378e+02 1.353014141621637245e+00 4.712190164566039812e+02
-2.929800224049679400e+02 -2.940221419820401820e+02 3.352151919035982530e+00 4.721284885048866045e+02
-1.847545433150159795e+02 -1.884958992350362905e+02 9.584843404465587469e+00 4.721347074985504264e+02
3.753970005764108464e+01 -5.148294067320375689e+01 1.506577149277081276e+02 4.707700461983680498e+02
6.375277078734841325e+02 6.403399816989235660e+02 3.046478095029219730e+02 4.712870517969131470e+02
2.002169751354610412e+02 2.001733792374014058e+02 1.518061732339074932e-01 4.736152918934822083e+02
3.127694699571331967e+02 3.125116312662551081e+02 1.075709072307229119e+00 4.705334860563278312e+02
4.163351140271412305e+02 4.161720053020492287e+02 2.208281469331430991e+00 4.723764250993728524e+02
5.005612448977255440e+02 5.005868791730391649e+02 1.402500462065953135e-01 4.708665689587593306e+02
6.024838207020428626e+02 6.025698994118420160e+02 6.002437224266061744e-01 4.712710504531860352e+02
9.856760009700353748e+02 1.000646472361151609e+03 6.524376799293075635e+01 4.717642821073532104e+02
1.043816350722146126e+03 9.806456397842318893e+02 1.484755130626285222e+02 4.714208630442619210e+02
1.446138884914383652e+03 1.457846462538514743e+03 2.425266455958556833e+02 4.718113427996635210e+02
1.211312269289770484e+03 1.212098143019825329e+03 3.871785254172166457e+00 4.788590073943138350e+02
1.309524883144716568e+03 1.310336599297244675e+03 3.084062845773352102e+00 4.788720661044120561e+02
1.401179457926320993e+03 1.400027201378759173e+03 3.231575741497559306e+01 4.801552935481071245e+02
1.802702391281701466e+03 1.814313385005917553e+03 4.930093893065372157e+01 4.785489470005035173e+02
1.701592632137261489e+03 1.701444762272708658e+03 3.693135507027880959e-01 4.726129887461662520e+02
