-1.399999627384194355e+03 -1.399999883730035435e+03 5.902394407955946845e-04 5.180864040851592733e+01
4.896316749985228853e+03 2.824942947756924696e+03 5.853193006056672857e+03 5.195844060182571411e+01
5.122964161832757294e+07 -1.196949593519084146e+03 1.604181509720435441e+08 5.186991300582885600e+01
-1.087543643764043736e+03 -1.094388562117420406e+03 2.315707962649201690e+01 5.190869514942168905e+01
-9.999934553117225278e+02 -9.999967243664070793e+02 5.692823749833761555e-03 5.187080885171890543e+01
-8.992480350576672663e+02 -8.997525674518366259e+02 1.405413009927601431e+00 5.181741914749145650e+01
-7.831670389714024623e+02 -7.989303572302609382e+02 3.195439596582547992e+01 5.196993650197983072e+01
-6.836372373533558857e+02 -6.799838856864191712e+02 7.366945666340477317e+00 5.194030845165252686e+01
-5.992241838036815125e+02 -5.991773072235989730e+02 4.772913043850110504e-01 5.262943015098571919e+01
-4.867319756814380298e+02 -4.863723773191715054e+02 9.865764428214330195e+00 5.190830404758453653e+01
-3.995012940563969437e+02 -3.999988873799026123e+02 7.380950411893814067e-01 5.199403705596923686e+01
-2.950196449245032682e+02 -2.980027715239868940e+02 5.118182770054230168e+00 5.201282474994659566e+01
-1.964348857623593290e+02 -1.964515896784726294e+02 3.255493822002434534e+00 5.205085813999176025e+01
-4.795044362806628158e+01 -8.322864010353168851e+01 5.497505568353651739e+01 5.193954985141753866e+01
1.752167922276118759e+02 1.671331570139433893e+02 6.090007341407495289e+01 5.194369285106658651e+01
2.020221304368769211e+02 2.014747885555930225e+02 1.291351563679041803e+00 5.219573395252227499e+01
3.020651816587092640e+02 3.022904432975561235e+02 1.020712902304450109e+00 5.190976895093918131e+01
4.045081282911836524e+02 4.042624981597271017e+02 1.745969031204836597e+00 5.195801465511321737e+01
5.001374468388591481e+02 5.000867310566815149e+02 1.285901701699649069e-01 5.184566854238509848e+01
6.003303253217965221e+02 6.002539846234606102e+02 3.285955596130265555e-01 5.189322234392166422e+01
8.201002863576446771e+02 8.000655261367763842e+02 4.007836152818267550e+01 5.206586129665375040e+01
9.087422574862193869e+02 8.834083657715567597e+02 1.091304979243011104e+02 5.204925900697708130e+01
1.103544589447727958e+03 1.146572861409658799e+03 1.198704138115014359e+02 5.205394120216369913e+01
1.065636792967668498e+03 1.076064264324130363e+03 4.086113694335635671e+01 5.272847579717635824e+01
1.198327367600970092e+03 1.202866062518334275e+03 2.314894967241761137e+01 5.272746864557266377e+01
1.268341785969453213e+03 1.300033498982084666e+03 5.209243837295593949e+01 5.280370459556579732e+01
1.490691305123649272e+03 1.450298998463630596e+03 8.579132421468281677e+01 5.280353084802627706e+01
1.485163211264419033e+03 1.500011473218917445e+03 1.013104028838217090e+02 5.217052685022353842e+01
