-1.399999966155001857e+03 -1.399999983288490284e+03 6.196578485122548093e-05 6.684826484918593792e+01
-6.853282197415362589e+02 -9.498872235384106943e+02 7.032637526961682397e+02 6.694156739711760906e+01
-1.199858517583274534e+03 -1.199946564746184322e+03 1.892563312268961129e-01 6.689366700649262043e+01
-1.099474439434321312e+03 -1.099806586373477103e+03 7.004891197777654011e-01 6.692554450035095215e+01
-9.999978813315237858e+02 -9.999975349221674605e+02 1.527800841755261145e-03 6.685814344882965088e+01
-8.999999392936140339e+02 -8.999999756942017939e+02 7.782485579853149285e-05 6.678878754377365112e+01
-7.999517553595457002e+02 -7.999712394238456454e+02 4.910251253049888881e-02 6.698601075410843464e+01
-6.898612593862926587e+02 -6.890652250387809090e+02 9.869367784375373986e+00 6.699990774393081949e+01
-5.995973043202715189e+02 -5.995748989124974742e+02 3.655353691039116559e-01 6.803832274675369263e+01
-4.999259227116400552e+02 -4.999333645748691879e+02 4.066471695380469153e-02 6.691929149627685547e+01
-3.999999270080301130e+02 -3.999999846063072937e+02 1.118270317348186830e-04 6.703172595500946329e+01
-2.998494970211357895e+02 -2.999994004202467295e+02 3.565567874488019262e-01 6.703383835554123493e+01
-1.999996849758952067e+02 -1.999998613688693467e+02 3.929950016007308740e-04 6.707111575603485676e+01
-9.999884263786944416e+01 -9.999942992503838468e+01 1.330230691072233247e-03 6.694815225601196573e+01
1.036684126204428793e+02 1.003480599148922465e+02 6.724749082907598208e+00 6.697588074207305908e+01
2.003696990158539961e+02 2.003166872846626347e+02 2.556843168976438707e-01 6.726245139837264730e+01
3.017183726267038537e+02 3.020204147454412009e+02 7.211678803074227373e-01 6.697483799457549480e+01
4.011726254968986041e+02 4.013062397031592354e+02 9.169598971372974194e-01 6.698733434677123455e+01
5.000039771428461677e+02 5.000000011687848200e+02 7.904393717778533668e-03 6.688827425241470337e+01
6.000155531074053670e+02 6.000194318446019679e+02 7.757791041189148439e-03 6.692097290754318806e+01
7.050864098564693450e+02 7.000812543810487796e+02 2.177573195704869136e+01 6.712411669492720989e+01
8.050097639610705755e+02 8.000071665420175577e+02 2.179342170098653853e+01 6.712335389852523804e+01
9.441556262425795012e+02 9.000411414681507267e+02 7.100702985000164347e+01 6.713519109487533854e+01
1.000011523710456686e+03 1.000007634689292786e+03 1.133150414678378917e-02 6.820249304771422771e+01
1.105019492522108067e+03 1.100016784616216228e+03 2.179008924135326097e+01 6.818695820569992350e+01
1.200371259689984981e+03 1.200086735850274863e+03 9.325178810427507958e-01 6.826517875194549845e+01
1.335317419737254568e+03 1.309024537098246128e+03 4.242264479213216788e+01 6.826392949819565104e+01
1.400079771474646350e+03 1.400054773725692257e+03 6.475618127183882522e-02 6.734391324520110800e+01
