-1.399999999216283641e+03 -1.399999999623997610e+03 8.979172956650874818e-07 3.577902940511703633e+01
2.134130467355356870e+02 -9.935164006433802797e+02 2.603139040414177998e+03 3.596174290180206157e+01
-1.199995069643528041e+03 -1.199998794131964132e+03 9.780693402057399552e-03 3.584220705032348775e+01
-1.099982394639165705e+03 -1.099996374609046370e+03 3.496341525178863624e-02 3.588844950199127481e+01
-9.999996344416340435e+02 -9.999997326237635207e+02 2.680470282125389033e-04 3.586020690202713013e+01
-8.999999993974118979e+02 -8.999999997272855126e+02 8.473181115632218228e-07 3.577896014451980733e+01
-7.999834216137154499e+02 -7.999921343315947979e+02 2.116681909392016323e-02 3.596866409778594686e+01
-6.949761702366199643e+02 -6.999809225884271200e+02 8.646851852265626803e+00 3.596252745389938354e+01
-5.996548830435187938e+02 -5.999823015355257212e+02 3.709308586303820543e-01 3.675192564725875854e+01
-4.999856479749775531e+02 -4.999900279861661261e+02 1.080088530960081686e-02 3.589993004798888876e+01
-3.999999951146160129e+02 -3.999999994986164893e+02 1.868157574750508427e-05 3.600970599651336812e+01
-2.998009891962352640e+02 -2.999999855434313076e+02 5.073336605484557449e-01 3.599795914888382242e+01
-1.999999820198569012e+02 -1.999999970416942006e+02 3.440119397572442416e-05 3.598555411100387857e+01
-9.999995704612766190e+01 -9.999998382628564286e+01 6.764474731081374071e-05 3.592226034402847290e+01
1.106241638892065140e+02 1.003131428533188227e+02 2.061722154370285409e+01 3.591910845041275024e+01
2.002078163852918635e+02 2.001741554462902286e+02 1.376982142183283131e-01 3.625274630784988261e+01
3.016158245778067908e+02 3.020196452997155347e+02 8.078655921959518871e-01 3.594203749895095967e+01
4.014748361219375283e+02 4.020238370451598939e+02 9.089924970836529283e-01 3.593875079154967978e+01
5.000019730727441356e+02 5.000000000006331220e+02 5.919162286423735805e-03 3.582752645015716553e+01
6.000126320953031609e+02 6.000194318198629162e+02 9.266466465598290070e-03 3.589399324655532553e+01
7.350190112647120486e+02 7.000370274292043860e+02 4.768505888449583807e+01 3.608858979940414713e+01
8.050011495886492412e+02 8.000010711193319821e+02 2.179464843050378420e+01 3.606647011041641093e+01
9.664998640637920744e+02 9.000021779127071113e+02 1.119729153508017561e+02 3.609655475616455078e+01
1.000000859955500118e+03 1.000000641966463718e+03 6.523646278187783054e-04 3.688101519346237467e+01
1.110002202957573900e+03 1.100001870212569202e+03 2.999931893554221674e+01 3.689021610021590902e+01
1.200275742454131660e+03 1.200435175795827035e+03 2.484864727210100710e-01 3.695882580280304097e+01
1.341104892234592626e+03 1.303431655558123566e+03 4.810691552675452698e+01 3.694294179677963541e+01
1.405009530300598726e+03 1.400009077925194561e+03 2.179279530965363421e+01 3.627795480489730551e+01
