-1.399999999997832219e+03 -1.399999999999628017e+03 6.945624116316719828e-09 2.584548599720001150e+01
1.064214829094553806e+03 -1.725033929449189145e+02 2.811377195820521138e+03 2.595724184513091970e+01
-1.199999997638259629e+03 -1.199999999420058884e+03 7.219477670356454939e-06 2.589366934299469136e+01
-1.099999997799256107e+03 -1.099999998666067086e+03 2.991855990803442001e-06 2.589062080383300923e+01
-9.999999855834297477e+02 -9.999999907680395381e+02 1.646010994755821752e-05 2.591146255731582571e+01
-8.999999999993466417e+02 -8.999999999998273097e+02 1.235277770599202492e-09 2.582212499380111836e+01
-7.999997132307105403e+02 -7.999997701106929071e+02 2.506906507796240104e-04 2.595304410457611155e+01
-6.919995906663157257e+02 -6.999992611172956458e+02 9.798056473481768336e+00 2.594249844551086426e+01
-5.998363101254528829e+02 -5.999991318321837070e+02 3.294620336527790405e-01 2.663789755105972290e+01
-4.999908693081084721e+02 -4.999926017191150436e+02 8.407973059940961058e-03 2.591968649625778198e+01
-3.999999999994724931e+02 -3.999999999997315854e+02 6.000318924965480186e-10 2.597485489845275808e+01
-2.994030244300866457e+02 -2.995025203200401620e+02 6.599812235360192902e-01 2.598482190370559763e+01
-1.999999999872530623e+02 -1.999999999968668760e+02 2.207368199704880573e-08 2.598889385461807322e+01
-9.998439131394158608e+01 -9.999999999176861820e+01 6.803658030643491839e-02 2.592671060562133789e+01
1.369406002469203827e+02 1.006243467445943907e+02 6.205571651522910770e+01 2.593511794805526804e+01
2.000311988506864509e+02 2.000066984810549684e+02 1.041306525631406910e-01 2.614087814092636108e+01
3.017167288505871170e+02 3.020196072481211331e+02 7.211703465190947293e-01 2.591933485269546367e+01
4.013829341325462110e+02 4.020203138254212831e+02 9.398362907900243979e-01 2.595301325321197439e+01
5.000054283591192643e+02 5.000000000000000000e+02 8.530267657692307964e-03 2.585616974830627512e+01
6.000145738651222018e+02 6.000194318197551411e+02 8.414224267455019599e-03 2.589590284824371480e+01
7.400004995723485308e+02 7.000011903280608294e+02 4.898945354659366558e+01 2.604611074924468994e+01
8.150000289933221893e+02 8.000000259464909504e+02 4.769695971089404196e+01 2.603221410512924194e+01
9.445063001290460534e+02 9.000001026861799573e+02 7.816906430739371103e+01 2.604666589498519969e+01
1.000000022201150728e+03 1.000000019168055360e+03 1.910843014392898048e-05 2.675501204729080129e+01
1.105000063578523850e+03 1.100000061582815306e+03 2.179448091794175824e+01 2.678547345399856638e+01
1.201440699443260883e+03 1.200080949172704095e+03 5.653370589305541927e+00 2.681852650642395020e+01
1.342470498004346609e+03 1.302544079602856982e+03 5.030813377930520147e+01 2.680041725635528493e+01
1.405000309482868488e+03 1.400000274411064765e+03 2.179446370508259889e+01 2.610200855731964253e+01
