-1.399999999951024847e+03 -1.399999999984713213e+03 8.514335910792467859e-08 5.925525674819946431e+01
6.161599391089914207e+03 8.159634115509306866e+03 5.406092366945234971e+03 5.938388965129852437e+01
-1.199999039611994249e+03 -1.199999835930876998e+03 1.897951598935928349e-03 5.927038480043411539e+01
-1.099998345485312257e+03 -1.099999384172983355e+03 1.829858564975626574e-03 5.935746409893035747e+01
-9.999999228685810522e+02 -9.999999592537939179e+02 8.921532372665884781e-05 5.931333349943160727e+01
-8.999438752598040310e+02 -8.999885271164757796e+02 1.384120012637450048e-01 5.925281319618225240e+01
-7.979886722526313179e+02 -7.999961586392557820e+02 5.338202834650422446e+00 5.939626240730285645e+01
-6.908170345533796990e+02 -6.981975955523951143e+02 9.815785139454920483e+00 5.937028664350509644e+01
-5.995073085052119950e+02 -5.995774918866416101e+02 4.727237834179506271e-01 6.028634004592895224e+01
-4.997387189988056093e+02 -4.998280726288035112e+02 2.384985326607688416e-01 5.932248275279998495e+01
-3.999999997033294790e+02 -3.999999999607840664e+02 4.973372576483099463e-07 5.942359474897384786e+01
-2.979105705301432181e+02 -2.980100817806560372e+02 1.858738688859442378e+00 5.944333100318908691e+01
-1.985287481892568735e+02 -1.990050373174989886e+02 1.890084078826609115e+00 5.942251689434051798e+01
-9.996877612880544461e+01 -9.999999888564047978e+01 9.365727878610649593e-02 5.936286554336547994e+01
1.712203247585331098e+02 1.583486600643375368e+02 6.597386086234854474e+01 5.935929765701293803e+01
2.005399551422375737e+02 2.005078155027965181e+02 4.421850429309795438e-01 5.965030175447463989e+01
3.017194428127878041e+02 3.020197644427375963e+02 7.223156667158406874e-01 5.936953104734421061e+01
4.018747341528188031e+02 4.020713516959382332e+02 7.049208297118169098e-01 5.936326645612716391e+01
5.000339686640890022e+02 5.000197335459031365e+02 3.436637879174019722e-02 5.927991045713424967e+01
6.000165170538507482e+02 6.000194318198291512e+02 6.938536158446632039e-03 5.932224849462509297e+01
7.800020553633657983e+02 8.000004588862561832e+02 3.999719906828200777e+01 5.949609540700912191e+01
8.350003280382049979e+02 8.000002277521575706e+02 7.262916234936137982e+01 5.947121624946593954e+01
1.045039938276584280e+03 1.011671400471664128e+03 1.039078279556287896e+02 5.950770039558410929e+01
1.015528154868044680e+03 1.018805061601585635e+03 1.765005893842431917e+01 6.044291740655899048e+01
1.167108792049514022e+03 1.200000023354312816e+03 4.769155618277425646e+01 6.043969000577926920e+01
1.202450636643660346e+03 1.200435156055693824e+03 6.444144347409042517e+00 6.052356429100036905e+01
1.384119453482014023e+03 1.410275627535545937e+03 5.374610087331571151e+01 6.050204999446869181e+01
1.455003183105153084e+03 1.500000174885029992e+03 4.974728860168648481e+01 5.970905735492706157e+01
