-1.400000000000000000e+03 -1.400000000000000000e+03 0.000000000000000000e+00 2.276953580379485942e+01
3.243508821408005133e+03 7.950331275541772129e+02 4.870216870871665378e+03 2.283699655532836914e+01
-1.200000000000000000e+03 -1.200000000000000000e+03 0.000000000000000000e+00 2.276019530296325755e+01
-1.100000000000000000e+03 -1.100000000000000000e+03 0.000000000000000000e+00 2.277883745431899953e+01
-9.999999999999805596e+02 -9.999999999999895408e+02 2.659156763396686866e-11 2.282728035449981618e+01
-8.999999999987543333e+02 -8.999999999999985221e+02 4.741264777134869301e-09 2.274811520576476909e+01
-7.999997997965618879e+02 -8.000000000000000000e+02 6.816293623308235499e-04 2.279123724699020315e+01
-6.889996075307033152e+02 -6.799999781407771025e+02 9.950229394353296897e+00 2.274659605026245046e+01
-5.998135384834866954e+02 -6.000000000000000000e+02 3.348486796540222632e-01 2.336791265010833740e+01
-4.998438952636420254e+02 -4.999334159275791762e+02 2.219003369081126165e-01 2.281977579593658589e+01
-3.999502520471453408e+02 -4.000000000000000000e+02 2.168462991415098240e-01 2.287837680578231669e+01
-2.989055450371974416e+02 -2.990050409429067031e+02 6.213517320035996105e-01 2.289978995323181010e+01
-1.992112801592001574e+02 -2.000000000000000000e+02 1.100140446683359530e+00 2.288658579587936259e+01
-9.568582565156188480e+01 -9.968782674401859367e+01 7.185261834009206261e+00 2.276457500457763672e+01
1.563180227747502045e+02 1.170693934401635943e+02 6.610518317906370100e+01 2.278270525932311941e+01
2.002186089174047652e+02 2.000000137886661946e+02 4.270287115546139156e-01 2.296654139757156443e+01
3.019300063230573983e+02 3.020225124902920015e+02 4.434278231968134532e-01 2.283431659936904978e+01
4.021099422975090647e+02 4.021874838984023199e+02 8.648431343315666764e-01 2.283837009668350149e+01
5.000328334969168509e+02 5.000197293441220268e+02 4.479299292621342909e-02 2.280700659751892090e+01
6.000155454558042720e+02 6.000194318197550274e+02 7.772727902010957354e-03 2.279877974987029887e+01
7.750000000000000000e+02 8.000000000000000000e+02 4.330127018922193116e+01 2.284576444625854563e+01
8.294659874362466780e+02 8.000000000000000000e+02 5.590793275178850763e+01 2.285300254821777344e+01
1.046553730669093284e+03 1.015991825206838598e+03 1.167265466626492696e+02 2.284949309825897146e+01
1.002209229714668936e+03 1.000000000000000000e+03 5.658993683393369167e+00 2.348117245435714651e+01
1.115566071335128527e+03 1.100000000000000000e+03 3.708011816521675286e+01 2.348146200180053711e+01
1.208307136184955652e+03 1.200435134724740237e+03 2.281003278881760110e+01 2.357885514497757029e+01
1.383166974124610078e+03 1.400000000000000000e+03 5.524025381815179969e+01 2.351767485141754221e+01
1.430000000000000000e+03 1.400000000000000000e+03 4.582575694955839651e+01 2.318251639604568481e+01
