-1.399999999999999773e+03 -1.399999999999999773e+03 5.084229945850414966e-14 4.167159745573997611e+02
6.401160058191509452e+05 5.818509074589362135e+05 2.545213286473749904e+05 5.559507691502570879e+02
2.713054458400763273e+08 9.427447494516935945e+07 3.475445034840517640e+08 5.526069825410843350e+02
2.072697610249174613e+04 2.124148577644090437e+03 4.526186084066387411e+04 5.336349740028381348e+02
-9.999999883026830503e+02 -9.999999879429257135e+02 2.842840939609705409e-06 5.517466197490691684e+02
-8.826529834327762956e+02 -8.877503089861770604e+02 1.379840951616050759e+01 5.528605480432510149e+02
-6.934459951240216924e+02 -6.998837325701460941e+02 2.226921783666928789e+01 5.583227891087532271e+02
-6.790754064577912459e+02 -6.790737006695767377e+02 4.306090795409550642e-02 5.279098913073539734e+02
-5.688077525547222422e+02 -5.681999079196275488e+02 4.790840900382120182e+00 6.864674610972404025e+02
-4.996985370444643308e+02 -4.997386637962780469e+02 1.676617341611779111e-01 4.543710930109024275e+02
-2.841694005868964155e+02 -2.885649188530564402e+02 1.974708236868251632e+01 4.347866585016250838e+02
-1.586576806944016482e+02 -1.666531195772410570e+02 3.712594154104246513e+01 4.524401280045509566e+02
1.636405423948144033e+01 1.884938157933882508e+01 3.414349089236569057e+01 4.727682928442955017e+02
2.188363136185140775e+03 2.227935468046973256e+03 4.412775777780447584e+02 4.398464312553405762e+02
5.813734841763448458e+03 5.745648369496890155e+03 1.885515066082862177e+03 4.587058835983276595e+02
2.024296820216361823e+02 2.025863780056573091e+02 5.115266368978191869e-01 5.087886078476905709e+02
5.115951030995955193e+02 4.878841587868157035e+02 6.147318242987382320e+01 4.578024942517280351e+02
6.619008443440593510e+02 6.474441627804123982e+02 6.164973381357923898e+01 5.052239753484726066e+02
5.068816558884498704e+02 5.066262634546017125e+02 2.261375328308721677e+00 5.593171128988266219e+02
6.146583481654383831e+02 6.150000000000000000e+02 8.467293072625459160e-01 4.345205278992652893e+02
9.700000000000032969e+02 1.000000000000002728e+03 4.582575694955821888e+01 4.542384479999542464e+02
2.923468041588565029e+03 2.891759845585577295e+03 4.052979624891068511e+02 4.593990062952041740e+02
6.150204348661421136e+03 5.743912789962366332e+03 1.258943959114743848e+03 5.013001741528511275e+02
1.275462633827250329e+03 1.275833415716796026e+03 8.575009150459679930e+00 7.076548569083213351e+02
1.391407287855093500e+03 1.391219815173385086e+03 1.011915655915134415e+01 7.038129775524139404e+02
1.562552856045943827e+03 1.568424836809372209e+03 3.823296271628616694e+01 7.162703590035438310e+02
2.338077340957601791e+03 2.349462686186994688e+03 7.369536543901156733e+01 7.106830061078071594e+02
1.767907871744088425e+03 1.700000000000005002e+03 2.960035504033778011e+02 4.855312042951583749e+02
