-1.399999971961377469e+03 -1.399999991323565609e+03 4.794605626265345614e-05 3.427195354700088359e+01
-6.553694030695847914e+02 -1.287092244636494797e+03 1.193642607316281328e+03 3.438934268951415874e+01
-1.199991561485216607e+03 -1.199996457240589962e+03 1.083715658759285688e-02 3.419090005159377910e+01
-1.099982722575087564e+03 -1.099996217941960367e+03 2.417333153615375957e-02 3.427383049726486064e+01
-9.999986635865598146e+02 -9.999992922427469466e+02 1.380138113757312752e-03 3.432867375612259053e+01
-8.999999991348515778e+02 -8.999999994155270997e+02 1.302430208630734094e-06 3.423765619993209697e+01
-7.999859272520534432e+02 -7.999894161183134429e+02 1.282010183525475987e-02 3.437317759990692423e+01
-6.929791327265688778e+02 -6.999570425126391910e+02 9.524254629046213338e+00 3.435060220956802368e+01
-5.998506582152186866e+02 -5.999880831929838223e+02 2.755363234834048991e-01 3.508285444974899292e+01
-4.999850153958620353e+02 -4.999888528961114389e+02 1.348220350295395789e-02 3.434219025373458578e+01
-3.999999270084409773e+02 -3.999999777513541517e+02 1.077600583948596654e-04 3.441438390016556070e+01
-2.999998565575995144e+02 -2.999999563258784292e+02 2.031339896065447489e-04 3.442518454790115356e+01
-1.999999040879715722e+02 -1.999999708901794406e+02 1.416214287194027840e-04 3.442876470088958740e+01
-9.996789320671305745e+01 -9.999949752882611165e+01 9.364448919747002387e-02 3.433378980159759664e+01
1.034668948251925542e+02 1.003133889984661664e+02 6.650411958756603958e+00 3.435247490406036519e+01
2.001869860781723389e+02 2.001397463798641070e+02 1.267274143982289880e-01 3.455466210842132568e+01
3.007094528661478421e+02 3.000058948667881964e+02 9.618697918555347837e-01 3.436668465137481832e+01
4.007282684691829218e+02 4.000507499283455104e+02 9.564526673654324407e-01 3.436171309947967245e+01
5.000000000013982344e+02 5.000000000000693490e+02 2.825756570244961053e-09 3.430660285949706889e+01
6.000058609854306724e+02 6.000000512658496064e+02 8.884370554619248905e-03 3.430624530315399312e+01
7.001523769383728677e+02 7.001286209926944366e+02 1.126627706799324669e-01 3.448537290096282959e+01
8.000099128177887451e+02 8.000086637504784903e+02 6.152146343148389741e-03 3.448742624521255351e+01
9.150143391849690033e+02 9.000183486480898409e+02 3.570780412907121359e+01 3.451316369771957682e+01
1.000006804193697121e+03 1.000004809220176526e+03 7.201560037429442437e-03 3.521112074851989604e+01
1.100018656875827674e+03 1.100013200066315676e+03 1.204010745062177555e-02 3.520357030630111694e+01
1.200066368352687732e+03 1.200004834522461351e+03 1.276613388687401762e-01 3.525144690275192261e+01
1.325948458931091636e+03 1.301366400807601622e+03 4.277328450082710276e+01 3.524346754550933980e+01
1.400081975188104707e+03 1.400083667924840938e+03 5.016808061445959810e-02 3.458335834741592407e+01
