-1.400000000000000000e+03 -1.400000000000000000e+03 0.000000000000000000e+00 5.976543564796448038e+01
5.251672976083116737e+03 4.866492390119103220e+03 3.734563236413554478e+03 5.979514549970626547e+01
-1.200000000000000000e+03 -1.200000000000000000e+03 0.000000000000000000e+00 5.979954420328139975e+01
-1.100000000000000000e+03 -1.100000000000000000e+03 0.000000000000000000e+00 5.981226915121078491e+01
-9.999999999999865850e+02 -9.999999999999920419e+02 1.618093622611168809e-11 5.979448344707488872e+01
-9.000000000000000000e+02 -9.000000000000000000e+02 1.815433213627251393e-13 5.982393060922622396e+01
-7.999999999999978400e+02 -7.999999999999985221e+02 3.266790836836844836e-12 5.973657234907150126e+01
-6.909997913248278110e+02 -6.999999999999042757e+02 9.950105074267455052e+00 5.973701745271682739e+01
-5.996238145589119313e+02 -5.999999999998042313e+02 4.238298545574276099e-01 6.038696509599685669e+01
-4.999395801159682264e+02 -4.999901353279390150e+02 8.283691625875622133e-02 5.979709200859069540e+01
-3.999502520471453408e+02 -4.000000000000000000e+02 2.168462991415098240e-01 5.993841314315795898e+01
-2.991542850533617184e+02 -2.990050409429067031e+02 9.582124194540782014e-01 5.991347544193267538e+01
-1.995509393676314573e+02 -2.000000000000000000e+02 9.130011666436217421e-01 5.991238939762115479e+01
-9.985952203480836431e+01 -1.000000000000000000e+02 1.553042339510841419e-01 5.979364655017852925e+01
1.246351060826753354e+02 1.167572201841821879e+02 3.568718751607966766e+01 5.975556564331054688e+01
2.001555867350287201e+02 2.000000000001147669e+02 4.778398185303962542e-01 5.996905740499496318e+01
3.013278758356344156e+02 3.020197639804966911e+02 9.672229546182433690e-01 5.986902440786361979e+01
4.018621705246270039e+02 4.020623941199700084e+02 9.440542281813837366e-01 5.984343395233154439e+01
5.000143065625879899e+02 5.000197293441220268e+02 1.478795330896598252e-02 5.985307654142379619e+01
6.000184602287674807e+02 6.000194318197550274e+02 4.235066930063083844e-03 5.987038174867630147e+01
7.500000000000095497e+02 7.500000000000577529e+02 4.999999999999213429e+01 5.984667834043502666e+01
8.198119165858006454e+02 8.000000000000007958e+02 3.998090312574677085e+01 5.986227979660034038e+01
1.020154894045596279e+03 9.526600265392221445e+02 1.294173867033586021e+02 5.986007570028304769e+01
1.004246711751282987e+03 1.000000000000000796e+03 7.397665725409617643e+00 6.050576549768447876e+01
1.120000000000002501e+03 1.100000000000000682e+03 4.000000000000339639e+01 6.051395070552825928e+01
1.200256100156828097e+03 1.200080948985142413e+03 2.927151480836880371e-01 6.061999069452285482e+01
1.376855534896931204e+03 1.400000000000000227e+03 4.681006617747065945e+01 6.056721479892730997e+01
1.420000000000010914e+03 1.400000000000004775e+03 3.999999999999594991e+01 5.995310025215148642e+01
