-1.400000000000000000e+03 -1.400000000000000000e+03 0.000000000000000000e+00 5.985161209106445312e+01
4.511364100886734377e+03 1.801317135585437427e+03 5.614143186172005699e+03 5.999409325122833536e+01
-1.200000000000000000e+03 -1.200000000000000000e+03 0.000000000000000000e+00 5.984297291040420674e+01
-1.100000000000000000e+03 -1.100000000000000000e+03 0.000000000000000000e+00 5.989013220071792887e+01
-9.999999999999636202e+02 -9.999999999999845386e+02 4.211097664642339103e-11 5.991983850002289103e+01
-8.999510717529144586e+02 -8.999995598736372813e+02 1.269371584284971211e-01 5.988152004480362223e+01
-7.985843761614108871e+02 -7.999993938614443323e+02 4.103053556325920503e+00 5.996372759342193604e+01
-6.877276805221443965e+02 -6.800001300540973261e+02 9.373784573797394160e+00 5.989834254980087280e+01
-5.996252380292511361e+02 -5.997926886320863105e+02 3.850987943025864224e-01 6.064008175134658529e+01
-4.994415484801170351e+02 -4.996892677624968542e+02 5.894246095470715430e-01 5.999375915527343750e+01
-3.999502520471453408e+02 -4.000000000000000000e+02 2.168462991415098240e-01 5.998334825038909912e+01
-2.985075621700329975e+02 -2.990050409429067031e+02 1.458894724638633900e+00 6.002488003969192221e+01
-1.981318788405047258e+02 -1.980100818858134062e+02 2.038750536898728871e+00 6.003000359535217001e+01
-8.039309562386929997e+01 -9.968782674401859367e+01 3.744389181287349544e+01 5.988520884513854980e+01
1.616011704878562796e+02 1.335144403683643759e+02 6.121350451569414020e+01 5.982796670198440836e+01
2.007615395822440689e+02 2.005585667075564515e+02 6.250146227433455159e-01 6.008588664531707479e+01
3.016744334283374087e+02 3.020227481771768225e+02 8.026094511562404943e-01 5.995123709440231607e+01
4.026048369019719075e+02 4.023986296398097693e+02 9.552132465181701892e-01 5.999919664859771729e+01
5.000430247551392426e+02 5.000197293441221973e+02 5.120129063057164004e-02 5.991011400222778605e+01
6.000407574243911313e+02 6.000194318197550274e+02 5.818026295471488696e-02 5.990437290668487691e+01
7.700000000000000000e+02 8.000000000000000000e+02 4.582575694955839651e+01 5.995997204780578471e+01
8.529348124443404231e+02 8.000000000000000000e+02 8.584045494715738300e+01 5.994571529626846029e+01
1.061097826185161466e+03 1.068066790002439575e+03 1.147782853745305687e+02 5.995590670108795450e+01
1.017876977296093173e+03 1.018804744936627685e+03 2.283012759622253185e+01 6.079324625730514242e+01
1.158449816809683853e+03 1.200000000000000000e+03 4.817715601631712019e+01 6.078088245391845845e+01
1.212115422063146980e+03 1.200435134724740237e+03 2.499078840918062383e+01 6.090052754878998087e+01
1.400438749850105296e+03 1.410657315186277629e+03 7.650636266529743068e+01 6.082624349594116353e+01
1.440000000000000000e+03 1.400000000000000000e+03 4.898979485566356118e+01 6.020558730363845967e+01
