-1.400000000000000000e+03 -1.400000000000000000e+03 0.000000000000000000e+00 2.252558879852294993e+01
4.751649652399854858e+03 3.941439170371215823e+03 4.686452082863315809e+03 2.250505460500717092e+01
-1.200000000000000000e+03 -1.200000000000000000e+03 0.000000000000000000e+00 2.248666259050369121e+01
-1.100000000000000000e+03 -1.100000000000000000e+03 0.000000000000000000e+00 2.250457609891891408e+01
-9.999999999999888587e+02 -9.999999999999937472e+02 1.304912459661626732e-11 2.254200919866561748e+01
-9.000000000000000000e+02 -9.000000000000000000e+02 1.761228916715216211e-13 2.246792609691619802e+01
-7.999999985611163993e+02 -8.000000000000000000e+02 6.271946819487043672e-06 2.243436270952224731e+01
-6.909996782652763159e+02 -6.999999999999979536e+02 9.950230070831841189e+00 2.242493975162506104e+01
-5.997081843784804960e+02 -6.000000000000000000e+02 4.033176743830224065e-01 2.308540495634078837e+01
-4.999357621135775958e+02 -4.999704158387879147e+02 9.174495712894949195e-02 2.252840365171432424e+01
-4.000000000000000000e+02 -4.000000000000000000e+02 0.000000000000000000e+00 2.259847625494003154e+01
-2.993035289119256390e+02 -2.990050409429067031e+02 8.954622277839942024e-01 2.261164360046386790e+01
-1.997565348578687008e+02 -2.000000000000000000e+02 7.438119724391873966e-01 2.261304749250411916e+01
-9.985952203480836431e+01 -1.000000000000000000e+02 1.840234204065784862e-01 2.250142140388488698e+01
1.273263334135690457e+02 1.167572201841821879e+02 3.713434977433036721e+01 2.245974384546279978e+01
2.001351995657009297e+02 2.000000000000129887e+02 3.541554931913076243e-01 2.265600265264511037e+01
3.016228179929308908e+02 3.020197639804966911e+02 8.102783708173441068e-01 2.254402254819870066e+01
4.020106266537405872e+02 4.021475161386929358e+02 9.908124435247563921e-01 2.256298830509185649e+01
5.000103781587243930e+02 5.000000000000000000e+02 2.283681791468562122e-02 2.255532305240631175e+01
6.000184602287674807e+02 6.000194318197550274e+02 4.235066930063082977e-03 2.253303494453430034e+01
7.750000000000002274e+02 8.000000000000000000e+02 4.330127018922178195e+01 2.256293444633483958e+01
8.131321407224016866e+02 8.000000000000000000e+02 3.199614023824722864e+01 2.256122295856475901e+01
1.029474962398674052e+03 9.633317986676293003e+02 1.342289368335777340e+02 2.255333395004272390e+01
1.003463466479295334e+03 1.000000000000000000e+03 6.601225474381195113e+00 2.318919819593429565e+01
1.120000000000000227e+03 1.100000000000000227e+03 3.999999999999983658e+01 2.318817435503006052e+01
1.202183652323507431e+03 1.200258041854941439e+03 6.466608558002005402e+00 2.329340320825576782e+01
1.364852872352513941e+03 1.400000000000000000e+03 4.875517946977036843e+01 2.324626114368438579e+01
1.410000000000001364e+03 1.400000000000000000e+03 3.000000000000288125e+01 2.259934320449828959e+01
