-1.400000000000000000e+03 -1.400000000000000000e+03 0.000000000000000000e+00 2.614637759923935079e+01
5.365934372315385190e+03 4.859692046418352220e+03 5.994192574969432826e+03 2.614941055774688650e+01
-1.200000000000000000e+03 -1.200000000000000000e+03 0.000000000000000000e+00 2.613496185541152883e+01
-1.100000000000000000e+03 -1.100000000000000000e+03 0.000000000000000000e+00 2.615689696073532033e+01
-9.999999999999156444e+02 -9.999999999999513420e+02 9.202009565426086344e-11 2.616201634407043386e+01
-8.993694049768652121e+02 -8.999721795652835681e+02 1.564773710957722441e+00 2.601410039663314677e+01
-7.910427245964634722e+02 -7.954800021641132162e+02 1.306734475035881182e+01 2.620659145116805888e+01
-6.828828735777135535e+02 -6.799950637011525032e+02 5.714926791650405846e+00 2.613311380147933960e+01
-5.993748936421442295e+02 -5.992488309067952059e+02 5.147196922265289132e-01 2.688164794445037842e+01
-4.797088096937197292e+02 -4.877481480028144460e+02 2.221204329916907838e+01 2.612505280971527100e+01
-3.988557970843427825e+02 -3.990050409429067031e+02 7.226307560514710904e-01 2.628338645696640086e+01
-2.966668922011003247e+02 -2.970151253476296347e+02 2.580659587972879532e+00 2.628507900238037109e+01
-1.951289888826964045e+02 -1.964515896784726294e+02 6.032779896472792558e+00 2.629425380229950093e+01
-3.235042982876808537e+01 -6.648555963163562410e+01 8.541369875611226803e+01 2.611562674045562815e+01
2.164357347849550024e+02 1.886275241999829291e+02 1.150190078470928228e+02 2.613133665323257304e+01
2.017964766073530996e+02 2.016840234231613636e+02 9.452118307997827706e-01 2.638535975217819285e+01
3.022311350401503205e+02 3.021119826686772285e+02 1.173584120403869502e+00 2.618006479740142822e+01
4.041334705718413716e+02 4.040567223444452338e+02 1.800764682399813355e+00 2.614889930486679148e+01
5.000978862355833598e+02 5.000467580880634273e+02 1.172651016763492648e-01 2.614679985046386790e+01
6.002686135865571941e+02 6.001642145938467365e+02 2.921748117313223703e-01 2.618375260829925466e+01
7.850000000000000000e+02 8.000000000000000000e+02 5.722761571129798597e+01 2.620087295770645142e+01
9.050903121584557312e+02 9.000000000000000000e+02 9.889597727530464510e+01 2.622457134723663330e+01
1.091509291403869156e+03 1.102614430577516487e+03 1.033513550477039615e+02 2.622984805107116557e+01
1.071568812945115042e+03 1.063677813852709733e+03 3.025355864081894808e+01 2.707379155158996653e+01
1.172840181648107773e+03 1.200000000000000000e+03 4.513035458966717783e+01 2.704826029539108134e+01
1.261442537286896822e+03 1.276920708906899563e+03 4.463845497138346019e+01 2.719104255437850881e+01
1.462593160882220218e+03 1.445081754207765471e+03 8.615428823979939921e+01 2.710829139947891164e+01
1.490000000000000000e+03 1.500000000000000000e+03 8.306623862918074508e+01 2.741279674768447805e+01
