-1.399999978766223876e+03 -1.399999985920801919e+03 2.043401396738838397e-05 6.046645975112915039e+01
1.848741176890586530e+03 1.531976571435188362e+03 3.147977112892954210e+03 6.061873174905777262e+01
-1.199282870153866270e+03 -1.199858826714021234e+03 1.221029345277969025e+00 6.049418749809264995e+01
-1.098982529241437078e+03 -1.099597540882818521e+03 1.491766248077753154e+00 6.052630479335785196e+01
-9.999961583927999982e+02 -9.999965547726613977e+02 3.217563155690762039e-03 6.052656924724578857e+01
-8.999718573473344350e+02 -8.999990405209423443e+02 9.305143965541921858e-02 6.046147330999374248e+01
-7.998415222501135986e+02 -7.999017675810464425e+02 2.175014500296528486e-01 6.062690849304199503e+01
-6.877876568462256728e+02 -6.799998181206153731e+02 9.552095693310832303e+00 6.061959289312362387e+01
-5.996769105785062948e+02 -5.999278189931000043e+02 3.803719634412415229e-01 6.142110295295715616e+01
-4.998752791777592392e+02 -4.998779297208254775e+02 6.058950176947323907e-02 6.054599465131759928e+01
-3.999999188305160942e+02 -3.999999842188314005e+02 1.722725898930971581e-04 6.065493586063384868e+01
-2.990029876831999900e+02 -2.990048802376083472e+02 9.949575004683154367e-01 6.066961100101470805e+01
-1.997974585323063934e+02 -1.999997836969622540e+02 6.068915172432753913e-01 6.067391264438629150e+01
-9.999733757985052307e+01 -9.999875060106990077e+01 3.358562780518779649e-03 6.057041774988174154e+01
1.196395188927873079e+02 1.087191166140099199e+02 3.059955662530960652e+01 6.057749224901199625e+01
2.005098976199760727e+02 2.005665596150822694e+02 2.947841860240038026e-01 6.084168159961700439e+01
3.016178250595879717e+02 3.020198850568727948e+02 8.069462055862349770e-01 6.056791350841522359e+01
4.016191499271724297e+02 4.020516258033520671e+02 8.558181061038384607e-01 6.058527669906616353e+01
5.000194317337919756e+02 5.000049789494136121e+02 2.799481956482345948e-02 6.047202969789505289e+01
6.000168559117886389e+02 6.000194318444089276e+02 6.150239999283480669e-03 6.053761519193649576e+01
7.700592450543429095e+02 8.000139080450451274e+02 4.577647156011397556e+01 6.071314730644225932e+01
8.200101453638429803e+02 8.000097001131432535e+02 6.000045793419738516e+01 6.071382185220718242e+01
9.931371351568590171e+02 1.000006568978771384e+03 1.038175893461129959e+02 6.072634919881820537e+01
1.005281205914307066e+03 1.000015653786662824e+03 1.192926433769732419e+01 6.157654720544815063e+01
1.110025938044672557e+03 1.100022178686340567e+03 2.999164521392523497e+01 6.158754124641418315e+01
1.203885512331003611e+03 1.200440554873266137e+03 9.351274698321899947e+00 6.166117384433746196e+01
1.359232568372025071e+03 1.357825105369394805e+03 5.116693175143613814e+01 6.161725164651871012e+01
1.435059680760357423e+03 1.400121639119743122e+03 4.766708065807794270e+01 6.090131769180297994e+01
