-1.399999999999999773e+03 -1.399999999999999773e+03 0.000000000000000000e+00 1.845828540194034531e+03
7.689660816730631050e+05 8.167268765512768878e+05 2.747941343764184858e+05 2.156487285292148499e+03
1.032027055295429192e+07 5.772837402632711455e+06 1.304164044975579530e+07 2.063532460892200561e+03
5.916949311203880825e+03 5.718825691118017858e+03 1.651335516723719365e+03 2.146721911346912293e+03
-9.999996200481297137e+02 -9.999996118821115942e+02 2.990354039888317529e-05 2.150743766105174927e+03
-8.565526684650294555e+02 -8.565526684650293419e+02 1.420403186706196719e-12 1.935107780551910309e+03
-7.836625193919425101e+02 -7.836986546461764647e+02 7.143594679106882950e+00 2.055061723744869141e+03
-6.788800647942407522e+02 -6.788694568108608109e+02 3.293644246685745181e-02 2.016590247344970749e+03
-5.298546091911866824e+02 -5.269812553169289231e+02 5.483282348495535530e+00 2.542987558794021425e+03
-4.999561292893310451e+02 -4.999593365335497310e+02 1.890745287578236844e-02 1.886565053796768098e+03
-3.432185714330690303e+02 -3.417497947424816971e+02 9.600752967873635413e+00 1.896930561399459748e+03
-2.138141517346927287e+02 -2.398050400640325108e+02 8.289429430777437346e+01 1.966662362694740295e+03
4.631328374077837040e+00 -1.687339668984537866e+01 8.202963082549271689e+01 2.046401176249980836e+03
2.467041564684843706e+03 2.516815533451908777e+03 4.736780106893458537e+02 1.865876322853565171e+03
1.359895650812878739e+04 1.405877235856918014e+04 1.832300639188813420e+03 2.013584061598777680e+03
2.035647060368968937e+02 2.035425260978890378e+02 2.212545237032904066e-01 2.198517465496063323e+03
4.089137270344903072e+02 4.084549652085698312e+02 9.849035008922113477e+00 1.861630613195896103e+03
7.634012728909763155e+02 7.874155200311511180e+02 9.002801804639813099e+01 2.044409115052223115e+03
5.048543532167624903e+02 5.048817901678484077e+02 9.365363374719896106e-01 2.150919785547256652e+03
6.202645969266519614e+02 6.202654967088180911e+02 1.244581519762595345e+00 2.097882955193519592e+03
1.642610347181194356e+03 1.828262933976492604e+03 3.713051735905969508e+02 1.909062154650688171e+03
3.428842388550873693e+03 3.338497394148876083e+03 5.897086050966330504e+02 1.917162513709068207e+03
1.430359189652095665e+04 1.501640357159802079e+04 2.038750397195890173e+03 2.096373631608485994e+03
1.267037678812354670e+03 1.261040163709318676e+03 1.764125398524817356e+01 2.638617614793777648e+03
1.398722074122343201e+03 1.395538032351953007e+03 1.759666729542785646e+01 2.637596807599067688e+03
1.655113596293746468e+03 1.659497375719220145e+03 2.312340861025244365e+01 2.625530076551437560e+03
2.786216901801468794e+03 2.844069053139001426e+03 3.968882583395678694e+02 2.655412768900394440e+03
3.134229057841812846e+03 1.800000000000000909e+03 1.475162103447667050e+03 2.138834078359604064e+03
