-1.399999991570665543e+03 -1.399999996800258714e+03 1.234932473851039773e-05 6.086308450698852823e+01
1.903644812212647594e+03 6.219883302441368187e+02 3.973982264515807401e+03 6.098987439870834493e+01
-1.199927290422771875e+03 -1.199984049412277727e+03 1.363299246931120312e-01 6.087421613931655884e+01
-1.099809102723030719e+03 -1.099944323423742844e+03 2.704381852088729721e-01 6.091016755104065084e+01
-9.999992637130490039e+02 -9.999994591312577086e+02 6.382150478936287610e-04 6.089856954813003398e+01
-8.999967627874350455e+02 -8.999999832751368558e+02 1.372450978430215032e-02 6.083851400613784932e+01
-7.999785288690188736e+02 -7.999836381591046575e+02 2.191711357939619270e-02 6.099538249969482706e+01
-6.879824856519616105e+02 -6.799999776175620809e+02 9.777030442915828345e+00 6.099228085279465006e+01
-5.996824639507183292e+02 -5.999800899037222734e+02 3.741182382148356411e-01 6.183491604328155233e+01
-4.999106862277068899e+02 -4.999220814860076416e+02 5.327770064093517027e-02 6.092912189960479452e+01
-3.999999835323102388e+02 -3.999999934504087946e+02 2.666055431120063090e-05 6.104182049036025859e+01
-2.994020602817836902e+02 -2.995024407159377233e+02 6.605310762071994191e-01 6.103031855821609497e+01
-1.996981025625333928e+02 -1.999999269230933123e+02 7.185125075558534968e-01 6.104664055109024190e+01
-9.999977192702367290e+01 -9.999987298556544602e+01 2.407742090307637224e-04 6.093028730154037476e+01
1.450964122684218296e+02 1.170702682434887834e+02 4.756176514143751888e+01 6.092370750904083110e+01
2.004795379043204093e+02 2.005196810634847395e+02 2.724304171659542861e-01 6.125205230712890625e+01
3.014145584620196701e+02 3.020198360747403399e+02 9.253219092442959148e-01 6.095861154794692993e+01
4.018384828100544723e+02 4.020763576994606865e+02 7.183794468390919397e-01 6.097696700096130229e+01
5.000232776480124812e+02 5.000148389529074962e+02 3.029203367123525434e-02 6.087558000087737753e+01
6.000145850266849266e+02 6.000194318284752626e+02 8.395204813766706659e-03 6.092689715623855307e+01
7.400479353213954710e+02 7.001280882331552675e+02 4.895885593410356762e+01 6.112614200115204000e+01
8.300033075774379085e+02 8.000028844653793385e+02 7.141504387598544668e+01 6.109244110584258891e+01
1.032558123330048375e+03 1.014335456003101285e+03 1.234573780347077587e+02 6.112091724872588827e+01
1.000002521414185367e+03 1.000001715678677556e+03 1.958162099398530476e-03 6.201573125123977803e+01
1.120006575070807912e+03 1.100006877532219733e+03 3.999740788747824638e+01 6.201467639207839966e+01
1.200472294950053083e+03 1.200082762177827590e+03 9.379144550180817941e-01 6.209107739925384806e+01
1.351075446735298328e+03 1.323829002623166161e+03 4.573044158953479155e+01 6.205807914733886577e+01
1.430028289485273717e+03 1.400049418790376421e+03 4.581316359935478033e+01 6.120113484859466269e+01
