-1.399990675334795469e+03 -1.399993501641758030e+03 9.018527583502106149e-03 6.162860670089721538e+01
-1.261864645682943546e+03 -1.267582429453226723e+03 2.735250336149231387e+01 6.175515561103820517e+01
-1.198913039268106786e+03 -1.199448233895255271e+03 1.519510789894206626e+00 6.150028959512710713e+01
-1.098315019009801745e+03 -1.099680127274866663e+03 4.140521496021263737e+00 6.156110969781875752e+01
-9.999653682646099924e+02 -9.999783472669860203e+02 3.655812019989554407e-02 6.167973154783248901e+01
-8.999999082371903114e+02 -8.999999419915908447e+02 7.416127835708135945e-05 6.168486570119857504e+01
-7.997578567343668965e+02 -7.997761244453814697e+02 1.360085522201928965e-01 6.176090044975281046e+01
-6.964217704096479338e+02 -6.994131222086019761e+02 6.916890083724738680e+00 6.168639115095138692e+01
-5.998805364965912759e+02 -5.999161649952652624e+02 1.503948306903658549e-01 6.243717725276947306e+01
-4.998919814851690830e+02 -4.998844370515228093e+02 5.147955426450447070e-02 6.175626299381256246e+01
-3.999854209811792316e+02 -3.999954262806720635e+02 2.123684656357473222e-02 6.177281365394592427e+01
-2.999785231680206721e+02 -2.999884358874708141e+02 3.318381383526748662e-02 6.183451290130615519e+01
-1.999767811849560530e+02 -1.999896522549977931e+02 2.836805520833535210e-02 6.180356374979019307e+01
-9.977792956477304642e+01 -9.980627526620281742e+01 2.063074354791767095e-01 6.175305404663085795e+01
1.003988091798201054e+02 1.003778541996390459e+02 2.550970602074487670e-01 6.174256340265274190e+01
2.002543142142102965e+02 2.002571043484259974e+02 1.377937632827307135e-01 6.188760269880295084e+01
3.004407827300117901e+02 3.001580746868991127e+02 6.896165810650763950e-01 6.175723004341125488e+01
4.006850301326641670e+02 4.003770666411304546e+02 6.760071933349773854e-01 6.179265960454940654e+01
5.000001024757474397e+02 5.000000165971878232e+02 1.935204313890984650e-04 6.172647495269775675e+01
6.000182268411092537e+02 6.000194328880390913e+02 3.837111322718657173e-03 6.174042925834655904e+01
7.020704884514011610e+02 7.020017794675047753e+02 8.178583843814777321e-01 6.187157864570617960e+01
8.006946217928898477e+02 8.005408961421113645e+02 7.297023277204791603e-01 6.183851701021194458e+01
9.009338969637080936e+02 9.005958026643395442e+02 8.743691357157140631e-01 6.188075449466705180e+01
1.000263369672153772e+03 1.000176432099484941e+03 2.151448240780906018e-01 6.264036870002746582e+01
1.100571137094164897e+03 1.100447513307580266e+03 4.057989268328725529e-01 6.264836599826812602e+01
1.200176723095130001e+03 1.200131342201224925e+03 1.426754815605854876e-01 6.268970545530319072e+01
1.312778537420397242e+03 1.311371404940397497e+03 7.400911986329428593e+00 6.265169659852981709e+01
1.401541697567549363e+03 1.401247169774053873e+03 9.323594447646125216e-01 6.195227839946746684e+01
