-1.399999999999619149e+03 -1.399999999999933607e+03 5.509759560591170589e-10 6.106039210557937480e+01
4.449696105792045273e+03 -3.445048493570018877e+02 6.101979315918832071e+03 6.113657810688018657e+01
-1.199999999090161964e+03 -1.199999999831168680e+03 1.542525278864611693e-06 6.110739885568618490e+01
-1.099999994908796452e+03 -1.099999999657713488e+03 1.610398572173165401e-05 6.109263795614242554e+01
-9.999999942539823223e+02 -9.999999961335806802e+02 8.584650258748217159e-06 6.111955964565277100e+01
-8.999568680504813756e+02 -8.999987656315435061e+02 1.282124280918394976e-01 6.110313329696655416e+01
-7.987804395407746370e+02 -7.999995404456033157e+02 5.178742913941991155e+00 6.119397305250167562e+01
-6.879992513486818098e+02 -6.799999030513023399e+02 9.798458488885174233e+00 6.116413009166717529e+01
-5.996790133084224408e+02 -5.999538431139010299e+02 3.581403322916030252e-01 6.184843513965606832e+01
-4.998760322947090344e+02 -4.999371177679309426e+02 1.709623947240185571e-01 6.110552594661712789e+01
-3.999999999994841460e+02 -3.999999999999189413e+02 1.298501801218473612e-09 6.116530559062957906e+01
-2.984578139169741462e+02 -2.985075611650027554e+02 1.388492527998022696e+00 6.118354469537734985e+01
-1.992079783147692069e+02 -1.999999999989984758e+02 1.103833537882539018e+00 6.120029019117355062e+01
-9.992195668086552018e+01 -9.999999999576101573e+01 1.351749829323058705e-01 6.112396489381789877e+01
1.503210297553393104e+02 1.170693940545970690e+02 5.832587482591009120e+01 6.112577425241470053e+01
2.002337640671575230e+02 2.000656749651675739e+02 3.818957526090338006e-01 6.135285899639129781e+01
3.014217613506438056e+02 3.020197639833860421e+02 9.308875528126102639e-01 6.112258394956588603e+01
4.015915919617522150e+02 4.020498282148928411e+02 9.239008228580366522e-01 6.114220260381698324e+01
5.000244873249642410e+02 5.000197293445408491e+02 2.818833628032953523e-02 6.107231525182724141e+01
6.000174886378756582e+02 6.000194318197552548e+02 5.829545651609656202e-03 6.111427685022353984e+01
7.650001187125051274e+02 8.000000125714063870e+02 4.769687266527970593e+01 6.123011645078658916e+01
8.550000202975686534e+02 8.000000260759729827e+02 8.645808170453402397e+01 6.126185115575790263e+01
1.081897513318921028e+03 1.107880031492079070e+03 1.043726524476967228e+02 6.125315345525741861e+01
1.018497684672833543e+03 1.010972483724255653e+03 2.984128375200031869e+01 6.195529159307479716e+01
1.145444179691740146e+03 1.100000163026370274e+03 5.025572115507937809e+01 6.197464505434036397e+01
1.218695396960567450e+03 1.200916607078469269e+03 3.152306022162811416e+01 6.203106510639190674e+01
1.392182653147619476e+03 1.405137820404137983e+03 6.781737339444048018e+01 6.202821244001388834e+01
1.445000098560224160e+03 1.400000251005985774e+03 4.974936169340887915e+01 6.135200815200805380e+01
