-1.399999999999940655e+03 -1.399999999999967713e+03 1.046759234200911440e-10 6.125913909673690938e+01
3.119625395021692384e+03 9.029238879962804276e+02 4.289910852600170074e+03 6.138425160646438883e+01
-1.199999999496723376e+03 -1.199999999956596866e+03 1.728988754641703220e-06 6.128936684131622314e+01
-1.099999999137399072e+03 -1.099999999888621460e+03 1.423313044525621089e-06 6.130624359846115112e+01
-9.999999969210260815e+02 -9.999999986070093883e+02 3.727251547803021089e-06 6.132670154571533061e+01
-8.999999999993900701e+02 -8.999999999999763531e+02 1.862685134004436275e-09 6.123192474842071675e+01
-7.999998163556331292e+02 -7.999999305241997263e+02 2.518971065618999874e-04 6.135742819309234619e+01
-6.929996605511372536e+02 -6.999997241865386286e+02 9.539612474137237896e+00 6.134986004829406880e+01
-5.996722525305297040e+02 -5.999989248238239270e+02 4.138844314738653329e-01 6.207590084075927450e+01
-4.999685543631599103e+02 -4.999901306273853834e+02 5.279491875827390518e-02 6.131761400699615194e+01
-3.999999999991838990e+02 -3.999999999999065494e+02 1.823173370084986750e-09 6.141387959718704082e+01
-2.995025204636813214e+02 -2.999999999622875180e+02 5.886257146639124471e-01 6.143106719255447246e+01
-1.994069701290728176e+02 -1.999999999977765697e+02 1.047895498019061566e+00 6.140262500047683858e+01
-9.996878266733291696e+01 -9.999999999623821623e+01 9.365197479372432132e-02 6.136793124675750732e+01
1.337631857382613703e+02 1.086907835433320315e+02 4.306041802310707567e+01 6.134038475751876973e+01
2.000032226228304921e+02 2.000024177300962265e+02 2.393064250210093832e-03 6.159326809644699097e+01
3.014139329456331211e+02 3.020196068576153721e+02 9.256366623778709002e-01 6.136849679946899272e+01
4.016774834191948003e+02 4.020239947885193033e+02 7.595982659260552827e-01 6.134010879993438436e+01
5.000113471620719565e+02 5.000000000000000000e+02 2.189738762085012905e-02 6.129475989341735698e+01
6.000116590931236260e+02 6.000194318197550274e+02 9.519607084193896021e-03 6.130880883932113790e+01
7.400001398474194048e+02 7.000002962907210531e+02 4.898970133192523235e+01 6.145794974565505697e+01
8.150000118183987752e+02 8.000000079944070421e+02 4.769695815520306326e+01 6.147258335351943970e+01
9.546821739328549938e+02 9.000000223668596391e+02 9.383612377029263030e+01 6.146018054485320903e+01
1.002985113468475333e+03 1.000000008904834885e+03 6.701038666634991259e+00 6.219997130632400228e+01
1.115000027110629844e+03 1.100000033349825117e+03 3.570713161705783989e+01 6.220981800556182861e+01
1.200827306709928052e+03 1.200080949010011409e+03 1.487561275689160079e+00 6.226220954656601236e+01
1.369213437529660723e+03 1.400000002927489504e+03 4.887677782641293334e+01 6.223040184974670552e+01
1.440000154936947638e+03 1.400000217778595015e+03 4.898970330787346228e+01 6.155510145425796509e+01
