-1.399999999997685109e+03 -1.399999999999553211e+03 4.853666626936851687e-09 5.644617434740066386e+01
1.370207009459679512e+03 5.556298941378590825e+02 2.697343388507263626e+03 5.665739005804061890e+01
-1.199999999977129619e+03 -1.199999999998128715e+03 6.012446300077679698e-08 5.637166864871979044e+01
-1.099999999576376922e+03 -1.099999999988614718e+03 8.864084376433741478e-07 5.647178955078125284e+01
-9.999999881630452592e+02 -9.999999930203190388e+02 1.231710884778942518e-05 5.645233255624771118e+01
-8.999999999999378133e+02 -8.999999999999976126e+02 1.740794542862512435e-10 5.648464964628219320e+01
-7.999998836721931639e+02 -7.999999452176522254e+02 1.003940636538859559e-04 5.661397498846054077e+01
-6.929997913418615099e+02 -6.999998212008342762e+02 9.539421955102108441e+00 5.649322044849395752e+01
-5.999619337476932515e+02 -5.999995531920742451e+02 1.633723071708159114e-01 5.744980335235595703e+01
-4.999937107576912467e+02 -4.999926031124945212e+02 6.499412461286728851e-03 5.656269594430923320e+01
-3.999999999720254209e+02 -3.999999999962677180e+02 6.426829795639266520e-08 5.664391914606094502e+01
-2.999999999595326017e+02 -2.999999999988223180e+02 1.161479904187046703e-07 5.664427475929259970e+01
-1.999999999971547027e+02 -1.999999999996636006e+02 4.904330355816767845e-09 5.667295910120010660e+01
-9.914652945946082241e+01 -9.999999991026288626e+01 3.649204155230826530e+00 5.655961245298385620e+01
1.036011831578129261e+02 1.003121733408236764e+02 8.478996191239721369e+00 5.659269585609435893e+01
2.000719306531480584e+02 2.000009409476730866e+02 1.825475437644676069e-01 5.677224479913711264e+01
3.013645250711672361e+02 3.020196119997940514e+02 9.197837706248018774e-01 5.657580640316009379e+01
4.012779448830533511e+02 4.020021076598972058e+02 9.216076173513448877e-01 5.661801415681838989e+01
5.000000000000000000e+02 5.000000000000000000e+02 0.000000000000000000e+00 5.652467000484466553e+01
6.000058295524509049e+02 6.000000000035734047e+02 8.904774221135071041e-03 5.654872775077819824e+01
7.100028252609459969e+02 7.000020872211729284e+02 2.999910216900072868e+01 5.673128410577773906e+01
8.031322603117231438e+02 8.000001014161535977e+02 1.365265745095248384e+01 5.671376370191573812e+01
9.887069977083308459e+02 1.000000007078644330e+03 9.435768640960203868e+01 5.666010464429855631e+01
1.000000032842959058e+03 1.000000022010100110e+03 4.546627870744876347e-05 5.762505234479904459e+01
1.100000214201527797e+03 1.100000153920112552e+03 2.379079427076163532e-04 5.761859461069106914e+01
1.200136904773414471e+03 1.200000000067613655e+03 2.479143960733644625e-01 5.770805449485779093e+01
1.355163792721049958e+03 1.400000001721629587e+03 4.956955324873607083e+01 5.765406804084777548e+01
1.400000733048193524e+03 1.400000446792355433e+03 8.027187666040740653e-04 5.682186354398727701e+01
