-1.400000000000000000e+03 -1.400000000000000000e+03 0.000000000000000000e+00 4.397754589319229268e+01
6.091195981249181386e+03 5.607508320334416567e+03 5.409501758006288583e+03 4.425754560232162760e+01
-1.200000000000000000e+03 -1.200000000000000000e+03 0.000000000000000000e+00 4.397982670068741129e+01
-1.100000000000000000e+03 -1.100000000000000000e+03 0.000000000000000000e+00 4.405886385440826558e+01
-9.999999999999251941e+02 -9.999999999999890861e+02 1.070825250189052231e-10 4.405794485807418681e+01
-8.999533763602664749e+02 -8.999984490661129257e+02 1.329047137852385485e-01 4.412554595470428609e+01
-7.985993355621570799e+02 -7.998427017537811707e+02 2.428593229084979654e+00 4.411632940769195699e+01
-6.880814086601794770e+02 -6.823950899268263584e+02 9.115554704313831635e+00 4.410286524295806743e+01
-5.996054812643595824e+02 -5.997367272724246732e+02 3.877636089119950724e-01 4.514282284975051596e+01
-4.976036422227097091e+02 -4.993094828398202480e+02 2.995170633518773773e+00 4.415597019195556783e+01
-3.997015122828720450e+02 -4.000000000000000000e+02 4.559475192511922015e-01 4.417230265140533163e+01
-2.970648753201558065e+02 -2.980100818858134062e+02 2.787209572253229073e+00 4.420375144481658936e+01
-1.974271087371866713e+02 -1.971206152715606663e+02 2.481206102187889506e+00 4.418177670240402222e+01
-8.724374525698456750e+01 -9.953174011602789051e+01 2.040925595517701652e+01 4.400837380886078165e+01
1.847798695210136373e+02 1.583484539015558425e+02 7.531918570797837731e+01 4.406035175323486186e+01
2.010517277496081476e+02 2.009493855525964250e+02 7.796944988257369369e-01 4.439816025495529317e+01
3.018786841897895670e+02 3.020777253577497845e+02 8.740217150466396134e-01 4.414456299543380879e+01
4.026778768183253305e+02 4.023351357920886926e+02 8.320278006163041029e-01 4.423301800489425517e+01
5.000698327436574004e+02 5.000297939889195504e+02 6.612975944898691338e-02 4.414469095468520976e+01
6.000705785233168399e+02 6.000194318197550274e+02 8.144168559147502151e-02 4.410722064971923828e+01
7.950000000000000000e+02 8.000000000000000000e+02 2.179449471770336899e+01 4.420193384885787680e+01
9.061178317671283367e+02 8.756458021380274204e+02 1.106838251213645066e+02 4.415241525173187398e+01
1.089478145318839552e+03 1.102914152254312967e+03 1.170571318322091514e+02 4.417859444618225240e+01
1.033430202243806661e+03 1.018962432783704571e+03 3.648692874277428899e+01 4.531925904750823975e+01
1.139871292378760245e+03 1.100000000000000000e+03 4.769407678802345174e+01 4.531250784397125386e+01
1.229352302391474950e+03 1.204307273597546327e+03 3.975185681249708836e+01 4.541472485065460063e+01
1.404250314776698133e+03 1.410657301717181781e+03 4.717828375263503204e+01 4.538731635808944986e+01
1.450000000000000000e+03 1.450000000000000000e+03 5.000000000000000000e+01 4.506942670345306112e+01
