-1.400000000000000000e+03 -1.400000000000000000e+03 0.000000000000000000e+00 6.321618230342865274e+01
2.427799238156325373e+03 2.237317268466270434e+03 3.276376286335159421e+03 6.335703229904174805e+01
-1.200000000000000000e+03 -1.200000000000000000e+03 0.000000000000000000e+00 6.318415050506591513e+01
-1.100000000000000000e+03 -1.100000000000000000e+03 0.000000000000000000e+00 6.321706019639968588e+01
-9.999999999999878355e+02 -9.999999999999965894e+02 1.666183294161923584e-11 6.327309440374374105e+01
-9.000000000000000000e+02 -9.000000000000000000e+02 5.084229945850414966e-14 6.321951260566711284e+01
-7.999999999999927240e+02 -7.999999999999998863e+02 2.946949454954634644e-11 6.327217545509338237e+01
-6.949997397245745105e+02 -6.999999999999965894e+02 8.660704859992936377e+00 6.318686394691467001e+01
-5.997247846597645093e+02 -6.000000000000000000e+02 3.787502811859576046e-01 6.399604895114898540e+01
-4.999685579593106013e+02 -4.999901353279390150e+02 3.203078270663081706e-02 6.329977910518645956e+01
-4.000000000000000000e+02 -4.000000000000000000e+02 0.000000000000000000e+00 6.334071060419082499e+01
-2.997015122828720450e+02 -3.000000000000000000e+02 5.539697580559018730e-01 6.336309850215911865e+01
-2.000000000000000000e+02 -2.000000000000000000e+02 0.000000000000000000e+00 6.338280439376831055e+01
-9.984391337200929684e+01 -1.000000000000000000e+02 1.846841888535979415e-01 6.327182140350341655e+01
1.249408087830171041e+02 1.006243465119628127e+02 4.172103132072557941e+01 6.322941994667053223e+01
2.000567487908087401e+02 2.000000000000094360e+02 1.940105506898141818e-01 6.344698270559310771e+01
3.010493797493420516e+02 3.011347970956989002e+02 1.019812689460936284e+00 6.331360085010528849e+01
4.020328314384783539e+02 4.020865802272630845e+02 4.246928385417343965e-01 6.332304120063781738e+01
5.000059439503833119e+02 5.000000000000000000e+02 1.059714865159269021e-02 6.324895609617233561e+01
6.000155454558041583e+02 6.000194318197550274e+02 7.772727902010957354e-03 6.326059099435806132e+01
7.500000000000673026e+02 7.500000000003723244e+02 4.999999999993629274e+01 6.335860689878463603e+01
8.050000000000103455e+02 8.000000000000004547e+02 2.179449471770108460e+01 6.336064159870147705e+01
1.015243396909627563e+03 1.000000000000000227e+03 1.064179917327736860e+02 6.334882935285568095e+01
1.000314000028355963e+03 1.000000000000000227e+03 9.420000850505079182e-01 6.409759654998779865e+01
1.115000000000004093e+03 1.100000000000000227e+03 3.570714214271243492e+01 6.410680605173111246e+01
1.202660210010961464e+03 1.200675870639359346e+03 6.434742836595622073e+00 6.422095869779586508e+01
1.347745800139876337e+03 1.305199355182781574e+03 5.048944817368242610e+01 6.415215319395065308e+01
1.400000000003220066e+03 1.400000000000005684e+03 1.387160691283545305e-08 6.344962780475616171e+01
