-1.400000000000000000e+03 -1.400000000000000000e+03 0.000000000000000000e+00 2.751169985532760620e+01
3.529186894390941688e+03 9.998570646503726493e+02 4.979818078383740612e+03 2.761040505170822001e+01
-1.200000000000000000e+03 -1.200000000000000000e+03 0.000000000000000000e+00 2.749440610408782959e+01
-1.100000000000000000e+03 -1.100000000000000000e+03 0.000000000000000000e+00 2.745822490453720022e+01
-9.999999999999620286e+02 -9.999999999999646434e+02 3.635884767886642210e-11 2.770431098937988423e+01
-8.999999999995923190e+02 -8.999999999999986358e+02 1.208652731131458091e-09 2.739406784772872783e+01
-7.996850450375255832e+02 -8.000000000000000000e+02 1.372856853192900406e+00 2.755910135507583547e+01
-6.899994761286778839e+02 -6.899999969321463595e+02 1.000052391029938725e+01 2.748807889223098755e+01
-5.996497919896082749e+02 -5.999999839422418972e+02 3.908787610982790151e-01 2.872854030132293701e+01
-4.999198527432164951e+02 -4.999371188752620583e+02 9.222283677410623992e-02 2.767664135694503713e+01
-4.000000000000000000e+02 -4.000000000000000000e+02 0.000000000000000000e+00 2.784709149599075317e+01
-2.988060496352700284e+02 -2.990050409429067031e+02 1.462283900339095055e+00 2.791744745969772268e+01
-1.994514434619221390e+02 -2.000000000000000000e+02 9.655573579162749498e-01 2.788568210601806641e+01
-9.443632064350278199e+01 -9.968782674401859367e+01 1.343605485892803486e+01 2.753508415222167827e+01
1.336723138048968451e+02 1.167572201841823016e+02 4.144132725564048769e+01 2.748418633937835764e+01
2.001358637383671635e+02 2.000000000000080149e+02 2.723735081283982784e-01 2.809216405153274465e+01
3.014585161222371994e+02 3.020227481771768225e+02 9.543934375185076924e-01 2.774567420482635427e+01
4.022272783582549209e+02 4.021651520772570052e+02 5.974739618016194909e-01 2.776549495458602834e+01
5.000144776241353384e+02 5.000000000000000000e+02 2.757247535723513984e-02 2.764031304121017385e+01
6.000249334528012923e+02 6.000194318197550274e+02 1.650489913797628314e-02 2.762972149848938130e+01
7.850000000000000000e+02 8.000000000000000000e+02 3.570714214271422549e+01 2.779679640531539775e+01
8.427903018777933539e+02 8.000000000000000000e+02 7.633452470399984691e+01 2.779417719841003276e+01
1.028640143636062930e+03 1.013331798667627936e+03 1.224547153664405670e+02 2.781841554641723491e+01
1.003306454438951505e+03 1.000000000000000000e+03 6.644221195189317974e+00 2.899159915447235036e+01
1.115000000000000000e+03 1.100000000000000000e+03 3.570714214271424680e+01 2.895799444913864207e+01
1.201448222805280466e+03 1.200435134724740237e+03 3.330391587779859108e+00 2.920469230413436890e+01
1.368189030015743811e+03 1.400000000000000000e+03 5.218238902054097395e+01 2.909684739112854146e+01
1.420000000000000000e+03 1.400000000000000000e+03 3.999999999999999289e+01 2.811921584606170654e+01
