-1.400000000000000000e+03 -1.400000000000000000e+03 0.000000000000000000e+00 2.445616085529327322e+01
2.748565356635428543e+03 8.407161028590470551e+02 4.728629250414693161e+03 2.443153154850006104e+01
-1.200000000000000000e+03 -1.200000000000000000e+03 0.000000000000000000e+00 2.441020605564117574e+01
-1.100000000000000000e+03 -1.100000000000000000e+03 0.000000000000000000e+00 2.442630394697189189e+01
-9.999999999999836291e+02 -9.999999999999906777e+02 2.100427015262781044e-11 2.445855669975280833e+01
-8.999885827483185494e+02 -8.999999904315470758e+02 4.058586503997444611e-02 2.430835714340209819e+01
-7.999435129596583920e+02 -7.999999712223338975e+02 1.289141021920085228e-01 2.444626150131225728e+01
-6.870148440068543323e+02 -6.799999871457607696e+02 9.528764834052688926e+00 2.440353014469146586e+01
-5.996007468991352880e+02 -5.997693304624451685e+02 4.150799835233071611e-01 2.499034479856491231e+01
-4.997621468473147388e+02 -4.998224457603020028e+02 2.268181379304224643e-01 2.445143635272979665e+01
-4.000000000000000000e+02 -4.000000000000000000e+02 0.000000000000000000e+00 2.453401584625244070e+01
-2.981593267519413075e+02 -2.990050409429067031e+02 1.451240688822353686e+00 2.452544269561767720e+01
-1.989926881518204311e+02 -2.000000000000000000e+02 1.284704990806121883e+00 2.453232250213623189e+01
-9.982830470921022936e+01 -1.000000000000000000e+02 2.309871156756212740e-01 2.443395715951919556e+01
1.714899353661293446e+02 1.458534038209647861e+02 7.837516841457626526e+01 2.438319424390792989e+01
2.004309397072428567e+02 2.000807367832218802e+02 5.863708793403431541e-01 2.455643399953842021e+01
3.014340720045942135e+02 3.020225124902920015e+02 9.305328628074467368e-01 2.449831944704055786e+01
4.020957924080327075e+02 4.022684364812369608e+02 7.496408073105917946e-01 2.447951879501342631e+01
5.000254349261098241e+02 5.000099212360810270e+02 3.516468786233413468e-02 2.443578640222549581e+01
6.000280583725170800e+02 6.000194318197550274e+02 3.214840590479852572e-02 2.448659985065460276e+01
7.800000000000047748e+02 8.000000000000000000e+02 4.000000000000238742e+01 2.447237144708633494e+01
8.500000000000000000e+02 8.000000000000001137e+02 7.416198487095658720e+01 2.446499689817428447e+01
1.059513701202852872e+03 1.082013441655858514e+03 1.220318140919841881e+02 2.447639880180359029e+01
1.026428804620513802e+03 1.011046094276229269e+03 3.531871862904498016e+01 2.512635685205459524e+01
1.160030188077042112e+03 1.200000000000000000e+03 4.788541564929822414e+01 2.512448160648346018e+01
1.204002014836976741e+03 1.200080948985149234e+03 8.985308841851468387e+00 2.525461444854736470e+01
1.371130500496479954e+03 1.400000000000000000e+03 4.978526531496110152e+01 2.521068295240402080e+01
1.465000000000000000e+03 1.500000000000000000e+03 4.769696007084723277e+01 2.466436164379119944e+01
