-1.400000000000000000e+03 -1.400000000000000000e+03 0.000000000000000000e+00 6.028711555004120015e+01
1.109746478901466617e+03 -1.369264478681486139e+02 3.263916532250610999e+03 6.077425115108489706e+01
-1.200000000000000000e+03 -1.200000000000000000e+03 0.000000000000000000e+00 6.040471655130386353e+01
-1.100000000000000000e+03 -1.100000000000000000e+03 0.000000000000000000e+00 6.041789540052413798e+01
-9.999999999999909051e+02 -9.999999999999993179e+02 1.704686650892966275e-11 6.043447580337524272e+01
-8.999999999999996589e+02 -9.000000000000000000e+02 7.954017360003401457e-13 6.051770399808883383e+01
-8.000000000000000000e+02 -8.000000000000000000e+02 1.016845989170082993e-13 6.055643440485000895e+01
-6.860652389589280347e+02 -6.799994315233223006e+02 9.126899863622901066e+00 6.035751014947891235e+01
-5.998500178712388333e+02 -6.000000000000000000e+02 2.999642575222423724e-01 6.128163845539093302e+01
-4.999725067846055708e+02 -4.999728746156046100e+02 2.190763470921095607e-02 6.051192184686660624e+01
-3.996517643300173859e+02 -4.000000000000000000e+02 4.745652241830684570e-01 6.051923580169678019e+01
-2.999005040942906817e+02 -3.000000000000000000e+02 2.984877171279891050e-01 6.053975319862365723e+01
-1.997015122828719882e+02 -2.000000000000000000e+02 7.105428895562257985e-01 6.054715310335159018e+01
-9.990634802320558094e+01 -1.000000000000000000e+02 1.430557575475620846e-01 6.044309400320052816e+01
1.195822676867606731e+02 1.086907833480725003e+02 3.064342432316909992e+01 6.047780400514602661e+01
2.000002309576858295e+02 2.000000000000000000e+02 6.928730565860519164e-04 6.083571274280548380e+01
3.013843064111348440e+02 3.020229838640617004e+02 9.248028517989019814e-01 6.048370749950409220e+01
4.019055977488548024e+02 4.020865802272630845e+02 7.501813872593081634e-01 6.052273164987563803e+01
5.000049434884478501e+02 5.000000000000000000e+02 7.323385666838839320e-03 6.037980509996414469e+01
6.000174886377798202e+02 6.000194318197550274e+02 5.829545926508218449e-03 6.042464975118637227e+01
7.450000000000000000e+02 7.000000000000000000e+02 4.974937185533099893e+01 6.068825559616088583e+01
8.183160855219330188e+02 8.000000000000000000e+02 4.697432407571489676e+01 6.066519825458526327e+01
1.016780389403110576e+03 9.580660550046811750e+02 1.277279534040101510e+02 6.055116405487060405e+01
1.000314000028350733e+03 1.000000000000000000e+03 9.420000850522607383e-01 6.142690309286117412e+01
1.100000000000000000e+03 1.100000000000000000e+03 0.000000000000000000e+00 6.144273200035095073e+01
1.200104014107249895e+03 1.200080948985142413e+03 2.088187919095516043e-01 6.145776574611663534e+01
1.352579920646671781e+03 1.352224694043341970e+03 5.073025189123126211e+01 6.147702074050903320e+01
1.405000000000000000e+03 1.400000000000000000e+03 2.179449471770336899e+01 6.121331294775009013e+01
