-1.399999999627820671e+03 -1.399999999701172783e+03 2.005297510883750301e-07 7.792102061033249356e+02
5.615455697220982984e+05 5.105172948448071256e+05 2.594186805233022314e+05 7.967728920459746860e+02
2.622356950673568062e+06 2.296317382339752221e+05 7.300614818324189633e+06 7.962018199563026428e+02
-4.337673555673644046e+02 -5.787151782144767367e+02 4.883889366264498335e+02 8.065637964010238647e+02
-9.999999543145810321e+02 -9.999999570864358702e+02 1.116420885832310276e-05 7.792382817029953230e+02
-8.827395643298141295e+02 -8.877534935229264192e+02 1.351960900013021494e+01 7.834740074992180325e+02
-7.987170469772793240e+02 -7.988997601594319349e+02 1.019876544278736308e+00 8.137937940001487505e+02
-6.790735256080153022e+02 -6.790634609449261916e+02 5.796514313063420160e-02 8.086093922019005049e+02
-5.879625557812229317e+02 -5.883194725543359027e+02 3.284651629652610705e+00 9.520543392539024126e+02
-4.999922322459352699e+02 -4.999925984545430993e+02 4.754209615789408740e-03 7.893969860434532393e+02
-3.759220036815341928e+02 -3.766184745524739128e+02 5.491228341543242131e+00 7.892968815922737349e+02
-2.661854264158010892e+02 -2.656603516729353487e+02 7.411647995927953758e+00 7.999605136990546725e+02
-1.264143930329042433e+02 -1.282216723700637999e+02 2.365897289288558270e+01 8.014198657035827864e+02
1.112016612620723663e+03 1.130409792191437191e+03 2.568914122508841729e+02 7.745272944569587708e+02
3.457721030296207118e+03 3.493777161511311533e+03 7.092022744487234149e+02 7.974383051037788164e+02
2.006361646922182160e+02 2.003335230366226085e+02 6.647721743789601900e-01 8.632691956043242953e+02
3.512861572988053922e+02 3.536224960320004129e+02 1.166716651015316231e+01 7.824925187587738264e+02
4.527380614792400593e+02 4.524794584925024310e+02 1.151739696312957051e+01 8.014599971413612138e+02
5.024819703514768889e+02 5.023581505897686270e+02 5.642738586927585898e-01 7.843100376486778487e+02
6.099500971878960627e+02 6.098405363348736046e+02 5.915524013519088964e-01 7.979362022995949246e+02
1.005795080698650054e+03 1.000008723848021759e+03 8.993968143476168109e+01 8.022870005488396146e+02
1.967817138210211851e+03 2.008186947148097715e+03 2.815472110713117218e+02 8.029146945476531982e+02
3.931082313992933450e+03 3.713262987543890176e+03 8.032601951341148379e+02 8.147980038046837308e+02
1.238124191606314525e+03 1.240376840664604060e+03 7.713266703759005694e+00 9.605789075970649264e+02
1.350238392980797244e+03 1.350792501779860913e+03 6.396593738036842502e+00 9.605739585995673906e+02
1.484909769430174265e+03 1.525072605378321441e+03 6.243553174295865205e+01 9.682758880019188155e+02
1.942953499163768356e+03 1.941389009955573329e+03 8.506993461344181640e+01 9.653897806525230862e+02
1.700019545950470274e+03 1.700017394824790244e+03 6.225098101817462537e-03 8.261500441431999207e+02
