-1.400000000000000000e+03 -1.400000000000000000e+03 0.000000000000000000e+00 5.859486635923385478e+01
3.758047290931614498e+03 3.201183558323411944e+03 4.507160919308652410e+03 5.856081880331039713e+01
-1.200000000000000000e+03 -1.200000000000000000e+03 0.000000000000000000e+00 5.852841815948486470e+01
-1.100000000000000000e+03 -1.100000000000000000e+03 0.000000000000000000e+00 5.857827320098876811e+01
-9.999999999999733973e+02 -9.999999999999895408e+02 3.597860628850235892e-11 5.859573544263840006e+01
-8.999860035280920556e+02 -8.999999055008095183e+02 3.936100921624335891e-02 5.845396509170532084e+01
-7.999998087575329464e+02 -8.000000000000000000e+02 6.541389267378445223e-04 5.855785634517669536e+01
-6.899994484867372648e+02 -6.900000481303658262e+02 1.000055161168225304e+01 5.854362069368362143e+01
-5.997709434819428225e+02 -5.999834702016888741e+02 3.367934981649102766e-01 5.929423129558563232e+01
-4.998180086312991079e+02 -4.999272689856812804e+02 2.143441440778221518e-01 5.860739679336548136e+01
-4.000000000000000000e+02 -4.000000000000000000e+02 0.000000000000000000e+00 5.870210049152374410e+01
-2.984578139652873574e+02 -2.990050409429067031e+02 1.277078110120300369e+00 5.871646759510040425e+01
-1.987906543900035672e+02 -2.000000000000000000e+02 1.432939117928176520e+00 5.872459630966186239e+01
-9.562339100036561490e+01 -9.968782674401859367e+01 7.294318311759667495e+00 5.854224485158920288e+01
1.542306053311319261e+02 1.252919169042639851e+02 6.464511777070993048e+01 5.848396373987198160e+01
2.004269625118656961e+02 2.000442384082601279e+02 7.969503501871034734e-01 5.873943285942077353e+01
3.018426890891906851e+02 3.020229838640617004e+02 5.869138074854202136e-01 5.863026634454727315e+01
4.018364491235931268e+02 4.021810160815294921e+02 8.322371269335760990e-01 5.864846730232238770e+01
5.000389832617318575e+02 5.000197293441220268e+02 4.453288109416303486e-02 5.858541874885558798e+01
6.000476598283069052e+02 6.000194318197550274e+02 7.836668713708819234e-02 5.860141655206680156e+01
7.800000000000000000e+02 8.000000000000000000e+02 4.000000000000000000e+01 5.863138555288314535e+01
8.442958517532166525e+02 8.000000000000000000e+02 8.342298672014420902e+01 5.861797039508819296e+01
1.055360841213725053e+03 1.042044366965416202e+03 1.108385460767191830e+02 5.859436814785003378e+01
1.023931451253830119e+03 1.018952181840667890e+03 2.052496245759838800e+01 5.944861004352569722e+01
1.140898323628251319e+03 1.100000000000000000e+03 5.012836819143839051e+01 5.945787094831466391e+01
1.210917082899440175e+03 1.200675870639359346e+03 2.364988775254240139e+01 5.954896775484085225e+01
1.396834114788700390e+03 1.405137812343155701e+03 4.189905685169532745e+01 5.948800514936446859e+01
1.455000000000000000e+03 1.500000000000000000e+03 4.974937185533099893e+01 5.933056985139846518e+01
