-1.400000000000000000e+03 -1.400000000000000000e+03 0.000000000000000000e+00 5.633097760677337362e+01
2.862986347748870230e+03 1.176554337322520269e+03 4.784886750042066524e+03 5.660858105421066000e+01
-1.200000000000000000e+03 -1.200000000000000000e+03 0.000000000000000000e+00 5.634495694637298868e+01
-1.100000000000000000e+03 -1.100000000000000000e+03 0.000000000000000000e+00 5.639672740697860576e+01
-9.999999999999275815e+02 -9.999999999999890861e+02 8.945785303795628288e-11 5.637114011049270346e+01
-8.999760647781295120e+02 -8.999988495865708273e+02 9.373020295663443691e-02 5.648754549026489258e+01
-7.960854382772116651e+02 -7.999836480996715409e+02 8.699996372012332557e+00 5.649288690090179443e+01
-6.847775532306276318e+02 -6.799997700660923101e+02 8.124134554990970258e+00 5.643853135108948038e+01
-5.994337420959263909e+02 -5.992466775387197231e+02 3.780352502508609325e-01 5.737013984918594645e+01
-4.972231284845673827e+02 -4.979210230102788728e+02 2.599640850244735457e+00 5.650011495351791524e+01
-3.990547891476523432e+02 -3.990050409429067031e+02 1.065813617141623926e+00 5.653294445276260660e+01
-2.961196662333166501e+02 -2.970151253476295778e+02 2.966570819794397629e+00 5.652954615354538248e+01
-1.959745954610282013e+02 -1.971206152715606379e+02 3.624793809284317714e+00 5.651790950298309468e+01
-7.367511650087986652e+01 -9.130921665192749970e+01 4.044716194110490903e+01 5.639063833951949789e+01
2.026684079918689463e+02 1.667270639936471071e+02 8.638470956052536565e+01 5.645488185882568644e+01
2.015115028129830534e+02 2.016754560084848436e+02 1.040699172684783846e+00 5.670542684793472432e+01
3.022449382894337759e+02 3.022195104086511037e+02 7.895767751153629499e-01 5.644616085290908813e+01
4.031444150134406073e+02 4.027831412236014899e+02 1.948949601057460290e+00 5.660462479591369345e+01
5.000654136606398197e+02 5.000298350094394664e+02 6.217123356701437231e-02 5.646214050054550171e+01
6.001983576154067350e+02 6.001154132572507933e+02 2.250411585974936568e-01 5.635178049802780009e+01
7.650000000000000000e+02 8.000000000000000000e+02 4.769696007084728961e+01 5.653678455352783061e+01
8.778021763610277048e+02 8.465870139578001954e+02 9.664257706999788411e+01 5.654733790159225748e+01
1.124017387858194525e+03 1.158693913640854134e+03 9.960729789297251102e+01 5.653047834634780600e+01
1.037191089987554278e+03 1.018955062082104178e+03 3.574352116943713753e+01 5.753680800199508383e+01
1.176734348101170099e+03 1.200000000000000000e+03 4.352698085250551685e+01 5.753221606016158773e+01
1.213512283705195159e+03 1.200435134724740465e+03 2.526842055932649345e+01 5.759668250083923624e+01
1.386325787244095409e+03 1.410275624970938679e+03 6.812071801077654243e+01 5.759147959947586060e+01
1.470000000000000000e+03 1.500000000000000000e+03 4.582575694955839651e+01 5.819918409585952901e+01
