-1.400000000000000000e+03 -1.400000000000000000e+03 0.000000000000000000e+00 4.828105845451354838e+01
3.515113440585433182e+03 2.371586085476356857e+03 4.461461071139757223e+03 4.858692550659179688e+01
-1.200000000000000000e+03 -1.200000000000000000e+03 0.000000000000000000e+00 4.820998710393905640e+01
-1.100000000000000000e+03 -1.100000000000000000e+03 0.000000000000000000e+00 4.827304434776306152e+01
-9.999999999999848797e+02 -9.999999999999972715e+02 2.757864368039150811e-11 4.832588479518890523e+01
-9.000000000000000000e+02 -9.000000000000000000e+02 9.845568954283846740e-14 4.833848234415054179e+01
-7.999999999999998863e+02 -8.000000000000000000e+02 2.931710004810981433e-13 4.853619304895401143e+01
-6.929997643524060322e+02 -6.999999999999980673e+02 9.539713154090616598e+00 4.826175009012222006e+01
-5.999250089356171429e+02 -6.000000000000000000e+02 2.249731931409353070e-01 4.929028314352035522e+01
-4.999845897759665831e+02 -4.999901353279390150e+02 1.622189374467894463e-02 4.842599070072174072e+01
-4.000000000000000000e+02 -4.000000000000000000e+02 0.000000000000000000e+00 4.844807469844818115e+01
-2.998507561414360225e+02 -3.000000000000000000e+02 3.552714447781128992e-01 4.845387520790099956e+01
-2.000000000000000000e+02 -2.000000000000000000e+02 0.000000000000000000e+00 4.846727705001831055e+01
-9.989073936040651347e+01 -1.000000000000000000e+02 1.786493112864857291e-01 4.831491425037383891e+01
1.126792470803100485e+02 1.003121732559814063e+02 2.308592756319819372e+01 4.838110979795455791e+01
2.000577926298410887e+02 2.000000000000003979e+02 1.777631917492665525e-01 4.872241940498351909e+01
3.015028913425119299e+02 3.020211382353943463e+02 8.628225736079199182e-01 4.839651044607162333e+01
4.017963486329880425e+02 4.020432025995144727e+02 6.786129169627227453e-01 4.845036730766296529e+01
5.000054339339465628e+02 5.000000000000000000e+02 7.942544794569749572e-03 4.822459855079650737e+01
6.000106875008654015e+02 6.000194318197550274e+02 9.667208268186245831e-03 4.829322969913482666e+01
7.500000000000030695e+02 7.500000000000093223e+02 4.999999999999842970e+01 4.860776305198669434e+01
8.020941211820197623e+02 8.000000000000002274e+02 9.128062607757167157e+00 4.860960335731506632e+01
9.998048908446714904e+02 1.000000000000000000e+03 1.044760885180377414e+02 4.856428620815277242e+01
1.000000000000000341e+03 1.000000000000000000e+03 1.855395662627899037e-12 4.948664454221725606e+01
1.110000000000140062e+03 1.100000000000000000e+03 2.999999999995329603e+01 4.946823140382766582e+01
1.200105744701281992e+03 1.200080948985142413e+03 1.431634085572741355e-01 4.950496923923492432e+01
1.382754310934168188e+03 1.400000000000000000e+03 4.128753583201451960e+01 4.952427980899810933e+01
1.410000000000010914e+03 1.400000000000000000e+03 2.999999999999699085e+01 4.872824004888534688e+01
