-1.400000000000000000e+03 -1.400000000000000000e+03 0.000000000000000000e+00 2.887063884735107422e+01
5.246393775718474899e+03 5.434752189017395722e+03 4.493748007233313729e+03 2.899465860128402639e+01
-1.200000000000000000e+03 -1.200000000000000000e+03 0.000000000000000000e+00 2.884556053876876902e+01
-1.100000000000000000e+03 -1.100000000000000000e+03 0.000000000000000000e+00 2.891203124523162771e+01
-9.999999999999894271e+02 -9.999999999999954525e+02 1.404221144126888834e-11 2.896281629800796509e+01
-9.000000000000000000e+02 -9.000000000000000000e+02 1.815433213627251393e-13 2.874891870021820139e+01
-7.999999999999871534e+02 -7.999999999999942020e+02 1.724946303276461963e-11 2.882987844944000244e+01
-6.879995337935654334e+02 -6.799999138175924145e+02 9.798339651511696502e+00 2.880835939645767141e+01
-5.996896107156269409e+02 -5.999999999997851319e+02 4.038602999625962586e-01 2.994284675121307515e+01
-4.999168913708538753e+02 -4.999728746156046100e+02 1.384049115570752109e-01 2.877099759578704763e+01
-4.000000000000000000e+02 -4.000000000000000000e+02 0.000000000000000000e+00 2.917215894460678172e+01
-2.994527725185986924e+02 -2.995025204714533515e+02 5.865197141093928535e-01 2.916870394945144795e+01
-1.994481416225128498e+02 -2.000000000000000000e+02 9.705804660421283314e-01 2.917146024703979634e+01
-9.611204266192099510e+01 -1.000000000000000000e+02 1.304269137685463420e+01 2.896719219684600688e+01
1.322112972371274680e+02 1.167572201841821879e+02 4.114583020121227719e+01 2.875436044931411672e+01
2.000000000072341209e+02 2.000000000014255193e+02 1.489260158410458482e-08 2.929022974967956472e+01
3.017289082333002739e+02 3.020197639804966911e+02 7.265190682055956417e-01 2.907395589351654053e+01
4.018752363106308394e+02 4.020761916259350528e+02 7.402177443548544344e-01 2.898392279148101736e+01
5.000134890509565366e+02 5.000000000000000000e+02 2.771974847690018492e-02 2.908945189714431834e+01
6.000184602287674807e+02 6.000194318197550274e+02 4.235066930063083844e-03 2.909118180274963450e+01
7.500000000000720775e+02 7.500000000001973604e+02 4.999999999993754329e+01 2.911841340065002370e+01
8.281321407224110089e+02 8.000000000000120508e+02 5.389609233027190527e+01 2.911283440589904714e+01
1.039716423826558412e+03 1.005320053078421324e+03 1.269764727760275207e+02 2.910750684738159322e+01
1.000471000042784567e+03 1.000000000000004093e+03 1.121204365083814602e+00 3.008959419727325368e+01
1.130208023157822709e+03 1.100000000000107775e+03 4.615133195405048383e+01 3.011174079179763652e+01
1.204196190378281244e+03 1.200080948985142413e+03 9.470912294013977828e+00 3.022144439220428325e+01
1.368263365559207386e+03 1.400000000000002046e+03 5.361695277390877834e+01 3.017153350114822530e+01
1.435000000000794671e+03 1.400000000000282171e+03 4.769696007028304763e+01 2.921934185028076314e+01
