-1.399999850457561706e+03 -1.399999899401717812e+03 1.735526711387884728e-04 4.547737489938735678e+01
-1.503303627075611075e+02 -1.206403817747224366e+03 2.400407708023114537e+03 4.559683419466018961e+01
-1.199323172455153554e+03 -1.199878039482627628e+03 1.181981230791991688e+00 4.552010719776153280e+01
-1.095739925641416903e+03 -1.099084733741480932e+03 8.657011775287628552e+00 4.555255064964294576e+01
-9.999964634597063196e+02 -9.999983844067687642e+02 4.035105630948303788e-03 4.552923285961151123e+01
-8.999997377168098183e+02 -8.999998981807696055e+02 3.272684340408110217e-04 4.545865859985351420e+01
-7.998584536935815095e+02 -7.999307242609651212e+02 1.791615409711563578e-01 4.561696834564209269e+01
-6.945350893417758016e+02 -6.997641679716950875e+02 8.439576486039989334e+00 4.558573224544525004e+01
-5.996865135637608546e+02 -5.998945843731461309e+02 3.320521124749157837e-01 4.632770789861679361e+01
-4.998982888272606147e+02 -4.999009009782321300e+02 6.151319212528749691e-02 4.554093364477157735e+01
-3.999997894485248935e+02 -3.999999000488595584e+02 3.085825668208876517e-04 4.564642829895019815e+01
-2.999977694696730737e+02 -2.999983067667809564e+02 2.592770869284937319e-03 4.564515210390091227e+01
-1.999985770788828177e+02 -1.999992358914178112e+02 1.757278249799510425e-03 4.566194225549698160e+01
-9.999555661122778361e+01 -9.999818558769669607e+01 7.958235043806161091e-03 4.558605890274047567e+01
1.207760509925749801e+02 1.004537013919626816e+02 4.208658598421273211e+01 4.556318650245666646e+01
2.002099703678127867e+02 2.001471181424704469e+02 1.883667447926215266e-01 4.584591079950332926e+01
3.008164869341084682e+02 3.000205617310669481e+02 9.843808327197148822e-01 4.558661584854125692e+01
4.011688208836105787e+02 4.009883339694073356e+02 8.655915163108708343e-01 4.563018480539322042e+01
5.000032189393349427e+02 5.000001820058278099e+02 6.567499275937615719e-03 4.549653669595718242e+01
6.000175608448242883e+02 6.000194319518312795e+02 5.624604891638762885e-03 4.554319185018539429e+01
7.101560914315155060e+02 7.001340398403455083e+02 2.996114216816573972e+01 4.571297894716262533e+01
8.000285862599049551e+02 8.000220814823430828e+02 2.212323205558393985e-02 4.572105635404587076e+01
9.545480945014953704e+02 9.003015283751600464e+02 8.814680382579508944e+01 4.571120084524154947e+01
1.000376600919955649e+03 1.000018678773068814e+03 9.443914951090462973e-01 4.645294250249862955e+01
1.100052955070688085e+03 1.100042593335515221e+03 5.130896807178209063e-02 4.643970445394516133e+01
1.200233732740611003e+03 1.200098946027064812e+03 2.917386270327309017e-01 4.649964724779128744e+01
1.326716461562402856e+03 1.309724547344799930e+03 3.701386827771466415e+01 4.648498634099960469e+01
1.405115612665723347e+03 1.400100721807318223e+03 2.177446544373425752e+01 4.579825874567031718e+01
