-1.399999999999999773e+03 -1.399999999999999773e+03 0.000000000000000000e+00 1.809268989098072097e+03
8.133685305536801461e+05 7.759376683393691201e+05 2.391329541087711696e+05 1.989725756359100387e+03
2.635566628155248612e+07 9.839118644975621253e+06 3.605895999455984682e+07 1.954382002544403122e+03
8.769051456893270370e+03 8.691859174805726070e+03 2.176046530582860214e+03 1.991272007644176483e+03
-9.999996492576950686e+02 -9.999996470943237910e+02 2.853568438213348107e-05 1.981005209350586028e+03
-8.562684982878047322e+02 -8.565526684650292282e+02 1.238669085290681871e+00 1.878292482101917358e+03
-7.784921808594250479e+02 -7.753240045062414083e+02 9.892896029455419793e+00 1.830828694701194763e+03
-6.788765198073813281e+02 -6.788728563046796580e+02 3.124829709307230113e-02 1.920342273354530334e+03
-5.420596150329741931e+02 -5.356698206767177908e+02 1.183901147942612297e+01 2.273949152946472168e+03
-4.999640159768832746e+02 -4.999679558099306860e+02 1.659557587237186008e-02 1.825606744003295944e+03
-3.340367967837279366e+02 -3.332695846821684995e+02 1.192320475528791235e+01 1.832643408298492432e+03
-2.329275937338475728e+02 -2.363226858831155539e+02 1.729729951214207873e+01 1.831459365701675324e+03
-4.328368404452463380e+01 -4.017159580189739643e+01 3.357147084763446543e+01 1.930103013753890991e+03
2.375778776568975900e+03 2.504986533042532756e+03 5.364629681949699034e+02 1.809106778597831635e+03
1.121542143794953154e+04 1.299282211298741640e+04 3.076576315080405493e+03 1.808273435640335038e+03
2.031012803477690909e+02 2.031295874016046810e+02 3.184194521518540211e-01 1.984571871399879456e+03
4.136514400097929069e+02 4.096838505075046442e+02 1.356912317574736981e+01 1.798381637704372451e+03
5.599251688647675564e+02 5.108553853105404414e+02 1.041083424455298285e+02 1.928270781803131058e+03
5.050947152139430045e+02 5.047146871635088132e+02 8.254001899187624058e-01 1.983674108755588577e+03
6.200351437194287882e+02 6.201270671598590525e+02 8.313911405927891796e-01 1.982638369047641845e+03
1.347516146459447100e+03 1.197978261700252688e+03 4.530341500536778767e+02 1.856526430344581513e+03
3.884434291395861692e+03 3.922953627402949678e+03 6.191592239554577191e+02 1.864289507246017365e+03
9.922590491038852633e+03 8.826217128419497385e+03 2.523142600922828478e+03 1.883824139690399079e+03
1.267934583236488379e+03 1.267329497588155846e+03 1.054011239541711831e+01 2.304933354604244414e+03
1.392195429232264132e+03 1.394152797158181329e+03 1.369034822850407096e+01 2.304708042693137941e+03
1.597097453634308977e+03 1.581111451419721107e+03 3.723223339632038886e+01 2.323249439156055359e+03
2.544484950923547331e+03 2.490239971682424311e+03 3.232456608591099325e+02 2.321417403805256072e+03
2.687262225749451773e+03 1.800000000000000909e+03 1.355360460051802420e+03 1.966451798701286407e+03
