-1.399999999999999773e+03 -1.399999999999999773e+03 5.084229945850414966e-14 1.898324585652351288e+03
1.116481471859141253e+06 1.050866531927405158e+06 3.500918604180669063e+05 1.903500280344486328e+03
4.736491066055297107e+07 2.398673929761679471e+07 6.765448600467258692e+07 1.913270048749446914e+03
4.740703079393881012e+02 4.551392363545398894e+02 3.690592627165250974e+02 1.922284513401985123e+03
-9.999998888200458396e+02 -9.999998890012725496e+02 1.597827587227681006e-05 1.888642175257205963e+03
-8.556981992515844695e+02 -8.565526684650183142e+02 2.034046646476491915e+00 1.887170540797710373e+03
-7.796373171748253981e+02 -7.804434795896156629e+02 5.909986659245101137e+00 1.933983915293216796e+03
-6.788902864387310956e+02 -6.788872070315889005e+02 3.127260253290903985e-02 1.928698684751987457e+03
-5.754922175349913687e+02 -5.750489804012922832e+02 3.803581860580777629e+00 2.218232109653949919e+03
-4.999823821558805435e+02 -4.999864496171849169e+02 9.452021734088838015e-03 1.895597990345954940e+03
-3.315169107146355714e+02 -3.315072286938372486e+02 1.145207803349674514e+01 1.904865856850147338e+03
-2.162565384481510478e+02 -2.179094905502777237e+02 1.625540307573752585e+01 1.913169870591163544e+03
-3.204984527653012805e+01 -2.987288232469589389e+01 3.423122599679503253e+01 1.921450908005237579e+03
2.235018059893282953e+03 2.294221084558150324e+03 5.780255158049559441e+02 1.885139530801773162e+03
6.622887618167107576e+03 6.866739500855578626e+03 9.754620203192465624e+02 1.916760696899890945e+03
2.008050189544730415e+02 2.006952389006834778e+02 6.450635839701265306e-01 2.035189275550842240e+03
4.125798278047907957e+02 4.131510966336869046e+02 2.051080612887496102e+01 1.885784071099758194e+03
5.134342849273224374e+02 5.153438937262556010e+02 2.211791795892888146e+01 1.905042802000045867e+03
5.054709878549222708e+02 5.055246798571159843e+02 1.065644714240266522e+00 1.891903591394424438e+03
6.200892421045375613e+02 6.202139129473368939e+02 9.740122671384332520e-01 1.912031998240947814e+03
1.516553413419827166e+03 1.828262933976493969e+03 4.151885727419664249e+02 1.919567947506904602e+03
3.680607935303852173e+03 3.637675085320621292e+03 5.152274206785997421e+02 1.913244503796100616e+03
7.191461867453846025e+03 6.989472709231458794e+03 1.142860791006216914e+03 1.942504509246349244e+03
1.272552583556848504e+03 1.271998574334139448e+03 8.286626732964387898e+00 2.247052132749557586e+03
1.405890679436746950e+03 1.406187941993404365e+03 6.278564720632251905e+00 2.245374554395675659e+03
1.556009339589733145e+03 1.563354152206184608e+03 3.629208406131964892e+01 2.264866134655475435e+03
2.292254731860820812e+03 2.290994397580883742e+03 1.166327899415569505e+02 2.261438586246967134e+03
2.545600798430920804e+03 1.800000000875624664e+03 1.291451020127566380e+03 1.974416674447059677e+03
