-1.400000000000000000e+03 -1.399999999999999773e+03 1.969113790856769348e-13 6.935926956057548978e+02
3.467706447990285233e+05 2.520420656813001260e+05 2.036580655569373339e+05 8.167399937510490417e+02
1.026146276893058978e+07 4.848229752144028433e+06 1.189587276972476579e+07 7.821515115499496460e+02
1.334085578581496156e+04 1.218046283847478117e+04 3.994901369999226063e+03 8.191712516903877486e+02
-9.999998127536182437e+02 -9.999998092729407517e+02 1.662074482043711423e-05 8.106084439992904436e+02
-8.855950116114896673e+02 -8.905898269362780866e+02 7.861789919070583110e+00 8.066321818470954668e+02
-7.947170728111351536e+02 -7.960341165382097870e+02 4.459181241895716852e+00 7.201983366966247786e+02
-6.790710395759597304e+02 -6.790460882315506979e+02 5.279344128288827875e-02 7.932990478515624773e+02
-5.810046363681607318e+02 -5.826873536338184749e+02 7.540432232358248221e+00 9.430367931008338473e+02
-4.999778137204649511e+02 -4.999741347714262929e+02 9.832721413889345535e-03 7.177422927021980286e+02
-3.706487302431304443e+02 -3.711462125561089920e+02 6.954034042720861564e+00 7.093390116453171004e+02
-2.661853177166026398e+02 -2.641815117510036544e+02 9.127349525584524059e+00 7.167418866991996538e+02
-8.623153010834751342e+01 -7.705291656781614051e+01 2.660691221002141660e+01 7.825897628426552046e+02
1.531906884799572481e+03 1.613523999766137422e+03 3.677745543391141041e+02 7.108284968018531345e+02
4.063341394510872306e+03 4.145602544736605523e+03 6.443430914115234600e+02 7.285652105450629961e+02
2.017396374999570980e+02 2.018392416460152958e+02 4.606653190851735524e-01 8.080143994450569380e+02
3.618568681799932278e+02 3.608926289011598101e+02 1.384050835804604951e+01 6.973061900496483076e+02
4.623277846612968460e+02 4.642976069084669462e+02 8.782328805275527728e+00 7.537198065519332886e+02
5.027026414985304541e+02 5.027689842211603377e+02 3.617970503810721272e-01 8.095825011610984347e+02
6.128968474725180613e+02 6.125021076050421698e+02 1.819327040520477778e+00 7.599722913026810147e+02
9.700000000000002274e+02 1.000000000000000227e+03 4.582575694955841783e+01 7.606657385587692488e+02
2.317562864381876807e+03 2.312135861133709568e+03 4.163258494429389884e+02 7.702418128013611067e+02
4.989789125950295784e+03 4.950248842140601482e+03 9.213763658468425319e+02 7.475960433006287076e+02
1.244536501581798348e+03 1.242825356157761689e+03 9.150717121669485365e+00 9.530349565505981673e+02
1.354693367627093266e+03 1.356558970838324967e+03 7.039179093125532916e+00 9.522485005974770047e+02
1.511881122250907993e+03 1.534107112924370995e+03 5.723460797725658722e+01 9.599506566405295871e+02
1.999795149383860917e+03 2.010792877686361408e+03 6.493795213434708558e+01 9.566830983519554366e+02
1.700000000000000455e+03 1.700000000000000455e+03 2.690321608997517573e-13 7.857951935052872159e+02
