-1.399999849012048116e+03 -1.399999940608720863e+03 2.232395199413340957e-04 5.968053189516067647e+01
4.486378832057140244e+03 2.052087841447088067e+03 5.441669328629751362e+03 5.980857769250869893e+01
-1.197287153074121989e+03 -1.199446577383691192e+03 6.140498689177882774e+00 5.974785144329071329e+01
-1.080684892629778915e+03 -1.096208002581694245e+03 2.795302727753374228e+01 5.975549504756927632e+01
-9.999917106639999247e+02 -9.999932076243774191e+02 7.304640006148288740e-03 5.976768059730530069e+01
-8.999750254766673834e+02 -8.999965642650412292e+02 4.252158700107570161e-02 5.968961445093155049e+01
-7.996110713778462014e+02 -7.998423383336075858e+02 3.925463587313084424e-01 5.983655459880829142e+01
-6.957263851939489996e+02 -6.982901184176602101e+02 6.765711783151936665e+00 5.981813499927520894e+01
-5.995559585139463934e+02 -5.997127333485582312e+02 3.612177827903534921e-01 6.075825865268707560e+01
-4.997662176690434421e+02 -4.997984363155670735e+02 1.766174120763698285e-01 5.979147089719772623e+01
-3.999989304869760645e+02 -3.999998416291451804e+02 2.124208818943651867e-03 5.989044280052185343e+01
-2.990380011689655930e+02 -2.990021304653743073e+02 1.070803107280916100e+00 5.988539255857467936e+01
-1.996223769455568231e+02 -1.999957142086459498e+02 8.606547686003248598e-01 5.988246829509735392e+01
-9.998578132083841297e+01 -9.999619546502162848e+01 2.730678778955237043e-02 5.980377639532089518e+01
1.343839448305918722e+02 1.173648265070028174e+02 5.172741898662273030e+01 5.983435124158859253e+01
2.005431969972551940e+02 2.004648150240813607e+02 2.904746801701362235e-01 6.010106364488601827e+01
3.015239338945641521e+02 3.020246542114364274e+02 8.716111362665146522e-01 5.981532850265502788e+01
4.018678805714117743e+02 4.021078393076313660e+02 6.672981258131769344e-01 5.983458800315857218e+01
5.000394217150935106e+02 5.000230576760000076e+02 3.924959678539415714e-02 5.975767594575881958e+01
6.000194468402402208e+02 6.000194351767025864e+02 3.077117708821645349e-05 5.978578519821166992e+01
7.602243995615971244e+02 8.000241377747490787e+02 4.881240946289644711e+01 5.993529139757156088e+01
8.200547934947705926e+02 8.000417970397711542e+02 6.000719289975559434e+01 5.994151935577392720e+01
9.901770981643894629e+02 9.501774780734284604e+02 1.031726097748342141e+02 5.995172270536422587e+01
1.002597554556895716e+03 1.000102043331009895e+03 5.551654870733369940e+00 6.090220065116882608e+01
1.125222657817497975e+03 1.100093230286213384e+03 4.350963573499524273e+01 6.092399524450301840e+01
1.201109120620729755e+03 1.200728635693813885e+03 1.395797920225079647e+00 6.098846784830093526e+01
1.341673778180325371e+03 1.317627421439426598e+03 4.353175675081753582e+01 6.097898260354995870e+01
1.450156001701582227e+03 1.450391805322838081e+03 4.990188688555922170e+01 6.015846085548400879e+01
