-1.400000000000000000e+03 -1.400000000000000000e+03 0.000000000000000000e+00 6.200575505495071127e+01
3.954524296797932948e+03 3.165226432476546961e+03 4.464101488880224679e+03 6.200005749464035176e+01
-1.200000000000000000e+03 -1.200000000000000000e+03 0.000000000000000000e+00 6.196002904176712178e+01
-1.100000000000000000e+03 -1.100000000000000000e+03 0.000000000000000000e+00 6.198588789701462076e+01
-9.999999999999802185e+02 -9.999999999999881766e+02 2.101748035288191020e-11 6.203588550090789511e+01
-8.999574929763999762e+02 -8.999982365235472344e+02 1.305238222795249425e-01 6.188569715023040629e+01
-7.998395253628704040e+02 -7.999998708677885588e+02 3.548730678593823851e-01 6.203029589653014853e+01
-6.871090448025356636e+02 -6.800000000000000000e+02 9.470873586225028617e+00 6.197958925962448262e+01
-5.995640197123417465e+02 -5.994801408700328693e+02 3.382661444492415237e-01 6.273629264831542685e+01
-4.997004941271081293e+02 -4.997336637140851394e+02 2.356326249246857574e-01 6.194822250604629232e+01
-4.000000000000000000e+02 -4.000000000000000000e+02 0.000000000000000000e+00 6.214697439670563028e+01
-2.986070583276332400e+02 -2.990050409429067031e+02 1.421083944979678382e+00 6.210294785499572612e+01
-1.986837405846948457e+02 -2.000000000000000000e+02 1.894302120920228427e+00 6.212285045385360860e+01
-9.438949465510556536e+01 -9.984391337200929684e+01 1.667618881368618489e+01 6.200393509864807129e+01
1.947779839393268162e+02 2.184383346144379630e+02 6.553342261644753819e+01 6.196833574771881104e+01
2.004856941585042023e+02 2.003154106435860342e+02 5.477275765833448107e-01 6.221374629735946371e+01
3.014609886904098630e+02 3.020227481771768225e+02 9.578528915213080364e-01 6.206209135055541992e+01
4.016777674644143872e+02 4.020763963100500860e+02 1.004925128202999840e+00 6.199914225339889384e+01
5.000331438745250807e+02 5.000197293441221973e+02 4.265397486609941863e-02 6.197088215351104878e+01
6.000435633176032297e+02 6.000194318197550274e+02 7.462875423821549448e-02 6.208303779363632202e+01
7.700000000006278924e+02 8.000000000000238742e+02 4.582575694875435346e+01 6.208650794029235698e+01
8.390656074334480081e+02 8.000000000001424496e+02 7.283173478558151714e+01 6.208667434453964518e+01
1.078359176161655796e+03 1.162788696803095718e+03 1.218093286226904866e+02 6.212501405477523519e+01
1.019289346797002736e+03 1.003140003654543420e+03 2.766095307182207819e+01 6.285837010145187520e+01
1.140613578013554388e+03 1.100000000000229647e+03 4.868143377435284691e+01 6.286125251054763652e+01
1.216266259234559129e+03 1.200916606553978454e+03 2.493619438691448309e+01 6.294377681016921855e+01
1.402142029903572165e+03 1.410466463483809775e+03 5.901694381380215049e+01 6.287732080221176290e+01
1.440000000000256023e+03 1.400000000001131184e+03 4.898979485547166490e+01 6.220182460546493530e+01
