-1.399999999952947519e+03 -1.399999999989088337e+03 1.011825291749500749e-07 4.681297274947166329e+02
1.094553342937222624e+05 9.830380078094382770e+04 6.437291596408728947e+04 4.698554298520087968e+02
5.181638225632548565e+05 -1.189659165483541983e+03 1.792798956961435266e+06 4.691187422513961565e+02
2.334435485212949516e+03 1.261608112732142899e+03 3.334167835300363095e+03 4.703932679057121504e+02
-9.999999874862576235e+02 -9.999999896689512298e+02 9.189048978213755571e-06 4.679689890027046317e+02
-8.865874585602214211e+02 -8.901875713610927505e+02 2.031476710873201341e+01 4.681031538009643782e+02
-7.987533571157023289e+02 -7.999817526782675259e+02 3.146820159163718156e+00 4.696447952508926278e+02
-6.796692853191749464e+02 -6.796206255062801347e+02 1.109204343591090464e-01 4.646563768029212724e+02
-5.971611264359535198e+02 -5.969158329076052496e+02 1.422390670740088403e+00 4.781660830497741586e+02
-4.998365270794704998e+02 -4.998535074936927458e+02 8.800615742219161652e-02 4.687810495972633476e+02
-3.965673914801091087e+02 -3.970151227989088056e+02 1.618911101614459058e+00 4.688106377959251176e+02
-2.855559230551300516e+02 -2.855731087560062065e+02 5.542745162031234685e+00 4.691163002014160384e+02
-1.795650423825209145e+02 -1.814610594968259534e+02 7.710191156900559228e+00 4.691372351050376892e+02
1.411989581369737223e+01 -9.780584147140416462e+00 8.818718606952141670e+01 4.686160390496253854e+02
8.769565220890024193e+02 9.300764926729125364e+02 2.760118621603643874e+02 4.681845365047454948e+02
2.001996761341948172e+02 2.001677357999242872e+02 1.127780752309661128e-01 4.710047901988029366e+02
3.111723096770136863e+02 3.122295130291902865e+02 3.718643152539421237e+00 4.682863023996353036e+02
4.183122405679652616e+02 4.175893831601981674e+02 5.600170402408510384e+00 4.691270089983939897e+02
5.006626805848817412e+02 5.006170858573519808e+02 1.966228704765180801e-01 4.684459282398223650e+02
6.030926958069088641e+02 6.032403079330426863e+02 5.357695697788887879e-01 4.684924759030342329e+02
1.000001123405679891e+03 1.000001220436782205e+03 4.951477641674267459e-04 4.692386726021766776e+02
1.082159144631313211e+03 1.100264679618259606e+03 1.287529247832892167e+02 4.693263882517814523e+02
1.620577057320445192e+03 1.630047097256277993e+03 2.818407217619836729e+02 4.692849708437919389e+02
1.214720969384978616e+03 1.215465654208838714e+03 3.794504823398007431e+00 4.783666997551918030e+02
1.313422967440296361e+03 1.313853757599021719e+03 4.553236235605846005e+00 4.786090063452720642e+02
1.407854970138007502e+03 1.400026931029974548e+03 5.178020762009230538e+01 4.800751397490501517e+02
1.807081258644476748e+03 1.819804299764757616e+03 5.097821225772717924e+01 4.787565068960190047e+02
1.700002817319205406e+03 1.700002544913252223e+03 1.712970839348355000e-03 4.701565460443496818e+02
