-1.399999999999949068e+03 -1.399999999999981355e+03 8.233985349720602257e-11 6.560396169424056723e+01
3.498299340676346674e+03 1.344508655658499720e+03 5.131031908669355289e+03 6.570100010633468912e+01
-1.199999999444129799e+03 -1.199999999745436753e+03 8.095249390460950911e-07 6.561330084800719931e+01
-1.099999999339141141e+03 -1.099999999866205144e+03 1.406965458521831687e-06 6.565351725816726969e+01
-9.999999970265350839e+02 -9.999999976885228534e+02 2.437359707865787744e-06 6.566611748933792114e+01
-8.998854358237380211e+02 -8.999872750823191154e+02 2.315308471736077511e-01 6.561379519701003460e+01
-7.934284449878698524e+02 -7.999535171378263385e+02 1.425914731892631515e+01 6.570913575887679769e+01
-6.856836317058683790e+02 -6.799999501035304093e+02 8.751701474149079729e+00 6.569162204265595051e+01
-5.995787901253381733e+02 -5.997965861499851599e+02 4.400586567083804024e-01 6.635641109943389893e+01
-4.989846233349761633e+02 -4.992820636081051475e+02 9.725375721377166327e-01 6.567253450155257610e+01
-3.999999999998681233e+02 -3.999999999999220108e+02 1.610521490330490922e-10 6.575136879682540325e+01
-2.974131081727729224e+02 -2.980100818812688885e+02 1.898258118029145347e+00 6.574676059484481527e+01
-1.974838589717527952e+02 -1.980100818857303580e+02 5.543034763911360407e+00 6.578155875205993652e+01
-8.769215156577386949e+01 -9.968782674391047749e+01 2.785586347658022532e+01 6.569310804605484577e+01
1.992638250826084629e+02 2.173850362095928404e+02 8.307496964153629904e+01 6.568907665014266684e+01
2.005608445194433784e+02 2.002507473015907635e+02 5.384469153704427580e-01 6.590627365112304403e+01
3.016305333130372901e+02 3.020229838657892856e+02 8.092912783113574982e-01 6.569470674991607950e+01
4.022394412643108694e+02 4.022012346684914519e+02 1.073444113445586545e+00 6.569720048904419230e+01
5.000279985701757255e+02 5.000203401136103594e+02 2.487112845556823867e-02 6.563509304523468302e+01
6.000881945677656404e+02 6.000194318197554821e+02 2.024216823388153563e-01 6.565126274824142172e+01
7.800000814262255062e+02 8.000000170455630268e+02 3.999994194934391345e+01 6.579365274906157879e+01
8.705234665422816533e+02 8.000000487141330723e+02 9.611142764094563518e+01 6.580385890007019611e+01
1.080307207043062135e+03 1.142101693045829052e+03 1.169372147926191730e+02 6.578947479724884317e+01
1.032070720337444527e+03 1.018878634316998046e+03 3.636063015165616008e+01 6.650239560604094891e+01
1.162388413003359574e+03 1.200000000535395657e+03 4.664472165161855344e+01 6.650842825174331097e+01
1.213977834795423632e+03 1.200675870731865416e+03 2.381139845036411629e+01 6.655611540079117106e+01
1.426970361105543361e+03 1.410657315986981757e+03 6.987252129878820028e+01 6.653928389549255940e+01
1.455000056170184280e+03 1.500000002836494559e+03 4.974933296598101862e+01 6.587232470512390137e+01
