-1.400000000000000000e+03 -1.400000000000000000e+03 0.000000000000000000e+00 2.306546170711517263e+01
5.029091324202469877e+03 5.668150884481304274e+03 4.673711928273845842e+03 2.300055564641952444e+01
-1.200000000000000000e+03 -1.200000000000000000e+03 0.000000000000000000e+00 2.304346489906311035e+01
-1.100000000000000000e+03 -1.100000000000000000e+03 0.000000000000000000e+00 2.305249795913696431e+01
-9.999999999999320153e+02 -9.999999999999623697e+02 8.605718530896539554e-11 2.305359840393066406e+01
-8.998072533214850637e+02 -8.999816811981460205e+02 2.849207358216195307e-01 2.287312779426574849e+01
-7.928038997910675789e+02 -7.967904191911177350e+02 1.046834794054166018e+01 2.312248975038528442e+01
-6.837845687071921930e+02 -6.799997224180262947e+02 7.626138075312161924e+00 2.301039245128631450e+01
-5.993756387544505060e+02 -5.992299958691430675e+02 4.725201306515117716e-01 2.388102020025253225e+01
-4.968084215726080402e+02 -4.979111582057466876e+02 3.736087489482396329e+00 2.295515789985656596e+01
-3.998010081885813634e+02 -4.000000000000000000e+02 3.979836228373188067e-01 2.324986480474472117e+01
-2.970151258514114261e+02 -2.960201688094459200e+02 2.110624039000277730e+00 2.316608120203018117e+01
-1.971082184212475568e+02 -1.971206152715606663e+02 2.677309755293415083e+00 2.326880375146865987e+01
-6.148052042700989261e+01 -9.130921665192749970e+01 6.421131071899414167e+01 2.301874779462814402e+01
2.047844601898442534e+02 1.583484539015560131e+02 1.116436646176988745e+02 2.299510204792022705e+01
2.014884884440174915e+02 2.016048834507041079e+02 7.848019404124343401e-01 2.327462815046310496e+01
3.017782701153496419e+02 3.020643527799729213e+02 7.488339046032910229e-01 2.312362509965896606e+01
4.030479109756159914e+02 4.031592001728353125e+02 9.832139133885802185e-01 2.298966765403747559e+01
5.000684398243785154e+02 5.000308026686232097e+02 6.744875725951560153e-02 2.301454105377197124e+01
6.001447414379688325e+02 6.000744481502149483e+02 1.618724649665325421e-01 2.314227720499038554e+01
7.700000000000111413e+02 8.000000000000000000e+02 5.567764362828733482e+01 2.310942149162292480e+01
8.677694814229158737e+02 8.626428144480350966e+02 7.948094582485360604e+01 2.311245155334472656e+01
1.088680027985330298e+03 1.142234831614633549e+03 1.035794352712340327e+02 2.311932445764541555e+01
1.054474879729268196e+03 1.053302638868314716e+03 4.251364427391547451e+01 2.406349275112152242e+01
1.180339418437800987e+03 1.201399358328682411e+03 3.942450703721225125e+01 2.404052745103836131e+01
1.242899815922763764e+03 1.218056992717154571e+03 4.635282123213599448e+01 2.419285194873809886e+01
1.415745518767912927e+03 1.410657314378975570e+03 6.424622137294282709e+01 2.408127504587173462e+01
1.472703706911036534e+03 1.500000000000000000e+03 6.278418898907973045e+01 2.335813809633254934e+01
