-1.400000000000000000e+03 -1.399999999999999773e+03 1.833145176601317471e-13 5.273034739017487027e+02
4.013714848828085815e+05 3.870769747826346429e+05 1.742801549638700671e+05 6.617941095471381914e+02
4.252622207645907067e+06 8.084133037119628862e+05 7.087476848541339859e+06 6.208200429081916809e+02
1.464702689790401564e+04 1.332627998915037642e+04 4.094342629688875604e+03 6.632672675490379106e+02
-9.999997997169999735e+02 -9.999997930866172737e+02 2.979110327240672585e-05 6.563477723479270480e+02
-8.892055560682986197e+02 -8.909465599432771796e+02 5.207459968415525609e+00 6.533622037529945601e+02
-7.894477219686343687e+02 -7.913456660632007242e+02 7.441808515495925036e+00 5.964505093574523471e+02
-6.790893638190698312e+02 -6.790906413275225759e+02 6.265543649316962505e-02 6.346003087043761752e+02
-5.725731558761253837e+02 -5.737274337962292066e+02 7.085575534566308953e+00 7.911370739936828613e+02
-4.999679537272182870e+02 -4.999704232263863446e+02 1.043408170016369221e-02 5.486110082030296553e+02
-3.673188421581425587e+02 -3.686588123717472172e+02 8.270772993302159648e+00 5.494852582573890913e+02
-2.639326869945660974e+02 -2.666689068748273712e+02 1.005792141965479658e+01 5.454998229503631819e+02
-9.177356912597640815e+01 -9.221057631850234770e+01 2.858267767774817258e+01 6.182871948480606079e+02
1.530156326884062537e+03 1.443511613425350333e+03 3.256057576389881092e+02 5.549286224007606734e+02
4.842635872599924369e+03 4.508451319906398567e+03 1.250085287737779709e+03 5.726935511946678616e+02
2.019650698369166548e+02 2.019946373590862549e+02 4.530342174166567260e-01 6.342994274497032166e+02
3.628357667078393547e+02 3.610287685153213033e+02 9.647942527438553739e+00 5.349888074994087219e+02
4.667369683414224824e+02 4.600278037196889045e+02 2.756692241212753203e+01 5.969467296957969893e+02
5.027601820871257701e+02 5.026387802528897737e+02 6.987643851148185314e-01 6.579544848084449313e+02
6.132218122244930782e+02 6.139099751628282320e+02 1.879358261489004311e+00 5.891375008463859331e+02
9.893153766509528850e+02 1.000000000000000227e+03 6.659683859219913415e+01 5.875081058025359653e+02
2.364053790860011759e+03 2.422189611644275828e+03 3.912014465138886408e+02 6.068228027462959062e+02
5.212423711614273998e+03 5.139954427380058405e+03 7.071111165191132386e+02 5.930426242470741727e+02
1.241145273628040286e+03 1.239005460339902584e+03 9.511639157823148949e+00 8.010830642938614119e+02
1.353251826601374887e+03 1.354839201621024813e+03 5.541270158365704468e+00 8.005719459056854248e+02
1.521681458171677150e+03 1.540655847300524783e+03 5.212601232464156453e+01 8.074765579462051619e+02
2.019751261145820536e+03 1.982891518161634167e+03 1.171065740958929808e+02 8.050559767961501620e+02
1.700000000000000455e+03 1.700000000000000455e+03 2.157056083093525031e-13 6.175191134452819597e+02
