-1.399999999999999773e+03 -1.399999999999999773e+03 0.000000000000000000e+00 1.999036969840526581e+03
8.055802110687344102e+05 8.721296750348086935e+05 2.327506740299766243e+05 2.182683310544490723e+03
7.147081408678086102e+07 2.806009879038869217e+07 1.011194453187160492e+08 2.178208566057682219e+03
6.044852659522744034e+03 6.003975342331859792e+03 1.114308808567195229e+03 2.193089490699768248e+03
-9.999997751421840348e+02 -9.999997693514605999e+02 1.973975240679278284e-05 2.169343756103515716e+03
-8.539788316837427828e+02 -8.565526684650290008e+02 9.992785249372865053e+00 2.099817787146568207e+03
-7.601741141014342702e+02 -7.662064404649324842e+02 1.469793468997747965e+01 2.094967145156860170e+03
-6.788779452726336103e+02 -6.788775676304201170e+02 3.445168467934647816e-02 2.148535243749618530e+03
-5.720370416015064166e+02 -5.737034204752573032e+02 5.563842461225609881e+00 2.596810664498806091e+03
-4.999581084876623436e+02 -4.999605708619805569e+02 1.561534118249798854e-02 2.035674314057826905e+03
-3.200810800577309010e+02 -3.202811655647483349e+02 1.745657843393149378e+01 2.018954869103431747e+03
-2.068725079850930229e+02 -2.074690146964319410e+02 1.773964607333551058e+01 2.046919536447524933e+03
-1.278521189265808644e+01 -9.645272679166680518e+00 3.978285061207681395e+01 2.153916516244411469e+03
2.893888884014534597e+03 2.767106151877924276e+03 7.468704188472272563e+02 1.985893112003803253e+03
7.588793001036031455e+03 7.641691097114810873e+03 8.847886807943361873e+02 1.997265360200405212e+03
2.024393598232556428e+02 2.024688553649327787e+02 5.066819960656551158e-01 2.216936491906642914e+03
4.257529857067671628e+02 4.210406640628494870e+02 1.743105047350080383e+01 1.994874498951435044e+03
5.250009664164809919e+02 5.295079653895847969e+02 2.149515455508249673e+01 2.092313818895816894e+03
5.057461503689881397e+02 5.057026957999423757e+02 1.100190032411390240e+00 2.171465671694278626e+03
6.219672372619426142e+02 6.213560030089251995e+02 1.544508119934107082e+00 2.152972547399997893e+03
1.470140266027121925e+03 1.828262933976492377e+03 4.293904235773549090e+02 2.062652709257602510e+03
4.300786593680068108e+03 4.236452891831964735e+03 7.265505112577527598e+02 2.060048530650138673e+03
8.409850218976394899e+03 8.485705143628429141e+03 1.040475177525013123e+03 2.049944394195079894e+03
1.279931402054518230e+03 1.278534659226428175e+03 1.105363317411248048e+01 2.630168763899803253e+03
1.408161003432174766e+03 1.405410459275029098e+03 1.387225830550709560e+01 2.629009759998321442e+03
1.566710090068916088e+03 1.570752053336179870e+03 4.197587514343814519e+01 2.647796673095226197e+03
2.381627739003740317e+03 2.361003550528246251e+03 1.176583264797609445e+02 2.644153796601295653e+03
2.840019327853504819e+03 1.800000000000000909e+03 1.417444687201292709e+03 2.214773020303249268e+03
