-1.399999981851542998e+03 -1.399999989035304225e+03 1.904359001455016703e-05 4.572704219818115234e+01
2.424965135632003239e+02 -9.927422954618648419e+02 2.095057364034487364e+03 4.588511959314346456e+01
-1.199941892846606834e+03 -1.199973712824540598e+03 7.657334662690104543e-02 4.575978595018386841e+01
-1.099412808639142440e+03 -1.099941654115854362e+03 1.134333783408431939e+00 4.580864360332488872e+01
-9.999973156233687632e+02 -9.999974035545301376e+02 2.058948866839320057e-03 4.581396435499191000e+01
-8.999999724924178963e+02 -8.999999859193039811e+02 3.304055279435895535e-05 4.570777765512466573e+01
-7.999522838304484367e+02 -7.999667904078249876e+02 3.986572976351769604e-02 4.589430344104766846e+01
-6.947767001680160774e+02 -6.998351714485809225e+02 8.541420667279508550e+00 4.587383534908294536e+01
-5.997437155060511031e+02 -5.999602926083985039e+02 3.468490508461271049e-01 4.665899624824523784e+01
-4.999510977777748053e+02 -4.999547136886105250e+02 3.129093257806956491e-02 4.583589179515838907e+01
-3.999999565248386375e+02 -3.999999797694486574e+02 5.861370310978834396e-05 4.592379555702209615e+01
-2.999500961061454518e+02 -2.999998758872039843e+02 2.168155221120691978e-01 4.593042335510254048e+01
-1.999997978466113864e+02 -1.999998518963396918e+02 2.092700819325994926e-04 4.592062259912491129e+01
-9.999821650571428222e+01 -9.999956246702953422e+01 2.480282603028788248e-03 4.585091354846954204e+01
1.073417645173133650e+02 1.003397593128924541e+02 1.369381794923477180e+01 4.586756263971328451e+01
2.002819256056790778e+02 2.002682392923526891e+02 1.781252390616375192e-01 4.613297560214996196e+01
3.015155712493115630e+02 3.020198325288866954e+02 8.743595131912452745e-01 4.587092961072922037e+01
4.010967520484643387e+02 4.011224808888694042e+02 9.822977392249653272e-01 4.584675319194793985e+01
5.000044655938921210e+02 5.000000006178476610e+02 1.192348442832378425e-02 4.577462710142135904e+01
6.000147965648503714e+02 6.000194318543710779e+02 8.044443929629500195e-03 4.582329984903335429e+01
7.300693077923458532e+02 7.001090717456479524e+02 4.578855138209823394e+01 4.598169255256652832e+01
8.100075199204563887e+02 8.000063990356401291e+02 2.999938316533897620e+01 4.601283144950866699e+01
9.482674143746808113e+02 9.000286648530740194e+02 8.747141538465767496e+01 4.600658079385757304e+01
1.000005936224814150e+03 1.000003847942448942e+03 5.682695876169959262e-03 4.677569820880889750e+01
1.105013951614920643e+03 1.100013254621146643e+03 2.179144289199123108e+01 4.677823090553283691e+01
1.200279943351389647e+03 1.200435515844791098e+03 1.952724289176084316e-01 4.684558049440384053e+01
1.321000743309291011e+03 1.307091677710519434e+03 3.492436793184995736e+01 4.682326380014419698e+01
1.400065395679272569e+03 1.400059237631201540e+03 3.923021204902006620e-02 4.615721604824066304e+01
