6.817827626286326267e+04 6.729488181522377999e+04 8.422948025659039558e+03 3.312606337642669700e+02 -6.845699049026802641e+02 -1.399999999999999773e+03 3.504877359238556437e+03 5.183682248401642028e+02 -1.399619774522607713e+03 -1.399634823694072111e+03 4.680781407234176766e-02 4.455310920047759851e+02 2.704306835039390353e+04 2.841798686176563569e+04 5.317585537448619107e+03 1.034290524482727136e+01
1.806114335028304815e+09 1.729342777439971447e+09 6.958068763101303577e+08 3.052787773609161377e+02 -1.299999999999999773e+03 -1.299999999999999773e+03 0.000000000000000000e+00 5.536706806850432940e+02 3.724215671737042430e+04 3.347402180098417011e+04 1.154169626307388353e+04 4.612140585994720254e+02 2.460563072501176596e+08 2.144847125450379848e+08 1.173088488328973651e+08 1.112727939605712812e+01
1.847581553358716797e+21 4.764446762971396096e+18 4.816921116190133191e+21 3.550769968032836843e+00 4.861982451325452500e+14 1.387950901067211719e+13 1.464781234385188500e+15 7.645312312126159782e+01 1.634797542818218702e+06 1.674355077320999699e+06 5.059155367719982169e+05 5.284790458011626697e+02 1.639186093677733000e+15 2.949956556576206250e+13 5.860243102122805000e+15 1.095001379966735833e+01
3.558854151923398604e+05 2.133511116217568051e+05 3.938799083294675220e+05 3.372348911952972230e+02 -1.099999999999999773e+03 -1.099999999999999773e+03 4.547473508864641442e-14 5.418963080406189192e+02 8.391778087713164496e+03 8.749805666676045803e+03 2.046300108474782974e+03 4.544593614768982093e+02 4.952043696835843730e+04 5.039407484109429060e+04 7.006614309726213833e+03 1.213367316246032779e+01
4.170773101181319362e+04 3.717243436764997023e+04 1.659239546197609525e+04 1.431465372753143299e+02 -9.999999999997228315e+02 -9.999999999999816964e+02 4.581692562940035803e-10 5.827989402770996321e+02 -9.997369808936293794e+02 -9.997349808984118908e+02 1.797777263584533422e-02 4.603477970027923334e+02 1.356926664759050982e+04 9.154017016250172674e+03 1.246319156594079141e+04 1.179140788078308155e+01
1.652230184221967647e+04 1.665173915009870689e+04 4.706717133809614097e+03 1.739196598815917980e+02 -8.987242803666235886e+02 -8.999999999999998863e+02 1.859664953381708452e+00 5.770969088745117688e+02 -8.998438931055623016e+02 -8.998866705965613164e+02 1.347060649263997212e-01 4.585164081573486214e+02 3.765013526589954836e+03 3.505999927876601760e+03 1.673598125587696359e+03 1.453249264717102029e+01
8.243436006803352386e+06 1.662306815355974250e+06 1.565938936142172478e+07 3.697941875457763761e+00 3.628580958384297446e+03 1.954255133086790011e+03 4.396694863737253399e+03 8.320345279693603402e+01 -5.788363889472424262e+02 -6.853124658683379948e+02 2.726630773729509087e+02 5.650530623531341234e+02 3.179056423696237803e+08 3.140308790842130184e+08 4.716741046146676689e+07 1.615369924545288072e+01
-6.787440144101984743e+02 -6.787277712601019175e+02 7.565918749157375667e-02 3.553207082748413015e+00 -6.790951931318788866e+02 -6.789980313834824983e+02 2.735558605010357525e-01 4.303720070838928109e+02 -6.790579967875436296e+02 -6.790569992125393810e+02 3.915369185365637217e-02 4.572435735988617012e+02 -6.789277300235596613e+02 -6.789237167195054781e+02 8.721331852153149655e-02 5.494365520477295206e+00
-5.538098975102437862e+02 -5.535037205458456810e+02 1.729781534520054231e+00 6.812834796905517187e+00 -5.531459666809274722e+02 -5.522698372252812078e+02 3.768263032077878716e+00 1.214542459239959726e+03 -5.569378971459307195e+02 -5.575236411039880977e+02 1.870054645775029334e+00 8.262001150417328290e+02 -5.386373891651846861e+02 -5.386531856519135317e+02 8.843155884569977587e-01 4.640772886276245401e+00
1.120237624589964253e+04 1.149549766327008547e+04 2.624155034726637950e+03 3.367449553585052513e+02 -4.999564795591622328e+02 -4.999728992161968790e+02 6.050272098043763674e-02 5.526885499191283770e+02 -4.989307951015682079e+02 -4.989321160442554515e+02 7.919627759230940534e-03 4.696860816478729248e+02 3.011787636058741100e+03 3.045294057487590180e+03 1.037407341158070949e+03 1.532326280593871992e+01
8.025008021084713619e+02 7.602094953029509270e+02 2.848313757249189280e+02 6.549547595977783132e+00 5.747467669624440845e+01 1.651285782893571650e+02 2.596238505711280595e+02 6.926314173221587680e+02 4.422270227694083360e+02 4.445376395782882355e+02 2.850748424373052003e+01 4.733267798328399749e+02 6.521484736727633162e+02 6.424245526462252656e+02 3.678907226734235536e+01 1.153293355941772447e+01
8.413358405873607353e+02 8.005381000240606681e+02 2.098286839020106243e+02 6.367113962173461594e+00 6.003987517897807038e+02 6.382069659453949271e+02 1.730216479706960229e+02 6.982674476337432452e+02 5.817952031128357930e+02 5.777308677939523704e+02 4.288777465969610603e+01 4.829584812831878935e+02 6.647334334266539599e+02 6.790480293288768507e+02 3.693627992834713325e+01 1.312339843750000057e+01
9.141001347067361849e+02 8.719563914285899955e+02 1.530370251757847200e+02 6.652193956375121786e+00 8.749696862805863020e+02 8.765650056031445274e+02 4.730845142241179246e+01 6.965051797676086380e+02 7.466478335560333335e+02 7.455681721254352396e+02 6.321536054266988458e+01 4.845414110088348139e+02 9.589709013702448601e+02 9.467990596220399766e+02 5.055377081366334835e+01 1.385916955947875984e+01
9.500682556251187634e+03 9.555573841940746206e+03 5.815198761903038758e+02 3.549168361568450791e+02 4.944938660965298368e+03 4.865376220073507284e+03 4.466284559027511136e+02 5.473488111209869658e+02 4.878132721524772933e+03 4.813341996985719561e+03 5.063789261570879603e+02 4.785430257511138734e+02 8.552293843784167620e+03 8.684429845318276421e+03 9.503143684417866552e+02 1.321992492675781250e+01
9.727030845713459712e+03 9.838240923880501214e+03 6.522761357713460484e+02 2.183795080757141136e+02 4.791071990196857769e+03 4.819207633331830948e+03 4.484191540296821472e+02 5.133752952003478640e+02 4.851322254454082213e+03 4.912224617358266187e+03 4.930938087813805168e+02 3.877668376350403037e+02 7.267669046564373275e+03 7.113798300871781066e+03 6.561908839521037180e+02 1.010663131713867102e+01
2.000000000000000000e+02 2.000000000000000000e+02 0.000000000000000000e+00 6.580686726379394713e+02 2.000647560653871437e+02 2.000583201041464179e+02 2.786453257827813113e-02 6.286338057231903349e+02 2.006699083514006645e+02 2.006821348171044690e+02 6.485317531265255564e-02 4.372517492771148682e+02 2.077781088189437355e+02 2.072550348870088897e+02 4.089529759114986618e+00 5.853830165863037394e+00
1.840857332581659648e+03 1.755029182874496200e+03 2.659614342524544099e+02 2.441160959243774471e+02 1.098287783766560551e+03 1.103221342738431531e+03 5.225339929522934312e+01 4.723996833229064691e+02 4.824628635633503109e+02 4.806747405572010621e+02 2.240342807725861718e+01 3.757889211177825928e+02 1.195658065504104343e+03 1.194901492919120756e+03 2.651952950684351507e+01 9.796210355758667276e+00
1.844266563150919410e+03 1.828819963660510211e+03 2.103914277640045611e+02 1.976330934429168735e+02 1.189033204975502713e+03 1.215900880874397899e+03 1.145577349153933966e+02 4.567558466053009170e+02 8.333980228396269467e+02 8.489995551305632944e+02 4.259752859266005487e+01 3.304934825992584138e+02 1.255839867250390171e+03 1.254657556886616703e+03 1.421408415075159937e+01 8.780438680648803285e+00
2.335008984940935392e+06 1.715705156290854327e+06 2.112325027990981471e+06 4.185369800567627152e+01 5.352117114943741853e+02 5.182930327197682345e+02 4.945473527555052584e+01 4.672568453979492347e+02 5.044262509709554365e+02 5.043156595188895039e+02 6.730746491492055616e-01 3.419030283164977959e+02 1.549511617323651444e+05 1.322178152432118368e+05 1.198299148931267846e+05 8.488135080337524840e+00
6.149999999999995453e+02 6.150000000000000000e+02 2.003599488494747060e-12 9.344130420684814142e-01 6.150000000000000000e+02 6.150000000000000000e+02 2.273736754432320721e-14 2.596146835994720732e+02 6.149999999999083684e+02 6.150000000000000000e+02 4.476899242300262253e-10 3.867226565551757744e+02 6.150000000000000000e+02 6.150000000000000000e+02 0.000000000000000000e+00 3.769206809997558416e-01
4.493599846689044170e+03 4.396279892404423663e+03 5.220330946021133514e+02 7.440475940704345259e-01 9.897261506603821317e+02 1.000000000000001364e+03 4.810580063133099316e+01 5.083886557292938164e+02 1.036468661997938852e+03 1.009940722529993423e+03 5.336954398065471850e+01 3.717590551185608092e+02 2.938599154405007084e+03 2.929984939206826311e+03 1.098435324153182364e+02 1.387693888664245634e+01
1.106465024944340257e+04 1.095120112676847020e+04 4.261228777083317141e+02 2.095271373176574627e+02 8.858125421472006565e+03 8.904895277544448618e+03 2.785149250560802443e+02 4.751853769683837641e+02 8.414622838198070895e+03 8.482368944560508680e+03 3.673093808214823639e+02 3.577107964801788285e+02 1.094842211027400299e+04 1.093687360751843880e+04 5.456185322703748852e+02 1.119854404449462848e+01
1.115734787712185425e+04 1.115220862076776211e+04 4.170364154823003560e+02 2.152593392848968392e+02 7.929755899966964535e+03 7.946340742281860003e+03 3.558232594266432329e+02 4.794140715980529990e+02 7.328685174807186741e+03 7.335616645509800946e+03 3.950435206079551449e+02 3.296180799579620384e+02 1.044659664999390043e+04 1.045004269891415242e+04 5.897081452305059202e+02 7.659159402847290465e+00
1.322752660306350663e+03 1.322072538100208476e+03 7.660222040120567399e+00 2.718104038238525533e+00 1.678452268265603834e+03 1.672485680693922404e+03 3.567046044005368799e+01 8.718024450016022229e+02 1.635711964305661695e+03 1.629873392392038113e+03 2.775120104561611356e+01 5.493985703563689640e+02 1.882170273377981857e+03 1.867553288734150101e+03 6.415433142262590138e+01 8.408178195953368572e+00
1.420360713901113741e+03 1.420651107511742339e+03 3.686159529464703155e+00 2.709228363037109233e+00 1.541887612583575901e+03 1.542035412276672787e+03 3.926869024335150726e+00 8.700960759639740445e+02 1.541193453699316251e+03 1.542754701786325768e+03 8.655256320088202671e+00 5.443509146022796585e+02 1.596612819244632192e+03 1.594007945124725211e+03 1.759044470963351259e+01 5.143791685104369904e+00
1.609993299477449227e+03 1.621982947336786538e+03 3.536296443528622291e+01 4.872786521911621094e+00 1.604664311875420935e+03 1.614890486063591652e+03 2.466917740456590735e+01 1.993120889186859017e+02 1.626291983650748080e+03 1.585431940701580515e+03 8.835479594144599957e+01 7.793577711200714475e+02 1.805023876783479636e+03 1.789684100112638362e+03 1.410389623533292252e+02 1.147358664512634263e+01
2.806276857238171942e+03 2.810034078581371432e+03 4.504764547133009955e+01 2.334272079467773597e+00 2.686710129132587554e+03 2.745340682389391986e+03 1.706609330272193290e+02 1.371752747917175270e+02 2.466403931133715560e+03 2.444946700776038597e+03 1.220214622958290818e+02 7.902158153247833070e+02 4.527389337365026222e+03 4.763984895629171660e+03 5.546434431046627651e+02 8.934757957458495881e+00
9.346915787058826027e+03 9.298740972909792617e+03 1.363723603337494978e+03 5.199625587463378995e-01 5.896539343562810245e+03 5.966086861817067984e+03 9.446551530536399923e+02 4.602796386814117682e+02 6.166880427426216556e+03 6.235305266321454837e+03 2.994557571292821763e+02 3.114960048866271904e+02 1.027706404388741976e+04 1.025359799557473161e+04 5.895385312806571392e+02 1.124064491271972699e+01
