-1.399999999870502734e+03 -1.399999999967223857e+03 1.706121453963142381e-07 2.685416849851608134e+01
-7.088559901297563783e+02 -1.209954265361077432e+03 1.500995025974880491e+03 2.706054995059967183e+01
-1.199999715674293611e+03 -1.199999889143652126e+03 5.026614532393008580e-04 2.689899793863296651e+01
-1.099998100192805168e+03 -1.099999774659898776e+03 5.094760253508379480e-03 2.700692870616912700e+01
-9.999998268537872264e+02 -9.999998854050320460e+02 1.835429791386242908e-04 2.698093969821929861e+01
-8.999999999589006165e+02 -8.999999999810670488e+02 4.608563279091479934e-08 2.689082124233245708e+01
-7.999955421866825418e+02 -7.999969373145329428e+02 3.843073286327033933e-03 2.706088420152664042e+01
-6.929965191894760892e+02 -6.999925397555821291e+02 9.537250186003401353e+00 2.704497205018997263e+01
-5.997318331934939124e+02 -5.999926845098461854e+02 3.575783595234465206e-01 2.794099794626236033e+01
-4.999926599970179950e+02 -4.999924923929079910e+02 6.004888490425252384e-03 2.695723760128021240e+01
-3.999999996915374254e+02 -3.999999998766800218e+02 3.728448416718783195e-07 2.708692079782485962e+01
-2.999999978110930101e+02 -2.999999995118873812e+02 5.143665879394251466e-06 2.707604855298995972e+01
-1.999999940898102011e+02 -1.999999985216438461e+02 1.219216624533093850e-05 2.711375321149825979e+01
-9.999998212734678305e+01 -9.999999579377561076e+01 3.285654487411111330e-05 2.703138415813446116e+01
1.108545743931972822e+02 1.003124025351165187e+02 2.840212474823630728e+01 2.701224515438079976e+01
2.000792414761321538e+02 2.000706069854285261e+02 5.490976698074204188e-02 2.731156054735183858e+01
3.010098634389497647e+02 3.010098503053338845e+02 1.009827165262243254e+00 2.698814610242843770e+01
4.013313346111880264e+02 4.020058082326048634e+02 9.668851234062724176e-01 2.703131685256958150e+01
5.000009865299737726e+02 5.000000000000002274e+02 4.300184264464559057e-03 2.692928885221481394e+01
6.000077736199193623e+02 6.000000048886577133e+02 9.518884270713828116e-03 2.694810539484024048e+01
7.050075631593920207e+02 7.000077722828601736e+02 2.179287514391558034e+01 2.716707839965820170e+01
8.000007258190996708e+02 8.000006130831029623e+02 5.645951643762668138e-04 2.718384341001510762e+01
9.200008090664748579e+02 9.000008003268405901e+02 3.999993802184091152e+01 2.718042590618133403e+01
1.000000203320336709e+03 1.000000188971003695e+03 1.505731357373597031e-04 2.809331899881362915e+01
1.100001505226094650e+03 1.100001128836840962e+03 1.346137231238869487e-03 2.810284039974212789e+01
1.200380720613411540e+03 1.200080968828256118e+03 9.301622180227776537e-01 2.817820980548858500e+01
1.320900295990753875e+03 1.301082973352015188e+03 3.956263296093761994e+01 2.815973010063171245e+01
1.400008113535089024e+03 1.400006862509786970e+03 5.807013072149629779e-03 2.726900370121002126e+01
