-1.399999999999970441e+03 -1.399999999999984311e+03 2.667360697977660185e-11 4.714963699102401620e+02
3.144160742348447675e+05 3.262723900066312635e+05 1.665924904935738305e+05 4.723091053009032976e+02
1.295562084149763137e+08 1.821129523670075834e+07 2.215391934019913971e+08 4.720812687516212236e+02
1.343593182711024383e+04 9.221421911599902160e+03 1.180027673780685109e+04 4.721031938076019401e+02
-9.999999969075106492e+02 -9.999999968645674926e+02 1.525589167339002319e-06 4.717777019977569353e+02
-8.819698910600636736e+02 -8.901863666019710308e+02 2.430399820491548724e+01 4.716979087471962089e+02
-7.234058066464290278e+02 -7.286067996009473973e+02 4.032734003832228353e+01 4.727810218930244446e+02
-6.796861627731803992e+02 -6.796795031738572561e+02 8.622250873909655111e-02 4.723167867898940813e+02
-5.931975234673014938e+02 -5.932851446935450213e+02 1.890324706880291084e+00 4.826448853492736930e+02
-4.978297593322278658e+02 -4.979302072444133955e+02 1.566761454324571146e+00 4.720110157489776839e+02
-3.999999999999500915e+02 -3.999999999999637339e+02 3.709573162720955495e-11 4.723572760581970442e+02
-2.519509734669682643e+02 -2.531670298617190156e+02 1.811821209733184190e+01 4.723739686489105338e+02
-1.559461226090828632e+02 -1.549678192529178204e+02 1.036851897794311306e+01 4.727103200912475813e+02
-9.091600777129208666e+01 -9.978140945558834574e+01 2.659565590359591525e+01 4.721215857505798112e+02
1.280390626031493184e+03 1.272372441348798020e+03 3.295149472594256395e+02 4.722622211456298942e+02
2.006049660899517448e+02 2.006220746924350351e+02 2.649766159991648884e-01 4.753183581948280221e+02
3.091182294230719663e+02 3.101242305849109471e+02 3.037759807538920498e+00 4.720317852973938102e+02
4.375977424743364281e+02 4.328532305765991168e+02 1.415903944976284023e+01 4.722748900532722587e+02
5.003911652711265674e+02 5.004157728500097164e+02 1.434006407782762726e-01 4.717474519968033064e+02
6.034908121904037444e+02 6.035180648800197787e+02 4.888181027000761958e-01 4.721883720040321464e+02
1.000000066481534986e+03 1.000000061137378907e+03 3.275457236720849124e-05 4.725650619983672982e+02
8.885839623022854994e+02 9.000000015012878976e+02 5.731552801980775769e+01 4.731050063490867501e+02
2.306542773046182901e+03 2.328588633766755265e+03 3.567094050959785818e+02 4.730595708489418030e+02
1.221303167421108355e+03 1.221965785595135458e+03 2.849480409249290691e+00 4.837834718942642098e+02
1.321409919735605172e+03 1.322819861229732396e+03 5.205748662365587087e+00 4.836681092977523804e+02
1.428116874066127593e+03 1.400043649789930441e+03 6.416240028283819186e+01 4.843378477573394889e+02
1.871502569601213963e+03 1.883692829900909146e+03 4.189407488120604484e+01 4.841069285988807565e+02
1.783026650896292949e+03 1.700000178682925025e+03 1.592341365882589344e+02 4.736761097431182748e+02
