-1.400000000000000000e+03 -1.400000000000000000e+03 0.000000000000000000e+00 2.398927010297775198e+01
1.938491628766058056e+03 1.624024161604180790e+03 2.951869793715988635e+03 2.413528904914856099e+01
-1.200000000000000000e+03 -1.200000000000000000e+03 0.000000000000000000e+00 2.390354975461959697e+01
-1.100000000000000000e+03 -1.100000000000000000e+03 0.000000000000000000e+00 2.394332970380783010e+01
-9.999999999999890861e+02 -9.999999999999959073e+02 1.581183252107248701e-11 2.398307495117187571e+01
-9.000000000000000000e+02 -9.000000000000000000e+02 4.403072291788040526e-14 2.397990159988403391e+01
-7.999999999999406555e+02 -7.999999999999977263e+02 1.833693539892508246e-10 2.402616024017333984e+01
-6.959998912414116603e+02 -6.999999999999897682e+02 8.000217518353686330e+00 2.394460000991821147e+01
-5.997622801919507083e+02 -5.999999999999998863e+02 3.668327318761016587e-01 2.479506385326385498e+01
-4.999774361641611904e+02 -4.999926039596658711e+02 3.274728477366646573e-02 2.403152160644531321e+01
-3.999502520471453408e+02 -4.000000000000000000e+02 2.168462991415098240e-01 2.411644229888916158e+01
-2.998010081885813634e+02 -3.000000000000000000e+02 3.979836228373188067e-01 2.411119819879531789e+01
-2.000000000000000000e+02 -2.000000000000000000e+02 0.000000000000000000e+00 2.410995259284973002e+01
-9.448314663189998441e+01 -1.000000000000000000e+02 1.347459350260490929e+01 2.403166304826736521e+01
1.241712213568932555e+02 1.004682598839721095e+02 4.151502674359088729e+01 2.401320013999939107e+01
2.001104212818842711e+02 2.000000000000306102e+02 2.524835938687750025e-01 2.421039850711822439e+01
3.015430767185097238e+02 3.020211382353943463e+02 8.609595068719450017e-01 2.403908710479736399e+01
4.017595705132011403e+02 4.020432025995144727e+02 7.079271821293777744e-01 2.405320889949798513e+01
5.000098646720562101e+02 5.000000000000000000e+02 1.559741602941248223e-02 2.398593130111694194e+01
6.000174886377797066e+02 6.000194318197550274e+02 5.829545926508217582e-03 2.397991935014724874e+01
7.600000000008205916e+02 8.000000000000001137e+02 4.898979485466778527e+01 2.411265009641647339e+01
8.131321407225229905e+02 8.000000000000017053e+02 3.199614023821220954e+01 2.410424625873565674e+01
1.010107048361257853e+03 9.919285391739410898e+02 1.201204480571315827e+02 2.410356419086456370e+01
1.000000000000015689e+03 1.000000000000000796e+03 3.845183982474582792e-11 2.493293089866638113e+01
1.110000000000031378e+03 1.100000000000006366e+03 2.999999999998955502e+01 2.492956249713897776e+01
1.200217431498884707e+03 1.200080948985142413e+03 3.172248958824120946e-01 2.502712895870208598e+01
1.351432112292477541e+03 1.352170892997027750e+03 4.969496121119148313e+01 2.498675270080566335e+01
1.415000000000161435e+03 1.400000000000007049e+03 3.570714214264648234e+01 2.422731480598449849e+01
