-1.399999999999999773e+03 -1.399999999999999773e+03 0.000000000000000000e+00 2.021026580393314362e+03
8.849163340043833014e+05 9.290328085548726376e+05 2.354512052061060676e+05 2.162349492752552123e+03
1.462758623060733080e+08 9.202477152473489940e+07 1.125275913328259438e+08 2.166950396144390197e+03
6.646057519407319887e+03 6.196231810003022474e+03 1.548161318718013945e+03 2.174089937150478363e+03
-9.999998820137485609e+02 -9.999998852865926438e+02 1.239506682718691917e-05 2.157031777346134277e+03
-8.559833235692825610e+02 -8.565526684650285461e+02 1.708035150629929833e+00 2.097032221496105194e+03
-7.286029312766556814e+02 -7.256910544972873822e+02 2.124633149868123638e+01 2.118882908606529327e+03
-6.788595926334706974e+02 -6.788555673793392771e+02 3.922561573994505502e-02 2.123813953495025544e+03
-5.672412983972734537e+02 -5.687028184034364813e+02 7.796790233313831031e+00 2.500090298151969819e+03
-4.999443124535625316e+02 -4.999420807619194989e+02 2.324314729422238129e-02 2.052968809056282225e+03
-3.077123264194106014e+02 -3.113265719027035630e+02 1.687310706412523942e+01 2.034824569952487991e+03
-1.867430547348859307e+02 -1.880673280824021845e+02 2.177055870102716284e+01 2.063827360999584016e+03
2.746160198289912913e+01 2.962584026549069449e+01 4.801733467388881138e+01 2.135418965697288513e+03
3.618735745680380205e+03 3.607543003372577004e+03 5.725487895657918216e+02 2.027245294094085693e+03
7.779465040847547243e+03 7.939564481519098990e+03 9.975660039464440842e+02 2.036860202848911285e+03
2.022060307108053507e+02 2.021759605213935060e+02 5.148305605642078397e-01 2.134325419342517762e+03
4.416097192776780389e+02 4.386889686311197352e+02 2.439595243711480066e+01 2.032212314200401352e+03
5.317493177505631365e+02 5.334557911327470947e+02 2.341368836833281364e+01 2.085229312753677277e+03
5.060114189342969553e+02 5.059855134735505544e+02 1.391745220432251129e+00 2.158285725903510865e+03
6.227088526916581941e+02 6.222492073593662099e+02 1.519301983156233549e+00 2.133299417042732330e+03
1.347516146459447555e+03 1.197978261700252915e+03 4.530341500536784451e+02 2.070753184247017089e+03
4.462342269984084851e+03 4.460466622769542482e+03 7.261726998596707290e+02 2.060949747192859832e+03
8.743078259676134621e+03 8.644745453598054155e+03 1.224812798809857213e+03 2.072874290752411071e+03
1.296937929657213772e+03 1.295392337336291803e+03 1.400655973287929434e+01 2.536264692544937134e+03
1.420344717450585676e+03 1.419731229764935279e+03 1.127786266742482368e+01 2.536633805358409973e+03
1.571888291719727022e+03 1.580194650699704198e+03 4.058790995841154370e+01 2.541425417804718109e+03
2.446784846301675316e+03 2.410214707506890136e+03 1.341031141098153512e+02 2.549818132793903260e+03
3.173336450964304277e+03 1.800000000000000909e+03 1.518415054798475921e+03 2.160627330696582703e+03
