-1.400000000000000000e+03 -1.400000000000000000e+03 0.000000000000000000e+00 6.116403634548187540e+01
2.964446701826228036e+03 2.318013822337292822e+03 4.074559096758341639e+03 6.148558720350265361e+01
-1.200000000000000000e+03 -1.200000000000000000e+03 0.000000000000000000e+00 6.113526715040207193e+01
-1.100000000000000000e+03 -1.100000000000000000e+03 0.000000000000000000e+00 6.117713314294815063e+01
-9.999999999999261036e+02 -9.999999999999922693e+02 1.820446587114773410e-10 6.119547865390777730e+01
-8.999999999172603111e+02 -8.999999999999611191e+02 3.371776173508452195e-07 6.138695685863494589e+01
-7.994398312190512570e+02 -7.999990172096453307e+02 1.168758398622347983e+00 6.127645125389098979e+01
-6.915101270390171067e+02 -6.999999999999996589e+02 9.530604010142630145e+00 6.125246959924697876e+01
-5.995800391979390724e+02 -5.994805077536996123e+02 3.590382108842763431e-01 6.198031634092330933e+01
-4.993208267473245314e+02 -4.997299755500729361e+02 9.004906300598173319e-01 6.130204304456710673e+01
-3.991542850533617184e+02 -3.990050409429067031e+02 1.146362922320177002e+00 6.129791671037673950e+01
-2.984578142171782815e+02 -2.990050409429067031e+02 1.352374385148702673e+00 6.130522334575653076e+01
-1.967263217421077002e+02 -1.967861024750166621e+02 2.520233610914480948e+00 6.128801674842834757e+01
-9.377597369115760273e+01 -9.937565348803718734e+01 9.453735901770629724e+00 6.118577605485916138e+01
1.608757193350735122e+02 1.458534038209647861e+02 6.347705887753803466e+01 6.121986885070801065e+01
2.010324528440644940e+02 2.009758325488141395e+02 8.387517311516664575e-01 6.143141764402389526e+01
3.018990571661784088e+02 3.021813661193871212e+02 1.076134611395634044e+00 6.123339809179306314e+01
4.032293354392828064e+02 4.028871362381843255e+02 1.777147090434793242e+00 6.134883065223694132e+01
5.001283613482715964e+02 5.001243746045435046e+02 1.112230353429903840e-01 6.126585739850997925e+01
6.000952764438618487e+02 6.000744481502149483e+02 7.731184489248482672e-02 6.116764804124832011e+01
7.600000000000000000e+02 8.000000000000000000e+02 4.898979485566355407e+01 6.132379750013351583e+01
8.171648545266391466e+02 8.000000000000002274e+02 3.026916566309218481e+01 6.130096545219421245e+01
1.061076077188751242e+03 1.034353982150335924e+03 9.808623892797709232e+01 6.126380599737167643e+01
1.022637032540845780e+03 1.018878680226718416e+03 2.487832288097403222e+01 6.211327199935912802e+01
1.133712716975208878e+03 1.108329752809727779e+03 4.213595424357769303e+01 6.213298569917678549e+01
1.206079541978357838e+03 1.200080948985146279e+03 1.169705218226196308e+01 6.214972749948501729e+01
1.363611383821295476e+03 1.321804588906501067e+03 6.028630971980615527e+01 6.219648864269256450e+01
1.440000000000000000e+03 1.400000000000000000e+03 4.898979485566356118e+01 6.144502185583114340e+01
