-1.400000000000000000e+03 -1.400000000000000000e+03 0.000000000000000000e+00 6.497725180387496380e+01
2.900155232263911785e+03 1.257736947303192892e+03 4.276553778960212185e+03 6.519935485124588581e+01
-1.200000000000000000e+03 -1.200000000000000000e+03 0.000000000000000000e+00 6.494940329790115641e+01
-1.100000000000000000e+03 -1.100000000000000000e+03 0.000000000000000000e+00 6.495921794176101116e+01
-9.999999999999830607e+02 -9.999999999999972715e+02 3.911128773553865637e-11 6.501003125905990032e+01
-8.999999999999184865e+02 -8.999999999999978400e+02 3.310118957738885625e-10 6.508816189765930460e+01
-7.998304602038533631e+02 -8.000000000000000000e+02 6.805722869433546984e-01 6.505691620111466023e+01
-6.946879708325301408e+02 -7.000000000000000000e+02 8.539715840290186932e+00 6.503252664804458050e+01
-5.998019181397025932e+02 -6.000000000000000000e+02 3.853769577129367851e-01 6.563237113952637003e+01
-4.998559890950963336e+02 -4.999124571954738485e+02 1.626321188061012890e-01 6.501263284683227539e+01
-3.998010081885813634e+02 -4.000000000000000000e+02 5.073315647344599499e-01 6.507933114767074301e+01
-2.983085701067233799e+02 -2.990050409429067031e+02 1.222624805487563915e+00 6.509360139369964315e+01
-1.975198031075228755e+02 -1.971206152715606379e+02 1.166112838321970546e+00 6.507460240125655559e+01
-9.726789569318569306e+01 -9.968782674401859367e+01 5.937789791990828903e+00 6.498484159708023356e+01
1.317194564808900168e+02 1.167572201841821879e+02 3.693399484924587739e+01 6.498652489185333536e+01
2.003117822768566327e+02 2.002759840278564241e+02 3.997138836588748356e-01 6.522793860435486124e+01
3.014579508086236501e+02 3.020227481771768225e+02 9.295448376324004780e-01 6.502434799671172527e+01
4.022676251714855766e+02 4.023147276489784190e+02 7.054855649562841169e-01 6.505177499055862711e+01
5.000205308690240713e+02 5.000197293441220268e+02 2.921055554950796260e-02 6.499056420326232342e+01
6.000221826362783304e+02 6.000194318197550274e+02 1.199053123596169508e-02 6.497072941064834595e+01
7.550000000000000000e+02 8.000000000000000000e+02 4.974937185533099893e+01 6.510787650346756550e+01
8.212823635459317302e+02 8.000000000000000000e+02 4.806434867328535177e+01 6.510120815038681030e+01
1.075106294904980359e+03 1.072179537933067877e+03 1.012785939307961911e+02 6.507466750144958212e+01
1.015350767440164191e+03 1.009476090920333945e+03 2.437204221071066712e+01 6.577716979980468182e+01
1.120943301084985478e+03 1.100000000000000000e+03 4.190835436576618633e+01 6.576975795030594441e+01
1.210180598687771635e+03 1.200435134724740237e+03 1.606614346022125162e+01 6.580197041034698202e+01
1.401357533491334152e+03 1.410657301717181554e+03 5.254298906076470388e+01 6.578244739770889282e+01
1.450000000000000000e+03 1.450000000000000000e+03 5.000000000000000000e+01 6.520585075616835979e+01
