-1.400000000000000000e+03 -1.400000000000000000e+03 0.000000000000000000e+00 3.295939773082733382e+02
7.248929592024076264e+05 4.739650604167615529e+05 5.793302127154160989e+05 3.289118819475173723e+02
4.411626731096285582e+08 1.028008989192409813e+08 7.356242676573772430e+08 3.278340305566787833e+02
5.078547842437833606e+04 5.021941995748580666e+04 1.802778043016531228e+04 3.281787428498267900e+02
-9.999999999997538680e+02 -9.999999999998028670e+02 1.870867679282195337e-10 3.296862939476966972e+02
-8.918269883594202838e+02 -8.901875073489420629e+02 3.408035302678625200e+00 3.269796489953994865e+02
-6.781626126893179389e+02 -6.921240077283862320e+02 8.480357214276307332e+01 3.301554131507873535e+02
-6.795030718666408802e+02 -6.795261959762880224e+02 1.086513615433298413e-01 3.286071743965148926e+02
-5.914989152807092978e+02 -5.910844298194796238e+02 1.524390860533650027e+00 3.490347880959510576e+02
-4.960693455215091490e+02 -4.971025262901158612e+02 2.344454959102668656e+00 3.306664696574210893e+02
-3.992537807071800557e+02 -3.990050409429067031e+02 6.193570182460541584e-01 3.318256399512291068e+02
-2.334399917964313431e+02 -2.313482502947274497e+02 3.191123060330242112e+01 3.303910652518272286e+02
-1.009577188612458940e+02 -1.097917928739047966e+02 2.289433426581445019e+01 3.270781183004379500e+02
8.229016710499438148e+01 1.099275135153689007e+02 1.179663167315924142e+02 3.295495705485344047e+02
1.588698440059198219e+03 1.517820418378920976e+03 3.713953323309792154e+02 3.282180750012397539e+02
2.007214699082414029e+02 2.007097316131055607e+02 2.906161720704193985e-01 3.364489853024482500e+02
3.098641717384023764e+02 3.106876233675432672e+02 3.309495421951019090e+00 3.301901562452316057e+02
4.579238646048822261e+02 4.593563837620214940e+02 1.637646487384891358e+01 3.286756747484207040e+02
5.005136922857828949e+02 5.004794646774075773e+02 2.462036113747019528e-01 3.275608959913253670e+02
6.041826748177452373e+02 6.042776061758534070e+02 5.907359542969249366e-01 3.289267603039741630e+02
9.900000000000000000e+02 1.000000000000000114e+03 4.358898943540673798e+01 3.295551040530205000e+02
1.079308146379059963e+03 1.094607637555762722e+03 1.100523291145365761e+02 3.310338117003440743e+02
2.851447669207703711e+03 2.992976519704749535e+03 5.161741700973243496e+02 3.310819306969642639e+02
1.222949812804369230e+03 1.226945666564662361e+03 2.016049520311083043e+01 3.505829712986945879e+02
1.322419744397464456e+03 1.328385421758368921e+03 2.066584323467129991e+01 3.504576671481132735e+02
1.447852177502737277e+03 1.458694101985554880e+03 8.164570546619950164e+01 3.518249023079872018e+02
1.901582750215476381e+03 1.931227814316920785e+03 8.876160168931183136e+01 3.511931729078293074e+02
1.932604519123128966e+03 2.007994372856014024e+03 2.435702812067422940e+02 3.333720540046691667e+02
