-1.400000000000000000e+03 -1.400000000000000000e+03 0.000000000000000000e+00 2.614630914926528860e+01
4.139420408484903419e+03 2.274318051482723149e+03 4.829273274203607798e+03 2.616176514625549387e+01
-1.200000000000000000e+03 -1.200000000000000000e+03 0.000000000000000000e+00 2.609836255311966013e+01
-1.100000000000000000e+03 -1.100000000000000000e+03 0.000000000000000000e+00 2.610886739492416453e+01
-9.999999999999876081e+02 -9.999999999999922693e+02 1.371465726901728666e-11 2.616309864521026540e+01
-8.999996760307628847e+02 -8.999999999816695890e+02 1.367768069416287063e-03 2.602195180654525686e+01
-7.997476530446529068e+02 -8.000000000000000000e+02 1.099156648032695305e+00 2.614387274980544973e+01
-6.879994364160004352e+02 -6.800000000000000000e+02 9.798419198792714724e+00 2.609349455833434916e+01
-5.997145597806634214e+02 -5.999999902403155829e+02 3.548224355402419539e-01 2.674694310426712107e+01
-4.999182496108757618e+02 -4.999556188308663991e+02 1.053748097254064431e-01 2.616744544506072856e+01
-3.999502520471453408e+02 -4.000000000000000000e+02 2.168462991415098240e-01 2.624689350128173970e+01
-2.991045368486160783e+02 -2.990050409429067031e+02 6.964713399653077452e-01 2.625649549961089946e+01
-1.988584135931316155e+02 -1.990050409429067031e+02 1.174634055824146595e+00 2.624477593898773264e+01
-9.437388599230651209e+01 -9.968782674401859367e+01 1.343133578598777156e+01 2.614110054969787456e+01
1.382026382663457866e+02 1.167572201841821879e+02 4.764461751871058226e+01 2.610673046112060547e+01
2.001015776038509273e+02 2.000000030248845064e+02 2.383753436167521667e-01 2.630662781000137329e+01
3.015256883573091500e+02 3.020197639804966911e+02 8.775769872943545158e-01 2.620458624362945699e+01
4.019126964879293382e+02 4.021059570464718718e+02 6.186706469040850198e-01 2.620022925138473369e+01
5.000138223776317545e+02 5.000099204341758536e+02 1.662144584276576895e-02 2.616517615318298340e+01
6.000165170467919324e+02 6.000194318197550274e+02 6.938547500843658851e-03 2.616289259195327688e+01
7.850000000000000000e+02 8.000000000000000000e+02 3.570714214271424680e+01 2.618917499780654978e+01
8.153632352581632858e+02 8.000000000000000000e+02 3.659585838712433770e+01 2.622292275428771902e+01
1.081507652263361706e+03 1.101157354450359890e+03 1.023569486424566435e+02 2.618459429740905620e+01
1.008831471922120159e+03 1.000000000000000000e+03 1.451659871904256960e+01 2.686172854900360107e+01
1.150279871166280600e+03 1.150000000000000000e+03 5.028610213026569653e+01 2.686242749691009379e+01
1.203597749652861694e+03 1.200435134724740237e+03 9.406747808609070560e+00 2.696741830110549998e+01
1.374456844237588030e+03 1.400000000000000000e+03 5.008468816631178555e+01 2.690254480838775564e+01
1.440000000000000000e+03 1.400000000000000000e+03 4.898979485566356118e+01 2.701648235321044922e+01
