-1.400000000000000000e+03 -1.400000000000000000e+03 0.000000000000000000e+00 2.308715959787368632e+01
3.872393983830463640e+03 5.109969958009382935e+02 5.651177061730142668e+03 2.315630694627761699e+01
-1.200000000000000000e+03 -1.200000000000000000e+03 5.356568630936520037e-13 2.307163715362548828e+01
-1.099999999999984993e+03 -1.100000000000000000e+03 6.060163234306119208e-11 2.312039259672165059e+01
-9.999999999943120201e+02 -9.999999999982755980e+02 9.517598771447330733e-09 2.314388769865036011e+01
-8.991220960216351159e+02 -8.996460951142156546e+02 1.561542405392686073e+00 2.304851239919662476e+01
-7.850565649823035983e+02 -7.972231073759701303e+02 2.382754010113233178e+01 2.316500394344329905e+01
-6.829593754612034218e+02 -6.799984847368600640e+02 6.800900600011273056e+00 2.315780249834060811e+01
-5.991483814781925048e+02 -5.990963224682609507e+02 4.681567594359544171e-01 2.366126060485839844e+01
-4.758049233267882983e+02 -4.834752871540543424e+02 2.716232317790506912e+01 2.312814174890518260e+01
-3.991045371005070024e+02 -3.990050409429067031e+02 1.130055349323264569e+00 2.319812154769897461e+01
-2.949207212085675565e+02 -2.955209292157768459e+02 3.949820953140492197e+00 2.316994949579238749e+01
-1.949389747423911956e+02 -1.971206152715606379e+02 4.291021060211480886e+00 2.326125965118408345e+01
-5.531846372704193016e+01 -8.293060655983640572e+01 5.205310172041657779e+01 2.312665449380874705e+01
2.968898397429969691e+02 2.429083966985431857e+02 1.269116353131545765e+02 2.314406139850616384e+01
2.021715680108123081e+02 2.021941035966914342e+02 1.475541245430599613e+00 2.329791589975356914e+01
3.022160750205479758e+02 3.021397831863382066e+02 1.191953357229982302e+00 2.311976125240325786e+01
4.033661222276886065e+02 4.031673377201206563e+02 1.867601036674638282e+00 2.314187434911728047e+01
5.000962176872865825e+02 5.000949164176460044e+02 6.707594651385503925e-02 2.308450059890747141e+01
6.002534038614251131e+02 6.002051797008826952e+02 2.336427768318768139e-01 2.316501499414443899e+01
8.250000001047735623e+02 8.000000000715009492e+02 6.982120020678972594e+01 2.320375244617462229e+01
9.854107952890293518e+02 9.095313355723415043e+02 1.483257870910266831e+02 2.322244939804077291e+01
1.119230970819141703e+03 1.130855353609967096e+03 1.415143848866867700e+02 2.322499043941497732e+01
1.083487287361357176e+03 1.102676557777099788e+03 3.193022346337119188e+01 2.376661909818649221e+01
1.192082380939987161e+03 1.204733877682681850e+03 3.264500795798939237e+01 2.375590510368347097e+01
1.261456839816279626e+03 1.278193798617970742e+03 4.787721244554947475e+01 2.381227710247039653e+01
1.519956894005013055e+03 1.525158909168595073e+03 9.104782698144431663e+01 2.378890845775604390e+01
1.520000000184211331e+03 1.500000000067335804e+03 8.124038389819550332e+01 2.326817015409469747e+01
