-1.400000000000000000e+03 -1.400000000000000000e+03 0.000000000000000000e+00 4.739699473977088928e+02
7.473445687635445211e+04 6.746853109594056150e+04 4.610690517163147160e+04 4.742059809446334953e+02
1.961377054135582293e+05 -1.175235185227504644e+03 4.966857567294787150e+05 4.734739155054092521e+02
8.680197219204977955e+03 7.822621205634455691e+03 6.083236746875701101e+03 4.746960968494415170e+02
-9.999999999024175850e+02 -9.999999999425858732e+02 1.604091473692366646e-07 4.704308429002761613e+02
-8.921253775134766784e+02 -8.901875770956992255e+02 3.875654732555127158e+00 4.713106584548950195e+02
-7.987450266708357276e+02 -7.997295634218235136e+02 1.909226949342478719e+00 4.740726498961448669e+02
-6.796789705498017611e+02 -6.796455029068671365e+02 1.222777776035024605e-01 4.677861295461654549e+02
-5.962583667703540868e+02 -5.965115614352976081e+02 1.922743812071131098e+00 4.839313502073288191e+02
-4.998766086320395630e+02 -4.998942261751504930e+02 6.246203730459910786e-02 4.740638448476791496e+02
-3.958211722120991567e+02 -3.960201637716268124e+02 1.929296568476609020e+00 4.743803148984908944e+02
-2.878088096857297273e+02 -2.890554604476119493e+02 5.796587870983456625e+00 4.745186532020568961e+02
-1.740862695101553186e+02 -1.719628928359717293e+02 1.199826287915699119e+01 4.719549453496932756e+02
4.632087331181985235e+01 4.766346597104143257e+01 9.981561452637625109e+01 4.734875916957855111e+02
1.052862962175434859e+03 1.014042625592808236e+03 3.037551136098026632e+02 4.714670898079872359e+02
2.002712461389689338e+02 2.002406846187952851e+02 1.494933714736184915e-01 4.762029941082000732e+02
3.133296389762927561e+02 3.130880988284643536e+02 2.001821689906325030e+00 4.736883612036705244e+02
4.182801936445759452e+02 4.177887318738600015e+02 4.513030569005535675e+00 4.742479971528053397e+02
5.006692693148303874e+02 5.006386722382546850e+02 2.326990170821610360e-01 4.720106391549110185e+02
6.032444557846386033e+02 6.031865511835518419e+02 2.778037680780592322e-01 4.735180825471878165e+02
1.000000000013454382e+03 1.000000000006590312e+03 1.521671346606372046e-08 4.734778052091598397e+02
1.026836612410251746e+03 9.987608706830706069e+02 1.053295378348953335e+02 4.736044489502907027e+02
1.741407987874238415e+03 1.658763779011091856e+03 2.981487726770297968e+02 4.736550499558449019e+02
1.212899371989641395e+03 1.212516107662387640e+03 4.586072165347764518e+00 4.845539153456687700e+02
1.312922995499247236e+03 1.312730405760299618e+03 3.450605855525903820e+00 4.847187798023223877e+02
1.401660426278129762e+03 1.400026043480863791e+03 5.691064505596187928e+01 4.858741931557655107e+02
1.828679083688430183e+03 1.824171485887076869e+03 2.165938998710441510e+01 4.847946003079414368e+02
1.700000000034847062e+03 1.700000000017245611e+03 5.219789927318961185e-08 4.746755173444747697e+02
