-1.400000000000000000e+03 -1.400000000000000000e+03 0.000000000000000000e+00 6.311115449666976929e+01
4.476806390601941530e+03 4.123751865440479378e+03 3.935843206016576460e+03 6.326911079883575439e+01
-1.200000000000000000e+03 -1.200000000000000000e+03 0.000000000000000000e+00 6.306013845205306723e+01
-1.100000000000000000e+03 -1.100000000000000000e+03 0.000000000000000000e+00 6.307306464910507060e+01
-9.999999999999885176e+02 -9.999999999999959073e+02 1.625962253021403442e-11 6.315668475627899170e+01
-8.999999999999996589e+02 -9.000000000000000000e+02 8.102929169220015709e-13 6.316309105157851889e+01
-7.997478155829110165e+02 -8.000000000000000000e+02 1.099193742488348668e+00 6.319841970205307291e+01
-6.919995652203014060e+02 -7.000000000000000000e+02 9.798491488294644114e+00 6.311658015251159526e+01
-5.998500178712388333e+02 -6.000000000000000000e+02 2.999642575222424279e-01 6.385754919052124023e+01
-4.998985202680268003e+02 -4.999728746156046100e+02 1.943539936095171339e-01 6.315785650014877461e+01
-3.999502520471453408e+02 -4.000000000000000000e+02 2.168462991415098240e-01 6.323160439729690552e+01
-2.993532766128893741e+02 -2.990050409429067031e+02 5.693913456781057869e-01 6.326334844827651693e+01
-1.988694356441898776e+02 -1.990050409429067031e+02 1.184598151669020716e+00 6.325210889577865458e+01
-9.984391337200929684e+01 -1.000000000000000000e+02 1.846841888535979415e-01 6.313041139841079996e+01
1.349152380830899176e+02 1.167572201841821879e+02 4.206267021322458532e+01 6.313703329563141153e+01
2.001623933572169847e+02 2.000000000000000000e+02 5.252014897372608848e-01 6.335111659765243530e+01
3.017316518531151814e+02 3.020227481771768225e+02 7.151654891076355547e-01 6.322823419570922709e+01
4.019225779223044697e+02 4.022216061063774077e+02 9.436968197818997872e-01 6.319545090198516846e+01
5.000192612576583997e+02 5.000197293441220268e+02 1.607256186840986742e-02 6.317664619684219218e+01
6.000145738648164979e+02 6.000194318197550274e+02 8.414224774807013349e-03 6.314736260175705240e+01
7.400000000000000000e+02 7.000000000000000000e+02 4.898979485566356118e+01 6.326037284135818339e+01
8.000000000000000000e+02 8.000000000000000000e+02 0.000000000000000000e+00 6.327594230175018453e+01
1.040389940887052489e+03 1.032693566029391832e+03 1.340540344635633119e+02 6.321313159465789511e+01
1.008299085725463897e+03 1.000000000000000000e+03 2.204371335107333252e+01 6.401876693964004517e+01
1.110000000000000000e+03 1.100000000000000000e+03 3.000000000000000000e+01 6.398266409635543539e+01
1.202084592064383969e+03 1.200080948985142413e+03 7.255048934191151488e+00 6.408482680320739178e+01
1.357035488218919227e+03 1.353656181917006961e+03 5.426064681789551969e+01 6.403959579467773722e+01
1.440000000000000000e+03 1.400000000000000000e+03 4.898979485566356118e+01 6.338116154670715474e+01
