-1.399999691806116743e+03 -1.399999803792791226e+03 3.542105148163974507e-04 5.961831949949264242e+01
-1.147953568939804882e+03 -1.170148829263645212e+03 1.165390889930075673e+02 5.974540605545043803e+01
-1.199012945568357736e+03 -1.199630108636472869e+03 1.661908083031646832e+00 5.963696365356445028e+01
-1.091609115243476026e+03 -1.098300159314503162e+03 1.604972364934740270e+01 5.970254410505295084e+01
-9.999913454578652363e+02 -9.999926373260908576e+02 6.738966353770638532e-03 5.967969629764557027e+01
-8.999995810021933949e+02 -8.999997792944921002e+02 4.780223691620870603e-04 5.961628539562225626e+01
-7.998502406826155493e+02 -7.999007926470956136e+02 1.654455048773324499e-01 5.976460255384445475e+01
-6.984772624919306736e+02 -6.996159400772345407e+02 4.269486615324117551e+00 5.975900069475174092e+01
-5.997941930987515207e+02 -5.999200611588710217e+02 2.887589832040439730e-01 6.051442813873291016e+01
-4.998685397697797157e+02 -4.998905511029270770e+02 7.525726364842157123e-02 5.970817294120788432e+01
-3.999991289017070812e+02 -3.999996261955581076e+02 1.233753709586578925e-03 5.979175449609756754e+01
-2.998888868029682726e+02 -2.999980001307229713e+02 3.123184480953717368e-01 5.979078069925308370e+01
-1.999914351994082153e+02 -1.999967130815338976e+02 1.328643587478778830e-02 5.978672430515289449e+01
-9.996685747833815583e+01 -9.998674764082034017e+01 4.315746284942293537e-02 5.971694099903106689e+01
1.013992906361768007e+02 1.006262716954552161e+02 3.563830392053135121e+00 5.974757964611053751e+01
2.002675672520099965e+02 2.002448785234313391e+02 1.350531554940260781e-01 5.996534570455551005e+01
3.007300061421861415e+02 3.000574477494522512e+02 9.527669975324279950e-01 5.974998699426650717e+01
4.012441562905809178e+02 4.013517710906948537e+02 9.288487772886180327e-01 5.974806814193725302e+01
5.000048621560382571e+02 5.000000179798936415e+02 8.586979134522268117e-03 5.966424109935760356e+01
6.000175382764633696e+02 6.000194327878881495e+02 5.711720189992738547e-03 5.972240999937057637e+01
7.004153854255716851e+02 7.002943046738962494e+02 3.286403709379461802e-01 5.985100320577621602e+01
8.000803392855825678e+02 8.000604323407640095e+02 7.564643484258587458e-02 5.984851344823837138e+01
9.124563260044729986e+02 9.004119087882734220e+02 3.050628617503366868e+01 5.985678719282149984e+01
1.000864383550649791e+03 1.000148500522285644e+03 1.223924275837426912e+00 6.066290785074234293e+01
1.100215444801086505e+03 1.100106152165290723e+03 3.996893887154890357e-01 6.067355190515517904e+01
1.200460789172996328e+03 1.200394325713461967e+03 3.894084992017643465e-01 6.070464209318161153e+01
1.315010044302818187e+03 1.310655403165036660e+03 2.015917050288397405e+01 6.069318414926529215e+01
1.400284151179106857e+03 1.400290741742005366e+03 1.415100954824435597e-01 6.001779369115829610e+01
