-1.400000000000000000e+03 -1.400000000000000000e+03 0.000000000000000000e+00 4.831362359523772909e+01
3.352036685978090190e+03 3.471027796894422863e+03 4.090802873709964842e+03 4.847002155780792521e+01
-1.200000000000000000e+03 -1.200000000000000000e+03 0.000000000000000000e+00 4.836489499807358072e+01
-1.100000000000000000e+03 -1.100000000000000000e+03 0.000000000000000000e+00 4.840179589986801290e+01
-9.999999999950398433e+02 -9.999999999978069809e+02 9.562801950291225379e-09 4.846816530227660991e+01
-9.000000000000000000e+02 -9.000000000000000000e+02 0.000000000000000000e+00 4.831283115148544027e+01
-7.999999998136731847e+02 -7.999999998940818386e+02 1.968504779145264141e-07 4.842596030235290527e+01
-6.889997616450480109e+02 -6.799999550151842413e+02 9.950089750450306525e+00 4.838733226060867310e+01
-5.996643194030436916e+02 -5.999999849242535674e+02 3.810282172832007430e-01 4.934137400388717509e+01
-4.999784231240751069e+02 -4.999926039596597889e+02 2.881160621721548867e-02 4.836897759437560751e+01
-4.000000000000000000e+02 -4.000000000000000000e+02 0.000000000000000000e+00 4.849525390863418295e+01
-2.996517643300170448e+02 -3.000000000000000000e+02 4.745652241835189300e-01 4.850698745250701904e+01
-2.000000000000000000e+02 -2.000000000000000000e+02 6.029155041345695694e-14 4.849345234632492208e+01
-9.992195668600454894e+01 -9.999999999999988631e+01 1.351749850310428325e-01 4.842669794559478902e+01
1.334978585026798612e+02 1.167572201841837227e+02 4.912699638083697096e+01 4.838289835453033305e+01
2.001138304192204203e+02 2.000000013554567886e+02 4.961670864484208909e-01 4.870258569717407227e+01
3.014147143328928564e+02 3.020196068559068294e+02 9.261488649998368405e-01 4.839505385160445883e+01
4.015180096671523984e+02 4.020442929028749859e+02 9.249269609757929667e-01 4.836632905006408834e+01
5.000078973138525953e+02 5.000000000000000000e+02 1.515513193371952581e-02 4.846524255275726034e+01
6.000165170467920461e+02 6.000194318197550274e+02 6.938547500843658851e-03 4.843816809654235556e+01
7.450000001265150331e+02 7.000000004971268481e+02 4.974937180766143285e+01 4.857643580436706543e+01
8.000000000129577984e+02 8.000000000112759153e+02 1.167031250210813759e-08 4.853270404338836386e+01
1.009747056195640880e+03 1.000000000002235083e+03 1.199824796903130277e+02 4.855278620719909810e+01
1.000157000143178266e+03 1.000000000008435904e+03 6.843475439406194738e-01 4.950410070419311381e+01
1.115139935642786440e+03 1.100000000025642066e+03 3.604387759683913828e+01 4.949599444866180420e+01
1.200869089478051137e+03 1.200080948985154237e+03 1.477714117665608340e+00 4.957987345457077311e+01
1.361141060734004441e+03 1.400000000000992031e+03 4.869837123519838684e+01 4.955389115810394429e+01
1.410000000180853249e+03 1.400000000080262225e+03 2.999999995382306039e+01 4.866590199470520162e+01
