-1.400000000000000000e+03 -1.400000000000000000e+03 1.016845989170082993e-13 3.203154891967773210e+02
1.453094041918304283e+06 1.184018834830878768e+06 1.329806895602230215e+06 3.194279334425926322e+02
5.928037496249355078e+08 1.878035663682466149e+08 8.847239439792103767e+08 3.179713603496551286e+02
5.652151101941112574e+04 6.095166494994251116e+04 2.256700199569220422e+04 3.189813328504562264e+02
-9.999999999992645598e+02 -9.999999999993725623e+02 5.100176315969601142e-10 3.199464221000671387e+02
-8.846185178712185007e+02 -8.901860136689267620e+02 2.510922794058848240e+01 3.181855120062828064e+02
-6.773220892553840713e+02 -6.853964856915754353e+02 5.808388789586469869e+01 3.213662779569625627e+02
-6.794434530268980552e+02 -6.794627150254459593e+02 1.129771948048568925e-01 3.190601177573204268e+02
-5.903174251018376708e+02 -5.906924328873211607e+02 1.918322879087971611e+00 3.358018717050552482e+02
-4.950828379426876609e+02 -4.959116575209723692e+02 3.080774134672125353e+00 3.211706023454665910e+02
-3.958211732196629669e+02 -3.960201637716268124e+02 2.387899532978559947e+00 3.219390661954879533e+02
-2.249583567160449604e+02 -2.358255922374048623e+02 4.984103656226656653e+01 3.200699874997138750e+02
-8.933046493322233061e+01 -9.122504941862244721e+01 4.794537057444148331e+01 3.175654492974281311e+02
2.591059732451799391e+02 2.892712656427393085e+02 1.479313741833278186e+02 3.204563160538673401e+02
1.649532084203985050e+03 1.706855274126560744e+03 5.113875954385571845e+02 3.179686976552009696e+02
2.010855816475557845e+02 2.010770786358534394e+02 4.148984513239235006e-01 3.251459748506546248e+02
3.126272706423845307e+02 3.131247233860646588e+02 3.137090791574416393e+00 3.208145478487014657e+02
4.655052539464886650e+02 4.577645953693488536e+02 2.981424327231959737e+01 3.195979294061660880e+02
5.009319591000357832e+02 5.009187350249162591e+02 4.503525376487021448e-01 3.186793358445167428e+02
6.042648744328037083e+02 6.042279812668641625e+02 3.762161377652529226e-01 3.198680830478668327e+02
1.000000000000000227e+03 1.000000000000000227e+03 6.725804022493793931e-14 3.196090744972228777e+02
1.297680407506627944e+03 1.310116721249845796e+03 1.686088616258781485e+02 3.210149360537528764e+02
2.840682880865617335e+03 2.893258737270912206e+03 4.359720057500408075e+02 3.206802609920501936e+02
1.227792423396312870e+03 1.227470512470613130e+03 5.101177258726182551e+00 3.370276369452476501e+02
1.331739057693900577e+03 1.332046547945089060e+03 5.245855075719529914e+00 3.368828577995300293e+02
1.485625357457513701e+03 1.525090798470760092e+03 5.858298231584213056e+01 3.378434918999672050e+02
1.948407633408658057e+03 1.912848269976798520e+03 7.840429847792078988e+01 3.372682798504829407e+02
2.048038404943289606e+03 2.142074879658443024e+03 2.718935991028284320e+02 3.228457622051238900e+02
