-1.400000000000000000e+03 -1.400000000000000000e+03 0.000000000000000000e+00 4.724476201057433968e+02
1.515096240885048173e+05 1.336850570758914691e+05 8.955861346385091019e+04 4.723612384080886955e+02
5.316735357018638402e+06 6.705373412966380129e+05 7.851074609346897341e+06 4.721513741970062483e+02
6.090204089184981058e+03 5.475873189487163472e+03 4.652117563014874577e+03 4.726018900513648759e+02
-9.999999999997799023e+02 -9.999999999999563443e+02 6.617823166939934516e-10 4.726081250429153329e+02
-8.918446834757605757e+02 -8.901875222327209940e+02 4.033444874374068512e+00 4.715121009945869446e+02
-7.571682248880886164e+02 -7.596949634254641524e+02 1.870907851187188342e+01 4.725929641485214461e+02
-6.795990637986435559e+02 -6.795975218976341239e+02 1.000840245305007342e-01 4.696510375499725569e+02
-5.942232910159193580e+02 -5.939290431504916796e+02 1.011141927860265577e+00 4.808577359437942391e+02
-4.993292685538778528e+02 -4.993565931057911484e+02 2.928276650446497986e-01 4.730058272004127389e+02
-3.985075614143601115e+02 -3.990050409429067031e+02 9.173069260057862273e-01 4.728728152036666756e+02
-2.730492149666759474e+02 -2.753052333147042532e+02 1.497411542625214054e+01 4.729254627108574027e+02
-1.542020237101182829e+02 -1.522222153433414746e+02 1.773940518489114027e+01 4.689760312557220345e+02
6.341154508675367651e+01 4.410111688523920748e+01 1.080924001007019797e+02 4.719554834008216631e+02
1.260642648614523296e+03 1.269153436062252922e+03 3.019002565944716707e+02 4.712259945511817705e+02
2.005404249060699158e+02 2.004934767296323344e+02 2.291884947038270171e-01 4.737382935047149886e+02
3.108492639700297104e+02 3.110818844939271912e+02 1.800048862687686047e+00 4.725205796003341447e+02
4.383334174499988194e+02 4.405263765313407021e+02 1.108686358379746473e+01 4.722587272047996407e+02
5.005768179089415639e+02 5.005730267568786189e+02 1.873997544467582432e-01 4.717265619993210066e+02
6.036196194463043412e+02 6.035331051766138444e+02 3.810248477175271486e-01 4.722196114540100211e+02
1.000000000000016371e+03 1.000000000000002956e+03 2.944384845630960518e-11 4.724813694477081185e+02
9.834887019009227060e+02 9.528097387098159743e+02 1.066419949044411482e+02 4.721825734496116524e+02
2.215581468452259287e+03 2.246588424831390967e+03 3.435812738093519556e+02 4.725266348481178511e+02
1.218152987123002276e+03 1.219628587810925410e+03 3.535042582359167795e+00 4.817987493515014421e+02
1.318735337189558322e+03 1.318946666785439447e+03 4.114476576386336681e+00 4.817328410983085405e+02
1.442103982308195327e+03 1.400036103239807744e+03 6.470674375390221655e+01 4.822914873957633972e+02
1.864387248045024535e+03 1.861030804875928425e+03 2.752516569241776523e+01 4.818415184497833366e+02
1.736930629158898228e+03 1.700000000000003183e+03 1.511414428119713591e+02 4.733735545992851144e+02
