-1.400000000000000000e+03 -1.400000000000000000e+03 0.000000000000000000e+00 2.185679425001144338e+01
3.462917706298504982e+03 2.140155858646687193e+03 3.717444111724304548e+03 2.200817170143127299e+01
-1.199999999999999545e+03 -1.199999999999999773e+03 8.820809280801232751e-13 2.190509654283523489e+01
-1.099999999999999091e+03 -1.099999999999999545e+03 1.574470354832016195e-12 2.193693920373916484e+01
-9.999999999823564849e+02 -9.999999999849876531e+02 1.500522426630225472e-08 2.198690409660339284e+01
-8.999999999263669679e+02 -9.000000000000000000e+02 3.207260224659362110e-07 2.186547750234603882e+01
-7.999999995617253035e+02 -7.999999996104885440e+02 2.523419301574951968e-07 2.197559789419174336e+01
-6.919999079749729844e+02 -6.999999991874078660e+02 9.798071215914614385e+00 2.196036078929900981e+01
-5.997750032332211276e+02 -5.999999728940279056e+02 3.436500401130711535e-01 2.249829754829406880e+01
-4.999505556705755112e+02 -4.999765775629921336e+02 8.953069853671957734e-02 2.195377169847488474e+01
-4.000000000000000000e+02 -4.000000000000000000e+02 1.271057486462603742e-14 2.200657304525375224e+01
-2.992537807071583984e+02 -2.990050409429067031e+02 5.334873602330622022e-01 2.200044425725936748e+01
-1.994514434619164263e+02 -1.999999999999998863e+02 9.655573579244570714e-01 2.200171535015106272e+01
-9.993756534880344589e+01 -9.999999999999977263e+01 1.248693023925739054e-01 2.194336024522781514e+01
1.309998841381190857e+02 1.169133068122076793e+02 4.186018604494440609e+01 2.196478420495986938e+01
2.000001519415717439e+02 2.000000212584523069e+02 4.978528949359731096e-04 2.213287695646285869e+01
3.018184668536696336e+02 3.020197639804966911e+02 6.061569920170669645e-01 2.197107665538787913e+01
4.017993308676265087e+02 4.020552088430899289e+02 7.552486785695191607e-01 2.198750574588775564e+01
5.000274671831355704e+02 5.000197293441220268e+02 3.747033233728287033e-02 2.194482364654540874e+01
6.000165170467919324e+02 6.000194318197550274e+02 6.938547500843658851e-03 2.194807244539260793e+01
7.600000007468349850e+02 8.000000000451758524e+02 4.898979412382140453e+01 2.203417265415191650e+01
8.200000001022474407e+02 8.000000000864972662e+02 3.999999996486656073e+01 2.204917889833450317e+01
1.032120043816108364e+03 9.499945941786461390e+02 1.371831783202758572e+02 2.203805069923400950e+01
1.003456088163672803e+03 1.000000000147342348e+03 6.583968240908382619e+00 2.260388200283050608e+01
1.125139936085285171e+03 1.100000000180713641e+03 4.354724312660550112e+01 2.261168144941330027e+01
1.200507679776166924e+03 1.200258041854970998e+03 9.244918414222393910e-01 2.265037540197372579e+01
1.359713476327282933e+03 1.400000000010804570e+03 4.904741110480071598e+01 2.263231500387191630e+01
1.415000001092048933e+03 1.400000000793337676e+03 3.570714175339303864e+01 2.210466010570526052e+01
