-1.399996489377652324e+03 -1.399998574035541651e+03 4.840753978841092972e-03 6.054915909767150595e+01
6.878270729269260300e+03 8.128452737230832099e+03 5.482723308101421026e+03 6.065400520563125752e+01
1.499305893508555554e+07 -1.176454270205319062e+03 6.535786660171885043e+07 6.056858440637588359e+01
-9.924609156867118145e+02 -1.074656678456662576e+03 2.636663028285662449e+02 6.060574223995208598e+01
-9.999775001545051509e+02 -9.999787984832603343e+02 1.623858597780076726e-02 6.059077850580215596e+01
-8.999358887674152356e+02 -8.999781800531043245e+02 1.384288613160294390e-01 6.052534445524215556e+01
-7.981334531840924456e+02 -7.994387878224368933e+02 3.737628471918244877e+00 6.065793395042419434e+01
-6.897747328498793422e+02 -6.939586476198269338e+02 8.815561178826531119e+00 6.063578034639358805e+01
-5.994247892461879701e+02 -5.993581367177010861e+02 4.302292128465852183e-01 6.131351840496063232e+01
-4.981968567539841501e+02 -4.992720254251195797e+02 3.525127474263770821e+00 6.062321875095367574e+01
-3.999899463410939688e+02 -3.999969347455313482e+02 1.858868987804151995e-02 6.068623654842376425e+01
-2.987400352438114055e+02 -2.989382999883763432e+02 5.904811719071312304e-01 6.070285414457320883e+01
-1.984207441602441122e+02 -1.979948513203020752e+02 1.190236973098058648e+00 6.069471039772033549e+01
-9.986204026961118529e+01 -9.994691025448094024e+01 1.607276430931480204e-01 6.061599745750427104e+01
1.871322436910427314e+02 1.599089044448822392e+02 7.868743247803010377e+01 6.063443689346313192e+01
2.008362996136085030e+02 2.009125804400697461e+02 4.364817943139500112e-01 6.086572455167770102e+01
3.018396013741711386e+02 3.020356613794834857e+02 6.080032907883848869e-01 6.063613774776458598e+01
4.020824142039063531e+02 4.022068695928672923e+02 5.082098622635230489e-01 6.064997310638428019e+01
5.000394886415424480e+02 5.000313092414846210e+02 2.146724793418818694e-02 6.056972970962524272e+01
6.000581218863095501e+02 6.000194413844862993e+02 1.165330977345383767e-01 6.058672279119491577e+01
7.803108468250325132e+02 8.001480913277023319e+02 3.968519559272505859e+01 6.075812950134277202e+01
8.552013365023218512e+02 8.003372898944917324e+02 8.043088826655541368e+01 6.073010410070419596e+01
1.073024265132869459e+03 1.150847778008222122e+03 1.247846197738689114e+02 6.077218995094299459e+01
1.020960567660488778e+03 1.019200884025637038e+03 2.110182177444740148e+01 6.142726724147796347e+01
1.156948538006504123e+03 1.185608977298466471e+03 4.702934944768328052e+01 6.144953839778899862e+01
1.207016748916297502e+03 1.201130501031517724e+03 1.180676516860760827e+01 6.150084464550018026e+01
1.366651215738841984e+03 1.343562859427225021e+03 4.798097188343115249e+01 6.149049144983291626e+01
1.455354468525253196e+03 1.500027503240369242e+03 4.956187333314823462e+01 6.084849734306335733e+01
