-1.399999999997780606e+03 -1.399999999999008651e+03 2.671978499810330844e-09 6.104245599508285380e+01
-2.596510955688897866e+02 -1.183381449883988353e+03 1.872127188800068780e+03 6.122254830598831177e+01
-1.199999998778404688e+03 -1.199999999861403694e+03 2.200190949503925111e-06 6.102174335718154907e+01
-1.099999997672419340e+03 -1.099999998182164290e+03 2.441420065849655657e-06 6.109838459491729878e+01
-9.999999898442313224e+02 -9.999999936525166504e+02 9.401066586224244559e-06 6.114949285984039307e+01
-8.999999999995310418e+02 -8.999999999998204885e+02 6.346758134587379332e-10 6.103799639940261557e+01
-7.999997596606301613e+02 -7.999997691010842118e+02 1.919312059282034743e-04 6.118885304927825786e+01
-6.929997551568114886e+02 -6.999995936882147589e+02 9.539389166274395038e+00 6.116842554807662680e+01
-5.998127194294178253e+02 -5.999981474212969488e+02 3.328524038224188741e-01 6.191341894865036011e+01
-4.999898809980213628e+02 -4.999926005364056323e+02 9.055495059623917126e-03 6.112428599596023560e+01
-3.999999999945795253e+02 -3.999999999977022753e+02 7.935720343228355482e-09 6.122697670459747599e+01
-2.999005040322026048e+02 -2.999999999813735485e+02 2.984877030671673204e-01 6.123379940986633585e+01
-1.999999998742139269e+02 -1.999999999776181880e+02 3.276588073707823438e-07 6.123018170595169352e+01
-9.999999983949960836e+01 -9.999999996623171228e+01 2.864239255561271481e-07 6.115183539390564249e+01
1.098410934500313090e+02 1.003121735078713073e+02 2.807072782507571773e+01 6.117978310585021973e+01
2.000302078390717782e+02 2.000054236737142617e+02 1.044493656189130343e-01 6.140955624580383443e+01
3.012118041731613403e+02 3.020196070023967536e+02 9.894337509031282396e-01 6.116210014820099161e+01
4.012633144348571363e+02 4.020209184790365384e+02 9.716726142585820902e-01 6.117169765233993672e+01
5.000019729345793849e+02 5.000000000000000000e+02 5.918803738133734081e-03 6.108821784257888510e+01
6.000116590952445677e+02 6.000194318197550274e+02 9.519604484221401777e-03 6.112239480018615723e+01
7.150007423934248436e+02 7.000007683442698863e+02 3.570688253748557628e+01 6.129977306127548076e+01
8.000000831224325566e+02 8.000000615391500105e+02 5.700149256163971495e-05 6.129970065355301045e+01
9.391246465697849999e+02 9.000001490470096996e+02 7.042231348890264542e+01 6.131234635114670084e+01
1.000000025889005883e+03 1.000000021637121108e+03 2.183358404915614767e-05 6.209852910041809082e+01
1.100000186952077229e+03 1.100000127825442632e+03 1.641487015706359241e-04 6.204819604158401347e+01
1.200168487213009939e+03 1.200080948999694101e+03 1.979710160885082282e-01 6.213790800571441508e+01
1.325998650954560844e+03 1.301026542060451447e+03 4.275143211663321807e+01 6.211031935214996480e+01
1.400000783477232517e+03 1.400000614400239101e+03 6.629368203560511395e-04 6.136473519802093790e+01
