-1.339749270227782972e+03 -1.339648510518897183e+03 6.746599877728847616e+00 2.153450672197342101e+03
1.024202955645320192e+07 9.448768925409570336e+06 3.848603817557838745e+06 2.149901830053329377e+03
6.550250381294146925e+07 5.905132913137718290e+07 1.996393340754585341e+07 2.164306596040725708e+03
-8.174054774670456709e+02 -8.144955159608002759e+02 3.927237184266625292e+01 2.157658793199062529e+03
-9.873250151290440044e+02 -9.875948318368978107e+02 1.533374686758031569e+00 2.146315312755107698e+03
-8.500942800683060341e+02 -8.501546796901452581e+02 6.182361435504408753e-01 2.150841466093063445e+03
-7.921471510617612921e+02 -7.923282424224523766e+02 1.468960511647129152e+00 2.199848655545711608e+03
-6.788814524147147722e+02 -6.788629974443676929e+02 4.906607460986654040e-02 2.062737576150894256e+03
-5.317923592840365927e+02 -5.278413395473025957e+02 1.252631944957057009e+01 2.364058846557140441e+03
-4.881929952545119704e+02 -4.885373417555388755e+02 1.652509097227982782e+00 2.172122919189930144e+03
-2.840631956318019888e+02 -2.831684614605306933e+02 7.771875399921288619e+00 2.146904884409904298e+03
3.651165722557728799e+01 3.937015351633360183e+01 1.352843772317850579e+01 2.190363199496269317e+03
1.394203490317414378e+02 1.375758797952685768e+02 1.811873211433345787e+01 2.187534098148345947e+03
2.897365195831805977e+03 2.890934709680815104e+03 3.084701566428627189e+02 1.988821641898155121e+03
1.376930882991561339e+04 1.384043348532668278e+04 4.183354508006311789e+02 2.062640977311134520e+03
2.033842302815617700e+02 2.033810997791315458e+02 2.063755703352706805e-01 2.239447081398963746e+03
6.583513296036036309e+02 6.589611944373079950e+02 1.637152894736217945e+01 2.162138102293014526e+03
8.050403509836821740e+02 8.052760532392264849e+02 1.445577656688665158e+01 2.189305442798137847e+03
5.290003119755008356e+02 5.293105080443813222e+02 1.877488017920581065e+00 2.150338358104228973e+03
6.210371132687230329e+02 6.210144295974212127e+02 6.665390178491128470e-01 2.102983370792865571e+03
1.569324091172523822e+03 1.851145592765384208e+03 3.859086693647719244e+02 2.202508274698257537e+03
4.129570966043409499e+03 4.164934433731683384e+03 3.931676213526270658e+02 2.093663075840473084e+03
1.444284658649375706e+04 1.440894761033108443e+04 3.986504618940776936e+02 2.153869253957271667e+03
1.272994107496586366e+03 1.271072624200596692e+03 1.125788874939743955e+01 2.390297214996814546e+03
1.399473277610587274e+03 1.400715023794568879e+03 5.898658860909950619e+00 2.379872087550163087e+03
1.592553489634160087e+03 1.582983646313194868e+03 7.848197607346602922e+01 2.402269702005386534e+03
2.484208440319880538e+03 2.360399430539227524e+03 3.388748196008967852e+02 2.395279223752021608e+03
3.369637962606804649e+03 3.354747485100264385e+03 1.519833839107629274e+03 2.231376561689377013e+03
