-1.400000000000000000e+03 -1.400000000000000000e+03 0.000000000000000000e+00 4.863878945112228536e+01
3.487618127561284382e+03 1.367606317767191513e+03 5.053589004131675210e+03 4.862324919700622416e+01
-1.200000000000000000e+03 -1.200000000000000000e+03 0.000000000000000000e+00 4.860471014976501181e+01
-1.100000000000000000e+03 -1.100000000000000000e+03 0.000000000000000000e+00 4.863624315261840536e+01
-9.999999999998997282e+02 -9.999999999999789679e+02 1.453876380080411988e-10 4.865634150505066202e+01
-8.995321493815187068e+02 -8.999788466332447570e+02 1.297287951464831446e+00 4.845160654783249043e+01
-7.946215030414278999e+02 -7.993657996030110553e+02 1.055579950350246321e+01 4.871288180351257324e+01
-6.847969099484189428e+02 -6.799987473949166770e+02 8.039291086294447553e+00 4.859632909297943115e+01
-5.993701293490936450e+02 -5.992473509367008546e+02 3.443829413181310750e-01 4.955829184055328085e+01
-4.911812562053504507e+02 -4.926076945260124376e+02 7.074197644758993597e+00 4.854094330072403096e+01
-3.996020163771626699e+02 -4.000000000000000000e+02 6.599811748288523239e-01 4.880944030284881308e+01
-2.958211790198634503e+02 -2.970151253476295778e+02 4.157439636395525717e+00 4.880371584892272807e+01
-1.966914443530042433e+02 -1.967861024750166337e+02 2.060089368709536295e+00 4.885866274833679057e+01
-3.754267397424729324e+01 -5.399050955104451077e+01 6.405061055581467144e+01 4.858142135143280171e+01
2.204030952301762341e+02 2.180677720395683536e+02 1.150711296236588765e+02 4.861137084960937216e+01
2.017386729620060350e+02 2.016541267350694397e+02 9.582183602530881528e-01 4.888521599769592285e+01
3.014930078004940128e+02 3.020307978860894309e+02 1.094104654093420281e+00 4.872311030626296713e+01
4.027172942476899493e+02 4.025094941558680830e+02 9.607595146442249323e-01 4.862683115005493306e+01
5.000426695334452347e+02 5.000197779671503895e+02 5.875278640360914739e-02 4.859192140102386759e+01
6.001481219966098024e+02 6.000744481502149483e+02 2.270422753770027502e-01 4.873431375026702739e+01
8.050000000000000000e+02 8.000000000000000000e+02 7.399324293474370506e+01 4.875112730264663696e+01
9.232804539680321341e+02 8.833780559355288915e+02 1.385299311377234801e+02 4.876263145208358907e+01
1.126354160454588737e+03 1.182490187298212732e+03 8.961703364160682383e+01 4.873833825588226176e+01
1.049364990672211206e+03 1.052489955008325751e+03 4.325351173311952380e+01 4.973782260417938517e+01
1.173132480959760187e+03 1.200000000000000000e+03 4.625157642729757157e+01 4.973651620149612285e+01
1.241865443168419006e+03 1.230825266878086495e+03 3.809817184333046214e+01 4.988087680339813090e+01
1.449657627207917812e+03 1.446691456449832003e+03 6.727650015506222303e+01 4.979929064512252523e+01
1.485000000000000000e+03 1.500000000000000000e+03 8.529361054615984017e+01 4.921015020608901835e+01
