-1.399998844149216893e+03 -1.399999345553274907e+03 1.364810217646788984e-03 2.253502531051635671e+01
1.202743562573342388e+03 -4.305676132228473421e+02 3.516517674141956377e+03 2.261249510049820088e+01
-1.189059650713836390e+03 -1.194736209672900941e+03 1.278370955172762002e+01 2.254555954933166362e+01
-1.075532061342179304e+03 -1.084725192316753237e+03 3.419457954570921743e+01 2.256922605037689067e+01
-9.999834408911367518e+02 -9.999902392748056172e+02 1.514203570776320208e-02 2.257617925405502390e+01
-8.999934987661911237e+02 -8.999979242749764126e+02 1.130490506245646933e-02 2.247290600538253713e+01
-7.991750217305220758e+02 -7.994739985089178163e+02 8.858013578402172961e-01 2.260579330921173025e+01
-6.978970706391917247e+02 -6.992253264648263666e+02 2.365298890328408454e+00 2.261002299785614156e+01
-5.997159456227766441e+02 -5.998606583455107284e+02 2.811306168844604492e-01 2.322880660295486521e+01
-4.995989277261069219e+02 -4.997695980534484761e+02 4.655451533632506966e-01 2.258192194700241018e+01
-3.999910837694320662e+02 -3.999985809435851252e+02 1.934902038707772901e-02 2.265164225101471018e+01
-2.991575917701186427e+02 -2.989979784396202831e+02 5.075094744446401185e-01 2.264817415475845408e+01
-1.996669272318973185e+02 -1.999907882523544913e+02 7.183675282648784854e-01 2.265809760093689107e+01
-9.989866497072475227e+01 -9.994002448767855640e+01 1.196754096481040391e-01 2.261275589466094971e+01
1.062265312741531744e+02 1.011319464535456518e+02 7.583826215695705031e+00 2.260720430612564158e+01
2.002439200059391169e+02 2.002130449859168664e+02 1.171955444936287338e-01 2.278551250696182251e+01
3.010320618641192709e+02 3.010532176427765876e+02 9.954860936791821713e-01 2.259828969240188457e+01
4.014071587041188423e+02 4.017571881030206100e+02 9.181367955467912845e-01 2.261107139587402415e+01
5.000280562101787609e+02 5.000207346195320497e+02 2.532334762476844484e-02 2.254419815540313721e+01
6.000195727138333268e+02 6.000194476526160088e+02 3.908980167712556458e-04 2.257936609983444143e+01
7.010286519380157415e+02 7.010414617085423288e+02 6.913671697635447311e-01 2.269002995491027974e+01
8.001086533078854472e+02 8.000768220448180728e+02 8.177619287367039747e-02 2.268379085063934397e+01
9.133960565739847652e+02 9.096341917785903206e+02 1.772686160548943590e+01 2.269947464466094900e+01
1.003767677987957200e+03 1.003202516654469719e+03 5.313147270820284263e+00 2.334981955289840627e+01
1.103803769667416191e+03 1.100533732612723497e+03 6.576704416963461419e+00 2.335351660251617290e+01
1.201114138201736296e+03 1.200776164752592194e+03 1.214694900337589534e+00 2.339509104490280222e+01
1.339225356457321595e+03 1.323105196801458078e+03 3.204203054792752425e+01 2.338069454431533956e+01
1.400618549257404538e+03 1.400508702972406809e+03 4.540261004779015952e-01 2.274843230247497416e+01
