-1.400000000000000000e+03 -1.400000000000000000e+03 0.000000000000000000e+00 5.621012965440750264e+01
3.724626268259731205e+03 4.362047046178186974e+03 3.733409712773077445e+03 5.633278579711914347e+01
-1.200000000000000000e+03 -1.200000000000000000e+03 0.000000000000000000e+00 5.618304494619369649e+01
-1.100000000000000000e+03 -1.100000000000000000e+03 0.000000000000000000e+00 5.621739929914474487e+01
-9.999999999984454462e+02 -9.999999999996718998e+02 3.142526777056334306e-09 5.627052375078201152e+01
-9.000000000000000000e+02 -9.000000000000000000e+02 0.000000000000000000e+00 5.620730530023574545e+01
-7.999999999818311380e+02 -7.999999999930992090e+02 2.324216473786960742e-08 5.626765145063400553e+01
-6.939998725540410760e+02 -6.999999999589360868e+02 9.165345989697307516e+00 5.624416759014129497e+01
-5.997375308179064177e+02 -5.999999997701218035e+02 3.576847081942092221e-01 5.709605340957641317e+01
-4.999680642329940383e+02 -4.999901353279381624e+02 4.027840947223911700e-02 5.622203625440597818e+01
-4.000000000000000000e+02 -4.000000000000000000e+02 0.000000000000000000e+00 5.635563604831695272e+01
-2.994527725185987492e+02 -3.000000000000000000e+02 6.655822470350019060e-01 5.633056005239486552e+01
-1.999005040942906533e+02 -2.000000000000000000e+02 4.336925982830239779e-01 5.634082465171813681e+01
-9.990634802320555252e+01 -1.000000000000000000e+02 1.998884141652792212e-01 5.625436145067214966e+01
1.048038616612854810e+02 1.003121732559815200e+02 1.320675541365758754e+01 5.627015304565429688e+01
2.000242264929198086e+02 2.000000003096573664e+02 1.055989391761777835e-01 5.649798380136489584e+01
3.012163342603818137e+02 3.020197639804966911e+02 9.921610884422161769e-01 5.625148519277572490e+01
4.015710523414475688e+02 4.020543807974607944e+02 9.154351097165018825e-01 5.627028284072876119e+01
5.000064148249390996e+02 5.000000000000000000e+02 1.505033253311237329e-02 5.633418655395507812e+01
6.000145738648164979e+02 6.000194318197550274e+02 8.414224774807013349e-03 5.630561140775680684e+01
7.350000000341196937e+02 7.000000000781083145e+02 4.769696004921392785e+01 5.636936295032501221e+01
8.040656074369504722e+02 8.000000000023205757e+02 1.772157194459671814e+01 5.639399855136871054e+01
1.024403570864597214e+03 1.002660026539591172e+03 1.267407984277940614e+02 5.639878020286560201e+01
1.001104613478393048e+03 1.000000000000476916e+03 4.151172668253940934e+00 5.724159590005874776e+01
1.100000000015071691e+03 1.100000000002879460e+03 4.315968023912004261e-08 5.729733669757843018e+01
1.200140952171173467e+03 1.200000000000006821e+03 2.463018143179251385e-01 5.735052028894424581e+01
1.356656228332927640e+03 1.400000000000047294e+03 4.907917745647581853e+01 5.732179235219955160e+01
1.410000000021834694e+03 1.400000000014263605e+03 2.999999999342200141e+01 5.646091719865798808e+01
