-1.399999999925487373e+03 -1.399999999946499884e+03 6.704244172125309152e-08 4.685419468998908883e+02
1.244544226128768205e+05 1.142074088593623892e+05 7.781777960875144345e+04 4.699730149984359855e+02
5.576957748210174032e+06 3.141347060290642548e+05 1.717649621702982485e+07 4.694631960034370195e+02
1.841566494980599600e+03 9.148599764987476419e+02 3.326389155205391944e+03 4.704559003472328413e+02
-9.999999710989725372e+02 -9.999999806694611379e+02 2.138901374060401324e-05 4.686838827967643510e+02
-8.906662726105190586e+02 -8.901875339859086580e+02 2.086804797588531546e+00 4.686303480505943071e+02
-7.964945724302311874e+02 -7.998505940847599049e+02 7.052250664613133324e+00 4.697238477945327872e+02
-6.796776071256814475e+02 -6.796727148040730526e+02 7.702233607413346006e-02 4.657375359535217285e+02
-5.966625449847458640e+02 -5.964373539829762194e+02 1.770635860770238157e+00 4.773001818537712211e+02
-4.998345093181334278e+02 -4.998535728822876081e+02 8.000084722989236896e-02 4.689407401561737174e+02
-3.975126022674439810e+02 -3.975126021650673351e+02 1.278048048805199954e+00 4.692075007557868958e+02
-2.807010572688822663e+02 -2.825511445953309817e+02 9.708457544319388788e+00 4.691421593546867257e+02
-1.711536736511977210e+02 -1.750777752727688608e+02 1.449413400142778130e+01 4.686659338951110954e+02
3.414987596554612992e+01 1.070043506873980732e+01 1.005678876367402808e+02 4.689166437983512878e+02
8.488859245934806950e+02 7.981433445256848245e+02 3.104370659925322684e+02 4.686338349938392867e+02
2.002367531331729253e+02 2.002453160398173395e+02 1.178325229649345302e-01 4.711012041091918832e+02
3.121339076258481100e+02 3.119592086124964680e+02 7.828868042818978301e-01 4.687757843017578239e+02
4.224265792942784969e+02 4.206616671776459384e+02 7.119823983162458347e+00 4.692618997573852653e+02
5.004784234535092651e+02 5.004875209660192468e+02 1.253596561004258203e-01 4.688025875926017534e+02
6.031918359820007254e+02 6.032273360847734693e+02 4.956192038716034087e-01 4.687183569550514335e+02
1.000001928683091819e+03 1.000001678271002675e+03 7.864909776950477919e-04 4.695157449483871233e+02
1.042820760908156899e+03 1.067976293822076968e+03 1.239388865164464448e+02 4.697544991493224984e+02
1.888021249001185424e+03 1.928316773590518778e+03 2.607820890606483886e+02 4.693824772477149736e+02
1.215086582583109703e+03 1.215407712173234358e+03 3.843146663092416482e+00 4.780220950484275590e+02
1.313955086839284832e+03 1.314665332794037113e+03 4.860546762851162050e+00 4.782089434504508745e+02
1.404360071381101989e+03 1.400026907437475984e+03 5.399952551710851623e+01 4.791911540985107649e+02
1.831944294879781864e+03 1.828362780745027749e+03 2.800892259860207645e+01 4.780271154522895927e+02
1.700006427640171296e+03 1.700005986423555669e+03 2.720528138714087361e-03 4.703568914532661438e+02
