-1.400000000000000000e+03 -1.400000000000000000e+03 0.000000000000000000e+00 2.273524096012115336e+01
4.930413874517942531e+03 6.269913180217152330e+03 4.743709500254496561e+03 2.287245680093765188e+01
-1.200000000000000000e+03 -1.200000000000000000e+03 0.000000000000000000e+00 2.273112294673919820e+01
-1.100000000000000000e+03 -1.100000000000000000e+03 0.000000000000000000e+00 2.275625129938125468e+01
-9.999999999999823785e+02 -9.999999999999970441e+02 3.282654040414179452e-11 2.279644485712051249e+01
-8.999999999850181212e+02 -8.999999999999902229e+02 4.537689981271511045e-08 2.280098249912261821e+01
-7.999983862958439431e+02 -8.000000000000000000e+02 6.955096016266958288e-03 2.280937570333480835e+01
-6.901495275717409186e+02 -6.915004696962371327e+02 9.871037084808309103e+00 2.277641829252242900e+01
-5.996957340761596242e+02 -5.999808947828541932e+02 3.510386613306856196e-01 2.334464645385742188e+01
-4.998059192345153861e+02 -4.999334159275791762e+02 2.493475852017488781e-01 2.279814380407333374e+01
-3.998507561414360225e+02 -4.000000000000000000e+02 3.552714447781128992e-01 2.285574829578399658e+01
-2.985075619181420166e+02 -2.990050409429067031e+02 1.198088103697474205e+00 2.286233049631118774e+01
-1.990305578037144869e+02 -2.000000000000000000e+02 1.239148671963248516e+00 2.284837689399719096e+01
-9.481674731675464329e+01 -9.968782674401859367e+01 9.303782318195306544e+00 2.274519194364547658e+01
1.489423418099742378e+02 1.167572201841821879e+02 5.973974787202901382e+01 2.276844875812530589e+01
2.000997708541218003e+02 2.000000505540504605e+02 2.280692651911820912e-01 2.297431269884109639e+01
3.017333918285190748e+02 3.020227481771768225e+02 7.157857781289520549e-01 2.283453525304794240e+01
4.018474197512336445e+02 4.022265295743623597e+02 1.128205011219209908e+00 2.283159090280532766e+01
5.000339749250719024e+02 5.000197293441220268e+02 3.695672340678038403e-02 2.278433549404144287e+01
6.000192678633150081e+02 6.000194318197550274e+02 1.442055102963266978e-02 2.278110474348068237e+01
7.800000000000000000e+02 8.000000000000000000e+02 4.000000000000000000e+01 2.285018899440765239e+01
8.323903300817719355e+02 8.000000000000000000e+02 8.659871895272759446e+01 2.285722664594650411e+01
1.011839894344367508e+03 9.838570783478819521e+02 1.148393892760289532e+02 2.286060265302658223e+01
1.020786757114264446e+03 1.003140000320619038e+03 2.807459735203154239e+01 2.344663394689559865e+01
1.139443670004386604e+03 1.100000000000000000e+03 4.877756026061597794e+01 2.345061600208282471e+01
1.211503905595549213e+03 1.200435134724740237e+03 2.375095962545562145e+01 2.351489264965057302e+01
1.364170526310827199e+03 1.375694089427728613e+03 5.757035773537224088e+01 2.348992890119552612e+01
1.450000000000000000e+03 1.450000000000000000e+03 5.000000000000000000e+01 2.296875669956207133e+01
