-1.399999999999968168e+03 -1.399999999999982265e+03 3.684176294993813958e-11 3.094301885008811723e+02
9.834549286461423617e+04 8.167110580880148336e+04 6.297747685779045423e+04 3.127925490021705741e+02
-1.060404441995685374e+03 -1.199999520071667575e+03 5.860222051589047396e+02 3.111350087523460388e+02
4.922014456600901212e+03 4.884753486043313387e+03 3.109461037615541500e+03 3.132580238580703735e+02
-9.999999992305562273e+02 -9.999999994061547568e+02 4.796622527777618632e-07 3.085429324984550590e+02
-8.904342449167712630e+02 -8.901875762689944622e+02 1.075205883795054440e+00 3.090453510046005476e+02
-7.999885977180252894e+02 -7.999996420261742287e+02 2.818712531606375540e-02 3.137505623936652910e+02
-6.796747299043211115e+02 -6.796660189150950373e+02 8.433019143605482992e-02 3.074034379959106218e+02
-5.976641461939350393e+02 -5.977133902492624884e+02 1.183218509507165672e+00 3.287571514487266313e+02
-4.998898434335924321e+02 -4.999336431022322245e+02 1.000510738566573604e-01 3.111633975982666129e+02
-3.963186527481790336e+02 -3.970151228286889591e+02 2.850864003398525970e+00 3.112285781502723694e+02
-2.901846953613777487e+02 -2.900504169857911734e+02 3.363273743700594398e+00 3.123200471043586504e+02
-1.837311758809881326e+02 -1.834802727494022463e+02 8.050168351197541483e+00 3.126671507000922929e+02
1.583776725945774544e+01 3.193893074256857290e+01 9.069250374889875843e+01 3.106580809473991280e+02
7.798121453004275736e+02 8.045859704590941419e+02 2.976658062483609228e+02 3.113235504984855879e+02
2.002220116543883819e+02 2.001524975526631351e+02 1.644009403026093219e-01 3.186714801073074455e+02
3.132054523959355379e+02 3.126892552520188246e+02 1.767610769839154328e+00 3.100915974497794991e+02
4.174591968064669345e+02 4.165492843188227994e+02 3.753802736409156182e+00 3.123156401991844291e+02
5.005998097033888143e+02 5.005967368626298253e+02 1.352640190279890686e-01 3.101845532536506767e+02
6.028956344110669079e+02 6.030467041120434715e+02 5.104207092506113375e-01 3.119082704544067610e+02
1.000000051843795518e+03 1.000000040714688339e+03 2.904076182234231106e-05 3.125466569542884940e+02
1.073878393243322080e+03 1.041440647901207285e+03 1.695083130478498106e+02 3.130670558094978446e+02
1.624711080415802371e+03 1.690759940946998995e+03 3.414013695549942895e+02 3.133526774048805237e+02
1.210881154894714882e+03 1.209837953385467245e+03 4.911966593541508885e+00 3.299469801545143355e+02
1.311171082865591870e+03 1.311179061245495859e+03 4.047564197744709880e+00 3.297918593525886308e+02
1.423882545499931439e+03 1.400024037151564244e+03 5.421126901411446397e+01 3.312912750482558977e+02
1.817845010135953316e+03 1.819626451535674960e+03 1.755050177837355108e+01 3.299147547960281486e+02
1.700000188506931863e+03 1.700000089495283191e+03 2.439615188791087648e-04 3.153852235555648917e+02
