-1.400000000000000000e+03 -1.400000000000000000e+03 1.607774677692185771e-13 4.653903370976448173e+02
2.437459578332049714e+05 2.297776169132579817e+05 1.632729253730874625e+05 4.701850656986236459e+02
2.773869859407181293e+07 1.336103370668842271e+07 4.684678197206478566e+07 4.700097488999366533e+02
6.907712280669467873e+03 5.322592982688031043e+03 6.363809166996729800e+03 4.699111418008804435e+02
-9.999999999999714646e+02 -9.999999999999758984e+02 2.065250564314570834e-11 4.667503090500831604e+02
-8.736922296103114149e+02 -8.901875534660746325e+02 3.056655892451400547e+01 4.698344614505767822e+02
-7.296164016543649495e+02 -7.290367506848306220e+02 2.702227277714515452e+01 4.703789566993713152e+02
-6.793874076723128610e+02 -6.793566790551426493e+02 1.459218282327676974e-01 4.664459112524986040e+02
-5.925664924463310399e+02 -5.928130630690571934e+02 1.373178755604511192e+00 4.784628268957138175e+02
-4.984219385541097722e+02 -4.988379485940219524e+02 1.202546091339520284e+00 4.668915336012840385e+02
-3.944282310435141881e+02 -3.945277251859868670e+02 2.404424933457005142e+00 4.665899213552474976e+02
-2.560399306780686288e+02 -2.588841062073840931e+02 1.260912133972666105e+01 4.665819857597351188e+02
-1.280544315285071093e+02 -1.286292638245680564e+02 2.021076542277954147e+01 4.647963222026825179e+02
2.833076613907603658e+01 1.653222150927399525e+01 1.221264422427495049e+02 4.660649459481239205e+02
1.218462551748750684e+03 1.234434696012306858e+03 2.816844087601630804e+02 4.664274433970451241e+02
2.009452056991335098e+02 2.009576852502164002e+02 4.238483679914792357e-01 4.695995711565017814e+02
3.104784558084351715e+02 3.117515007383309467e+02 3.686278138235766555e+00 4.665613802433014143e+02
4.520792256424301740e+02 4.531878127817860786e+02 1.352064066427403510e+01 4.702951483964919817e+02
5.007901161344003640e+02 5.007363857787190682e+02 2.890945258635338466e-01 4.697779226064682234e+02
6.041301246101113520e+02 6.042448694370054909e+02 4.128118905716273157e-01 4.700417786955833321e+02
9.900000000000002274e+02 1.000000000000000227e+03 4.358898943540680193e+01 4.674147590994834900e+02
9.977873945975427432e+02 9.772647152967904276e+02 9.749572303137205154e+01 4.673223262548446542e+02
2.396984358394260653e+03 2.418377820714965310e+03 3.654531631004471706e+02 4.680949591517448312e+02
1.215691963012068300e+03 1.220593928274552354e+03 2.110859041651667667e+01 4.792018625974654924e+02
1.321545921772486963e+03 1.322258560419967580e+03 5.002804850877949683e+00 4.799138134956359636e+02
1.422887966750933629e+03 1.400037350423828684e+03 6.007360433187869830e+01 4.804944327116012346e+02
1.887975913492295831e+03 1.886105607803241128e+03 2.940026068341661869e+01 4.788038349986076128e+02
1.833857769894312469e+03 1.700000000000000909e+03 2.352863450934108300e+02 4.686456801414489632e+02
