-1.400000000000000000e+03 -1.400000000000000000e+03 0.000000000000000000e+00 5.006105121970176697e+02
2.763507816938789329e+05 2.492795108731658547e+05 1.720929710298719874e+05 4.967484838962554932e+02
9.471278694508235157e+07 1.040627445558882318e+07 2.098583299991635084e+08 4.964719762563705672e+02
2.141900656578003327e+04 1.916213584376523067e+04 8.152315073674144514e+03 4.963854994416236650e+02
-9.999999999999470219e+02 -9.999999999999453166e+02 2.599900163253874832e-11 4.988974908947944868e+02
-8.847484209838715969e+02 -8.901873817299297116e+02 2.251692908258946346e+01 4.961557627558707964e+02
-7.172314594883948757e+02 -7.226231299440751172e+02 4.215589372818752167e+01 4.975134963035583269e+02
-6.796141433753358569e+02 -6.796139659766392924e+02 7.966124053845491382e-02 4.968663218498230094e+02
-5.934688827051570570e+02 -5.935595253792541826e+02 1.529983354169467402e+00 5.127321501493454434e+02
-4.972711568455912925e+02 -4.978486738082120269e+02 1.573812018386769651e+00 4.984768671035766374e+02
-4.000000000000000000e+02 -4.000000000000000000e+02 0.000000000000000000e+00 5.010620370030403024e+02
-2.514929141217905340e+02 -2.526186045402805576e+02 2.199340943007027960e+01 4.990680858492851257e+02
-1.384322945426154092e+02 -1.423572658496493659e+02 2.265406922286077673e+01 4.963516325592994463e+02
-5.414000543137556321e+01 -8.067521242375869406e+01 5.377570291415980108e+01 4.990708079457282906e+02
1.425377307176503336e+03 1.489298753433776710e+03 3.035865957346583173e+02 4.965683795452117693e+02
2.004778214995056089e+02 2.004562227440623587e+02 1.844857238748679462e-01 5.014737910509109611e+02
3.081795985624268610e+02 3.101594340862604895e+02 4.033729903292066155e+00 4.997403724074363822e+02
4.399660481878389078e+02 4.373432812570804913e+02 1.348269276468877464e+01 4.966046273946761858e+02
5.003388665447708945e+02 5.003510423584657474e+02 1.794919175090062546e-01 4.962884516477585066e+02
6.036577042100782364e+02 6.039257967263786213e+02 6.673787900257945882e-01 4.967432437062263375e+02
9.900000000000015916e+02 1.000000000000000682e+03 4.358898943540707904e+01 4.971764019966125261e+02
9.072295803489496393e+02 9.117829449089042555e+02 7.457402363502554010e+01 4.982370803952217102e+02
2.256430279218102442e+03 2.274019026861651582e+03 2.988044160327212921e+02 4.982146912097931022e+02
1.224833765480627108e+03 1.225948183547290682e+03 6.234531385636862488e+00 5.143589266538619995e+02
1.322242759179918039e+03 1.322184559880773577e+03 5.127037606325774100e+00 5.142758829951286543e+02
1.424823443932502869e+03 1.400043235196713795e+03 6.750137632182398306e+01 5.158411965489387967e+02
1.894893840907951471e+03 1.897763250537034537e+03 4.264441913679979734e+01 5.148007879495620500e+02
1.880885714529097186e+03 1.700000000000006821e+03 2.264574985841300361e+02 4.995515658020973433e+02
