-1.400000000000000000e+03 -1.400000000000000000e+03 0.000000000000000000e+00 4.634309433937072527e+02
8.490490167445759289e+04 6.350658668013755232e+04 6.195537909379993653e+04 4.660559267520904427e+02
-1.112217016037695885e+02 -1.199999999988865056e+03 4.658136529250175045e+03 4.654802912950515861e+02
1.315918334560930998e+04 1.352543263133975051e+04 6.093111496192147570e+03 4.661051906466483956e+02
-9.999999975958514824e+02 -9.999999979593308126e+02 1.186289122368021954e-06 4.643497312068939209e+02
-8.901875770610607788e+02 -8.901875771349953084e+02 2.685929683349390270e-07 4.646443128585815430e+02
-7.998758975734692740e+02 -7.999992282969060398e+02 4.906007848690375206e-01 4.660401875019073259e+02
-6.796537196211454557e+02 -6.796597221054214515e+02 8.036306544198096313e-02 4.644318598985672111e+02
-5.975410281953006688e+02 -5.977681294615642855e+02 1.475467186069743475e+00 4.741376975536346663e+02
-4.999351810911012990e+02 -4.999385618847112482e+02 3.756906074125347661e-02 4.643632561922073592e+02
-3.961196601811180358e+02 -3.960201637716268124e+02 2.177573622105691609e+00 4.643537582516670454e+02
-2.895031965823892506e+02 -2.910453735239794355e+02 5.077928657963208359e+00 4.646097558498382796e+02
-1.823655867208653092e+02 -1.829200314283646662e+02 8.576905211990631273e+00 4.638679646968841439e+02
3.115869682469876878e+01 4.275754381997535347e+01 7.066409490282707395e+01 4.633111640453338396e+02
9.104666835306574058e+02 9.053863085610084909e+02 2.869571356241348212e+02 4.635674697041511649e+02
2.004760430329340011e+02 2.004706725860723395e+02 2.458839584344154894e-01 4.671118409395218123e+02
3.140003423783053904e+02 3.139463255778387065e+02 1.436474175893423633e+00 4.639768054962158317e+02
4.171432790341668806e+02 4.170938611359420065e+02 3.325562063718816130e+00 4.648891195058822632e+02
5.006109240629156147e+02 5.005827040047140031e+02 1.550093940025045469e-01 4.653463535547256242e+02
6.031023083404240879e+02 6.032399764418394170e+02 4.890875634861090449e-01 4.655758916020393485e+02
1.000000000000056616e+03 1.000000000000012392e+03 1.074440914857227262e-10 4.658467668533324968e+02
1.117963753619557338e+03 1.083047341904103632e+03 2.246549282960069149e+02 4.643519200086593628e+02
1.704181944653108076e+03 1.708424206310198542e+03 2.476557377646458633e+02 4.653975980997085458e+02
1.210997089040907213e+03 1.210560699610855409e+03 3.813563960285081933e+00 4.749248903512954598e+02
1.311504970008938926e+03 1.312221013021766794e+03 2.764164633513093605e+00 4.748277347564697379e+02
1.402368505920527696e+03 1.400022709695401090e+03 4.579554416296634400e+01 4.756988474011421317e+02
1.814677266596706204e+03 1.814801000026392558e+03 1.978053375687368032e+01 4.748790710568428040e+02
1.700000000000173486e+03 1.700000000000095497e+03 2.441664682372304869e-10 4.665929682970046883e+02
