-1.400000000000000000e+03 -1.400000000000000000e+03 0.000000000000000000e+00 5.644175069332122519e+01
1.659755320171659378e+03 8.849261504112279226e+02 3.263487148332255856e+03 5.689962350130080893e+01
-1.200000000000000000e+03 -1.200000000000000000e+03 0.000000000000000000e+00 5.639824099540710733e+01
-1.100000000000000000e+03 -1.100000000000000000e+03 0.000000000000000000e+00 5.648634049892425679e+01
-9.999999999999829470e+02 -9.999999999999986358e+02 2.525498789180474727e-11 5.652481859922409058e+01
-8.999999999999996589e+02 -9.000000000000000000e+02 6.090474578731515760e-13 5.663018820285797261e+01
-8.000000000000000000e+02 -8.000000000000000000e+02 0.000000000000000000e+00 5.666667445898055888e+01
-6.909991210973770421e+02 -7.000000000000000000e+02 9.950846155692310901e+00 5.646709195375442647e+01
-5.999625044678097083e+02 -6.000000000000000000e+02 1.634392356517080647e-01 5.740885000228881552e+01
-4.999722574577527894e+02 -4.999901353279390150e+02 4.365749049323962988e-02 5.656469069719314291e+01
-3.998507561414360225e+02 -4.000000000000000000e+02 3.552714447781128992e-01 5.664600789546966553e+01
-2.998010081885813634e+02 -3.000000000000000000e+02 3.979836228373188067e-01 5.657905764579773233e+01
-1.996092637820374307e+02 -2.000000000000000000e+02 9.422093065974139758e-01 5.656378465890884399e+01
-9.894361771160390617e+01 -9.968782674401859367e+01 3.676358248818462293e+00 5.653881504535674907e+01
1.286071166683715603e+02 1.167572201841821879e+02 3.820898260533162727e+01 5.647806329727173136e+01
2.000796802962745744e+02 2.000000000000006253e+02 2.062411221684450346e-01 5.697545669078827046e+01
3.013807954218549412e+02 3.020196068559067726e+02 9.676290008272049326e-01 5.655867384672164633e+01
4.012332154176900758e+02 4.020112097776991504e+02 1.044380494996463238e+00 5.662110599279403544e+01
5.000034609995344113e+02 5.000000000000000000e+02 6.458206889243167138e-03 5.637617604732513144e+01
6.000145738648164979e+02 6.000194318197550274e+02 8.414224774807013349e-03 5.648037145137787007e+01
7.500000000000000000e+02 7.500000000000000000e+02 5.000000000000000000e+01 5.676362465620040609e+01
8.130316959533120098e+02 8.000000000000000000e+02 4.025341846737262586e+01 5.675007869005203531e+01
1.028624194285822114e+03 1.000000000000000000e+03 1.242498111263046781e+02 5.669358754158020020e+01
1.000628000056701467e+03 1.000000000000000000e+03 1.256000113403024532e+00 5.756580460071563721e+01
1.110208023157765183e+03 1.100000000000000000e+03 3.063113395626879409e+01 5.755197734832763956e+01
1.200248802623588290e+03 1.200080948985142413e+03 3.224231038694028717e-01 5.750812259912490987e+01
1.342783404472892926e+03 1.303767079896837913e+03 5.007040015746336081e+01 5.756231495141982890e+01
1.415000000000000000e+03 1.400000000000000000e+03 3.570714214271424680e+01 5.686477614641189859e+01
