-1.400000000000000000e+03 -1.400000000000000000e+03 0.000000000000000000e+00 4.995756465196609497e+01
3.541975139066208612e+03 3.511427474841740604e+03 3.944791669205234030e+03 5.013209174871444418e+01
-1.200000000000000000e+03 -1.200000000000000000e+03 0.000000000000000000e+00 4.998466213941573955e+01
-1.100000000000000000e+03 -1.100000000000000000e+03 0.000000000000000000e+00 4.997989419698715352e+01
-9.999999999805580728e+02 -9.999999999999597549e+02 7.536119433642017643e-08 4.995031684637069702e+01
-9.000000000000000000e+02 -9.000000000000000000e+02 0.000000000000000000e+00 5.000475620031356527e+01
-7.999999999961642061e+02 -7.999999999994558948e+02 8.477221996009062026e-09 4.999201744794845581e+01
-6.939998353123684183e+02 -6.999999999915169155e+02 9.165402947161464198e+00 4.991496000289917134e+01
-5.998500173103500401e+02 -5.999999999502309720e+02 2.999639771951577716e-01 5.089270955324172974e+01
-4.999868071098026121e+02 -4.999901353279390150e+02 1.173108595520717425e-02 5.004110970497131206e+01
-4.000000000000000000e+02 -4.000000000000000000e+02 0.000000000000000000e+00 5.009432134628296041e+01
-2.998010081885813634e+02 -3.000000000000000000e+02 3.979836228373188067e-01 5.015763665437698648e+01
-1.999005040942906817e+02 -2.000000000000000000e+02 4.336925982830196480e-01 5.010305424928665019e+01
-9.981269604641103399e+01 -9.999999999999982947e+01 2.293995565493650302e-01 4.998057609796524048e+01
1.107011417026354110e+02 1.004682598839723369e+02 2.062263989367044559e+01 5.000110274553298950e+01
2.000808594006871601e+02 2.000000000065790573e+02 2.146160956979218937e-01 5.029538794755935527e+01
3.009625613376508682e+02 3.005074790219663896e+02 9.857107415289926289e-01 5.002087190151214458e+01
4.013139411879730005e+02 4.020125047651727073e+02 9.273787834291232768e-01 5.005768890380859659e+01
5.000009920434147830e+02 5.000000000000000000e+02 2.976130244400111702e-03 5.008092279434204386e+01
6.000126306828409497e+02 6.000194318197550274e+02 9.268387309594429413e-03 5.003936125040054606e+01
7.250000000967690994e+02 7.000000000601813781e+02 4.330127013866719210e+01 5.009775954484939575e+01
8.100000000064031838e+02 8.000000000019101662e+02 4.358898943462890685e+01 5.010728235244751261e+01
9.919557267015577509e+02 9.000000000813023462e+02 1.174585209820322831e+02 5.006823204755782797e+01
1.000000000005633410e+03 1.000000000001891522e+03 7.147229587082313094e-09 5.102242774963379190e+01
1.100000000009393489e+03 1.100000000001944954e+03 1.565260436606810918e-08 5.103720185756683492e+01
1.200133068376728488e+03 1.200080948985142413e+03 1.777475337162576219e-01 5.114333840608596660e+01
1.342875005275483772e+03 1.303767079234561152e+03 4.999173571288918794e+01 5.111450220346451090e+01
1.405000000586461283e+03 1.400000000029386456e+03 2.179449458609648360e+01 5.024488689899444438e+01
