-1.400000000000000000e+03 -1.400000000000000000e+03 0.000000000000000000e+00 5.575397849082946777e+01
1.420083842666078226e+03 -2.525292904433161425e+02 2.866834306748088693e+03 5.591205260753631734e+01
-1.200000000000000000e+03 -1.200000000000000000e+03 0.000000000000000000e+00 5.575518734455108927e+01
-1.100000000000000000e+03 -1.100000000000000000e+03 0.000000000000000000e+00 5.583677664995193624e+01
-9.999999999999554348e+02 -9.999999999999884039e+02 7.367338222059214124e-11 5.580868080854416036e+01
-9.000000000000000000e+02 -9.000000000000000000e+02 0.000000000000000000e+00 5.578381069898605205e+01
-7.999999999976687377e+02 -7.999999999995627604e+02 3.554804629179122416e-09 5.581390420198440694e+01
-6.919997821208182813e+02 -6.999999999862768618e+02 9.798225818372051421e+00 5.575443564653396322e+01
-5.998500178062834038e+02 -5.999999999800129444e+02 2.999642385755659224e-01 5.664083445072174072e+01
-4.999848346681930025e+02 -4.999926039596658711e+02 2.822822125191142700e-02 5.579291069507598877e+01
-4.000000000000000000e+02 -4.000000000000000000e+02 0.000000000000000000e+00 5.590131593942642496e+01
-2.998010081885813634e+02 -3.000000000000000000e+02 3.979836228373188067e-01 5.588357909917831279e+01
-2.000000000000000000e+02 -2.000000000000000000e+02 3.813172459387811383e-14 5.589308700561523580e+01
-9.984391337200928263e+01 -9.999999999999988631e+01 1.846841888535883658e-01 5.579666775465011597e+01
1.236977541647781038e+02 1.003121732559815769e+02 3.897858324557964949e+01 5.579067289829254150e+01
2.000242261715680456e+02 2.000000000076556432e+02 1.055990127409503765e-01 5.606159504652023173e+01
3.015231678670000406e+02 3.020197639804966911e+02 8.771883943195801780e-01 5.579485780000686646e+01
4.018622722286891076e+02 4.020511098873816991e+02 6.903356806129155032e-01 5.588309764862060547e+01
5.000004960217073631e+02 5.000000000000000000e+02 2.162108496359181446e-03 5.589888789653777934e+01
6.000155454558041583e+02 6.000194318197550274e+02 7.772727902010957354e-03 5.588192795515060141e+01
7.300000002047997896e+02 7.000000002712790774e+02 4.582575682452020516e+01 5.594708719253539897e+01
8.050000000088273282e+02 8.000000000022123459e+02 2.179449471607116706e+01 5.590728861093521118e+01
1.025914194444736040e+03 1.000000000001499757e+03 1.155270500720344273e+02 5.588853344917297505e+01
1.000000000000686896e+03 1.000000000000391537e+03 8.381524392663203250e-10 5.680438414812088155e+01
1.100000000010057420e+03 1.100000000001911303e+03 1.878564548558650497e-08 5.682171449661255025e+01
1.200265452560917311e+03 1.200000000000020918e+03 9.321618957628341473e-01 5.695214539766311646e+01
1.366947003071320978e+03 1.400000000000147338e+03 4.737135144255235275e+01 5.689244029521942281e+01
1.400000000074931222e+03 1.400000000008746156e+03 1.519339305517316126e-07 5.600302749872207642e+01
