-1.399999999999999773e+03 -1.399999999999999773e+03 0.000000000000000000e+00 1.148895009100437164e+03
1.001024948039207608e+06 9.434895568329854868e+05 2.664558610146493884e+05 1.228205746459960892e+03
1.233819297318159342e+08 7.919681013741621375e+07 1.171138108441870958e+08 1.235881170296669097e+03
3.085728516967607902e+03 2.689273595829090937e+03 1.252627068648788736e+03 1.242160331654548600e+03
-9.999999971344441292e+02 -9.999999971392826410e+02 5.082680331968689290e-07 1.218037132298946290e+03
-8.559832939869962729e+02 -8.565526684650290008e+02 1.708128931312767662e+00 1.220287107348442078e+03
-7.467684380107781408e+02 -7.544733515715731755e+02 2.270974689614927300e+01 1.187371727240085647e+03
-6.788902000835021227e+02 -6.788747877513420690e+02 5.516752949680769902e-02 1.194570874190330414e+03
-5.686014692509559154e+02 -5.685891282960787976e+02 3.824491649181232411e+00 1.596308713948726563e+03
-4.999646378100777042e+02 -4.999704342783894617e+02 1.753742543210748059e-02 1.189953425955772445e+03
-3.148575412936844486e+02 -3.144105815172973166e+02 1.348331955236939450e+01 1.163556725943088622e+03
-1.838754655440586134e+02 -1.835901391860452350e+02 2.133383800299465705e+01 1.173970373153686523e+03
2.849994615736911285e+01 3.073431071356917244e+01 4.373077531085336744e+01 1.172185748147964432e+03
2.375407016583846598e+03 2.485065586634178544e+03 5.385577539484395402e+02 1.129691416144371033e+03
6.732522503711475110e+03 6.992269605720633990e+03 1.119640606421912707e+03 1.136463712608814149e+03
2.002591390312776696e+02 2.002367629477711546e+02 1.260304536057131608e-01 1.290918069148063751e+03
4.305629087979420433e+02 4.294868115397977135e+02 2.373003681370191487e+01 1.130331569910049438e+03
5.350587189060792070e+02 5.325055835802387492e+02 2.242158023835720826e+01 1.194721214795112701e+03
5.066994653497111472e+02 5.065441615213790101e+02 1.672817672869281624e+00 1.219755943357944489e+03
6.211874103841969372e+02 6.211952867360596429e+02 1.002706898609440289e+00 1.230781327795982406e+03
1.592764385594796522e+03 1.828262933976492604e+03 3.652930073318232189e+02 1.189256633090972855e+03
3.811479604284461857e+03 3.733763437290093862e+03 6.580580621846831946e+02 1.186540555691718964e+03
7.731448098482580463e+03 7.678960956390230422e+03 5.116597830955720383e+02 1.193098965299129532e+03
1.296794862821252764e+03 1.295343015802507352e+03 1.180691017006085985e+01 1.629735980546474366e+03
1.422684557036257274e+03 1.421344468479359875e+03 7.263711551330645833e+00 1.628771430647373109e+03
1.567613382691014749e+03 1.573444168304562936e+03 4.015065864073019242e+01 1.648525351452827408e+03
2.476211168414015901e+03 2.463030900080941592e+03 1.310469655246254774e+02 1.643762091898918243e+03
3.164694267960318030e+03 1.800000000000000909e+03 1.509025576700623560e+03 1.299126157295703933e+03
