-1.400000000000000000e+03 -1.400000000000000000e+03 1.525268983755124553e-13 2.579876109480857735e+02
2.158208808368221798e+05 1.800200329545305576e+05 1.502174450741742039e+05 2.719895612478256339e+02
2.378811709269835800e+07 1.073303480320874229e+07 4.800389648132832348e+07 2.712464807033538818e+02
4.169796308984359712e+03 2.512987726217382260e+03 5.358365356126712868e+03 2.715924661993980180e+02
-9.999999999999657803e+02 -9.999999999999834017e+02 3.425367629723621246e-11 2.629699636578559989e+02
-8.829717519059589677e+02 -8.901875601514964274e+02 2.826562313300271612e+01 2.710881415486335868e+02
-7.428307519801958279e+02 -7.519252814635283357e+02 2.406835756467929599e+01 2.724693045496940726e+02
-6.794762862522042042e+02 -6.794368191190696962e+02 1.533508013746605059e-01 2.606088131070137024e+02
-5.927777524533621545e+02 -5.932888035841756391e+02 1.847161761910412370e+00 2.887953729510307426e+02
-4.980233850916804954e+02 -4.984072383757571743e+02 1.227793863872947311e+00 2.623914330482483024e+02
-3.909956283464690614e+02 -3.920403325810727324e+02 5.481076859428321235e+00 2.620568797588348389e+02
-2.548291807621334044e+02 -2.544277821168745106e+02 1.481773130254316229e+01 2.622255177021026498e+02
-1.394299309819625137e+02 -1.379283464782825490e+02 1.792104588736155790e+01 2.582032495021820182e+02
7.797580274478136175e+01 7.315583352954627117e+01 1.226484284187725251e+02 2.613959511995315665e+02
1.278312190842967993e+03 1.200506704025209274e+03 3.843360567208933958e+02 2.622862956523895264e+02
2.005845508093074159e+02 2.004713908593567169e+02 4.112759988227751018e-01 2.733617150068283195e+02
3.107661188219850033e+02 3.114411351084086164e+02 3.545939580195780483e+00 2.617611125946044695e+02
4.476583868824382080e+02 4.475156773983850371e+02 1.652125194922231444e+01 2.715576394557953108e+02
5.007017237375037553e+02 5.006340880739460317e+02 2.899150037674569913e-01 2.710097556471824873e+02
6.038414242384360477e+02 6.038273950942286774e+02 4.281453552428669540e-01 2.712495990991592407e+02
1.000000000000000227e+03 1.000000000000000227e+03 1.245376910231166390e-13 2.651986263036727678e+02
1.081941958925317749e+03 1.069033258688604747e+03 1.616957832786070242e+02 2.655194255471229781e+02
2.260168332333772014e+03 2.276423897305859100e+03 4.026876322631382550e+02 2.673068410038948173e+02
1.219916989425482370e+03 1.221501943012685388e+03 5.330312036045949498e+00 2.885797249555587882e+02
1.320240449071086687e+03 1.319749840438162892e+03 3.600813182077436281e+00 2.895644685983658064e+02
1.383219616865520948e+03 1.400026447294010040e+03 4.221753028896173277e+01 2.904279962062835807e+02
1.881278265531618217e+03 1.884851653660094598e+03 4.075070392417183029e+01 2.889645080924034346e+02
1.861089598309181383e+03 1.700000000000000682e+03 2.270808976439001867e+02 2.694184532523155440e+02
