-1.399999999999999091e+03 -1.399999999999999091e+03 2.690321608997517573e-13 7.125410910487174760e+02
1.395856876088394318e+06 1.483836184371808777e+06 4.445009115730146877e+05 1.481994809651374908e+03
8.220555515458006859e+08 4.179398723596319556e+08 1.145744524556003809e+09 1.427306692051887467e+03
2.774394620360080153e+05 2.732074384076120914e+05 6.662736779317123001e+04 1.050467007243633361e+03
-9.999992487815377444e+02 -9.999992510674827599e+02 9.249568902693231312e-05 1.479467145407199951e+03
-8.537835089741540742e+02 -8.565526684650155858e+02 1.083790796759280362e+01 1.427818188607692719e+03
-6.412319925570757277e+02 -6.526336060436062780e+02 4.038446171954020514e+01 1.387122046196460815e+03
-6.788772577153767998e+02 -6.788726134549895050e+02 4.155772304787284238e-02 1.164643680703640030e+03
-5.243247457553901540e+02 -5.240367376787996818e+02 2.231799404341590076e+00 1.411789383900165603e+03
-4.995644414400507003e+02 -4.996033886760237692e+02 1.562359040914113595e-01 9.150854128479957126e+02
-1.535557162786100776e+02 -1.516130339361361621e+02 3.233608048320562034e+01 1.008976568102836609e+03
2.675511195221404748e+01 9.927065144947363251e+00 9.442535675672161233e+01 8.921909497499466397e+02
3.834706239012843980e+02 3.659548528058584793e+02 8.481756973567354407e+01 8.652915784478187788e+02
4.020443731737444068e+03 3.989040718574578023e+03 7.315007673666040091e+02 1.110108005905151458e+03
1.522720726902355091e+04 1.518554682105327447e+04 5.230996510483228121e+02 9.295173577547072910e+02
2.039488724571213822e+02 2.039012108349661503e+02 5.859604120399933835e-01 1.095178357899188995e+03
5.612195477575761515e+02 5.392954721436367436e+02 9.809640675965189871e+01 1.154437904047965958e+03
9.160006070012728969e+02 9.401245144480772069e+02 8.359543862237309497e+01 8.827109230041503452e+02
5.075830700487578042e+02 5.072133302358772085e+02 1.793978067767265427e+00 1.480592955493927093e+03
6.246262977293951053e+02 6.249825521661246057e+02 5.942295433285484929e-01 8.627522996068000793e+02
1.423727119328301342e+03 1.662109728688501946e+03 4.382491980092710833e+02 8.919456856012344588e+02
5.700134192450188493e+03 5.480656828563589443e+03 9.080826045049329878e+02 1.187687730598449662e+03
1.570794151664085257e+04 1.588565189023207495e+04 1.327528413348140475e+03 1.037982045948505402e+03
1.344465612223372773e+03 1.334479131398210711e+03 2.580918556218486160e+01 1.615209977602958588e+03
1.469598106688351209e+03 1.465272977887830166e+03 1.965325885870155531e+01 1.598099454939365387e+03
1.688205868395817333e+03 1.689778884654136618e+03 9.661843406578574545e+00 1.463671799898147583e+03
3.372544072725756450e+03 3.482335512142745756e+03 2.419376188391667881e+02 1.516780534505844116e+03
3.243403525320677090e+03 1.800000000000007276e+03 1.596305322310815654e+03 1.054529113793373199e+03
