-1.399999354990203528e+03 -1.399999582468390372e+03 7.215430845673884109e-04 6.550078045129775717e+01
7.104898680048488586e+02 3.272324029032051840e+01 2.212691025272525621e+03 6.559041990041733072e+01
-1.190389289803851625e+03 -1.198359011973098859e+03 1.893455615268142722e+01 6.551808829307556437e+01
-1.086251785580036994e+03 -1.095572207153931686e+03 1.968667322133002173e+01 6.553938144445419312e+01
-9.999876281263643705e+02 -9.999923705458634231e+02 1.164680872941581749e-02 6.554004064798354534e+01
-8.999983185478431551e+02 -8.999994061649297237e+02 2.168473112648154014e-03 6.544289014339446453e+01
-7.996640176530238477e+02 -7.998780620761862110e+02 5.272210715152065852e-01 6.561473184823989868e+01
-6.957416443530084962e+02 -6.985478089386640477e+02 6.767553953452682514e+00 6.561039830446243570e+01
-5.997484614201603108e+02 -5.998159771657831243e+02 2.470799109119639070e-01 6.654393324851989178e+01
-4.997403896878622618e+02 -4.997748107751364728e+02 1.911650222396131527e-01 6.554693369865417196e+01
-3.999990865901899042e+02 -3.999994099406873715e+02 8.937198078217788296e-04 6.566009130477905842e+01
-2.994301020287716710e+02 -2.994083348343585840e+02 5.768447868491508590e-01 6.564523389339447590e+01
-1.997864514281642414e+02 -1.999949486650597237e+02 6.041454996465888128e-01 6.564834444522857382e+01
-9.994051947792311807e+01 -9.998044378233464613e+01 9.076386323467257322e-02 6.555655384063720703e+01
1.137631679613638482e+02 1.009692949565230720e+02 2.998960393889662868e+01 6.554560915231704143e+01
2.003565823694462438e+02 2.002437257482923201e+02 2.289478912599529625e-01 6.587289974689483074e+01
3.012463752523075300e+02 3.020206156253058225e+02 9.587834977760085753e-01 6.556301459074020954e+01
4.016170404625688093e+02 4.020953330385343634e+02 8.842257573450883479e-01 6.560769194364547729e+01
5.000200890423632814e+02 5.000084759733497322e+02 3.105245295501990119e-02 6.549859235286712078e+01
6.000186004758907075e+02 6.000194335066049689e+02 4.157069604338207297e-03 6.553184254169464396e+01
7.056985343952253515e+02 7.004819744245819493e+02 2.166789004538378549e+01 6.574135144948959919e+01
8.000728822814068053e+02 8.000421390593978686e+02 7.179659796761631019e-02 6.575605150461197468e+01
9.580187638700039088e+02 9.169268146250103655e+02 7.583464202191856884e+01 6.575154550075531290e+01
1.002743469983307477e+03 1.000205953785156908e+03 5.566705854919328900e+00 6.670985834598540976e+01
1.102623849530725693e+03 1.100101565629259767e+03 5.914666141178242853e+00 6.671361645460129353e+01
1.200752909772470503e+03 1.200490847848408293e+03 9.181814030123182091e-01 6.680006165504455851e+01
1.327088151550879957e+03 1.312826806894710899e+03 3.419086395138117496e+01 6.676743654012679485e+01
1.400367410068527533e+03 1.400358999229112214e+03 2.200268630602568998e-01 6.597558009624481201e+01
