-1.400000000000000000e+03 -1.400000000000000000e+03 0.000000000000000000e+00 2.163157349824905396e+01
5.923120446571706452e+03 5.316434982309471707e+03 6.037438387740560756e+03 2.174836649894714213e+01
7.845844097705306012e+03 -1.200000000000000000e+03 3.942992028092130931e+04 2.165060449838638235e+01
-1.100000000000000000e+03 -1.100000000000000000e+03 0.000000000000000000e+00 2.166515045166015696e+01
-9.999999999999010925e+02 -9.999999999999624833e+02 1.529159326369277059e-10 2.164980369806289673e+01
-8.999363158924583104e+02 -8.999888122255173357e+02 1.027825247239350648e-01 2.167695469856262136e+01
-7.912172085652322266e+02 -7.996969761575481925e+02 1.908795043486029286e+01 2.169188370704650737e+01
-6.866789393037231548e+02 -6.800000002670486765e+02 9.117816585137459739e+00 2.167106510400772024e+01
-5.993810935587107451e+02 -5.993375916519009934e+02 4.765182504491377591e-01 2.220952495336532451e+01
-4.941761843650795640e+02 -4.981072223717226279e+02 8.567455601808797283e+00 2.172094415426254344e+01
-3.991045368486160783e+02 -3.990050409429067031e+02 7.642425530695537983e-01 2.173747854232788157e+01
-2.950252148015312059e+02 -2.950252097523526231e+02 3.628520987989305446e+00 2.174167630672454976e+01
-1.961395724070765993e+02 -1.967861024750166337e+02 3.767809736146734867e+00 2.173131439685821675e+01
-6.834189099902822306e+01 -9.953174011602789051e+01 5.332032786610186292e+01 2.165018060207366801e+01
2.493406070335987010e+02 2.228146740557691601e+02 1.390513108870117946e+02 2.165989865064620901e+01
2.013349093521663065e+02 2.008372163618569459e+02 1.265236330772200102e+00 2.179388049840927266e+01
3.020521337741662364e+02 3.020891520748172638e+02 9.572305249645535197e-01 2.169170114994049214e+01
4.033651378982300457e+02 4.028527102578318591e+02 1.713956924396421000e+00 2.172879735231399678e+01
5.000883071487355664e+02 5.000702318183274997e+02 8.156954269639987709e-02 2.168521599769592356e+01
6.001314566226145644e+02 6.000744481502149483e+02 1.704566003714440559e-01 2.167148815393447947e+01
7.850000000000000000e+02 8.000000000000000000e+02 3.570714214271424680e+01 2.171048475503921438e+01
8.913564722441653885e+02 8.701923212411056738e+02 1.096945629130766662e+02 2.170415955781936646e+01
1.100199005331399121e+03 1.100928366831047697e+03 1.136969773201292071e+02 2.170788824558258057e+01
1.046949845724153192e+03 1.049020616841229639e+03 4.079388180076205117e+01 2.235786401033401560e+01
1.157660075604469512e+03 1.171325463689940079e+03 4.509554990409851882e+01 2.235770374536514282e+01
1.228745590800274840e+03 1.214938721714265284e+03 3.686531089002057371e+01 2.245073064565658427e+01
1.435249771231634895e+03 1.434227951352128912e+03 5.679801727186337246e+01 2.236628550291061401e+01
1.470000000000000000e+03 1.500000000000000000e+03 4.582575694955839651e+01 2.192987104654311992e+01
