-1.400000000000000000e+03 -1.400000000000000000e+03 0.000000000000000000e+00 2.359122405052185201e+01
1.815804367067380326e+03 -1.714037154617357146e+02 3.211358572088330675e+03 2.371507064104080342e+01
-1.200000000000000000e+03 -1.200000000000000000e+03 0.000000000000000000e+00 2.362848504781722880e+01
-1.100000000000000000e+03 -1.100000000000000000e+03 0.000000000000000000e+00 2.365319650173187327e+01
-9.999999999984114538e+02 -9.999999999999845386e+02 6.715197889213795064e-09 2.362981640100479197e+01
-9.000000000000000000e+02 -9.000000000000000000e+02 0.000000000000000000e+00 2.364528460502624441e+01
-7.999999999877142045e+02 -7.999999999987603587e+02 2.141383113215770160e-08 2.363343424797058034e+01
-6.929998692744484288e+02 -6.999999999938518158e+02 9.539570159787816195e+00 2.360486245155334473e+01
-5.997495334797823716e+02 -5.999999999917814648e+02 3.882146988962164591e-01 2.417209575176239156e+01
-4.999802726268941910e+02 -4.999901353279390150e+02 1.907054464116858875e-02 2.362943315505981445e+01
-4.000000000000000000e+02 -4.000000000000000000e+02 0.000000000000000000e+00 2.370968790054321218e+01
-2.997015122828720450e+02 -3.000000000000000000e+02 4.559475192511922015e-01 2.372171695232391286e+01
-1.997977063491720457e+02 -2.000000000000000000e+02 6.069707669423497487e-01 2.373093794584274363e+01
-9.987513069760743178e+01 -1.000000000000000000e+02 1.820267238484769290e-01 2.362490584850311137e+01
1.149291388360774988e+02 1.003121732559814063e+02 3.420816078120112991e+01 2.364539350271224905e+01
2.000715183474535763e+02 2.000000000538514087e+02 2.289422654955364234e-01 2.379584549665451121e+01
3.014224371038821459e+02 3.020197639804966911e+02 9.291247245415786837e-01 2.364416309595107890e+01
4.017217591388794631e+02 4.020511098873816991e+02 8.272846900341362941e-01 2.366659060716629170e+01
5.000044391024250103e+02 5.000000000000000000e+02 1.186839352894871434e-02 2.370201145410537791e+01
6.000126306828409497e+02 6.000194318197550274e+02 9.268387309594429413e-03 2.368655165433883525e+01
7.450000000348093181e+02 7.000000002866779596e+02 4.974937182667731150e+01 2.370943089723586894e+01
8.050000000044107082e+02 8.000000000014172201e+02 2.179449472092010609e+01 2.370855014324188303e+01
1.014561930805975862e+03 9.000000000565623850e+02 1.305557974525147813e+02 2.370674369335174703e+01
1.000000000008120878e+03 1.000000000000498062e+03 2.423577183650259318e-08 2.432922419309615947e+01
1.110000000003497917e+03 1.100000000001599346e+03 2.999999999915284121e+01 2.435600625276565623e+01
1.200202386034696701e+03 1.200080948985143095e+03 1.925363414998795819e-01 2.446010764837264873e+01
1.360320569126964529e+03 1.400000000000031378e+03 5.325297764255477517e+01 2.437575705051422048e+01
1.400000000027488113e+03 1.400000000006366236e+03 5.935324190868859085e-08 2.376755859851837016e+01
