-1.400000000000000000e+03 -1.399999999999999773e+03 1.902344653294848201e-13 7.115874053478240739e+02
3.359953917585479212e+05 3.406327266673093545e+05 1.230214582011715538e+05 8.144455697417258762e+02
3.312568827853437513e+06 3.086063852642193087e+05 5.501212633288866840e+06 8.000715020537376176e+02
1.572929783596611742e+04 1.617701884695573790e+04 5.020739350097812348e+03 8.140650305032729648e+02
-9.999997441041101638e+02 -9.999997399170866856e+02 2.909894671597869440e-05 8.118775484442710422e+02
-8.893524090121961763e+02 -8.910470539432335499e+02 5.260022623384148943e+00 8.104356726527214505e+02
-7.933201691548011922e+02 -7.951747634765590647e+02 5.582344654303098785e+00 7.457478074073791277e+02
-6.790551796452521103e+02 -6.790587419985536144e+02 4.635104731783159376e-02 7.927925980925559770e+02
-5.677901049056592910e+02 -5.649510898406931574e+02 7.103734138927649155e+00 9.172394424080848694e+02
-4.999730109691854523e+02 -4.999728746156045531e+02 1.073208290591558083e-02 7.255890820026397705e+02
-3.666721249029022829e+02 -3.691562944192033342e+02 8.725654853001209688e+00 7.193247423052787326e+02
-2.669387858658938626e+02 -2.671663737861072150e+02 7.466788473121771297e+00 7.266574397921561967e+02
-1.073154331052309374e+02 -1.087313206734731921e+02 2.422433799844487368e+01 7.849040428042411577e+02
1.462329283418104069e+03 1.463680522291658235e+03 4.306640139048740821e+02 7.159617905020713806e+02
6.194499613633362969e+03 7.027766257524117464e+03 1.611852902475212659e+03 7.136949516057968594e+02
2.024261664969603203e+02 2.024149588154408548e+02 3.671822084492714078e-01 7.830843927502631914e+02
3.569679395388374132e+02 3.564537495506580171e+02 5.693014593691994030e+00 7.175836704015731584e+02
5.130187320601033889e+02 4.635693586877175676e+02 6.505254542452458111e+01 7.525900364518165588e+02
5.028003125328365854e+02 5.027657199902417915e+02 5.672160297419086561e-01 8.118946634531021118e+02
6.138446197618949327e+02 6.150000000000000000e+02 1.820017950164562803e+00 7.257211321949959029e+02
9.950000000000002274e+02 1.000000000000000455e+03 2.179449471770339386e+01 7.567448633551597368e+02
2.258556891614371580e+03 2.223935131122949770e+03 3.422033728297593598e+02 7.366437057971954800e+02
5.867641585203115028e+03 5.446820667324778697e+03 1.618404262769593970e+03 7.448943253040313266e+02
1.243262082952348919e+03 1.241666938554955323e+03 1.121274315726112114e+01 9.266373695015906833e+02
1.352143194345894472e+03 1.351419132076959613e+03 9.543463674393025897e+00 9.276661957979201816e+02
1.550891660031830270e+03 1.553315638612240036e+03 3.944319570365413341e+01 9.320505591988563765e+02
2.162233432824446027e+03 2.083401055540956804e+03 2.065580982465948523e+02 9.312945005536079179e+02
1.700000000000000455e+03 1.700000000000000455e+03 2.033691978340165987e-13 7.726321151494979631e+02
