-1.400000000000000000e+03 -1.400000000000000000e+03 0.000000000000000000e+00 3.079690145254135203e+01
3.412292039829341320e+03 3.151345095419910649e+03 4.127973301795396765e+03 3.107771990299224996e+01
-1.200000000000000000e+03 -1.200000000000000000e+03 0.000000000000000000e+00 3.075187140703201294e+01
-1.100000000000000000e+03 -1.100000000000000000e+03 0.000000000000000000e+00 3.079966070652007915e+01
-9.999999999999860165e+02 -9.999999999999920419e+02 1.531182765596380748e-11 3.088125259876251150e+01
-8.999999999999993179e+02 -8.999999999999998863e+02 1.614993457867946238e-12 3.093979544639587331e+01
-7.999998489360797294e+02 -8.000000000000000000e+02 6.584723624500458949e-04 3.094492650032043457e+01
-6.889987136114493751e+02 -6.799997684251661667e+02 9.951038124340623625e+00 3.083584744930267263e+01
-5.995978939446765708e+02 -5.994810034929244011e+02 3.750710792383798453e-01 3.166819984912872243e+01
-4.999082624930443899e+02 -4.999556188308663991e+02 1.418596100042393005e-01 3.090101830959320139e+01
-3.998507561414360225e+02 -4.000000000000000000e+02 3.552714447781128992e-01 3.098404740095138621e+01
-2.993532766128894309e+02 -2.990050409429067031e+02 6.505388974245294165e-01 3.095645580291748189e+01
-1.986948441607486302e+02 -1.990050409429067031e+02 1.353098081627240212e+00 3.096935104131698679e+01
-9.514931235031933454e+01 -9.968782674401859367e+01 1.327857854736543430e+01 3.083408600091934204e+01
1.473316054519732745e+02 1.170693934401635943e+02 5.984432780298546106e+01 3.085489999055862498e+01
2.005422903024848154e+02 2.000000000000015348e+02 9.184770742682911715e-01 3.116771919727325368e+01
3.016482814674407678e+02 3.020229838640617004e+02 8.041612943327877128e-01 3.088842825889587473e+01
4.019997479520748698e+02 4.022374123405916748e+02 8.076119296426176319e-01 3.091064069271087789e+01
5.000397223566298521e+02 5.000197293441220268e+02 4.753754690595587279e-02 3.083217225074768209e+01
6.000192678633150081e+02 6.000194318197550274e+02 1.442055102963267672e-02 3.085262484550476003e+01
7.450000000000000000e+02 7.000000000000000000e+02 4.974937185533099893e+01 3.101495444774627686e+01
8.241914245684960179e+02 8.000000000000000000e+02 4.607849738859520272e+01 3.099595030546188212e+01
9.920446394242178485e+02 9.474497863579282466e+02 1.083159905852932781e+02 3.101331229209899831e+01
1.005982875185191006e+03 1.000000000000000000e+03 1.220878770705372496e+01 3.181214150190353251e+01
1.107925068188804744e+03 1.100000000000000000e+03 2.382609082973874592e+01 3.182869900465011526e+01
1.204906392005953421e+03 1.200080948985142413e+03 1.130264263799266189e+01 3.190369794368744039e+01
1.365337837454906094e+03 1.400000000000000000e+03 5.030976640853995008e+01 3.189400099515914988e+01
1.420000000000000000e+03 1.400000000000000000e+03 4.000000000000000000e+01 3.111154925823211670e+01
