-1.400000000000000000e+03 -1.400000000000000000e+03 0.000000000000000000e+00 3.073002138495445479e+02
1.105536833321280719e+05 5.889307610839734843e+04 8.819308526329563756e+04 3.303525280475616341e+02
3.298948012711621122e+05 9.630988228647105279e+04 5.009767021090900525e+05 3.281707144498824960e+02
1.976150244113396548e+04 1.695381585909882779e+04 1.086773020964016359e+04 3.278812242507934798e+02
-9.999999065107701881e+02 -9.999999057472280128e+02 2.851295120754701826e-05 3.298777778506279219e+02
-8.911560918095267425e+02 -8.901875744584783661e+02 2.905553450764118750e+00 3.288136968970298994e+02
-7.952130567687279381e+02 -7.978350981254914132e+02 7.155423896731731404e+00 3.229910030007362138e+02
-6.796525115264392980e+02 -6.796205035073417093e+02 8.661742764302773900e-02 3.211155851483345032e+02
-5.938359727265066113e+02 -5.934968979963998663e+02 2.377803920702254992e+00 3.431559635996818542e+02
-4.996972857659503688e+02 -4.996797726013036254e+02 1.524646637170599395e-01 3.108401159882545244e+02
-3.940799973909311689e+02 -3.940302481763498008e+02 2.696958117495094953e+00 3.092897286534309274e+02
-2.871650450652386439e+02 -2.885579784001557755e+02 6.018456970133302164e+00 3.104429669022559892e+02
-1.733697832903850440e+02 -1.750157215684830021e+02 1.364061139841297532e+01 3.113674970507621538e+02
1.035952673134081294e+02 8.262843262378987674e+01 1.323311456310360654e+02 3.094108585000038261e+02
1.303240569432237407e+03 1.264076869277539799e+03 4.317469126835680981e+02 3.144594737529754411e+02
2.010008911750095990e+02 2.010672179347506585e+02 4.790794700354037983e-01 3.226952023506164551e+02
3.164380396121724743e+02 3.166874650911813660e+02 3.542514299613011897e+00 3.107522768497466927e+02
4.216908638111584082e+02 4.185020525280050379e+02 9.359422720184022992e+00 3.176060605525970573e+02
5.007919812181500561e+02 5.007749343733963769e+02 2.838964407235841647e-01 3.298621797919273604e+02
6.034804671728022640e+02 6.035442984769827035e+02 4.040148051239140781e-01 3.295865574955940360e+02
1.000000000000000227e+03 1.000000000000000227e+03 9.511723266474241003e-14 3.129260621905326616e+02
1.181900052076303382e+03 1.193663763307233239e+03 1.919082227219291497e+02 3.122863361954688912e+02
2.203592311322554451e+03 2.160516073266308922e+03 3.540794165420034574e+02 3.163100849986076355e+02
1.214122792409565591e+03 1.213713316035181833e+03 3.668139818206973768e+00 3.449214036583900338e+02
1.315938239775809507e+03 1.314872158786912451e+03 5.111586192838140086e+00 3.449376405954361076e+02
1.397441759528335751e+03 1.400023427974820152e+03 3.674678413508281238e+01 3.469874953031539917e+02
1.821682328951029831e+03 1.824422346608073440e+03 1.699580197992308683e+01 3.431114657521247864e+02
1.700000000000000455e+03 1.700000000000000455e+03 2.542114972925207673e-13 3.161251957535743600e+02
