-1.399999999999999773e+03 -1.399999999999999773e+03 0.000000000000000000e+00 1.585735608053207443e+03
8.089138148472366156e+05 8.385888471844121814e+05 2.150935700785682129e+05 1.986395886301994324e+03
8.444154978668697178e+07 3.687908451038710773e+07 1.068121074735577554e+08 1.860397712004184768e+03
7.574635773107418572e+03 7.496491894208966187e+03 1.844440715971588588e+03 1.979055899000167756e+03
-9.999996261579799466e+02 -9.999996192701787550e+02 2.526769886454309342e-05 1.982125932848453431e+03
-8.562686055479840661e+02 -8.565526684650285461e+02 1.238201549005200519e+00 1.726128703844547317e+03
-7.743846166651388785e+02 -7.774289249767298315e+02 1.206351289748385547e+01 1.840260431897640274e+03
-6.788719388515253286e+02 -6.788648300093625494e+02 4.529832729574393563e-02 1.826454736506938843e+03
-5.278327087889568929e+02 -5.265306003211233019e+02 4.047146767219500063e+00 2.228061509943008332e+03
-4.999354185243731763e+02 -4.999420610572200303e+02 2.386872328180349861e-02 1.638615294897556396e+03
-3.368023683247512849e+02 -3.407538476381882901e+02 1.813549399079983004e+01 1.606971582543849991e+03
-1.524599590900751309e+02 -2.154286340737531873e+02 1.255322326489059748e+02 1.717300934696197601e+03
7.884664294075440694e+01 9.230815121484420160e+01 9.679626013755451197e+01 1.819863335394859405e+03
2.934368181002366782e+03 3.013716097883272596e+03 5.494292312714017044e+02 1.602484763145446777e+03
1.436802308543430991e+04 1.438840696285084414e+04 4.212266899315300179e+02 1.787229922342300370e+03
2.036045478141752483e+02 2.036516313387998309e+02 3.066889325846371417e-01 1.948890631294250397e+03
4.155684654978235812e+02 4.134111776178371542e+02 2.322180583408686516e+01 1.617501067245006652e+03
8.061305485801041186e+02 8.056059773924280307e+02 1.587255132924264345e+01 1.803981020200252487e+03
5.049893210985666769e+02 5.047693778289692546e+02 8.120479581983039985e-01 1.983064110898971649e+03
6.219252539507756410e+02 6.219711116791870609e+02 1.456732835499251699e+00 1.846088784754276276e+03
1.579581879953570706e+03 1.828262933976493514e+03 3.988698152833889026e+02 1.647196714854240327e+03
4.009765012649978416e+03 3.876995774083626202e+03 7.008200581886185319e+02 1.658859968459606080e+03
1.475443538841553709e+04 1.508867395072031650e+04 1.534158985565847388e+03 1.854506363642215774e+03
1.284381679202357645e+03 1.273177849508169402e+03 2.930757444540437717e+01 2.370860444247722626e+03
1.418520674326654898e+03 1.413699881325063643e+03 2.814895963652019617e+01 2.380405094695091066e+03
1.670759697973273887e+03 1.668196059714401827e+03 1.381873018794348695e+01 2.360657780492305847e+03
3.070913975785660114e+03 3.149640947525778301e+03 3.359259540641721742e+02 2.380111779451370239e+03
3.584604367119821745e+03 4.754381802261887970e+03 1.457202105669171033e+03 1.909298264348507018e+03
