-1.400000000000000000e+03 -1.400000000000000000e+03 5.084229945850414966e-14 5.987592209577560709e+01
8.835436167615068825e+02 -7.918046629135453713e+02 3.274497442549939933e+03 6.005334905385971211e+01
-1.200000000000000000e+03 -1.200000000000000000e+03 0.000000000000000000e+00 5.987070080041885234e+01
-1.100000000000000000e+03 -1.100000000000000000e+03 0.000000000000000000e+00 5.991336230039596700e+01
-9.999999999770507202e+02 -9.999999999904405286e+02 2.918226458200900150e-08 5.992508909702301167e+01
-9.000000000000000000e+02 -9.000000000000000000e+02 0.000000000000000000e+00 5.990888400077820108e+01
-7.999999997362181148e+02 -7.999999998216674157e+02 2.813719707486194551e-07 5.993963789939880371e+01
-6.909997689677946937e+02 -6.999999992347361513e+02 9.950129526548542103e+00 5.990914515256881856e+01
-5.998747610617951977e+02 -5.999999947299852465e+02 3.017245022339425931e-01 6.064216995239257812e+01
-4.999816288960898305e+02 -4.999926039594602116e+02 2.268973422794296271e-02 5.990585924386978434e+01
-3.999999999999998863e+02 -4.000000000000000000e+02 2.529372461741217049e-13 5.999783760309219360e+01
-2.996517643300170448e+02 -3.000000000000000000e+02 4.745652241835204288e-01 5.999818539619445801e+01
-1.999999999999996874e+02 -2.000000000000000000e+02 1.212228389087795252e-12 6.002025820016861246e+01
-9.989073936040190915e+01 -9.999999999999977263e+01 1.786493112913741799e-01 5.991478619575500630e+01
1.036011826416344945e+02 1.003121732559818611e+02 6.619870255257175096e+00 5.992625024318694926e+01
2.000242285029149514e+02 2.000000018533128809e+02 1.055984784976816693e-01 6.013119769096374512e+01
3.011159023093122755e+02 3.020196068559067726e+02 1.006407714588593905e+00 5.992066824436187744e+01
4.013805321701102002e+02 4.020112097776992073e+02 9.748062632105256586e-01 5.994593760967254781e+01
5.000083849712494839e+02 5.000000000000000000e+02 1.296557196353504901e-02 5.995826815366744711e+01
6.000116590918531756e+02 6.000194318197550274e+02 9.519608634696299573e-03 5.995027306079864360e+01
7.300000033671251458e+02 7.000000049832418654e+02 4.582575486020676436e+01 6.004123566150665425e+01
8.081321408586262578e+02 8.000000000806828666e+02 2.510128274069077747e+01 6.004394065141677572e+01
9.391245094605349095e+02 9.000000001159089607e+02 7.042235480683683591e+01 6.003535900115966939e+01
1.000000000091830088e+03 1.000000000023306939e+03 2.288942802086254802e-07 6.075160350799560405e+01
1.100000000267370979e+03 1.100000000136430572e+03 3.750285303014008504e-07 6.074229794740676880e+01
1.200218364727686094e+03 1.200080948985150371e+03 2.494658073321725789e-01 6.082434849739074423e+01
1.331778921545314461e+03 1.301026336024752254e+03 4.707118654195587482e+01 6.079154205322265625e+01
1.400000001269613222e+03 1.400000000167465714e+03 3.264821425035274862e-06 6.012814319133758545e+01
