-1.400000000000000000e+03 -1.400000000000000000e+03 0.000000000000000000e+00 6.146604479551315592e+01
3.191178323363283653e+03 2.724877219638804490e+03 4.097015491544177166e+03 6.144182900190353536e+01
-1.200000000000000000e+03 -1.200000000000000000e+03 0.000000000000000000e+00 6.143207135200500346e+01
-1.100000000000000000e+03 -1.100000000000000000e+03 0.000000000000000000e+00 6.147264704704284810e+01
-9.999999999999878355e+02 -9.999999999999956799e+02 1.633563556319685031e-11 6.150292415618896769e+01
-8.999999997025803395e+02 -8.999999999995484359e+02 1.200933099808149807e-06 6.133732930421829366e+01
-7.999999002820811711e+02 -8.000000000000000000e+02 2.944238992777411775e-04 6.139665200710296489e+01
-6.909998450419757319e+02 -6.999999999999288320e+02 9.950045688285063861e+00 6.136242325305939005e+01
-5.997769994395981712e+02 -5.999999999999981810e+02 3.521765882010274851e-01 6.212419455051421835e+01
-4.999029638041144494e+02 -4.999371287303421241e+02 1.093548289737195783e-01 6.146583324670791626e+01
-4.000000000000000000e+02 -4.000000000000000000e+02 0.000000000000000000e+00 6.160112349987029745e+01
-2.991542848014707374e+02 -2.990050409429067031e+02 7.226307560514710904e-01 6.159185879230498983e+01
-1.994135738100280832e+02 -2.000000000000000000e+02 1.038824374149533325e+00 6.154603904485702515e+01
-9.982830470921022936e+01 -1.000000000000000000e+02 2.088296756525269415e-01 6.145300794839859293e+01
1.519795799926836537e+02 1.170693934401635943e+02 6.056056101376392320e+01 6.141787389516830586e+01
2.002469617061740905e+02 2.000011548599851494e+02 4.932566254791175830e-01 6.162541099786758281e+01
3.016204166257414272e+02 3.020197639804966911e+02 8.090244591566430055e-01 6.154798239469528198e+01
4.017038964748331864e+02 4.020381339379516135e+02 7.778230717293277419e-01 6.152124269008636759e+01
5.000263236021824014e+02 5.000099205070126800e+02 3.452255916490245408e-02 6.147824349403381206e+01
6.000194318197552548e+02 6.000194318197550274e+02 2.273736754432320595e-13 6.154856389760971069e+01
7.700000000000014779e+02 8.000000000000000000e+02 4.582575694955898626e+01 6.148561439514160298e+01
8.250000000000000000e+02 8.000000000000001137e+02 6.224949798994359895e+01 6.151919480562209941e+01
1.023289998422385565e+03 1.000000000000000114e+03 1.162537238791475716e+02 6.150257635116577148e+01
1.008051207225257144e+03 1.000000000000000114e+03 1.516686607397886100e+01 6.224289630651473715e+01
1.121112855691216737e+03 1.100000000000000227e+03 4.030982635649515800e+01 6.223572099208831787e+01
1.204773558221798112e+03 1.200080948985149917e+03 1.085635262390482403e+01 6.236652580499649190e+01
1.355197793275503045e+03 1.355836644557756244e+03 5.024436694862859554e+01 6.230876200199126913e+01
1.440000000000000455e+03 1.400000000000001364e+03 4.898979485566353986e+01 6.163050475120544291e+01
