-1.399999997008967057e+03 -1.399999999088701998e+03 5.341272025264439938e-06 2.512121045589447021e+01
1.711234514332839467e+02 -8.668750595164588049e+02 2.342325674157876620e+03 2.529295549392700337e+01
-1.199999985555519743e+03 -1.199999991700283772e+03 1.664327958704469806e-05 2.499230815172195364e+01
-1.099999921721401279e+03 -1.099999986850233654e+03 1.307512716570288444e-04 2.504337064027786397e+01
-9.999998981698230409e+02 -9.999999477211218846e+02 1.341967573276724710e-04 2.515114865303039693e+01
-8.999999999800669457e+02 -8.999999999951127165e+02 5.951232036328815610e-08 2.518606480360030986e+01
-7.999973392504277854e+02 -7.999989465135228102e+02 3.593894292993504713e-03 2.524462000131607198e+01
-6.929973547024585514e+02 -6.999945361258628509e+02 9.537732269147976893e+00 2.511823954582214213e+01
-5.999581278225912229e+02 -5.999962172862378793e+02 1.627324226512967265e-01 2.598684159517288350e+01
-4.999965310392709625e+02 -4.999997072274472885e+02 4.171822011824924230e-03 2.525848079919814992e+01
-3.999999971741327158e+02 -3.999999990061652397e+02 5.212475987414751265e-06 2.528347184658050395e+01
-2.999999969046944557e+02 -2.999999993595471892e+02 5.619408784105760144e-06 2.532002450227737356e+01
-1.999999984661590418e+02 -1.999999993024329115e+02 2.237680831095130066e-06 2.531809494495391988e+01
-9.990632126300100424e+01 -9.999996523279571647e+01 1.430484368028822340e-01 2.521691235303878642e+01
1.002498439605916190e+02 1.003121963096096465e+02 1.872792050993795643e-01 2.526247470378875803e+01
2.000638879658446285e+02 2.000137549578046219e+02 1.409497353005205456e-01 2.538946524858474874e+01
3.009175742524428188e+02 3.000100060432718010e+02 1.012346926189241936e+00 2.521252584457397461e+01
4.007290322028096057e+02 4.000505608141164657e+02 9.512896033888745828e-01 2.526449879407882548e+01
5.000000000000383125e+02 5.000000000000001137e+02 1.367706257533136702e-10 2.519587165117263794e+01
6.000029216689956684e+02 6.000000007264848136e+02 6.935699989123166216e-03 2.523094490766525411e+01
7.000299934590610746e+02 7.000194163385554020e+02 2.887706699588164783e-02 2.534751119613647319e+01
8.000032338726124408e+02 8.000016050024551078e+02 5.109067767813016414e-03 2.533711339235305715e+01
9.341260225535621657e+02 9.000020971424432901e+02 6.946568766358075209e+01 2.533946105241775371e+01
1.000000676313163467e+03 1.000000360749172842e+03 9.617228406941922452e-04 2.614695010185241841e+01
1.110003088611909106e+03 1.100001934800827712e+03 2.999898890265405171e+01 2.612769659757613994e+01
1.200085524339832546e+03 1.200000019209892343e+03 1.507513257467290035e-01 2.621527290344238281e+01
1.340644581790984148e+03 1.302290221601280564e+03 4.846989121520432064e+01 2.617750560045242381e+01
1.400018040940448145e+03 1.400012323383988814e+03 1.602487929385685780e-02 2.541885869503021311e+01
