-1.400000000000000000e+03 -1.400000000000000000e+03 1.016845989170082993e-13 4.665368137478828316e+02
2.595453987801719049e+05 2.546931377200113493e+05 1.712796091982348589e+05 4.673881790041923523e+02
6.640280542356511205e+07 1.729057795861546695e+07 1.387921102691026032e+08 4.672689617514610063e+02
9.180436352357730357e+03 5.949736882961060473e+03 8.419190733212779378e+03 4.672392266511917001e+02
-9.999999997380064087e+02 -9.999999999022079464e+02 3.413551188499566995e-07 4.672070991992950439e+02
-8.856267786601580383e+02 -8.901867645778461338e+02 1.938089993044364689e+01 4.668176988482475167e+02
-7.459404865857834466e+02 -7.527332048587370537e+02 2.284481774073960736e+01 4.676630278944969064e+02
-6.796558325681029373e+02 -6.796516635253344703e+02 8.076456188417290016e-02 4.671068444013595808e+02
-5.934957618958766261e+02 -5.933307166580462990e+02 1.716160668608288198e+00 4.759004412531852495e+02
-4.981809253989234776e+02 -4.983902491061807041e+02 1.045509569534702754e+00 4.670298922061920166e+02
-4.000000000000000000e+02 -3.999999999999999432e+02 5.540411134921307246e-14 4.672782849550247306e+02
-2.638758699680888640e+02 -2.665365257822065814e+02 1.354260035793847194e+01 4.673681354522705078e+02
-1.505100797589758201e+02 -1.497909244089672143e+02 1.447879551408349563e+01 4.673036690473556405e+02
-7.223069813479398249e+01 -9.642890320971036999e+01 4.860866424480438042e+01 4.671723060965538252e+02
1.118619740995640996e+03 1.094336176238412008e+03 2.529360021677617567e+02 4.672252536535262948e+02
2.005544174489128295e+02 2.005101881992817425e+02 2.258544962492890495e-01 4.695104165911674272e+02
3.086369049383962988e+02 3.101473434148757633e+02 3.625989570470032675e+00 4.669797181487083435e+02
4.360845638715379096e+02 4.347929671578534681e+02 1.446330547969932390e+01 4.672761384487151872e+02
5.004553120828113606e+02 5.004518224445218948e+02 1.522920838485503081e-01 4.669868988513946420e+02
6.034545167057981416e+02 6.034816879208336786e+02 4.279374272414090963e-01 4.671469313979148978e+02
1.000000000724821462e+03 1.000000000621861773e+03 3.584567655510226852e-07 4.675038623452186357e+02
8.897022232862451574e+02 9.031002837374012415e+02 7.224048767276039484e+01 4.678705315589904785e+02
2.352139535131704633e+03 2.308060546941743269e+03 2.776730477893421494e+02 4.678502980470657349e+02
1.216275943570045683e+03 1.219942160322068048e+03 1.502299869444090596e+01 4.768203141927718889e+02
1.318529995271501093e+03 1.318161500827877262e+03 4.437713496234056088e+00 4.768205165028572310e+02
1.436506666291427564e+03 1.400056758452020631e+03 8.021424288445666662e+01 4.774039433002471924e+02
1.851020764218365457e+03 1.855002250128563219e+03 4.728337965307293445e+01 4.771429475069045907e+02
1.743967870411012427e+03 1.700000001849504770e+03 1.347900308731942403e+02 4.682308359980582964e+02
