-1.400000000000000000e+03 -1.400000000000000000e+03 0.000000000000000000e+00 5.370332750082015849e+01
1.455971528206829817e+03 3.854929871257361924e+02 3.137370842237500710e+03 5.404664279222488688e+01
-1.200000000000000000e+03 -1.200000000000000000e+03 0.000000000000000000e+00 5.371640655994415425e+01
-1.100000000000000000e+03 -1.100000000000000000e+03 0.000000000000000000e+00 5.378749644756317139e+01
-9.999999999999903366e+02 -9.999999999999992042e+02 1.701691079307584567e-11 5.377687615156173706e+01
-8.999999999999688498e+02 -8.999999999999977263e+02 7.651594199333140677e-11 5.392569910287856771e+01
-7.998884157908031511e+02 -7.999999712223338975e+02 4.062043484111332869e-01 5.386594760417938232e+01
-6.909977591098438552e+02 -6.999999999999998863e+02 9.952352774868419516e+00 5.381240254640579224e+01
-5.997444148341837717e+02 -5.999968417656416477e+02 3.463728228852365754e-01 5.449579524993896484e+01
-4.996998789409267374e+02 -4.996658650420639560e+02 1.993957296293049075e-01 5.383974909782409668e+01
-3.995522684243080107e+02 -4.000000000000000000e+02 6.655822470350017950e-01 5.387397719621658609e+01
-2.981593267519412507e+02 -2.985075614143600546e+02 1.345034193077766949e+00 5.388612945079803751e+01
-1.981821828084805759e+02 -1.979440450976274519e+02 1.296823249279417389e+00 5.387077469825744913e+01
-9.432706000390929546e+01 -9.968782674401859367e+01 1.442105239833951735e+01 5.377281469106674194e+01
1.552470903572863676e+02 1.252919169042639851e+02 5.224867468159023787e+01 5.376103420257568644e+01
2.005225639950232051e+02 2.000000132998022764e+02 7.654896664403624262e-01 5.407048369646072672e+01
3.018352484889564380e+02 3.020512774252394479e+02 7.528305983899086229e-01 5.381903105974197388e+01
4.024898626226334386e+02 4.027239609173863641e+02 9.948059700565815566e-01 5.387692084312438823e+01
5.000437944355664399e+02 5.000197293441220836e+02 4.872819151853203384e-02 5.385221320390701294e+01
6.000400332295968155e+02 6.000194318197550274e+02 3.563704350556589490e-02 5.378559520244598247e+01
7.600000000000000000e+02 8.000000000000000000e+02 4.898979485566356118e+01 5.392905189990997172e+01
8.136906677788717843e+02 8.119064486507387528e+02 2.724848298342116237e+01 5.392419549226760722e+01
1.015988570514864819e+03 9.972115361865608065e+02 1.108864490492523061e+02 5.393275234699249410e+01
1.018118135926826994e+03 1.018804861727787397e+03 1.901807793903488886e+01 5.459626954793930054e+01
1.126953619114056664e+03 1.116659514096306793e+03 3.091764245260237587e+01 5.460996445417404033e+01
1.208265624733815002e+03 1.200258041854945759e+03 1.395483843237354371e+01 5.463932930231094076e+01
1.355801359920243613e+03 1.324849290038735489e+03 5.518049635309953516e+01 5.463644790649414062e+01
1.415000000000000000e+03 1.400000000000000000e+03 3.570714214271424680e+01 5.404098110198974325e+01
