-1.400000000000000000e+03 -1.400000000000000000e+03 1.245376910231166390e-13 7.538883818030357133e+02
6.977811414142408175e+05 6.487479727098352741e+05 3.388215615558136487e+05 7.399462790489196777e+02
6.967115517779666185e+07 3.622939323752845824e+07 8.113030835592785478e+07 7.416833209991455078e+02
3.940378320504943076e+03 3.745061397704493174e+03 2.620130324928381924e+03 7.501186048030853044e+02
-9.999999992390469288e+02 -9.999999995239362534e+02 7.503542415847867534e-07 7.306150873422623135e+02
-8.781272977928689443e+02 -8.860543673743088675e+02 1.837436534629213369e+01 7.311919746518135526e+02
-7.193731895457669907e+02 -7.253065274739381039e+02 3.141350922993695249e+01 7.505800472974776767e+02
-6.790585564021376968e+02 -6.790410669461327871e+02 7.744386059769628461e-02 6.944136383414268039e+02
-5.779007752825170883e+02 -5.776377141593598026e+02 3.445875828523530249e+00 8.712133122563361667e+02
-4.999576080051093641e+02 -4.999593365444716824e+02 1.810591681024036059e-02 7.462056122064590227e+02
-3.764692339237984697e+02 -3.766184747528553771e+02 6.987939714790025292e+00 7.604566226482390903e+02
-1.893488293246937815e+02 -1.898557832207296769e+02 1.480218982290111107e+01 7.473420762538910367e+02
9.459207111783811683e-01 -1.427048830184133976e+01 4.684116198859145896e+01 7.047750185489654768e+02
9.029001185733568491e+02 9.295731247235362389e+02 2.153140974946975064e+02 7.481946564555167924e+02
4.281596432695649128e+03 4.327224178106056570e+03 4.856182363682520418e+02 7.375334170460700989e+02
2.005151874987986389e+02 2.004353358779961809e+02 2.952955690676402067e-01 7.916093415498733066e+02
3.455348350228557592e+02 3.467968381938887887e+02 1.140538838961315626e+01 7.405127498030662991e+02
5.007824027484397220e+02 5.013223046795392293e+02 1.585517214211877857e+01 7.407138815522193909e+02
5.025179551181489046e+02 5.023920489338945572e+02 7.167304273606476261e-01 7.330297139525413286e+02
6.126915431448971958e+02 6.123778360610328946e+02 1.513931975098320004e+00 7.439255931496620633e+02
9.986307533310933877e+02 1.000000000024276119e+03 8.424206392586684444e+01 7.498579046964645158e+02
1.786705824274407860e+03 1.809538676592997717e+03 1.651399004888345416e+02 7.539260755538940657e+02
5.302381140268420495e+03 5.391478562282214625e+03 8.977635184555706473e+02 7.593338284969329379e+02
1.275438367979933446e+03 1.277041929532622362e+03 9.857722791395721273e+00 8.797109968423843611e+02
1.385202101225863089e+03 1.386633411065558448e+03 8.314681232372484132e+00 8.799899230480193637e+02
1.523513992297981758e+03 1.559249182360827035e+03 7.202810557096670152e+01 8.867815711021423795e+02
2.260901792875983119e+03 2.265838011646118503e+03 8.615414999460523404e+01 8.841787423014641263e+02
1.755625677385199651e+03 1.700000000066871507e+03 2.424667060479208942e+02 7.701718618512153398e+02
