-1.399999999945323452e+03 -1.399999999962765969e+03 6.526644802076672739e-08 7.008586369752883627e+01
4.914937601782979073e+03 4.010478188710668746e+03 5.721773211751289637e+03 7.021325509548186972e+01
-1.199999517773509297e+03 -1.199999789485410020e+03 6.256178253232015695e-04 7.011040209531783773e+01
-1.099998698580436894e+03 -1.099999762463530033e+03 2.704263425440327651e-03 7.014333986043929769e+01
-9.999998954700555487e+02 -9.999999236658611608e+02 7.800813792056878067e-05 7.013659754991530804e+01
-8.999324973025608188e+02 -8.999953541359003566e+02 1.838963052104909957e-01 7.007302279472351358e+01
-7.993122370156286252e+02 -7.999924014844436897e+02 1.879692081691353156e+00 7.020097805261612223e+01
-6.880630976391778404e+02 -6.799999947483026972e+02 9.748838434887794335e+00 7.016954975128173544e+01
-5.996599222020863635e+02 -5.999534804422946763e+02 3.854936787798586839e-01 7.103576810359955118e+01
-4.996758080237601689e+02 -4.997446679768425497e+02 2.640128305152815158e-01 7.012497075796127888e+01
-3.999999999091789959e+02 -3.999999999506275117e+02 9.965190339949329915e-08 7.021504315137863728e+01
-2.982588167204553997e+02 -2.990050343403083843e+02 1.961734758804425161e+00 7.022968775033950806e+01
-1.987393164986811485e+02 -1.990050367345787095e+02 1.314697745668390150e+00 7.026145504713058187e+01
-9.829305379167553269e+01 -9.999999750004946009e+01 5.018592529771181532e+00 7.016164175271987347e+01
1.902662978736241826e+02 1.460095598008823572e+02 9.928625009127647161e+01 7.017482326030730633e+01
2.003116582506419832e+02 2.001338516025778631e+02 5.355758761059276063e-01 7.043432830572128012e+01
3.017183282626378968e+02 3.020197647138372758e+02 7.218490256794246607e-01 7.014495799541472820e+01
4.018156389195547149e+02 4.020977527271735426e+02 7.544164645228407240e-01 7.018223268985748575e+01
5.000231479921590108e+02 5.000197366964339381e+02 2.692487342319948088e-02 7.011032235622406006e+01
6.000174886596880697e+02 6.000194318199326062e+02 5.829493348480574086e-03 7.013698929548263550e+01
7.700030402864431380e+02 8.000005227323382542e+02 4.582264676653611701e+01 7.030013674497604370e+01
8.150004795408442533e+02 8.000004318887010868e+02 4.769683437951466942e+01 7.033502264022827433e+01
1.094209007651654929e+03 1.182490187300242724e+03 1.215761409005953908e+02 7.031272085905075642e+01
1.014091123255211414e+03 1.003140086797031358e+03 2.441067134751951073e+01 7.116669139862059978e+01
1.156457663931941852e+03 1.200000030150268230e+03 4.953617711316457672e+01 7.114580539464949993e+01
1.212552233216490322e+03 1.204307280309387124e+03 1.406670429331329153e+01 7.124056519269943522e+01
1.363799537458675331e+03 1.400000090580520919e+03 5.349111694332932387e+01 7.123229109048843100e+01
1.460002051882038359e+03 1.500000428264192124e+03 4.898832195792562771e+01 7.038883064985274984e+01
