-1.400000000000000000e+03 -1.400000000000000000e+03 0.000000000000000000e+00 7.258278545141220661e+01
3.700345341210485003e+03 1.971388727865547025e+03 4.690025392480081791e+03 7.269780410528183268e+01
-1.200000000000000000e+03 -1.200000000000000000e+03 1.136868377216160297e-13 7.256461220979690552e+01
-1.100000000000000000e+03 -1.100000000000000000e+03 0.000000000000000000e+00 7.262521710395813557e+01
-9.999999999976371328e+02 -9.999999999991623554e+02 4.423876221586204380e-09 7.266656324863433269e+01
-8.999991525015336720e+02 -8.999999999701099114e+02 3.689411848230897059e-03 7.251459095478057293e+01
-7.999991822896853364e+02 -7.999999999663923518e+02 3.563787605564226052e-03 7.266945569515227987e+01
-6.899996522382758712e+02 -6.899999995637141410e+02 1.000034763646487335e+01 7.263636494874954508e+01
-5.999114100921681256e+02 -5.999999974598772496e+02 2.678419737935201494e-01 7.346782304048538492e+01
-4.999326763239045022e+02 -4.999605413117936905e+02 8.125522724382580608e-02 7.257721529006957439e+01
-4.000000000000000000e+02 -4.000000000000000000e+02 0.000000000000000000e+00 7.273048410415648846e+01
-2.988557975881244033e+02 -2.990050409429067031e+02 1.269302851604694693e+00 7.272514125108719441e+01
-1.993657986399060178e+02 -2.000000000000000000e+02 1.118370837467727252e+00 7.272228339910506634e+01
-9.992195668600459157e+01 -9.999999999999994316e+01 1.351749850309936218e-01 7.265495560169219402e+01
1.470929784610616480e+02 1.170693934401637648e+02 6.341697722270956206e+01 7.260394109487533854e+01
2.000266522567395384e+02 2.000000026596700309e+02 1.055709217115137211e-01 7.290748850107192425e+01
3.015158726620026073e+02 3.020196068559067726e+02 8.740397094497924790e-01 7.261149244308471395e+01
4.019166574508568033e+02 4.020618987412372007e+02 6.596315461331803132e-01 7.264072885513306232e+01
5.000217134811011306e+02 5.000197293441220268e+02 2.151602264857914101e-02 7.261074765920639607e+01
6.000165170467920461e+02 6.000194318197550274e+02 6.938547500843658851e-03 7.265762389898300455e+01
7.700000000312136308e+02 8.000000000048903530e+02 4.582575693792507110e+01 7.277840344905852987e+01
8.350000000053729536e+02 8.000000000026701628e+02 6.538348415571692840e+01 7.276579970121383667e+01
1.061345071572733559e+03 1.043974707184709814e+03 1.040329085991364622e+02 7.277818675041199015e+01
1.006203076368850475e+03 1.000000000014941065e+03 8.891744928297701023e+00 7.361152875423431396e+01
1.120000000096234771e+03 1.100000000015932301e+03 3.999999995203501868e+01 7.361911514997481731e+01
1.201864696746520849e+03 1.200080948985144005e+03 6.485758580666929340e+00 7.366270951032637981e+01
1.374284423230368247e+03 1.400000000002560682e+03 6.037661009536025603e+01 7.365227249860762981e+01
1.430000000069577027e+03 1.400000000082695806e+03 4.582575691317754973e+01 7.286902180910109905e+01
