-1.399999998949516794e+03 -1.399999999441801265e+03 1.498618244566880021e-06 6.138397129774093486e+01
2.810495315058012238e+03 8.993272157155547575e+02 4.727600380192157900e+03 6.153468840122222616e+01
-1.199991022550854041e+03 -1.199998688160545498e+03 2.120867387300002724e-02 6.142357339859008647e+01
-1.099941105964502185e+03 -1.099996331462096805e+03 1.238590306391978008e-01 6.147539994716644429e+01
-9.999994380352711687e+02 -9.999997433593721325e+02 7.449827361254293201e-04 6.143862730264663696e+01
-8.995808326154026417e+02 -8.999418032332112034e+02 1.277348439572655758e+00 6.139912364482879781e+01
-7.887237059868393771e+02 -7.987044214036104677e+02 2.009849850921876779e+01 6.156476424932479574e+01
-6.826249061923421095e+02 -6.799939495472455064e+02 6.322059594241761893e+00 6.151635984182357930e+01
-5.993039367614309185e+02 -5.992387925368109336e+02 3.946852542045040102e-01 6.246950520277023600e+01
-4.949257917274292708e+02 -4.981847264427592563e+02 6.167866106256654213e+00 6.148698019981384277e+01
-3.999004970680646807e+02 -3.999999968344261561e+02 2.984854731264449668e-01 6.158480715751647949e+01
-2.962191307757012737e+02 -2.980100364364338930e+02 3.581837778661689065e+00 6.156822719573974467e+01
-1.974293917677868535e+02 -1.971206152321884701e+02 1.668712737286533354e+00 6.169236245155334331e+01
-8.092195378162367092e+01 -9.968775601543973153e+01 3.522034508456601287e+01 6.151158235073089742e+01
1.936882555854879229e+02 2.173850554864342257e+02 6.883835660793930344e+01 6.152769130468368530e+01
2.013660733436480825e+02 2.013860981144946720e+02 9.198439736616089712e-01 6.181159279346466207e+01
3.017878717879269743e+02 3.020658037820067534e+02 7.441369841553641118e-01 6.149457845687866353e+01
4.030231357694525514e+02 4.026166418947059356e+02 1.277346036493986592e+00 6.155117154121398926e+01
5.000447123920835111e+02 5.000472350107023658e+02 3.082758629044826670e-02 6.144059410095214702e+01
6.001581469638881572e+02 6.000194320495347711e+02 2.335127372122834943e-01 6.146060105562209941e+01
8.150127766088513681e+02 8.000045092112584371e+02 8.528859468012473144e+01 6.164588279724121378e+01
8.851613077978008732e+02 8.626430308082897227e+02 1.040040454943906099e+02 6.165509610176086142e+01
1.108519345407205037e+03 1.135873933704492629e+03 1.056014368888271093e+02 6.165471299886703349e+01
1.064524797783483791e+03 1.096063288821039350e+03 4.460219488867986826e+01 6.264299144744872905e+01
1.178103433654042419e+03 1.200000246147399594e+03 4.017770813926608753e+01 6.264312424659728862e+01
1.233630441399341862e+03 1.229844053468361153e+03 3.749119018428416439e+01 6.271149984598159932e+01
1.469575197581879593e+03 1.450291005575531472e+03 8.951020654715773617e+01 6.268159799575805380e+01
1.480005745139684223e+03 1.500001871893882253e+03 3.999743181762767819e+01 6.184409514665603780e+01
