-1.399999999998695330e+03 -1.399999999999578904e+03 3.009722473841451855e-09 4.689954473972320557e+02
8.806798850192896498e+04 6.724178257660004601e+04 6.387660551907775516e+04 4.705393880009651184e+02
8.390057404174704570e+05 1.295932365915855626e+05 2.044474354858569568e+06 4.699538719534874076e+02
2.296982100835076380e+03 1.386811301202081722e+03 2.631053106037014459e+03 4.713112578988075256e+02
-9.999999906128945213e+02 -9.999999930989838504e+02 7.648414220468519999e-06 4.691214896440505981e+02
-8.854879948817903141e+02 -8.901875674946404615e+02 2.048495907453681042e+01 4.688264638423919450e+02
-7.930467881463257527e+02 -7.990042881885819952e+02 1.187917134842677847e+01 4.702478403091430437e+02
-6.796732509141863829e+02 -6.796739213321358193e+02 7.537496039002365700e-02 4.659779383063316232e+02
-5.960675408972690548e+02 -5.954522261507172516e+02 1.769056599607020885e+00 4.802706026911735648e+02
-4.998148954148611551e+02 -4.998424528733989405e+02 9.453495250474852618e-02 4.694870844960212821e+02
-3.977115941678528657e+02 -3.980100818847417941e+02 1.410597917958802405e+00 4.696386579036712874e+02
-2.834845918973413745e+02 -2.837662847233098091e+02 6.956445808398566300e+00 4.696905354499816667e+02
-1.693286889488016413e+02 -1.683208522863799601e+02 9.796716229076926297e+00 4.690000826001167411e+02
5.510934218185477818e+01 7.430236773077740509e+01 7.511473012214175071e+01 4.694307443022727853e+02
8.653475565562430347e+02 8.692944841177572926e+02 3.073928957309987595e+02 4.691460724949836845e+02
2.002655498710485062e+02 2.001953785747082577e+02 1.770976420617036418e-01 4.722056615471839791e+02
3.111028806027595124e+02 3.114695435510873267e+02 3.139361984940948869e+00 4.692017625451088065e+02
4.204506182918852346e+02 4.189659267774675300e+02 8.155117512125597656e+00 4.698732715010643233e+02
5.005599786850680175e+02 5.005451467023472674e+02 2.193674653035887490e-01 4.694402480006218070e+02
6.030921522713671266e+02 6.030338514403104000e+02 4.562950242917945820e-01 4.697239176511764640e+02
1.000000353621722070e+03 1.000000287059865741e+03 2.314650201490093401e-04 4.700785526990890730e+02
1.089864577049345144e+03 1.090199965508663354e+03 1.057458471767081107e+02 4.703187280535697710e+02
1.873003789581643332e+03 1.820484290320328682e+03 2.943083859523308661e+02 4.700260123491287345e+02
1.214845416950795425e+03 1.214504050835814269e+03 3.413630414620485443e+00 4.810870254993438948e+02
1.316136512125883655e+03 1.316470573029219167e+03 3.660795419783045457e+00 4.809422423958778268e+02
1.405976304233211067e+03 1.400028588623512405e+03 2.593092132278540163e+01 4.828693269014358407e+02
1.800269345216874399e+03 1.821961644702088506e+03 7.016170318618883073e+01 4.814002986907959212e+02
1.700001273411462080e+03 1.700000887586270892e+03 1.159090750571063625e-03 4.711434773564338911e+02
