-1.400000000000000000e+03 -1.400000000000000000e+03 0.000000000000000000e+00 6.036209939718246176e+01
3.383049683870737681e+03 1.512292751342175507e+03 4.594334138874832206e+03 6.030546660423279093e+01
-1.200000000000000000e+03 -1.200000000000000000e+03 0.000000000000000000e+00 6.031752140522003458e+01
-1.100000000000000000e+03 -1.100000000000000000e+03 0.000000000000000000e+00 6.033833270072936728e+01
-9.999999999999761258e+02 -9.999999999999857891e+02 2.885114589124397168e-11 6.037232064008712484e+01
-8.999816233984371365e+02 -8.999960558020042072e+02 3.647295930894205174e-02 6.017268885374069498e+01
-7.973262572508228914e+02 -7.998925517858776857e+02 4.775776607964198561e+00 6.040734049081802226e+01
-6.871029603459451209e+02 -6.799999974135635057e+02 9.199713129977883597e+00 6.025529029369354106e+01
-5.996621250085050860e+02 -5.999657654288587310e+02 3.805275465891897468e-01 6.101830440759658813e+01
-4.993723669325921719e+02 -4.995807514447236599e+02 6.663750638682286453e-01 6.034351699352264120e+01
-3.999005040942906817e+02 -4.000000000000000000e+02 2.984877171279891050e-01 6.045559459924697876e+01
-2.983583185633599442e+02 -2.990050409429067031e+02 1.702367015332149514e+00 6.046327489614486694e+01
-1.982046120370767426e+02 -1.979440450976274519e+02 1.244712866628414405e+00 6.045627369880676127e+01
-9.362967695989182459e+01 -9.984391337200929684e+01 1.459526453216513886e+01 6.033381035327911235e+01
1.955735770371368858e+02 1.667270639936470502e+02 8.590850119366554338e+01 6.024883455038070679e+01
2.010272163719194793e+02 2.008607849232193985e+02 8.165536940750420802e-01 6.047347120046615743e+01
3.014298837747711559e+02 3.020197639804966911e+02 9.363886275675125104e-01 6.039068204164505005e+01
4.019349092252222704e+02 4.021299203124490305e+02 9.510142149307353465e-01 6.034061119556427144e+01
5.000538641808246325e+02 5.000297145883958478e+02 5.603432963163692410e-02 6.030799450874328471e+01
6.000358772907313778e+02 6.000194318197550274e+02 4.190849461808099363e-02 6.039710218906402872e+01
7.800000000000000000e+02 8.000000000000000000e+02 3.999999999999995737e+01 6.036880420446395590e+01
8.411425734031139427e+02 8.000000000000000000e+02 8.048927160354530486e+01 6.037157214879989908e+01
1.097426514207080345e+03 1.141245093649094088e+03 1.199415273785934204e+02 6.035527070760726787e+01
1.008325337871392776e+03 1.000000000000000000e+03 1.353869331976797596e+01 6.113890789747237875e+01
1.154183535719391784e+03 1.171322563817258015e+03 4.834505965072749234e+01 6.118424595594406412e+01
1.213905153054988205e+03 1.200435134724740237e+03 3.129286999617393050e+01 6.132564014196395874e+01
1.385544534005765399e+03 1.400000000000000000e+03 4.483856986014109225e+01 6.121537325382232808e+01
1.450000000000000000e+03 1.450000000000001137e+03 4.999999999999987921e+01 6.104577050209045552e+01
