-1.400000000000000000e+03 -1.400000000000000000e+03 0.000000000000000000e+00 6.096848585605621196e+01
4.062979544641490861e+02 -1.015573790526843709e+03 2.381236302894710661e+03 6.143883160352707051e+01
-1.200000000000000000e+03 -1.200000000000000000e+03 0.000000000000000000e+00 6.090712975263595297e+01
-1.100000000000000000e+03 -1.100000000000000000e+03 0.000000000000000000e+00 6.101202970743179321e+01
-9.999999999999893134e+02 -9.999999999999963620e+02 1.293469466886635313e-11 6.106133410930633687e+01
-8.999999999999988631e+02 -9.000000000000000000e+02 2.063658810206032508e-12 6.112822715044021749e+01
-7.999999494215990126e+02 -8.000000000000000000e+02 2.139557830796954825e-04 6.116351094245910502e+01
-6.938206838104806593e+02 -7.000000000000000000e+02 9.081774806178252391e+00 6.109295849800109579e+01
-5.997750268068582500e+02 -6.000000000000000000e+02 3.436522289692255927e-01 6.196749969720840312e+01
-4.999525310703314744e+02 -4.999704158387879147e+02 4.739565033593758775e-02 6.111310695409774496e+01
-3.999005040942906817e+02 -4.000000000000000000e+02 2.984877171279891050e-01 6.115949274301529215e+01
-2.992537807071800557e+02 -2.990050409429067031e+02 6.193570182460541584e-01 6.116785275936126709e+01
-1.981299892661189688e+02 -1.979440450976274519e+02 1.301538003823365930e+00 6.114214185476303243e+01
-9.894361771160390617e+01 -9.968782674401859367e+01 3.679008073109593546e+00 6.107792365550994873e+01
1.087632816771296973e+02 1.003121732559814063e+02 2.590519268945549314e+01 6.102319974899292276e+01
2.000340034738997588e+02 2.000000000000006253e+02 1.476887085740179739e-01 6.150345920324325277e+01
3.016816422091086451e+02 3.020257323738570108e+02 8.592010799443101643e-01 6.113094300031661987e+01
4.016618692389671423e+02 4.020511098873816991e+02 9.869439661222152438e-01 6.117262475490569784e+01
5.000108511392671744e+02 5.000197293441220268e+02 9.815224771884980409e-03 6.099958765506744385e+01
6.000174886377798202e+02 6.000194318197550274e+02 5.829545926508218449e-03 6.102387655973434732e+01
7.300000000000023874e+02 7.000000000000000000e+02 4.582575694955684753e+01 6.131399840116500854e+01
8.389714765787919077e+02 8.000000000000000000e+02 8.599762404466923726e+01 6.126252239942550659e+01
1.029671069275175341e+03 1.002660026539210662e+03 1.054673149005329407e+02 6.119038079977035238e+01
1.006618541819983307e+03 1.000000000000000000e+03 9.019638281405047309e+00 6.212993749380111552e+01
1.100000000000000000e+03 1.100000000000000000e+03 0.000000000000000000e+00 6.212335439920425273e+01
1.204181892760247592e+03 1.200080948985142413e+03 8.220093405583821067e+00 6.214202480316161825e+01
1.376914571500343754e+03 1.405137812343155701e+03 6.162481120727385075e+01 6.215755940675735758e+01
1.415000000000000000e+03 1.400000000000000000e+03 3.570714214271424680e+01 6.396941019296646402e+01
