-1.400000000000000000e+03 -1.400000000000000000e+03 0.000000000000000000e+00 6.746366775035858154e+01
4.410200284362216735e+03 3.921660550095361486e+03 4.700084177413485122e+03 6.739459899663924602e+01
-1.200000000000000000e+03 -1.200000000000000000e+03 0.000000000000000000e+00 6.742080845832825275e+01
-1.100000000000000000e+03 -1.100000000000000000e+03 0.000000000000000000e+00 6.743071144819259644e+01
-9.999999999999878355e+02 -9.999999999999909051e+02 1.177523461249079634e-11 6.744702900648117350e+01
-8.999999999997135092e+02 -8.999999999999990905e+02 7.312147245642860840e-10 6.731928725242615030e+01
-7.999999508604772700e+02 -7.999999999999990905e+02 2.141941908012568363e-04 6.734016569852829548e+01
-6.929998306046264815e+02 -6.999999999999972715e+02 9.539622867234049508e+00 6.733483558893203735e+01
-5.996388318084700586e+02 -5.999999999999943157e+02 4.149125443627681431e-01 6.805411274433136271e+01
-4.999113448336371448e+02 -4.999654785752962880e+02 1.421595791081507465e-01 6.744358144998550131e+01
-4.000000000000000000e+02 -4.000000000000000000e+02 0.000000000000000000e+00 6.756795943975448893e+01
-2.991542848014707374e+02 -2.990050409429067031e+02 5.693913456781058979e-01 6.752903195619583698e+01
-1.994036682918001873e+02 -2.000000000000000000e+02 1.052386202551572447e+00 6.755670444965362265e+01
-9.982830470921022936e+01 -1.000000000000000000e+02 2.088296756525269415e-01 6.741563619375229166e+01
1.335082396915196625e+02 1.169133068121730048e+02 3.940996125183706766e+01 6.734627380371094318e+01
2.000409456214850650e+02 2.000000000003319371e+02 1.523863795233851015e-01 6.755387070178986164e+01
3.012288427736138487e+02 3.020197639804966911e+02 1.001461633469917789e+00 6.747703719139099121e+01
4.020411715357716389e+02 4.021747940215080916e+02 7.579212775330576024e-01 6.745583755970001505e+01
5.000233530412321556e+02 5.000197293441220268e+02 3.266008093131297918e-02 6.747733269929885580e+01
6.000212110452905563e+02 6.000194318197550274e+02 1.292493591117913933e-02 6.751347810029983521e+01
7.600000000000368345e+02 8.000000000000000000e+02 4.898979485561925884e+01 6.745183044672012329e+01
8.300000000000002274e+02 8.000000000000002274e+02 6.403124237432847110e+01 6.746042045354843708e+01
1.067138508470183297e+03 1.023342765093367348e+03 1.041280997409573956e+02 6.743138439655304239e+01
1.006590470497701745e+03 1.000000000000000682e+03 1.304299985067062373e+01 6.814517644643783001e+01
1.125236093938132626e+03 1.100000000000000227e+03 4.372039749732949332e+01 6.819179600477218628e+01
1.202260489721044451e+03 1.200080948985142413e+03 7.265016795555372831e+00 6.833203674554825113e+01
1.371802017793329014e+03 1.400000000000000000e+03 4.614068321971875974e+01 6.825432929992675213e+01
1.430000000000001137e+03 1.400000000000000455e+03 4.582575694955799150e+01 6.750420730113982870e+01
