-1.400000000000000000e+03 -1.400000000000000000e+03 0.000000000000000000e+00 5.790140830278396322e+01
3.984205859131866418e+03 1.776501352769318601e+03 5.117639797024648033e+03 5.814086289405823038e+01
-1.200000000000000000e+03 -1.200000000000000000e+03 0.000000000000000000e+00 5.789298385381698608e+01
-1.100000000000000000e+03 -1.100000000000000000e+03 0.000000000000000000e+00 5.796400295495986654e+01
-9.999999999999660076e+02 -9.999999999999863576e+02 4.818293764632293956e-11 5.796111243963241577e+01
-8.999921949726980301e+02 -8.999997844150163928e+02 2.411840622812384469e-02 5.803969929218292378e+01
-7.998315601085353137e+02 -7.999979979656200157e+02 5.296993049648898166e-01 5.802006615400314615e+01
-6.882322967680614738e+02 -6.800000000000000000e+02 9.660149214348432878e+00 5.796024835109710693e+01
-5.994582878693253178e+02 -5.992735257707137180e+02 3.743475278704976317e-01 5.878606320619583414e+01
-4.991817521840579275e+02 -4.996263964977941328e+02 1.295941339299964135e+00 5.802901185750961588e+01
-3.996020163771627267e+02 -4.000000000000000000e+02 4.874284009678507834e-01 5.807359219789505289e+01
-2.975126046242854159e+02 -2.990050409429067031e+02 2.213641269158932889e+00 5.810669009685516073e+01
-1.977176996093449475e+02 -1.979440450976274519e+02 1.134255178770990913e+00 5.807378730773925923e+01
-8.370151422492645565e+01 -9.953174011602789051e+01 3.482388726080093022e+01 5.794772609472274638e+01
1.509076187020980626e+02 1.170693934401635943e+02 6.616957731591260483e+01 5.794597184658050537e+01
2.012016631503579447e+02 2.009801728623005488e+02 8.809598177179090994e-01 5.818273445367812968e+01
3.021237673616863049e+02 3.020568530071250279e+02 1.806882173971380012e-01 5.798407524824142456e+01
4.027513093969829470e+02 4.026630355319585419e+02 1.131280787740796878e+00 5.808648824691772461e+01
5.000583303344430419e+02 5.000197293441224247e+02 6.406754419384498578e-02 5.800469930171966837e+01
6.001537346112050955e+02 6.000469399849849879e+02 2.120616070899808692e-01 5.793780934810638428e+01
7.900000000000000000e+02 8.000000000000000000e+02 3.000000000000000000e+01 5.806010559797287129e+01
8.701326279457725832e+02 8.119064486507388665e+02 9.923464883557441851e+01 5.801534140110015869e+01
1.109312179877521203e+03 1.131473780831720433e+03 1.083995006496287061e+02 5.802591060400008871e+01
1.036253052735043866e+03 1.021281431319926469e+03 3.848007133086893106e+01 5.892312254905700541e+01
1.149539272511631225e+03 1.116659648021205612e+03 4.849208436331736749e+01 5.893159289360046671e+01
1.217318618953677060e+03 1.200916606553978909e+03 2.540783080233169855e+01 5.900782394409179688e+01
1.397301719047009556e+03 1.410657301717181781e+03 4.804485752423600786e+01 5.896557935476302958e+01
1.445000000000000000e+03 1.400000000000000000e+03 4.974937185533099893e+01 6.164421129226684570e+01
