-1.399999966607716487e+03 -1.399999984816918186e+03 3.925978798766040397e-05 6.081760615110397339e+01
4.764978621947935835e+02 -3.587560390556434413e+02 2.415838330037353899e+03 6.091260019540786885e+01
-1.199631654647493860e+03 -1.199946814553360582e+03 9.259018994082722775e-01 6.085028374195098877e+01
-1.098891896308610285e+03 -1.099635520084811787e+03 1.330450988707441162e+00 6.086963319778442383e+01
-9.999963273099892831e+02 -9.999972452106276251e+02 3.393271440958449230e-03 6.086698770523071289e+01
-8.999998080141431274e+02 -8.999999303572735698e+02 2.576041307482920578e-04 6.080606080293655680e+01
-7.998979264945364775e+02 -7.999370117722171472e+02 9.901665493535888318e-02 6.093052254915237143e+01
-6.967432482488650294e+02 -6.998914847443027156e+02 7.051643268160564304e+00 6.091842625141143941e+01
-5.997582789176225333e+02 -5.999428417539602378e+02 3.521401596848203197e-01 6.161971009969711588e+01
-4.998577480290588255e+02 -4.998891568487025552e+02 1.096400916809808501e-01 6.086058729887008667e+01
-3.999998634956907608e+02 -3.999999637288802319e+02 2.952712588648960979e-04 6.093640109300613261e+01
-2.995952994273459353e+02 -2.999988382842818737e+02 4.952903066366742824e-01 6.096415779590606832e+01
-1.999993091138087493e+02 -1.999997830391574780e+02 1.275604137164611544e-03 6.097653864622115805e+01
-9.999780701241014924e+01 -9.999891203501272230e+01 2.635095913896141114e-03 6.090321384668349936e+01
1.566315041406328987e+02 1.460153219942679357e+02 5.413749453819125534e+01 6.091131210327148438e+01
2.005598112964761413e+02 2.004935439804334294e+02 2.911021086117152601e-01 6.113849849700928019e+01
3.015166271242454172e+02 3.020202411297647700e+02 8.744627596533754987e-01 6.089713109731674479e+01
4.014546288212785612e+02 4.020604210539704013e+02 8.817823050920400307e-01 6.090235295295715190e+01
5.000101817223483636e+02 5.000000961852656474e+02 1.491425108521803392e-02 6.083661229610443399e+01
6.000155917525233917e+02 6.000194318756996381e+02 7.685844589611143599e-03 6.086391339302063130e+01
7.350902870975344285e+02 7.001748253416253647e+02 4.765176744635991213e+01 6.102610189914703653e+01
8.100147176191626386e+02 8.000113168626162405e+02 3.000080461602083659e+01 6.103247230052947714e+01
9.715607481099307279e+02 9.000861283584611101e+02 1.154978922122299849e+02 6.100634759664535522e+01
1.000022532182370696e+03 1.000011517003252038e+03 2.569280881033065775e-02 6.174992585182189941e+01
1.105029887042204791e+03 1.100027614825139835e+03 2.178795164873683277e+01 6.175479739904403687e+01
1.200245688357543713e+03 1.200091447571207027e+03 2.476141536404027343e-01 6.182139555215835713e+01
1.356448257191546645e+03 1.359419323845342205e+03 4.581774025461905353e+01 6.177079375982284404e+01
1.410083276931677801e+03 1.400101781335643409e+03 2.998233053786293212e+01 6.109122785329818583e+01
