-1.400000000000000000e+03 -1.400000000000000000e+03 0.000000000000000000e+00 2.772398560047149729e+01
4.739134197743990626e+03 3.299452974917350730e+03 5.013820797591790324e+03 2.773962895870208811e+01
-1.200000000000000000e+03 -1.200000000000000000e+03 0.000000000000000000e+00 2.768702689409256124e+01
-1.100000000000000000e+03 -1.100000000000000000e+03 0.000000000000000000e+00 2.771588259935379028e+01
-9.999999999999921556e+02 -9.999999999999970441e+02 1.019137665545713408e-11 2.775234129428863383e+01
-8.999998789974924875e+02 -8.999999998412234845e+02 4.683854307225440933e-04 2.761148489713668752e+01
-7.999998873688601861e+02 -8.000000000000000000e+02 2.943092564337920379e-04 2.775030400753021098e+01
-6.879996735258396257e+02 -6.800000000000000000e+02 9.798225542535480059e+00 2.770078314542770315e+01
-5.999103686477827750e+02 -6.000000000000000000e+02 2.280844655372889218e-01 2.860051394701003957e+01
-4.998133172461007234e+02 -4.999371188752620583e+02 2.594637351389229574e-01 2.776965769529342509e+01
-4.000000000000000000e+02 -4.000000000000000000e+02 0.000000000000000000e+00 2.783882344961166311e+01
-2.983085706105052282e+02 -2.990050409429067031e+02 1.890419795627265032e+00 2.786538324356079244e+01
-1.989664842770407915e+02 -2.000000000000000000e+02 1.435439180979701801e+00 2.786407774686813354e+01
-9.731472168158289549e+01 -9.968782674401859367e+01 5.957885874079859256e+00 2.773107910156250000e+01
1.421272226850247762e+02 1.170693934401635943e+02 4.785425154462907216e+01 2.769480539560317922e+01
2.004246522545149105e+02 2.001313820417670399e+02 5.641812132795764878e-01 2.796244399547576975e+01
3.019295543010795200e+02 3.020227481771768225e+02 4.430854811656003145e-01 2.778273800611496114e+01
4.020628919684899074e+02 4.021651520772570052e+02 8.023288008810639527e-01 2.780392924547195577e+01
5.000202351014833653e+02 5.000099204341738641e+02 3.670511618641914692e-02 2.775761350393295146e+01
6.000194318197552548e+02 6.000194318197550274e+02 2.273736754432320595e-13 2.776887950897216939e+01
7.700000000000000000e+02 8.000000000000000000e+02 4.582575694955839651e+01 2.780891230106353618e+01
8.312642814448033732e+02 8.000000000000000000e+02 5.399034104297925296e+01 2.781027330160140920e+01
1.036281814212471545e+03 9.919285391739410898e+02 1.155621244379950383e+02 2.779733245372772288e+01
1.012156312684811382e+03 1.000000000000000000e+03 2.481664126306432649e+01 2.874194760322570730e+01
1.137466713449250847e+03 1.100000000000000000e+03 4.786028518316496161e+01 2.874465329647064138e+01
1.203540118183575487e+03 1.200080948985142413e+03 9.974824217688334826e+00 2.888082984685897969e+01
1.393668853975907950e+03 1.400000000000000000e+03 3.778645488738033009e+01 2.880672880411147929e+01
1.445000000000000000e+03 1.400000000000000000e+03 4.974937185533099893e+01 2.843260180950164795e+01
