-1.399999999999970896e+03 -1.399999999999998636e+03 1.036668750911709179e-10 5.821292834281921103e+01
2.592871970043782312e+03 7.812970411666835844e+02 3.963522969157540047e+03 5.834255939722061157e+01
-1.199999999993326128e+03 -1.199999999996054612e+03 9.704131472837871189e-09 5.825493329763412476e+01
-1.099999999936399945e+03 -1.099999999992594439e+03 1.292567345586747072e-07 5.829862999916076660e+01
-9.999999988259166912e+02 -9.999999994652367832e+02 1.501714851427815311e-06 5.829959315061569214e+01
-8.999999984811618106e+02 -8.999999999999695319e+02 6.602830636039829477e-06 5.821657480001449869e+01
-7.999999402781687650e+02 -7.999999711524034183e+02 7.584457301259112615e-05 5.833419190645217611e+01
-6.899997319450005762e+02 -6.899998515987106202e+02 1.000019833820828552e+01 5.832802355289459229e+01
-5.997245374105903011e+02 -5.999995657642157312e+02 3.786556740817482170e-01 5.915752990245819376e+01
-4.999649824632257378e+02 -4.999654777864742528e+02 2.623380533354406283e-02 5.827998354434966899e+01
-3.999999999999755573e+02 -3.999999999999962483e+02 4.691580451533911717e-11 5.837506029605865621e+01
-2.992537809584467823e+02 -2.990050409428956186e+02 9.373223830903181231e-01 5.836567224264145182e+01
-1.996916067645506132e+02 -1.999999999999656950e+02 7.341227393409968105e-01 5.838840500116348409e+01
-9.995317401103616817e+01 -9.999999999978132337e+01 1.488971531174906049e-01 5.830874900817870810e+01
1.318221365116050663e+02 1.167572202201834557e+02 4.135739992127602704e+01 5.833872154951095723e+01
2.000013277603277402e+02 2.000008140099995444e+02 1.743710600565736776e-03 5.859907079935074137e+01
3.012125860787773490e+02 3.020196068566322651e+02 9.890543709027180830e-01 5.830724225044250630e+01
4.016404120343938189e+02 4.020444875853207236e+02 8.523170425276891393e-01 5.835973285436629965e+01
5.000088782048739517e+02 5.000000000000000000e+02 1.556618996668646809e-02 5.828899055719375610e+01
6.000184602288559290e+02 6.000194318197550274e+02 4.235066544912933356e-03 5.828130589723586752e+01
7.550000263159995484e+02 8.000000017310949261e+02 4.974935005835229163e+01 5.846757014989852763e+01
8.100000031642127851e+02 8.000000023744385089e+02 2.999999976088422216e+01 5.845112129449844218e+01
1.027989913788280319e+03 9.919285418235979250e+02 1.215170902334858738e+02 5.845567934513091757e+01
1.001104625349202934e+03 1.000000001123490620e+03 4.151215279178205542e+00 5.932875674962997437e+01
1.105000015214817950e+03 1.100000013368386590e+03 2.179449133830773633e+01 5.933399224281311035e+01
1.201441858531182561e+03 1.200435134726390515e+03 3.329639566594315703e+00 5.940575710535049581e+01
1.358874182735462909e+03 1.400000000317299737e+03 5.097032230266673736e+01 5.937640119791031168e+01
1.425000021691142592e+03 1.400000036694777464e+03 4.330126027421375312e+01 5.852847805023193217e+01
