-1.400000000000000000e+03 -1.400000000000000000e+03 0.000000000000000000e+00 5.076674700975418375e+01
3.690679174048035293e+03 7.004321611449516922e+02 4.932238563780415461e+03 5.101865830421447612e+01
-1.200000000000000000e+03 -1.200000000000000000e+03 0.000000000000000000e+00 5.080527945756912089e+01
-1.100000000000000000e+03 -1.100000000000000000e+03 0.000000000000000000e+00 5.082769989967346191e+01
-9.999999999999643023e+02 -9.999999999999899956e+02 5.319696752343019320e-11 5.086961059570312216e+01
-8.999932986398104049e+02 -8.999999962079829174e+02 1.542530828665679074e-02 5.087541409730911113e+01
-7.979927319040132261e+02 -7.999998708677885588e+02 8.331173344339752873e+00 5.086792175769805624e+01
-6.848196147748869862e+02 -6.799998830210595315e+02 8.382198746276406709e+00 5.082578674554824971e+01
-5.995538412418201233e+02 -5.995401519348372403e+02 3.650609032474533833e-01 5.178388220071792603e+01
-4.996612857632509304e+02 -4.998779751917996350e+02 5.834642666879646944e-01 5.088926315307617188e+01
-3.994527727704896733e+02 -4.000000000000000000e+02 9.159560078955577556e-01 5.096004035472869731e+01
-2.972638658698477911e+02 -2.990050409429067031e+02 2.846950538440001122e+00 5.099465509653091289e+01
-1.973016286229363061e+02 -1.975653485786870363e+02 3.889277755085916333e+00 5.097097219228744791e+01
-9.263572932269200066e+01 -9.968782674401859367e+01 1.683583579249027906e+01 5.081523269414901733e+01
1.604791102723815186e+02 1.170693934401636511e+02 5.861729600252590444e+01 5.084419989585876465e+01
2.012490058709023515e+02 2.009921033121968890e+02 9.039953264414307688e-01 5.108580274581909464e+01
3.016654212705471991e+02 3.020257323738570108e+02 8.808895680884089030e-01 5.086852619647979878e+01
4.024807419238949251e+02 4.022349541961627892e+02 1.131758663695905387e+00 5.097004674673080160e+01
5.000407064456397279e+02 5.000197293441221973e+02 4.005069013820469759e-02 5.085618209838867188e+01
6.000630425382471458e+02 6.000194318197550274e+02 1.458539935466593163e-01 5.078201060295104696e+01
7.850000000000000000e+02 8.000000000000000000e+02 3.570714214271424680e+01 5.097074595689773702e+01
8.787718412086156832e+02 8.119064486507388665e+02 1.100845495830308494e+02 5.097954690456390381e+01
1.094406950640297964e+03 1.182490187297529246e+03 1.125278023555443383e+02 5.092439475059509135e+01
1.027500461708676767e+03 1.003140007298584464e+03 3.608666515632786087e+01 5.192085189819336222e+01
1.145447484088944520e+03 1.116659826234329103e+03 4.754102040778879257e+01 5.195009950399398946e+01
1.214511694418791194e+03 1.200435134724740237e+03 2.172276493209754022e+01 5.204319524765014648e+01
1.392755134288894169e+03 1.410657301717181781e+03 6.522826948499989896e+01 5.199411360025406026e+01
1.470000000000000000e+03 1.500000000000000000e+03 4.582575694955839651e+01 5.127375354766845561e+01
