-1.399999999999999773e+03 -1.399999999999999773e+03 0.000000000000000000e+00 2.261882875406742187e+03
1.444570925980980974e+06 1.418252657538049854e+06 4.836977163992157439e+05 2.335925328147411165e+03
2.572439700622373223e+08 1.659205325915802121e+08 2.536984463801887631e+08 2.343088772702217284e+03
2.404451027538369090e+03 2.209027360923884771e+03 1.133203717792662019e+03 2.351227555799484435e+03
-9.999999999700088438e+02 -9.999999999740540488e+02 1.628662789854182388e-08 2.322335998845100221e+03
-8.510461878839805649e+02 -8.528809265061862561e+02 1.217847608121972236e+01 2.325725137996673766e+03
-6.852184313673047882e+02 -6.884160267510127369e+02 3.461978174327801838e+01 2.354170830905437469e+03
-6.788714141113105143e+02 -6.788605897242915717e+02 6.959139469621179741e-02 2.219833355760574250e+03
-5.598832970568907967e+02 -5.598908291775821908e+02 5.033142809917048766e+00 2.745693622899055299e+03
-4.999374130990827325e+02 -4.999433076753632008e+02 2.647804284847768419e-02 2.299180731248855409e+03
-3.276795607183054244e+02 -3.282639137743177571e+02 1.057759835985084251e+01 2.270225603449344817e+03
-8.780651126981022969e+01 -1.182820653972940619e+02 6.790993680881977923e+01 2.262600390851497650e+03
1.376540233596312817e+02 1.311421458726408105e+02 5.075234232495048303e+01 2.217311368048191071e+03
1.694226395876009292e+03 1.627975546995670811e+03 3.688256575302488613e+02 2.251931932699680146e+03
7.083425241704096152e+03 7.183068012892197657e+03 7.425704003894084053e+02 2.262587484252452668e+03
2.004184495051259489e+02 2.003817715159387944e+02 1.929627291366921016e-01 2.370437479352950959e+03
4.200259131882283441e+02 4.213916666170837289e+02 2.096029548884018823e+01 2.256086647200584594e+03
5.851849328952469023e+02 5.878738428076819673e+02 2.911743537158613648e+01 2.316530347454548064e+03
5.063616898305152745e+02 5.064081693101895212e+02 1.133424854584389241e+00 2.328873620450496674e+03
6.232379497715511434e+02 6.229997459977732888e+02 1.136349189473810029e+00 2.327060340702533722e+03
1.390496478270698617e+03 1.495956523400504921e+03 4.184672868918484596e+02 2.294636863505840211e+03
2.923306505232543259e+03 2.894280528331949427e+03 4.813764295930722028e+02 2.285949170255661102e+03
9.264954491374865029e+03 8.999575607028487866e+03 1.157763793521042544e+03 2.302924255859851655e+03
1.324008046758277942e+03 1.326004372365576501e+03 1.417500449871077528e+01 2.791857203996181397e+03
1.452736857658565668e+03 1.450399616621407404e+03 1.169078715128761736e+01 2.790529372406005677e+03
1.613678350678077322e+03 1.612635997783241010e+03 1.454982595954617786e+01 2.813024704802036467e+03
2.730560731283128462e+03 2.721052750163167275e+03 1.127241411769222452e+02 2.809846597850322723e+03
3.051203123242870333e+03 1.800000000000000909e+03 1.532758044741135109e+03 2.387780804109573182e+03
