-1.399999999999999773e+03 -1.399999999999999773e+03 0.000000000000000000e+00 1.687999906504154296e+03
8.040129222557877656e+05 8.098806430272749858e+05 2.341298930864709255e+05 2.067072215044498535e+03
2.566401346051622555e+07 1.069971836447760276e+07 3.642237901207549125e+07 1.943559491348266647e+03
8.982309357816189731e+03 8.980352584945529088e+03 1.489705271202834638e+03 2.060812258696556000e+03
-9.999996408632945304e+02 -9.999996369668824627e+02 2.275367628990857604e-05 2.060462160098552886e+03
-8.565526684650285461e+02 -8.565526684650285461e+02 1.985455264340655582e-13 1.800038340353965850e+03
-7.652678935465788754e+02 -7.660026463600194120e+02 9.578822173160322251e+00 1.953439224457740693e+03
-6.788725934541912466e+02 -6.788718162252594084e+02 2.323777840695140373e-02 1.953840314745903015e+03
-5.296798742940731017e+02 -5.293257880934069135e+02 3.828552471329068840e+00 2.242518865156173888e+03
-4.999382712284588592e+02 -4.999371865520971596e+02 2.349989840087234050e-02 1.735870743703842209e+03
-3.275952022892586228e+02 -3.278432094174797271e+02 1.153977549672534053e+01 1.756458185756206603e+03
-1.906880141213960087e+02 -2.323428799270949412e+02 1.055765908754551958e+02 1.765688841104507446e+03
7.375049909474718390e+01 1.037391012865855942e+02 9.444017687452439702e+01 1.806397602653503327e+03
2.812004041353950015e+03 2.854760107371346749e+03 5.186397286771375548e+02 1.723863983750343323e+03
1.414217063151738330e+04 1.414389703242651740e+04 4.573941136194781620e+02 1.744630545449256942e+03
2.032025709185620030e+02 2.031134627280378595e+02 4.166356776031549525e-01 1.915314785349369004e+03
4.143471146855843585e+02 4.177572893659710758e+02 1.203974641479270069e+01 1.716273195803165436e+03
7.946669995247063980e+02 7.945945189632466281e+02 1.866634937283992102e+01 1.742181906890869186e+03
5.047846845567399896e+02 5.049447920782185406e+02 7.100929457411961909e-01 2.063582277953624725e+03
6.220054151384683792e+02 6.218949176669589178e+02 1.459699857166194770e+00 1.824925903260707855e+03
1.440342439857096906e+03 1.828262933976493059e+03 4.468868957639245991e+02 1.756150385344028564e+03
3.697716497202491155e+03 3.779387870180311438e+03 4.839939934246265238e+02 1.907744639253616242e+03
1.462397010952575147e+04 1.499876780360397242e+04 1.611905599475267991e+03 1.760413679099082856e+03
1.281105079151455584e+03 1.274561430186102370e+03 2.410794200388949804e+01 2.464464372849464326e+03
1.413533059067691738e+03 1.404550161127416686e+03 2.463047060884495210e+01 2.457542778992652984e+03
1.671581029021959239e+03 1.672445703919813695e+03 1.344282230819753465e+01 2.394304723656177430e+03
2.984369621440565879e+03 3.098892738006280069e+03 3.592034335493568165e+02 2.447567405700683594e+03
3.750106380019853532e+03 4.780486685997813765e+03 1.431133857378938728e+03 1.971673469400405793e+03
