-1.399999999740478870e+03 -1.399999999808050234e+03 2.016289251361936643e-07 4.853657137513160933e+02
1.373974351630861172e+06 1.486977853552571731e+06 7.368909092821552185e+05 4.860716150999069214e+02
4.174436466152036190e+08 7.847782738881774247e+07 8.964043353908144236e+08 4.859932374477386361e+02
3.787529995784311177e+04 3.540278649119634792e+04 2.134796073539586359e+04 4.856766239523887521e+02
-9.999998182129038469e+02 -9.999998191577489024e+02 1.117295161174885641e-04 4.856343562960624922e+02
-8.832410093953137675e+02 -8.901838406540715596e+02 1.965199615806546873e+01 4.855490540027618636e+02
-6.898482752767771444e+02 -7.068993960577561211e+02 5.439440500146766766e+01 4.868629471540451163e+02
-6.795664660184417016e+02 -6.795489394464418638e+02 8.320953181291439182e-02 4.861452065587043876e+02
-5.919531839053872773e+02 -5.918583530934359942e+02 2.146366556031704675e+00 5.016682504415512085e+02
-4.968569049277315344e+02 -4.974772808075531429e+02 1.931380738520509066e+00 4.859324173092842329e+02
-3.999999997482125309e+02 -3.999999997968081971e+02 1.708056897938221897e-07 4.862667694926261674e+02
-2.325658529630928513e+02 -2.358254716881269815e+02 2.587203600978441287e+01 4.862433322548866386e+02
-1.371964358944561582e+02 -1.373791575463433219e+02 1.835294182824060272e+01 4.862925606966018677e+02
-7.521284390272676035e+01 -9.978139965191348892e+01 4.765141646798577568e+01 4.861072252988815308e+02
1.509229667990399776e+03 1.600535363292819284e+03 3.148230504280517152e+02 4.861602972984313737e+02
2.005258586254128090e+02 2.004979518322039667e+02 2.630309713807954530e-01 4.909364436388015633e+02
3.091157157709325247e+02 3.101242415849593499e+02 3.038580530145436942e+00 4.859712950468063468e+02
4.480828785371990080e+02 4.422055495107873639e+02 1.932461201764641245e+01 4.860992216944694633e+02
5.003575833694015387e+02 5.003258783131734617e+02 1.441659202129359774e-01 4.855933491945266951e+02
6.039332240899058206e+02 6.040607142312926499e+02 5.508265662339076885e-01 4.859201418399810564e+02
9.800038374382741040e+02 1.000003575265560698e+03 6.000034967699400568e+01 4.866974034547805559e+02
8.904072443306079094e+02 9.000001016594081875e+02 7.688483690030290063e+01 4.872002571463584673e+02
2.595106204197204988e+03 2.545779932669569462e+03 3.961172289776890238e+02 4.873628310441970939e+02
1.224166973161777378e+03 1.222831405287477537e+03 5.206044466522700809e+00 5.031686734557151794e+02
1.323192512471793634e+03 1.322136927667431792e+03 4.791780833836024378e+00 5.030350895524024963e+02
1.427638299121507316e+03 1.400088399145626681e+03 7.314712478437346022e+01 5.039868205428123247e+02
1.891001734873335181e+03 1.909327256559013222e+03 7.038505651753428083e+01 5.036305218100548018e+02
1.813564104338644029e+03 1.700009404582200204e+03 1.999802198990327895e+02 4.882165519475937003e+02
