-1.400000000000000000e+03 -1.400000000000000000e+03 0.000000000000000000e+00 6.712355635166167644e+01
5.344947982697171028e+03 5.522172916192259436e+03 5.384718247335350497e+03 6.719052774906158731e+01
-1.200000000000000000e+03 -1.200000000000000000e+03 0.000000000000000000e+00 6.712822364568710043e+01
-1.100000000000000000e+03 -1.100000000000000000e+03 0.000000000000000000e+00 6.711604884862899212e+01
-9.999999999999793090e+02 -9.999999999999868123e+02 2.183635329906603618e-11 6.715458095073699951e+01
-8.999831094420203499e+02 -8.999999053179005841e+02 6.436436486692076464e-02 6.709033900499343872e+01
-7.997811230192114635e+02 -7.999999999999998863e+02 4.569354090171637295e-01 6.716216609477996258e+01
-6.880792544258533781e+02 -6.800000000080606242e+02 9.739234076019297248e+00 6.713793694972991943e+01
-5.994755932697023582e+02 -5.994330722662350581e+02 5.108415110380546409e-01 6.787155925035476400e+01
-4.995340295328372804e+02 -4.997447676301143247e+02 5.924971622182636510e-01 6.718494789600372030e+01
-4.000000000000000000e+02 -4.000000000000000000e+02 0.000000000000000000e+00 6.724327155351639362e+01
-2.986568060285969182e+02 -2.990050409429067031e+02 1.550188027397932045e+00 6.726216570138930706e+01
-1.989266435257655132e+02 -2.000000000000000000e+02 1.223119244957240115e+00 6.725161859989165691e+01
-9.513370368752025286e+01 -9.968782674401859367e+01 1.320517822944456654e+01 6.711248074769973471e+01
1.618341095460480119e+02 1.170693934401635943e+02 6.181540449969104856e+01 6.710551970005035116e+01
2.004154362504260121e+02 2.004310667004287154e+02 3.769069546748676225e-01 6.732378025054931925e+01
3.016629829497456967e+02 3.020288736951271176e+02 8.352882991876129370e-01 6.721088500022888468e+01
4.022933561869662640e+02 4.022657222501836713e+02 1.384066831939769315e+00 6.721748654842376425e+01
5.000347403036565765e+02 5.000197293441220268e+02 4.405830161671337591e-02 6.716871545314788250e+01
6.000439800591425410e+02 6.000194318197550274e+02 9.513819760917877066e-02 6.716900335550307943e+01
7.700000000000000000e+02 8.000000000000000000e+02 4.582575694955839651e+01 6.718870990276336386e+01
8.392721981603463064e+02 8.000000000000000000e+02 6.574745617953453802e+01 6.722082124948501303e+01
1.052556825611487056e+03 1.025003181214311553e+03 1.246066757125052362e+02 6.719742804765701294e+01
1.017508139942815205e+03 1.003140001362946350e+03 2.653236982483325690e+01 6.801893404722213177e+01
1.136305243368152105e+03 1.100000000000000000e+03 4.952078085873027646e+01 6.800198400020599365e+01
1.207882024481988537e+03 1.200916606553978454e+03 1.260110534527267667e+01 6.809309329986572834e+01
1.382791693484887674e+03 1.400000000000000000e+03 5.388874774304250082e+01 6.805454440116882608e+01
1.455000000000000000e+03 1.500000000000000000e+03 4.974937185533099893e+01 6.753001939058303549e+01
