-1.400000000000000000e+03 -1.400000000000000000e+03 0.000000000000000000e+00 3.141615669727325511e+01
4.815857574117222612e+03 4.506082954994579268e+03 4.843945989502272823e+03 3.157770044803619314e+01
-1.200000000000000000e+03 -1.200000000000000000e+03 0.000000000000000000e+00 3.146216670274734639e+01
-1.100000000000000000e+03 -1.100000000000000000e+03 0.000000000000000000e+00 3.145466630458831858e+01
-9.999999999999874944e+02 -9.999999999999906777e+02 1.180912963317158800e-11 3.148643130064010620e+01
-8.999606615802207443e+02 -8.999992724424962489e+02 1.018614337829151367e-01 3.143968930244445659e+01
-7.973791105045536369e+02 -7.999994942159896709e+02 5.340199377514114332e+00 3.154363975524902486e+01
-6.869979401345560746e+02 -6.799996540260099209e+02 9.540903800325393647e+00 3.147090599536895894e+01
-5.996171269578505871e+02 -5.996391223506467441e+02 3.838863427580931353e-01 3.225784940719604776e+01
-4.997387214575427379e+02 -4.998582113553965200e+02 3.270725311067426699e-01 3.154019529819488454e+01
-3.999005040942906817e+02 -4.000000000000000000e+02 2.984877171279891050e-01 3.161376550197601176e+01
-2.979105874914498031e+02 -2.980100818858134062e+02 1.661907253405597418e+00 3.163789014816284251e+01
-1.972710084531853170e+02 -1.979440450976274519e+02 3.789983783554792929e+00 3.161757354736328196e+01
-8.929241918685616497e+01 -9.968782674401859367e+01 3.108085788975629882e+01 3.146751154661178518e+01
1.909800567532396940e+02 1.542320139130558800e+02 8.682771313828352788e+01 3.146938070058822490e+01
2.006233761231296455e+02 2.005104938307513862e+02 6.750103769424964373e-01 3.169955049753189158e+01
3.015731450181852438e+02 3.020229838640617004e+02 8.418975428438095765e-01 3.154200775623321462e+01
4.021054315570731887e+02 4.021731708609768816e+02 1.067786348232823368e+00 3.155936075448989797e+01
5.000742473623487285e+02 5.000847542231109628e+02 5.951405265303594955e-02 3.148000119924545359e+01
6.000249334528012923e+02 6.000194318197550274e+02 1.650489913797628314e-02 3.153874014616012644e+01
7.850000000000000000e+02 8.000000000000000000e+02 3.570714214271424680e+01 3.160770659446716380e+01
8.325569642073973000e+02 8.000000000000000000e+02 5.391623917213576078e+01 3.162366845607757426e+01
1.053650386797706688e+03 1.073328122301357325e+03 1.178122793353211932e+02 3.158318145275115896e+01
1.035413407244691143e+03 1.018804833909294075e+03 3.905200970741024946e+01 3.238409794569015787e+01
1.152716201865646553e+03 1.158329773966341236e+03 4.964911034076274632e+01 3.238963085412979126e+01
1.218791695396421346e+03 1.200916606553978454e+03 3.243584720365399932e+01 3.245229949951171733e+01
1.367587659930590689e+03 1.400000000000000000e+03 5.359418247079612740e+01 3.241331729888916158e+01
1.455000000000000000e+03 1.500000000000000000e+03 4.974937185533099893e+01 3.430543109178542949e+01
