-1.399999995671653323e+03 -1.399999998390755081e+03 5.950386678133424611e-06 3.187226264476776194e+01
4.087576004667625398e+02 -8.487904370586113600e+01 1.688185754784248275e+03 3.194578695297241211e+01
-1.199999727456966411e+03 -1.199999936239188173e+03 5.511254128591877750e-04 3.157448199987411641e+01
-1.099999639715045532e+03 -1.099999946229289890e+03 4.985548603366052453e-04 3.178021850585937358e+01
-9.999999062029470451e+02 -9.999999666910684937e+02 1.743063248755953327e-04 3.186694189310073710e+01
-8.999999999524309260e+02 -8.999999999637650490e+02 5.156693684266824660e-08 3.187396039962768413e+01
-7.999962393563913565e+02 -7.999968736506514233e+02 2.495557721139249688e-03 3.197930254936218120e+01
-6.939939953665577832e+02 -6.999860906983479936e+02 9.161438061892761553e+00 3.182483985424041606e+01
-5.997699224153896012e+02 -5.999932501124351347e+02 3.425244296895470497e-01 3.264779820442199565e+01
-4.999932973701630772e+02 -4.999920669626960716e+02 5.517581376806651554e-03 3.194850044250488352e+01
-3.999999878606461721e+02 -3.999999969392606545e+02 2.432241072605089270e-05 3.198146649599075175e+01
-2.999999910959386398e+02 -2.999999957528202117e+02 1.070694236744327096e-05 3.204151015281676962e+01
-1.999999935637826241e+02 -1.999999973093543986e+02 1.061211633153006777e-05 3.201105419397354268e+01
-9.996869524286839237e+01 -9.999993707388034636e+01 9.365400338397095181e-02 3.192965974807739116e+01
1.009942781373220413e+02 1.000005428472950939e+02 3.692512367183740984e+00 3.196481159925460958e+01
2.000664123820008058e+02 2.000225373462342873e+02 1.863070745982094156e-01 3.211745336055755473e+01
3.009140307098208496e+02 3.000264913745559170e+02 1.003720128432204595e+00 3.196631255149841166e+01
4.007402389147289341e+02 4.001289727702171035e+02 8.908868593224456012e-01 3.200407249927521036e+01
5.000000000000868567e+02 5.000000000000000568e+02 3.247715937192047872e-10 3.187929425239563130e+01
6.000009796367637591e+02 6.000000018205189463e+02 4.233253310988221475e-03 3.194532245397567749e+01
7.050597551536880019e+02 7.000521319616616438e+02 2.178614173786372987e+01 3.205854125022888468e+01
8.000053139911294693e+02 8.000044193863895998e+02 3.364043240059625111e-03 3.208070130348205851e+01
9.582520462968146830e+02 9.000071095339893645e+02 8.710260087108849802e+01 3.204273164272308350e+01
1.000000748446232365e+03 1.000000495679359119e+03 5.527356009161806926e-04 3.285732375383376791e+01
1.100006494455237316e+03 1.100002766531310954e+03 9.436668312732959807e-03 3.284663504362106323e+01
1.200059732582526522e+03 1.200000052755449815e+03 1.291429449922104622e-01 3.290605419874191284e+01
1.345461795273222606e+03 1.302174407385641189e+03 4.933619103131534445e+01 3.289041085243225382e+01
1.400038307178304649e+03 1.400033367484811833e+03 2.677892450727077309e-02 3.213657380342483805e+01
