-1.400000000000000000e+03 -1.400000000000000000e+03 0.000000000000000000e+00 6.123664170503616333e+01
4.576074369797155668e+03 2.565136649922889774e+03 5.339198932748062361e+03 6.142434005737304403e+01
-1.200000000000000000e+03 -1.200000000000000000e+03 0.000000000000000000e+00 6.119993638992309570e+01
-1.100000000000000000e+03 -1.100000000000000000e+03 0.000000000000000000e+00 6.126182450056076334e+01
-9.999999999999854481e+02 -9.999999999999936335e+02 2.468813798062901849e-11 6.129813040494919107e+01
-8.999999995723710526e+02 -8.999999999890967501e+02 1.074690950458694230e-06 6.131390335559844829e+01
-7.998788085104935135e+02 -8.000000000000000000e+02 5.279850210414288592e-01 6.133604505062103129e+01
-6.909989009148841888e+02 -7.000000000000000000e+02 9.951089800595827484e+00 6.126336059570312642e+01
-5.996152455167596145e+02 -5.999996093796314653e+02 4.331816122585264162e-01 6.218057299852371500e+01
-4.997948251736767133e+02 -4.998828631795763613e+02 2.021970255613369793e-01 6.132875584363937094e+01
-3.999005040942906817e+02 -4.000000000000000000e+02 2.984877171279891050e-01 6.139050179719924927e+01
-2.980100831452681973e+02 -2.990050409429067031e+02 1.779834757021976577e+00 6.141068900823593424e+01
-1.988150567952493191e+02 -1.989720225488137260e+02 1.238542986599427520e+00 6.140376549959182739e+01
-9.521174700151560444e+01 -9.968782674401859367e+01 1.321150050539336185e+01 6.122705625295638754e+01
1.675024039498039201e+02 1.376308803568643384e+02 7.316492562471132999e+01 6.121830149888992167e+01
2.003842992594480279e+02 2.001341079284441093e+02 4.814952022611762028e-01 6.155149419307709024e+01
3.018623988253731341e+02 3.020435589916430672e+02 5.302991968213777163e-01 6.132500870227814005e+01
4.021537620903378638e+02 4.021507944267837047e+02 4.452145699535063339e-01 6.132180429697037027e+01
5.000294755311124391e+02 5.000197293441220268e+02 3.343226062574079088e-02 6.130240790843963339e+01
6.000174886377797066e+02 6.000194318197550274e+02 5.829545926508218449e-03 6.125369265079498149e+01
7.550000000000000000e+02 8.000000000000000000e+02 4.974937185533099893e+01 6.135819045305252217e+01
8.472995189358413199e+02 8.000000000000000000e+02 8.736069527223367004e+01 6.138139590024947978e+01
1.071441670586232703e+03 1.182490187297825514e+03 1.262156190741451667e+02 6.130194575786590860e+01
1.016404401766458250e+03 1.018878444626149417e+03 1.814366865423201247e+01 6.236093680858611776e+01
1.125444136264475219e+03 1.100000000000000000e+03 4.408405188016575948e+01 6.232316800355911113e+01
1.215767448718496553e+03 1.200435134724740237e+03 2.542923448081062787e+01 6.246080183982849121e+01
1.387759235069893066e+03 1.400000000000000000e+03 5.036322108771554440e+01 6.241818695068359091e+01
1.440000000000000000e+03 1.400000000000000000e+03 4.898979485566356118e+01 6.459621984958648966e+01
