-1.399999999938710971e+03 -1.399999999984023589e+03 8.905263808022678565e-08 5.773866515159606649e+01
-2.677080698724389407e+01 -1.270660355683348143e+03 1.819902274638816607e+03 5.785902404785156250e+01
-1.199999729923978066e+03 -1.199999780345863883e+03 2.664407245440719870e-04 5.779096934795379781e+01
-1.099999644180332780e+03 -1.099999885970169089e+03 5.807543015372662425e-04 5.780844964981078959e+01
-9.999999195066678794e+02 -9.999999527739767018e+02 8.473876616743407624e-05 5.779750579595565796e+01
-8.999999999194669726e+02 -8.999999999798346835e+02 1.826571516942419786e-07 5.776896840333938599e+01
-7.999975739478583137e+02 -7.999989849857458921e+02 3.789083894674416531e-03 5.786821279525756978e+01
-6.939962595712923985e+02 -6.999959932851251097e+02 9.163031737844670843e+00 5.785199940204620361e+01
-5.998082830043201739e+02 -5.999947753065127927e+02 3.236515381520349011e-01 5.855385010242461874e+01
-4.999863489718251799e+02 -4.999918296713693167e+02 1.260320260957920394e-02 5.781707655191421225e+01
-3.999999999261434596e+02 -3.999999999424219368e+02 6.212132310879764778e-08 5.788227645158767842e+01
-2.999005032506273096e+02 -2.999999993175741793e+02 2.984877494477109483e-01 5.789917165040969849e+01
-1.999999991495889162e+02 -1.999999996943162728e+02 1.274926860782751074e-06 5.791179980039596842e+01
-9.999999387655991256e+01 -9.999999848411351877e+01 9.529553957774176200e-06 5.783032675981521464e+01
1.085826252107464427e+02 1.003123013372338619e+02 1.765989080437831760e+01 5.785245695114135600e+01
2.000518899537284767e+02 2.000564421358161553e+02 3.172623251533907007e-02 5.807890305519104146e+01
3.014139788025677831e+02 3.020196231948295917e+02 9.256468323378868046e-01 5.786023989915847920e+01
4.012643430179089137e+02 4.020124414174974845e+02 9.654571968803120630e-01 5.787599209547042989e+01
5.000019729578501142e+02 5.000000000000005684e+02 5.918873443894986583e-03 5.778181674480438090e+01
6.000126317571370009e+02 6.000194318197766279e+02 9.266924965526290164e-03 5.779031710624694540e+01
7.100069606675417617e+02 7.000083837707353496e+02 2.999794268420973253e+01 5.794059200286865519e+01
8.050004767621377368e+02 8.000003352030221322e+02 2.179449167769768181e+01 5.795510724782943868e+01
9.956230075023656809e+02 9.500013286817861626e+02 1.153534874815684077e+02 5.793159800767898560e+01
1.000000116672192576e+03 1.000000104442594761e+03 7.072412967283003241e-05 5.870902229547500895e+01
1.105000865023114329e+03 1.100000436882053691e+03 2.179430857571280100e+01 5.870606495141983316e+01
1.200353085005469211e+03 1.200040504364816115e+03 9.478517132718451421e-01 5.875976079702377319e+01
1.326002498097693888e+03 1.301244172183237424e+03 4.272775056979233455e+01 5.874018249511718892e+01
1.405004281753946543e+03 1.400003254676254983e+03 2.179362160217256417e+01 5.801750894784927226e+01
