-1.399999998989085043e+03 -1.399999999286973889e+03 8.869590721811306021e-07 5.246165510416030742e+01
-8.459517613599439301e+02 -1.287046476111004267e+03 1.090195764419753004e+03 5.259338575601577759e+01
-1.199993798101023231e+03 -1.199998297065740644e+03 1.243098107145935993e-02 5.251785955429077291e+01
-1.099992206748062927e+03 -1.099997558157980393e+03 1.248737687136544650e-02 5.256218650341033793e+01
-9.999997311703307332e+02 -9.999998343313457099e+02 3.218208088767413088e-04 5.253042500019073202e+01
-8.999999997087504653e+02 -8.999999997734606723e+02 3.053961475102231809e-07 5.247022809982299663e+01
-7.999872027017664777e+02 -7.999926827316528488e+02 1.143929852139422866e-02 5.261373800039291382e+01
-6.979901843722691410e+02 -6.999928670300928388e+02 5.997034826093676330e+00 5.261695615053177022e+01
-5.997045429446877733e+02 -5.999847567014626293e+02 3.530175063385165291e-01 5.331070704460144327e+01
-4.999879193684023448e+02 -4.999899944472757625e+02 7.350890800498487490e-03 5.255949989557266377e+01
-3.999999973061153469e+02 -3.999999990559888943e+02 2.949323041755265307e-06 5.263325680494308756e+01
-2.999999806008542009e+02 -2.999999971951567659e+02 2.729052707225287894e-05 5.263850774765014506e+01
-1.999999865802357988e+02 -1.999999952637550109e+02 1.837586492047581940e-05 5.265526839494705058e+01
-9.999996553721219072e+01 -9.999997205137765377e+01 2.915709259927431993e-05 5.256607145071029663e+01
1.122682616018755226e+02 1.003136179113706135e+02 2.039631080736470636e+01 5.257829525470733500e+01
2.001280512890753016e+02 2.001120644500486492e+02 1.157375927190690407e-01 5.280986959934234903e+01
3.010099749790226156e+02 3.010108396371612685e+02 1.009719241437199155e+00 5.256854915618896484e+01
4.011626764691526432e+02 4.020036773890838049e+02 9.584098164190256730e-01 5.260863524675369263e+01
5.000009864798497574e+02 5.000000000000510454e+02 4.299928980330056452e-03 5.251390410661697672e+01
6.000087543496493936e+02 6.000000902220732542e+02 9.658175905161412583e-03 5.254602954387664937e+01
7.150240993173897550e+02 7.000161576612965746e+02 3.569726842749268769e+01 5.270223379135131836e+01
8.050014932642096710e+02 8.000013616406506571e+02 2.179456995055238622e+01 5.267660028934479044e+01
9.732503132782776447e+02 1.000000340882870773e+03 8.434780609664528583e+01 5.269831465482711508e+01
1.000000626289824140e+03 1.000000570836270299e+03 3.797030042435887228e-04 5.342479699850082397e+01
1.100002769709066570e+03 1.100002272375264511e+03 1.905891502987003662e-03 5.342753199338913106e+01
1.200212252610990618e+03 1.200081524967743007e+03 2.039593021932615824e-01 5.348380579948425151e+01
1.351076315206685649e+03 1.351517451585744084e+03 5.004545171970616479e+01 5.346036294698715352e+01
1.400013139652524160e+03 1.400012492684647214e+03 9.257940204429595740e-03 5.277267634868621826e+01
