-1.400000000000000000e+03 -1.400000000000000000e+03 0.000000000000000000e+00 6.989872455596923828e+01
3.927003540721592344e+03 2.342865386008970290e+03 4.482790247232947877e+03 7.020737044811248495e+01
-1.200000000000000000e+03 -1.200000000000000000e+03 0.000000000000000000e+00 6.993277000188827230e+01
-1.100000000000000000e+03 -1.100000000000000000e+03 0.000000000000000000e+00 6.995358010530472370e+01
-9.999999999999812417e+02 -9.999999999999960210e+02 2.630493313235520848e-11 6.997024745941162394e+01
-8.999999996642475253e+02 -8.999999999999954525e+02 1.463326844282628638e-06 7.007255309820175171e+01
-7.988058380570524832e+02 -7.999997705132433339e+02 2.857282429755936271e+00 7.001172645092010782e+01
-6.918651859876832759e+02 -6.999999999999997726e+02 9.715486504346531049e+00 7.001048589944839762e+01
-5.997533846811095373e+02 -5.999998227439782568e+02 3.625823191126144596e-01 7.093028570413589762e+01
-4.997398254495266201e+02 -4.999334159275791762e+02 5.460878837157160381e-01 7.002121989727019979e+01
-3.996517645819083100e+02 -4.000000000000000000e+02 9.582122886786886840e-01 7.011129320859909342e+01
-2.983583183114690200e+02 -2.990050409429067031e+02 1.269302585050081422e+00 7.008130954504012777e+01
-1.977560208447793855e+02 -1.975323301845940591e+02 1.270725561668724746e+00 7.007264759540558430e+01
-8.807413150439518290e+01 -9.968782674401859367e+01 3.329428285678634580e+01 6.997038375139236166e+01
1.588842079233593836e+02 1.252919169042639851e+02 7.565245230934931442e+01 6.993309100866318317e+01
2.003549372886676281e+02 2.001792854707258300e+02 5.198220865869077612e-01 7.028962099552154541e+01
3.015653915966164504e+02 3.020261251853318072e+02 8.912055242372745045e-01 7.000080471038818075e+01
4.021377671438199286e+02 4.022653866918851691e+02 1.181150034946156557e+00 7.007514809370040609e+01
5.000190511682241095e+02 5.000197293441220268e+02 2.687132684402995797e-02 6.994235475063324259e+01
6.000290299635048541e+02 6.000194318197550274e+02 3.157425011595837300e-02 6.996633704900742146e+01
7.600000000000000000e+02 8.000000000000000000e+02 4.898979485566356118e+01 7.010804219245910929e+01
8.342908798740230623e+02 8.000000000000000000e+02 8.559446604898271005e+01 7.011223474740981487e+01
1.034432867549847515e+03 1.011671382546683731e+03 1.186894082135886350e+02 7.009621539115906330e+01
1.012085122524121857e+03 1.000000000000000000e+03 1.877213151230828814e+01 7.109872869253158001e+01
1.115719385170013993e+03 1.100000000000000000e+03 3.192077254212432180e+01 7.110974634885788248e+01
1.208374946367827761e+03 1.200258041854945304e+03 1.289252029687537160e+01 7.117841479778289226e+01
1.391424752256442389e+03 1.410275625218021560e+03 5.238199084286783602e+01 7.115694679021835611e+01
1.435000000000000000e+03 1.400000000000000000e+03 4.769696007084728251e+01 7.023500069379807087e+01
