-1.400000000000000000e+03 -1.400000000000000000e+03 0.000000000000000000e+00 3.752029834985732748e+01
3.914367501575626193e+03 2.459434504584986826e+03 4.165330861565516898e+03 3.774829725027084493e+01
-1.199999999999997272e+03 -1.200000000000000000e+03 7.298128296362862968e-12 3.756527644395828247e+01
-1.099999999999995453e+03 -1.099999999999999545e+03 1.524819810638571731e-11 3.761106464862823628e+01
-9.999999999780162625e+02 -9.999999999956044121e+02 4.500331896897151074e-08 3.774034565687179565e+01
-8.999838468757616283e+02 -8.999998817863734075e+02 6.562960703448771083e-02 3.752384984493255615e+01
-7.999999954034821030e+02 -7.999999997097925188e+02 1.016080055926162073e-05 3.770830194950103476e+01
-6.880014748291470141e+02 -6.799999477660235243e+02 9.796758059173098943e+00 3.769370000362395956e+01
-5.997145536110843977e+02 -5.999999699145434988e+02 3.548240856224282869e-01 3.853481839895248129e+01
-4.999277459584342296e+02 -4.999765775631699398e+02 1.152135085091291200e-01 3.762632650136947632e+01
-4.000000000000000000e+02 -4.000000000000000000e+02 1.797546735911270964e-14 3.775598655939101889e+01
-2.987563014305229672e+02 -2.990050409429065894e+02 1.128959879338075067e+00 3.775123264789581157e+01
-1.993290455208423850e+02 -1.999999999999998863e+02 1.196311654582670414e+00 3.781529759168624594e+01
-9.990634802320526830e+01 -9.999999999999977263e+01 1.430557575477046928e-01 3.768652864694595195e+01
1.548037877382809597e+02 1.335144403683659107e+02 5.876835120452500405e+01 3.767218979597091533e+01
2.000653543357086335e+02 2.000012245739136461e+02 1.894022928649736481e-01 3.799883174896240234e+01
3.019216168634080759e+02 3.020197639804966911e+02 4.409669363449662538e-01 3.769950274229049825e+01
4.019378111392194342e+02 4.020741736603589516e+02 5.425649911673430248e-01 3.770095479488372803e+01
5.000133247229747440e+02 5.000098818633211977e+02 1.687688519056371184e-02 3.766077839136123373e+01
6.000202394543027822e+02 6.000194318197550274e+02 1.372760427753669590e-02 3.766596329212188721e+01
7.800000001443092970e+02 8.000000000841055225e+02 3.999999995804271435e+01 3.783407369852066182e+01
8.450000000646641638e+02 8.000000000643540261e+02 8.046738468143701084e+01 3.786448985338211060e+01
1.066018825108847523e+03 1.130921758789315390e+03 1.227720572146071305e+02 3.784463160037994101e+01
1.006298924161714581e+03 1.001570000391026838e+03 8.336355547494987306e+00 3.865175124406814433e+01
1.115139935720240828e+03 1.100000000092564505e+03 3.604387748136970515e+01 3.866782084703445577e+01
1.213939068009966604e+03 1.200258041854991461e+03 2.482753792620239253e+01 3.871621174812317179e+01
1.370663410333521142e+03 1.405137812360985208e+03 5.180725466631800202e+01 3.870078164339065552e+01
1.460000000449460231e+03 1.500000000047579761e+03 4.898979453014273844e+01 3.791568335294723369e+01
