-1.399999744198816416e+03 -1.399999892672492479e+03 3.909742307105321547e-04 2.239315465688705586e+01
-9.447657873669235187e+02 -1.188064823860079741e+03 9.571334494291743340e+02 2.251279335021972727e+01
-1.197608652174827512e+03 -1.198453869005125171e+03 2.774234915452974182e+00 2.242522670030593801e+01
-1.094480935492841581e+03 -1.098858608305735061e+03 9.943145387556178605e+00 2.246553674936294698e+01
-9.999915788857458665e+02 -9.999941284526621530e+02 8.150971432235037603e-03 2.244339059591293406e+01
-8.999996354544193764e+02 -8.999997186537037805e+02 2.921156730644965159e-04 2.239237846136093069e+01
-7.997120243412034597e+02 -7.997519977097783794e+02 2.465617997180831744e-01 2.248597205877304006e+01
-6.935558847333265931e+02 -6.991685920421086848e+02 8.900668341544982098e+00 2.247722970247268748e+01
-5.998165450958222209e+02 -5.999394636410499970e+02 2.600337724787764038e-01 2.305264559984207295e+01
-4.998649125750973212e+02 -4.998670239900462775e+02 4.485268195817487813e-02 2.244096264839172505e+01
-3.999991129488686283e+02 -3.999994730597546777e+02 1.333017778002772592e-03 2.252546634674072124e+01
-2.999933548079778802e+02 -2.999970269460869190e+02 1.011433843535878424e-02 2.250920844078063965e+01
-1.999932663918967819e+02 -1.999981159343450088e+02 1.494422042900425684e-02 2.252897979021072317e+01
-9.998750040024853547e+01 -9.999115521236421955e+01 1.459284876919626772e-02 2.249063044786453247e+01
1.020967630470965162e+02 1.003616226453843296e+02 5.033275849618743081e+00 2.248822504281997681e+01
2.003525944510067518e+02 2.003426827527875957e+02 1.852215586495908339e-01 2.264025225639343120e+01
3.005296463288171935e+02 3.000275006858068991e+02 8.663472155989726531e-01 2.247154300212860178e+01
4.008601524489937447e+02 4.004162730499776899e+02 8.022496731359454181e-01 2.247792971134185791e+01
5.000045036795660849e+02 5.000001135538292374e+02 8.617909281590207735e-03 2.242765605449676514e+01
6.000159284462579308e+02 6.000194320187631547e+02 7.059352527645122548e-03 2.245191315412521504e+01
7.005070830694405686e+02 7.003591702926155449e+02 6.177571789605057484e-01 2.256852384805679179e+01
8.000603845951461608e+02 8.000457145999621389e+02 5.226384084738539687e-02 2.256283844709396291e+01
9.180866622343188510e+02 9.004785009706857863e+02 3.564591781036611451e+01 2.256704980134963989e+01
1.000285227890208034e+03 1.000065460772557799e+03 7.208329656565998222e-01 2.314151710271835327e+01
1.100183925147540094e+03 1.100096387972158936e+03 3.524001124766089066e-01 2.313656829595565867e+01
1.200219311983539683e+03 1.200150250991582652e+03 2.293784978224056859e-01 2.319184859991073466e+01
1.319863620042264984e+03 1.312712544145478432e+03 2.730915829441155296e+01 2.315838654041290212e+01
1.400347869238803469e+03 1.400341159793900488e+03 1.938076760635355500e-01 2.261940383911132812e+01
