1.034409172313446325e+05 1.028737937748955737e+05 1.502267781597965222e+04 3.245820511627197220e+02 -1.399999999999999773e+03 -1.399999999999999545e+03 4.659773715484152174e-13 1.093032101240157999e+03 -1.397864191354114155e+03 -1.397860674260395399e+03 1.465421210775119942e-01 6.129121399211883272e+02 4.167476348610816785e+04 4.342398592126883159e+04 7.067259492413614680e+03 1.491551959991455156e+01
4.686966038898779869e+09 4.761570260827138901e+09 1.573252353184988260e+09 3.389718122386932464e+02 -1.299999999999999773e+03 -1.299999999999999773e+03 7.876455163427077897e-14 1.096703084640502993e+03 2.201151298342146620e+05 2.086510951275815314e+05 4.563378015281550324e+04 6.445342207622528576e+02 4.084156305355294943e+08 4.304114403698150516e+08 1.254847320059802681e+08 2.091863307952881001e+01
7.534101429838024960e+17 1.249930264834562720e+17 1.927846083806014208e+18 3.348748998641967844e+00 1.886278875377196121e+10 8.220787059829627164e+06 3.964518472526890564e+10 1.145029466352462805e+03 4.306030155673802830e+06 4.040299888824138325e+06 6.955900031505491352e+05 6.998499881172180039e+02 2.993124911679484863e+12 5.628980912078863525e+11 1.076170611649276562e+13 1.642253755569457851e+01
3.632559862089697272e+05 2.798286455012240331e+05 1.897169678429267078e+05 3.265689498424529802e+02 -1.099999999999999773e+03 -1.099999999999999545e+03 2.362936549028123621e-13 1.109784852199554507e+03 9.397735965370486156e+03 9.542374519972503549e+03 2.008305493442890565e+03 6.264577653598785218e+02 7.503491017415034003e+04 7.535629605456636637e+04 5.493063323129427772e+03 1.884397775650024442e+01
5.379781232250668108e+04 4.620063152155053103e+04 2.884397474414550743e+04 1.490133445167541595e+02 -9.999999999966854602e+02 -9.999999999978494998e+02 2.630396721449638370e-09 1.127299699001312320e+03 -9.991654238628875646e+02 -9.991704538049390294e+02 4.705992878920164241e-02 6.388204883956909725e+02 9.347809947395498966e+03 5.395152969917988230e+03 8.269762956422215211e+03 2.063977167129516488e+01
1.573054870203748396e+04 1.512673025471604342e+04 3.827234272770372172e+03 1.813235248851776191e+02 -8.992026752291396861e+02 -8.999999999999997726e+02 1.594649541720380093e+00 1.145735580158233688e+03 -8.986701838751617970e+02 -8.986294595261089171e+02 4.258484527133467035e-01 6.406992880821228482e+02 2.379172555721969275e+03 2.377252492314362826e+03 8.734320513511182753e+02 2.489456640243530217e+01
2.783968279210226610e+06 2.536297580861859897e+05 8.148179963974270970e+06 3.603974761962890572e+00 -6.314901463689365073e+02 -6.181028935127342265e+02 6.622650076570671729e+01 1.167074206323623685e+03 -6.833475443235481634e+02 -6.924936834344332510e+02 4.053386754167685524e+01 7.651789544773101852e+02 8.501466922021186352e+08 8.413503313296533823e+08 1.505816691167966425e+08 2.443339767456054545e+01
-6.786326096191306760e+02 -6.786296478814456350e+02 5.169464990025399859e-02 3.140383958816528320e+00 -6.788723784343072793e+02 -6.788263074259314180e+02 1.404291414840632413e-01 8.139424308395385879e+02 -6.788710616563141684e+02 -6.788675646418755605e+02 3.824511883663881534e-02 7.970179885196686200e+02 -6.787129200625396379e+02 -6.787076261381245104e+02 4.618087021255475738e-02 6.019358158111572266e+00
-5.182716596363479766e+02 -5.184583820527881244e+02 1.782770596442899258e+00 7.045572805404662908e+00 -5.299436244177044273e+02 -5.294633027693356553e+02 3.379813523016552246e+00 2.265052996683120909e+03 -5.481390995286077441e+02 -5.477194242922876128e+02 3.203401903094008851e+00 1.486086385879516683e+03 -5.070491428324206709e+02 -5.069441281854690260e+02 1.234649170732033951e+00 1.153831295967102122e+01
1.798977523653134267e+04 1.773365043683666227e+04 2.745582249142810269e+03 3.455617266368865899e+02 -4.999574712487127499e+02 -4.999679840861962816e+02 2.885055674426714734e-02 1.120167229995727439e+03 -4.986165643306620154e+02 -4.986135024725849689e+02 2.742320986713427111e-02 6.545684443187714123e+02 5.213240352895947581e+03 4.673732670712342042e+03 1.572979393698161630e+03 1.416309900283813406e+01
1.302316199742918343e+03 1.284414258371655251e+03 2.202906668094928762e+02 6.206465835571289169e+00 5.112805159678977134e+02 5.143433308614388579e+02 5.106339971283210133e+01 1.286599037923812830e+03 5.179168328549839089e+02 5.236306410910389104e+02 3.882443925426012044e+01 6.762949850749969301e+02 7.077725695142623863e+02 7.059984326187675379e+02 4.135337374630625362e+01 2.560054227828979379e+01
1.377482078915484408e+03 1.366285256058401501e+03 1.898157178837968502e+02 6.631732721328734925e+00 7.925116038130767038e+02 7.984014316633076760e+02 1.717212650709427280e+01 1.309405149602890106e+03 7.432920289963591358e+02 7.542559890822733450e+02 5.538013973627693076e+01 7.088552680778503827e+02 8.576832250135520326e+02 8.611865371082728871e+02 2.994982948076908968e+01 1.673799015998840289e+01
1.497857153535073166e+03 1.459616530102483694e+03 1.667508716924584746e+02 6.697127676010131481e+00 1.117135166281029115e+03 1.115459000021177189e+03 4.784426672686517890e+01 1.309905351915359461e+03 9.959937030267369664e+02 9.934652619363669146e+02 5.374760097872029974e+01 7.107449728393554551e+02 1.245672726583308531e+03 1.242738170426233182e+03 3.681956874502481725e+01 1.735288040161132983e+01
1.688781400159672921e+04 1.686081346714515530e+04 6.426154402345503058e+02 3.411065220832824707e+02 8.725407851309248144e+03 8.701776521974265052e+03 3.635555403866461575e+02 1.103535806198120099e+03 8.355016537859579330e+03 8.460767938543654964e+03 7.472713738784815405e+02 6.581614260768890290e+02 1.539746254408284949e+04 1.501342698437424770e+04 1.185626924553926301e+03 1.450361300468444803e+01
1.730041295192910184e+04 1.741132511455900749e+04 5.630433634607253452e+02 1.979395374774932748e+02 9.801508373788165045e+03 9.900023749161588057e+03 4.010836759149365776e+02 7.416726687622070813e+02 9.643482467450554395e+03 9.647237498651848000e+03 5.652979005109747277e+02 6.230726178455353192e+02 1.311046421741420818e+04 1.308378005768514777e+04 1.066315516166879888e+03 1.076865828514099199e+01
2.000000000000000000e+02 2.000000000000000000e+02 0.000000000000000000e+00 6.040727005577086857e+02 2.000541898685883950e+02 2.000543042781091003e+02 1.613882972084323270e-02 1.159852573795318676e+03 2.012986073475950377e+02 2.013233748700023398e+02 1.492216207964332519e-01 7.659309739208221117e+02 2.070130843384887385e+02 2.069582567737527370e+02 2.615478040119900704e+00 9.413796033859252788e+00
3.129129309925981033e+03 3.077840943318565678e+03 4.682736024427532016e+02 1.762187813186645542e+02 1.460776357776477880e+03 1.461327192179194981e+03 1.922763386985281286e+01 6.216434426403045563e+02 5.439638407554350579e+02 5.417617303715420576e+02 2.004484665721759740e+01 7.081060022449493090e+02 1.587963053824836152e+03 1.589347393154361725e+03 4.128757540859034947e+01 2.272323396682739371e+01
3.141579328982237712e+03 3.094484472132683550e+03 4.742076027530845295e+02 1.595619117546081611e+02 1.243577287463331004e+03 1.523603253615018275e+03 4.406267049477751243e+02 6.322895013999939238e+02 9.151183164245092030e+02 9.150164154000918870e+02 4.115206271878572153e+01 7.453603388786316373e+02 1.614329460617264886e+03 1.616135572161523669e+03 2.273852159001711826e+01 2.107664007186889776e+01
7.873940119127038866e+06 7.259764041805610992e+06 3.840125242954615038e+06 2.827090871810912986e+01 5.179371900643373010e+02 5.148100236388235089e+02 8.398767567645178289e+00 6.386850805282592773e+02 5.124202486685558142e+02 5.126552391412661791e+02 1.336255304812123290e+00 6.413102481651305879e+02 3.298660266552059911e+05 2.398262841529737925e+05 2.513859639284165460e+05 1.871279463768005513e+01
6.249999998797952685e+02 6.249999999999998863e+02 5.659469308571974911e-07 5.232753181457518998e-01 6.243987168686867335e+02 6.249999999999998863e+02 1.301513873776085406e+00 4.453375647926330316e+02 6.246536581143681133e+02 6.249999999999998863e+02 4.908229457489747816e-01 6.098143494796753430e+02 6.250000000000000000e+02 6.250000000000000000e+02 0.000000000000000000e+00 8.879505252838134632e-01
7.864232032409224303e+03 7.620202901589694193e+03 1.117389262493441038e+03 4.279131603240966530e-01 1.602294574784822771e+03 1.495956523400505830e+03 1.550130155533852019e+02 6.901040428829193161e+02 1.669420385945922817e+03 1.829157569195986980e+03 1.663952875659424535e+02 7.870285719585418747e+02 4.794752067298270049e+03 4.777574624304938880e+03 1.457818990349006754e+02 2.491347956657409668e+01
1.873261194290261119e+04 1.878934860329566800e+04 3.992143826675636546e+02 1.723365545272827148e+02 1.459345026071378197e+04 1.465493979494020823e+04 3.510928675622516835e+02 8.282854729652405013e+02 1.439603406263906254e+04 1.438074283027591082e+04 3.871148542658708038e+02 6.674009090423584212e+02 1.970267006747957930e+04 1.990438243784046063e+04 7.774712363199865877e+02 1.723428664207458638e+01
1.889339915882608693e+04 1.889585111664137730e+04 4.239115475554665977e+02 2.038470969200134277e+02 1.337646705895304513e+04 1.336774049400638614e+04 2.962009387940229885e+02 8.556905829238891101e+02 1.236715112165493338e+04 1.234468966027397619e+04 4.423593218374325033e+02 6.906486039161682129e+02 1.768547125643100662e+04 1.757346742009148147e+04 8.129027580285315935e+02 2.215532544136047477e+01
1.421861805244784136e+03 1.420702124719565290e+03 8.021202461582861432e+00 3.485414514541625763e+00 2.532751810417300931e+03 2.535274199057135775e+03 6.556507439419212346e+01 1.732511118717193540e+03 2.307425415255133885e+03 2.351376340256948424e+03 1.555294960991351729e+02 9.766759993648529417e+02 2.950369579264263848e+03 2.964625745491198359e+03 1.224782536336541483e+02 2.227388072013854980e+01
1.510730297528639539e+03 1.511579657863405828e+03 5.901521181540743122e+00 2.002694082260132014e+00 1.821342091546081974e+03 1.821214195027761889e+03 3.901503899680973220e+00 1.726799142875671350e+03 1.814989977982913615e+03 1.811282692490342242e+03 1.352807030526360244e+01 9.695139102458954312e+02 1.930063209231643441e+03 1.930965569781203612e+03 1.746420905010299052e+01 1.134288756370544426e+01
1.721828839541580237e+03 1.716438311774754311e+03 2.400630331298173559e+01 2.754558992385864435e+00 1.636373621817250068e+03 1.617343785066366081e+03 6.700586429032009050e+01 1.572222312593460174e+03 1.582726833666249831e+03 1.614149155968981631e+03 8.006300722921339741e+01 1.061259146595001312e+03 2.299010565516085535e+03 1.944588871280375315e+03 8.367348298290783077e+02 1.580356199264526396e+01
3.741894531984655714e+03 3.746922911169246618e+03 5.793839254437010311e+01 2.452393798828124805e+00 3.268454993944278613e+03 3.557112475046479631e+03 4.406706759329162537e+02 6.243726173210144452e+02 3.096239471002216305e+03 3.101598118313440864e+03 1.348508915448182108e+02 1.602947393484115537e+03 6.721400413013594516e+03 6.700192900597347034e+03 6.035421989413754318e+02 2.070552776336669965e+01
1.415377868894151652e+04 1.369762790157643940e+04 1.543328147280582016e+03 6.024349975585937544e-01 1.034722214148206331e+04 1.043053055188247527e+04 2.347458725850510461e+02 9.920925098800659043e+02 9.811798807968369147e+03 9.803701603823186815e+03 3.970440686999066884e+02 4.620047826480865751e+02 1.387156907753875203e+04 1.379208960908346126e+04 5.747432655371206920e+02 1.164232552528381426e+01
