-1.399999999999999773e+03 -1.399999999999999773e+03 1.525268983755124553e-13 4.551466794490814323e+02
1.811143556226179644e+05 1.535567121092458547e+05 1.581164425500757643e+05 4.661422404527664298e+02
1.084958026032722741e+07 2.425687839936951641e+06 1.569430798123323545e+07 4.657094522476196516e+02
1.030663980746321067e+04 8.452419498188983198e+03 7.600915928872368568e+03 4.657952728509902727e+02
-9.999999996668633457e+02 -9.999999997024972345e+02 1.313347442373339489e-07 4.635543013572693098e+02
-8.909038985848658285e+02 -8.901875576244780177e+02 2.288545232860306644e+00 4.657245867490768205e+02
-7.480279373136370396e+02 -7.532325715947015397e+02 2.176335528990252044e+01 4.662844695568084603e+02
-6.795924958152487534e+02 -6.795964905191644903e+02 1.177485558617505229e-01 4.597319236516952401e+02
-5.934835587723695198e+02 -5.932800474585445727e+02 1.430967314369459453e+00 4.716000485539436227e+02
-4.990222840181440915e+02 -4.992173728437986711e+02 7.202639802425000459e-01 4.573183634519576799e+02
-3.857721056621622893e+02 -3.880604988716090702e+02 8.599892219803782822e+00 4.564364493489265442e+02
-2.716654060104858672e+02 -2.750302407114921834e+02 1.305885357112869549e+01 4.586751698970794564e+02
-1.551775202471521879e+02 -1.535421000466146211e+02 1.544499706088387647e+01 4.572718799948692094e+02
2.164727798744195866e+02 2.020228281951715417e+02 1.384163782847558650e+02 4.566713680982589949e+02
1.392480500644119275e+03 1.379161383724282359e+03 4.324337368446235814e+02 4.589800873517989999e+02
2.005849969551294407e+02 2.004526299348108296e+02 3.692762037766794680e-01 4.621452398061752547e+02
3.256936888499901102e+02 3.245422296696623903e+02 8.938063360842136262e+00 4.574179675102233773e+02
4.335047396558483115e+02 4.325718772684457463e+02 1.408233740013243995e+01 4.627363962054252511e+02
5.011295857950464097e+02 5.011285429537476830e+02 3.762457603716157784e-01 4.661505815029144060e+02
6.036722186989129568e+02 6.036587497274484804e+02 2.990393658266367605e-01 4.658919933557510262e+02
1.000000000000000227e+03 1.000000000000000227e+03 3.838509432201620549e-13 4.581603473544120675e+02
1.193830008953676497e+03 1.090836807927481459e+03 2.369208584875341614e+02 4.579269845008849984e+02
2.236336717231434704e+03 2.314449589655606815e+03 4.998104944537186611e+02 4.605120614051818961e+02
1.218272940588008169e+03 1.217961673485576739e+03 3.351552222297482508e+00 4.723846351981163139e+02
1.319554080450908486e+03 1.320162088557042352e+03 5.288602387432379537e+00 4.716254451990127450e+02
1.396328237758479645e+03 1.400024822878658824e+03 1.611640762138782179e+01 4.738042649030685425e+02
1.860358117334015787e+03 1.853461680120964957e+03 2.171884246226451864e+01 4.711640769481658708e+02
1.841409764854465948e+03 1.700000000000000455e+03 1.941551537888367989e+02 4.603015686988830453e+02
