-1.400000000000000000e+03 -1.400000000000000000e+03 0.000000000000000000e+00 5.913929386138916300e+01
2.582216706294831056e+03 1.836412435607795487e+03 3.569799323113772061e+03 5.928278855085373067e+01
-1.200000000000000000e+03 -1.200000000000000000e+03 0.000000000000000000e+00 5.906564834117889262e+01
-1.100000000000000000e+03 -1.100000000000000000e+03 0.000000000000000000e+00 5.913796980381012247e+01
-9.999999999999769216e+02 -9.999999999999936335e+02 3.927430241381099459e-11 5.911854050159454488e+01
-9.000000000000000000e+02 -9.000000000000000000e+02 1.525268983755124553e-13 5.918278870582580709e+01
-7.999999999793792540e+02 -7.999999999991371169e+02 5.354234115164043415e-08 5.920350060462951802e+01
-6.959998687061523697e+02 -6.999999999994884092e+02 8.000262579562177123e+00 5.911298060417175293e+01
-5.999122618882299776e+02 -5.999999999980456096e+02 2.662814100178936272e-01 5.995487800836563252e+01
-4.999838486936868094e+02 -4.999913696438024431e+02 1.539037787913462296e-02 5.922137774229049967e+01
-4.000000000000000000e+02 -4.000000000000000000e+02 0.000000000000000000e+00 5.929069894552230835e+01
-2.998010081885813634e+02 -3.000000000000000000e+02 3.979836228373188067e-01 5.929515255689621256e+01
-2.000000000000000000e+02 -2.000000000000000000e+02 0.000000000000000000e+00 5.929909174442290976e+01
-9.900605236280014765e+01 -9.984391337200906946e+01 3.691088075222175302e+00 5.922754664421081827e+01
1.090087753701280917e+02 1.006243465119628127e+02 1.768277979931778532e+01 5.923873369693755819e+01
2.000619742041041604e+02 2.000000000004175149e+02 2.163720033552049282e-01 5.945763549804687642e+01
3.013960857855296354e+02 3.020211382353946874e+02 9.293097368645180101e-01 5.920271679162978984e+01
4.018793320500114419e+02 4.020490773514884495e+02 6.580543470526040162e-01 5.927868380546569682e+01
5.000044453607728201e+02 5.000000000000000000e+02 7.303860421050622879e-03 5.920552035570144511e+01
6.000087443188898533e+02 6.000000000000000000e+02 9.667208268186245831e-03 5.919953644275665283e+01
7.100000001599073585e+02 7.000000000149807420e+02 2.999999994691524563e+01 5.931782875061035298e+01
8.055953224641942825e+02 8.000000000010996928e+02 2.181239424098140489e+01 5.933602925539016582e+01
1.025311665168033414e+03 1.000000000000369255e+03 1.149789550006842234e+02 5.927348074913025044e+01
1.000000000000796717e+03 1.000000000000056616e+03 1.532890750963012870e-09 6.011307554244994833e+01
1.105000000129356977e+03 1.100000000000401997e+03 2.179449468805491108e+01 6.009562560319900371e+01
1.200168486950688703e+03 1.200080948985142413e+03 1.979708946356357191e-01 6.020891909599303915e+01
1.375780160270641090e+03 1.400000000000014097e+03 4.324200382246594643e+01 6.013060959577560283e+01
1.410000000004133881e+03 1.400000000000519549e+03 2.999999999867666034e+01 5.940399335622787191e+01
