-1.399999999999787860e+03 -1.399999999999968168e+03 3.873078041755615147e-10 4.644880905985831987e+02
8.466115075996714586e+04 7.048947551320955972e+04 4.954842701519026741e+04 4.663528973102569353e+02
3.841488914437314816e+04 -1.116350715469488932e+03 7.389923651684964716e+04 4.655772348999977339e+02
3.634128770410437482e+03 3.670997022616442791e+03 2.390196897571363934e+03 4.668550448060035478e+02
-9.999999974027041389e+02 -9.999999980513240416e+02 1.976448520001817810e-06 4.640111351490020866e+02
-8.875540179481597534e+02 -8.901875757467444146e+02 2.068958076581895611e+01 4.644436071991920585e+02
-7.997347957336910440e+02 -7.999788085800691988e+02 7.622719479982913438e-01 4.662064240455627555e+02
-6.797163573991139174e+02 -6.796897497669690438e+02 1.179124426412194032e-01 4.615687493562698478e+02
-5.972967433523648424e+02 -5.971357923234661484e+02 1.477798813527557931e+00 4.750894803047179948e+02
-4.998493718818161256e+02 -4.998636432882999543e+02 9.745208936404710365e-02 4.651953739523887634e+02
-3.958709204166472091e+02 -3.960201637715064749e+02 1.731199053517693986e+00 4.652473361968994254e+02
-2.862156349333719163e+02 -2.870113626223988490e+02 5.600590797959675626e+00 4.654721985101699602e+02
-1.754656312500204365e+02 -1.799117038675381650e+02 1.154254148717134854e+01 4.655466681480407942e+02
4.138529487683490160e+00 -4.200552041497758182e+00 8.432172124811357605e+01 4.647515054941177368e+02
8.264248449262234999e+02 8.192256404345366718e+02 2.582622465925024358e+02 4.649451295971870195e+02
2.002133479276627668e+02 2.001917184463160879e+02 1.089669287636390316e-01 4.679052625536918413e+02
3.119678276588448966e+02 3.126043099124224796e+02 3.143668458264524457e+00 4.645540966510772591e+02
4.192671473231393975e+02 4.190177091056509653e+02 5.320735928935925507e+00 4.657240585565567130e+02
5.005904661623600873e+02 5.005996634071810831e+02 1.654057466421135492e-01 4.652378172039985884e+02
6.031151527018067782e+02 6.032641839144382629e+02 5.693719080855109693e-01 4.654107360005378951e+02
1.000000095504038086e+03 1.000000070840772764e+03 6.418440422225307588e-05 4.656049080967903251e+02
1.093785033815230463e+03 1.087823987519328966e+03 1.213052723075429640e+02 4.657492518424987793e+02
1.688802821984210823e+03 1.717741485543448562e+03 2.425350407921178544e+02 4.654367916464805717e+02
1.212178268497827275e+03 1.212225522658344744e+03 2.748728318115821523e+00 4.759922917485237122e+02
1.314699681400834152e+03 1.314896312056021998e+03 2.423847193964109525e+00 4.757192412495613212e+02
1.402672668425025222e+03 1.400025938296532786e+03 4.675877486310095321e+01 4.773710366487503052e+02
1.805839102130775700e+03 1.815269674015422424e+03 4.933248147121292959e+01 4.759312640547752267e+02
1.700000238073057972e+03 1.700000188374537856e+03 1.563936552617599504e-04 4.666340378522872925e+02
