-1.399999999999999773e+03 -1.399999999999999773e+03 5.084229945850414966e-14 9.701054891467094876e+02
8.234713487107434776e+05 8.016661812873722520e+05 2.232757756848580320e+05 1.371666994500160172e+03
3.350632469362331629e+08 1.889083317798660398e+08 2.939872318948296905e+08 1.350282221758365722e+03
1.261542192540174146e+05 1.545520291051185923e+05 9.654959952721596346e+04 1.266715654957294419e+03
-9.999995860584033380e+02 -9.999995776543873944e+02 2.652331417163330247e-05 1.370028938150405793e+03
-8.562686701985321633e+02 -8.565526684650253628e+02 1.237919743781271009e+00 1.168501244854927108e+03
-7.319116854299679744e+02 -7.390860337278231782e+02 2.165012720831883897e+01 1.369233796155452637e+03
-6.788464184781977337e+02 -6.788447919409820770e+02 3.023393625311037239e-02 1.261026131498813584e+03
-5.237652116555943849e+02 -5.237220633374092813e+02 2.268503036585276078e+00 1.523033580243587494e+03
-4.998315821237141563e+02 -4.998275983018769466e+02 5.476857228204469463e-02 1.033399713099002838e+03
-3.157527649353232846e+02 -3.124437745575590952e+02 1.422129189328536292e+01 1.013352164602279686e+03
-3.124412963572589064e+01 6.831633805366294609e+01 1.488770133657589554e+02 1.211781363654136612e+03
1.675778044508354583e+02 1.943243339289593337e+02 7.628266014234286274e+01 1.279145261943340302e+03
3.857304912903302466e+03 3.729989585932917180e+03 5.638246729687460856e+02 1.056380425405502365e+03
1.495985661810695638e+04 1.495873570735034627e+04 4.154218190186928723e+02 1.232095179951190858e+03
2.039241515593247129e+02 2.039277171748740045e+02 3.329009690303703084e-01 1.336019564151763916e+03
4.227352603813441192e+02 4.182412404290561199e+02 1.602997205598468256e+01 1.106082847309112594e+03
8.431108608719785025e+02 8.403060532906595199e+02 1.866628901962273801e+01 1.212859676849842117e+03
5.057469708861826803e+02 5.060824375524488232e+02 1.133424355826798013e+00 1.370606728351116089e+03
6.237333453589875489e+02 6.240968288394556112e+02 1.258092549763040191e+00 1.195496899497509048e+03
1.735436640578846436e+03 1.828262933976495333e+03 2.784788801929474857e+02 1.061331035351753144e+03
4.967626831383070567e+03 4.900831951658869002e+03 8.035042918304135355e+02 1.094627857303619294e+03
1.575563442849940839e+04 1.595138461839579213e+04 7.007032811157138212e+02 1.274865247595310166e+03
1.293733675317018424e+03 1.284614643386784792e+03 2.452480965677534286e+01 1.683568314898014023e+03
1.434667545428947506e+03 1.428772270228105981e+03 2.581913439500415564e+01 1.683108179652690978e+03
1.676478257910262528e+03 1.686825346997419274e+03 2.617172034784281465e+01 1.593806214892864318e+03
3.210358254963171021e+03 3.190656991996744182e+03 3.160043871943910290e+02 1.670471705102920623e+03
3.330061114643328438e+03 3.296324245991240787e+03 1.530522754430931855e+03 1.282946969008445649e+03
