-1.400000000000000000e+03 -1.400000000000000000e+03 0.000000000000000000e+00 2.710269049406051778e+01
3.510046373033693726e+03 2.676335070351649847e+03 4.501667357014742265e+03 2.721594599485397481e+01
-1.200000000000000000e+03 -1.200000000000000000e+03 0.000000000000000000e+00 2.705750980377197124e+01
-1.100000000000000000e+03 -1.100000000000000000e+03 0.000000000000000000e+00 2.711203914880752563e+01
-9.999999999999774900e+02 -9.999999999999886313e+02 2.425065764576771125e-11 2.716854590177536011e+01
-8.999999999999997726e+02 -9.000000000000000000e+02 3.872034168563550334e-13 2.715698444843292236e+01
-8.000000000000000000e+02 -8.000000000000000000e+02 0.000000000000000000e+00 2.716740715503692627e+01
-6.929992389304536573e+02 -7.000000000000000000e+02 9.540429242409333099e+00 2.708093575239181661e+01
-5.997895582497513942e+02 -6.000000000000000000e+02 3.268833907076872380e-01 2.789730294942855693e+01
-4.999302101558872096e+02 -4.999605413118046044e+02 8.431963849562330859e-02 2.715939625501632548e+01
-3.999502520471453408e+02 -4.000000000000000000e+02 2.168462991415098240e-01 2.725443060398101736e+01
-2.995522684243080107e+02 -3.000000000000000000e+02 6.655822470350016840e-01 2.727495719194412160e+01
-1.995758125023830303e+02 -2.000000000000000000e+02 1.037070926267598114e+00 2.726631820201873779e+01
-9.903726968839832523e+01 -1.000000000000000000e+02 3.627960561121979843e+00 2.714322071075439524e+01
1.285164827845262039e+02 1.086907833480725003e+02 4.330059590641845091e+01 2.712598040103912211e+01
2.001379440855166365e+02 2.000000000000003979e+02 4.896712388604687605e-01 2.738083574771881246e+01
3.017207586810785642e+02 3.020197639804966911e+02 7.215043212636006453e-01 2.719072830677032471e+01
4.021974313752161265e+02 4.021698835142381654e+02 5.000979240973492113e-01 2.720401029586792063e+01
5.000118410767094019e+02 5.000049391573979278e+02 1.515395000486029035e-02 2.713999539613723755e+01
6.000229902708258578e+02 6.000194318197550274e+02 1.810460299497458625e-02 2.712609421014785838e+01
7.550000000000000000e+02 8.000000000000000000e+02 4.974937185533099893e+01 2.722531259059906006e+01
8.181321407224016866e+02 8.000000000000000000e+02 4.865625944235301148e+01 2.725361235141754079e+01
9.618295839753943710e+02 9.000000000000000000e+02 9.429478765332576984e+01 2.724390015602111959e+01
1.002052229372385909e+03 1.000000000000000000e+03 5.674528869821626742e+00 2.804771115779876567e+01
1.120000000000000000e+03 1.100000000000000000e+03 3.999999999999999289e+01 2.804457815885543681e+01
1.203424959095661052e+03 1.200435134724740237e+03 9.429057070274371455e+00 2.813641455173492290e+01
1.366771919236583017e+03 1.400000000000000000e+03 5.033231763188389607e+01 2.808306524753570699e+01
1.420000000000000000e+03 1.400000000000000000e+03 3.999999999999999289e+01 2.755907285213470459e+01
