-1.399999999995902272e+03 -1.399999999996608494e+03 2.771534251383328418e-09 8.211181271910667192e+02
4.993493918377215159e+05 4.985867260793950409e+05 1.937631365381820651e+05 8.322749932050704729e+02
2.152284621198598761e+05 -1.036410819323212536e+03 6.952004840233779978e+05 8.315832702517509460e+02
4.740257902515890009e+02 2.811679049477630770e+02 7.851866683768349731e+02 8.320912507057189487e+02
-9.999995347136634791e+02 -9.999995381118756086e+02 7.563473000300612481e-05 8.229746819972991716e+02
-8.882255754097219551e+02 -8.889453094922099581e+02 3.382799600883119151e+00 8.236865319967270125e+02
-7.992639610825613090e+02 -7.995341022707013963e+02 7.788686677984577589e-01 8.456196622490882646e+02
-6.790817464028997392e+02 -6.790662232945835513e+02 5.404378613249821023e-02 8.241957178473472823e+02
-5.792477907285687024e+02 -5.799179794456335912e+02 7.145473169675987002e+00 9.706093020915984653e+02
-4.999918688648478451e+02 -4.999926039295102100e+02 8.677819798637064277e-03 8.318103372931479953e+02
-3.756732686953194502e+02 -3.766184722319568436e+02 6.193359025859074940e+00 8.311218123435974121e+02
-2.732843532361820280e+02 -2.751260437231017022e+02 7.729632798758177437e+00 8.370843490600585710e+02
-1.248869417374935438e+02 -1.292354630560573128e+02 2.531995839383869296e+01 8.384766703486442339e+02
1.281369690457250272e+03 1.279929429599028481e+03 2.888835303158018064e+02 8.148358418941497803e+02
5.440619028283796979e+03 5.638343424977922041e+03 1.368328625282792927e+03 8.272157189488410722e+02
2.025267322090736002e+02 2.025857590129532753e+02 2.779964831928510294e-01 8.758254086494446256e+02
3.484058353214442150e+02 3.475848741960678581e+02 8.769428034344590728e+00 8.265323198556900479e+02
5.409799862695890624e+02 5.708017998888735747e+02 5.770601249113473585e+01 8.339435903549194791e+02
5.027296507433766237e+02 5.026229305243195995e+02 7.355423830104546035e-01 8.274405578494072415e+02
6.100307076410740592e+02 6.100392449105527248e+02 6.440794244731072871e-01 8.316828572988509904e+02
1.002158572904797097e+03 1.000000824369497991e+03 3.898690202321168385e+01 8.395930564045905840e+02
1.845667049957503423e+03 1.881980415945346977e+03 2.762554562940810001e+02 8.395871071577072371e+02
5.893047761832984179e+03 6.330570681878143660e+03 1.608235098081702517e+03 8.456402366042136691e+02
1.230713523568474102e+03 1.231938619992023177e+03 8.853435226862197638e+00 9.807624756097793579e+02
1.345815750608024700e+03 1.345517461631327933e+03 4.776440506454516566e+00 9.801755225539207004e+02
1.492278759310804617e+03 1.527823079911853483e+03 6.060559701152773471e+01 9.901089518547057651e+02
1.901046937004929987e+03 1.902042779640074059e+03 7.595194532064049042e+01 9.874787300944328763e+02
1.700001698744831401e+03 1.700001668519688792e+03 4.243204983957447082e-04 8.581940267086029053e+02
