-1.399999999999994088e+03 -1.399999999999999773e+03 1.517597927612880680e-11 5.746851865053177022e+01
1.257727000226038626e+03 7.864837957572715368e+02 2.512838439622713395e+03 5.770094100236892842e+01
-1.199999999999994770e+03 -1.200000000000000000e+03 1.768990575120362985e-11 5.745326315164565756e+01
-1.099999999999999545e+03 -1.100000000000000000e+03 2.107350448701892459e-12 5.749232814311981343e+01
-9.999999969240334394e+02 -9.999999998958151082e+02 7.722027478538184272e-06 5.755748755931854532e+01
-9.000000000000000000e+02 -9.000000000000000000e+02 9.511723266474241003e-14 5.750293279886246012e+01
-7.999999937974281465e+02 -7.999999993215556060e+02 9.940101652212407469e-06 5.759780149459838583e+01
-6.949997108181863723e+02 -6.999999975539212755e+02 8.660751190515288300e+00 5.753254059553146504e+01
-5.998874554767512564e+02 -5.999999360807175890e+02 2.677507027947504947e-01 5.820200200080871866e+01
-4.999898899269558683e+02 -4.999926039588995081e+02 9.768481544490000695e-03 5.758143498897552348e+01
-3.999999999999811280e+02 -3.999999999999990905e+02 4.181908359081988981e-11 5.761670324802398824e+01
-2.997512602356709408e+02 -2.999999999999810711e+02 4.308299095846219728e-01 5.762903820276260092e+01
-1.999999999999857039e+02 -1.999999999999992610e+02 3.934719406974914957e-11 5.764170345067977763e+01
-9.982830470785769705e+01 -9.968782674401836630e+01 1.553042325110760014e-01 5.755740870237350748e+01
1.040440439704530036e+02 1.003121732560496753e+02 1.294828893004572379e+01 5.760336165428161337e+01
2.000714572425729330e+02 2.000000191945853771e+02 1.820784309068155249e-01 5.776708819866180278e+01
3.012228315358213990e+02 3.020196854183556070e+02 9.975761221166555837e-01 5.756196774244308756e+01
4.013144345068929510e+02 4.020291263347767767e+02 9.797872226802548656e-01 5.759178194999694966e+01
5.000009864672060758e+02 5.000000000000000000e+02 4.299910862512640840e-03 5.762565639019012309e+01
6.000087443212312337e+02 6.000000000233956143e+02 9.667206150415143251e-03 5.753165885210037089e+01
7.100000436819342440e+02 7.000000272128232837e+02 2.999998554000902828e+01 5.767617670297622823e+01
8.050000020269169454e+02 8.000000011499982975e+02 2.179449426278937096e+01 5.768225059509277486e+01
1.011348227787799601e+03 1.000000000587665113e+03 1.000111873575988852e+02 5.766511574983596944e+01
1.000000003096770570e+03 1.000000000565622258e+03 1.022475856109806593e-05 5.832567089796066284e+01
1.115000003823958195e+03 1.100000003379083864e+03 3.570714060957210023e+01 5.832276945114135458e+01
1.200133068378757571e+03 1.200080948985150826e+03 1.777475322800229907e-01 5.838387874364853047e+01
1.320560813286140046e+03 1.300857249565364327e+03 3.972207148002972588e+01 5.833455585241317465e+01
1.400000048161631412e+03 1.400000011761306723e+03 1.321461696696841776e-04 5.774027229547500895e+01
