-1.400000000000000000e+03 -1.400000000000000000e+03 0.000000000000000000e+00 4.683870755434035971e+01
3.376228078733324764e+03 1.330342210335608797e+03 4.871803479333875657e+03 4.693676320314407491e+01
-1.200000000000000000e+03 -1.200000000000000000e+03 0.000000000000000000e+00 4.683594360351562358e+01
-1.100000000000000000e+03 -1.100000000000000000e+03 0.000000000000000000e+00 4.679667899608612203e+01
-9.999999999999718057e+02 -9.999999999999929514e+02 3.590387110222854291e-11 4.687925599813461019e+01
-8.999722870753336110e+02 -8.999994461235470453e+02 9.474787519277412529e-02 4.675038388967514180e+01
-7.981839058277789718e+02 -7.999680705142980059e+02 4.590977767817404853e+00 4.698073464632034302e+01
-6.868189597597872762e+02 -6.799996578847690216e+02 9.326936520010224996e+00 4.682330790758133077e+01
-5.994916326764459882e+02 -5.993952658325683842e+02 3.679643116678547599e-01 4.795897940397262715e+01
-4.995129399659044793e+02 -4.995585682561384147e+02 3.863139087789224657e-01 4.692384865283965922e+01
-3.999502520471453408e+02 -4.000000000000000000e+02 2.168462991415098240e-01 4.703150050640105917e+01
-2.976618487370122352e+02 -2.985075614143600546e+02 2.401846693464120275e+00 4.707078379392623901e+01
-1.979138411648947056e+02 -1.971206152715606663e+02 1.450980737097243400e+00 4.709517585039138510e+01
-9.639881735837843735e+01 -9.968782674401859367e+01 6.698426187819734423e+00 4.688482400178909160e+01
1.578928217804083545e+02 1.004682598839721663e+02 7.532600235370671271e+01 4.682839244604110718e+01
2.006588833067114024e+02 2.005389372375032053e+02 5.086646176130905639e-01 4.718903725147247030e+01
3.018454405721389548e+02 3.020333892712948227e+02 6.156009901435353093e-01 4.696184624433517740e+01
4.025446013339823139e+02 4.024948498914596939e+02 1.006749349579404207e+00 4.698786530494690084e+01
5.000385686732034856e+02 5.000197293441220268e+02 5.138693475642376607e-02 4.689249855279922485e+01
6.000370350168802815e+02 6.000194318197550274e+02 5.828714962686303014e-02 4.690502094030379965e+01
7.800000000000000000e+02 8.000000000000000000e+02 4.000000000000000000e+01 4.701008989810943461e+01
8.295234107511132606e+02 8.000000000000000000e+02 5.485130075882294420e+01 4.701027435064315796e+01
1.114127788758148654e+03 1.182490187298211367e+03 9.523158499874779181e+01 4.695226269960403442e+01
1.023736388373317482e+03 1.018804827746712135e+03 2.642797564130966492e+01 4.815078010559081889e+01
1.148942272719484436e+03 1.116659656102744975e+03 4.944398614481911380e+01 4.814246205091476583e+01
1.215147632025160647e+03 1.200916606553978454e+03 3.085709398146034488e+01 4.827521544694900513e+01
1.404593612034049556e+03 1.410657304727797055e+03 4.631603804535480151e+01 4.816347440481185771e+01
1.460000000000000000e+03 1.500000000000000000e+03 4.898979485566356118e+01 5.199166694879532002e+01
