-1.399999999999904730e+03 -1.399999999999971351e+03 1.839744395263121430e-10 7.072363535165786175e+01
4.333294976707554156e+02 3.887923335549896819e+01 1.537951489941180171e+03 7.087914819717407511e+01
-1.199999999763020242e+03 -1.199999999993992105e+03 8.180975781937153256e-07 7.072624025344848064e+01
-1.099999999602640855e+03 -1.099999999866706958e+03 6.028031380326406518e-07 7.079298495054244711e+01
-9.999999941422404390e+02 -9.999999963548227697e+02 7.820835549729089365e-06 7.081300450563431070e+01
-8.999999999999369038e+02 -8.999999999999781721e+02 1.328675100563606227e-10 7.070442994832993122e+01
-7.999998570784890717e+02 -7.999999538232300438e+02 2.118268243845564428e-04 7.084882789850234985e+01
-6.959998818932351696e+02 -6.999998987475776175e+02 8.000044195940885672e+00 7.084236680269241049e+01
-5.997514160437061719e+02 -5.999990400698630992e+02 3.430287726132550397e-01 7.169925705194472698e+01
-4.999836005479531877e+02 -4.999926034754738566e+02 2.088756774337690095e-02 7.077504636049270914e+01
-3.999999999997623945e+02 -3.999999999999786269e+02 5.025558781674318310e-10 7.088379170894623371e+01
-2.999005040910469120e+02 -2.999999999981869223e+02 2.984877174382347675e-01 7.092404650449752523e+01
-1.999999999984343901e+02 -1.999999999982598524e+02 1.489889362229123904e-09 7.093405749797821613e+01
-9.998439132393549755e+01 -9.999999999693784503e+01 6.803658083017602443e-02 7.085393249988555908e+01
1.031749658670691616e+02 1.003121733135790237e+02 1.269549533731556856e+01 7.084799810647965046e+01
2.000523924513879308e+02 2.000024425617849886e+02 2.182513373318905603e-01 7.111145824193954468e+01
3.011124761453081646e+02 3.020196068565880978e+02 1.003262756644593301e+00 7.082253655195236774e+01
4.013893919038598597e+02 4.020119057746447311e+02 9.150861385393145309e-01 7.082072679996490194e+01
5.000069052706454613e+02 5.000000000000000000e+02 1.531408956560603371e-02 7.078520815372466757e+01
6.000165170468656015e+02 6.000194318197550274e+02 6.938547326052476455e-03 7.077723209857940390e+01
7.250002620743596253e+02 7.000003118989033055e+02 4.330114804820624386e+01 7.098322609663009075e+01
8.000000167484971598e+02 8.000000171901563135e+02 1.173992767084006846e-05 7.097371085882187458e+01
9.717640593578884136e+02 9.000000306528156671e+02 1.111965690636387905e+02 7.098894659280776409e+01
1.000000009371012993e+03 1.000000007053218951e+03 1.281653438341652583e-05 7.186316064596175579e+01
1.100000061067411934e+03 1.100000034762636233e+03 1.018846449305882250e-04 7.184646315574646280e+01
1.200188513214785644e+03 1.200040474855108187e+03 2.534891575371852057e-01 7.191342329978942871e+01
1.336883627585721797e+03 1.303082033191210257e+03 4.750832714127916745e+01 7.189314070940017132e+01
1.400000203420496973e+03 1.400000192277501810e+03 1.229322484125808647e-04 7.106787445545197102e+01
