-1.400000000000000000e+03 -1.399999999999999773e+03 2.157056083093525031e-13 7.411163813948630832e+02
6.609512069136638893e+05 6.047097313842270523e+05 2.457843624088550278e+05 7.975521960496902238e+02
2.016424158987853825e+08 4.454960863454961777e+07 3.011057190497380495e+08 7.974848616003989719e+02
3.084358967301576740e+03 2.882329231278874431e+03 1.949396695563778394e+03 7.995062338471412886e+02
-9.999999999997841087e+02 -9.999999999998017302e+02 1.110402803984111594e-10 7.834947257518767856e+02
-8.785144290821551749e+02 -8.857868489663818536e+02 1.292597102030420686e+01 7.934348906040191878e+02
-6.417758039717605243e+02 -6.531494239592871054e+02 6.447594505823920485e+01 7.988435078501701128e+02
-6.789796538775923409e+02 -6.789789917329385389e+02 6.010710014304336546e-02 7.464314053058624268e+02
-5.757800619949173324e+02 -5.763350810629533498e+02 2.910879345565363874e+00 9.157592268466949008e+02
-4.999266894034042821e+02 -4.999371570236465345e+02 3.706585702234086593e-02 7.610064516544341586e+02
-3.624435620336319630e+02 -3.646789837001026058e+02 1.234726706451277956e+01 7.506144819021225203e+02
-1.825602229352221570e+02 -1.880205551481385555e+02 4.542346161649511771e+01 7.497948441028595425e+02
6.056187547664789506e+00 1.761510593220705800e+00 3.704601013037866153e+01 7.347846553444862820e+02
1.151279170273453701e+03 1.092126204967335980e+03 2.733672593654109733e+02 7.466446815490722884e+02
3.989144734214436085e+03 3.776984008505306520e+03 7.672532303435551739e+02 7.607162149548530579e+02
2.005798849608545993e+02 2.006200114816994358e+02 2.134387800324657192e-01 8.008933266997337341e+02
3.577419395247299008e+02 3.572173879623162520e+02 1.540150535967251244e+01 7.494158005475998152e+02
5.087076960260761780e+02 5.151511822755538788e+02 2.653128395829275377e+01 7.778295796036720731e+02
5.034813172592095611e+02 5.034254618814158562e+02 9.482764647008707914e-01 7.938171501040458224e+02
6.146905757188071675e+02 6.150000000000000000e+02 5.886302425841000163e-01 7.462256172537803423e+02
9.986307533019056564e+02 1.000000000000000341e+03 8.424206393870360898e+01 7.694148950457572482e+02
2.243187214064016189e+03 2.143339236170269942e+03 3.437697992929044517e+02 7.635842674970626831e+02
5.556383144741061187e+03 5.265146369460622736e+03 6.681014213255499499e+02 7.741614505529403232e+02
1.274350414142437330e+03 1.278116587199103833e+03 1.212830289066175737e+01 9.241834686517715909e+02
1.388749069681239916e+03 1.386668800593506603e+03 1.224225511358941709e+01 9.241195372104645003e+02
1.536242568988296853e+03 1.558339970997597902e+03 5.797375935307093897e+01 9.302963445544243086e+02
2.282199199978616434e+03 2.247344267721213328e+03 7.765965478415895973e+01 9.278700289487838972e+02
1.700000000000000455e+03 1.700000000000000682e+03 4.035482413496276611e-13 7.900257552981377103e+02
