-1.399999999999944976e+03 -1.399999999999998636e+03 1.454463833947601715e-10 6.213588404655456543e+01
1.211315606732803190e+03 -6.250799586690682190e+02 3.115125818379583052e+03 6.232949769496917725e+01
-1.199999999999997726e+03 -1.199999999999999545e+03 3.907256349464648917e-12 6.207367374897003032e+01
-1.099999999998124167e+03 -1.099999999999998181e+03 7.965520995632490834e-09 6.211970980167389200e+01
-9.999999995376483639e+02 -9.999999999202102572e+02 1.136271340196636197e-06 6.214336110353470133e+01
-8.999999999999985221e+02 -9.000000000000000000e+02 6.335019879653109180e-12 6.218312724828719951e+01
-7.999999924348577451e+02 -7.999999983817190241e+02 1.017672210771459866e-05 6.230792809724808023e+01
-6.939998045919317065e+02 -6.999999913692169002e+02 9.165429213845031953e+00 6.218843098878860332e+01
-5.997749348136821936e+02 -5.999998976247923110e+02 3.436160029173798147e-01 6.313172074556350566e+01
-4.999903841614424209e+02 -4.999926039595821976e+02 8.502817580347266091e-03 6.223774338960647867e+01
-3.999999999998780140e+02 -3.999999999999899956e+02 4.428995565599251409e-10 6.231406915187835693e+01
-2.999999999999797637e+02 -2.999999999999985221e+02 3.793146262947768892e-11 6.235054404735565470e+01
-1.999999999999322995e+02 -1.999999999999988631e+02 1.805086697776484748e-10 6.235248469114303305e+01
-9.990634801812645094e+01 -9.999999999993423216e+01 1.738107192048649330e-01 6.220303785800933838e+01
1.027164956457898342e+02 1.003121732561142494e+02 5.945356639592007220e+00 6.228594789505005025e+01
2.000001414919357217e+02 2.000000121185635180e+02 4.987350312004099192e-04 6.250133914947510050e+01
3.013270137063695984e+02 3.020196068559700393e+02 9.666420262419858078e-01 6.221586825847625590e+01
4.014425788008174436e+02 4.020215123684160972e+02 9.127270812643520914e-01 6.231094084978103353e+01
5.000000000000000000e+02 5.000000000000000000e+02 0.000000000000000000e+00 6.221913650035858012e+01
6.000068011369512533e+02 6.000000000000136424e+02 9.268387282473504116e-03 6.221962490081786967e+01
7.000001895899978308e+02 7.000000261710049472e+02 2.989521971545438367e-04 6.239024180173873901e+01
8.100000080503509707e+02 8.000000029786306186e+02 4.358898768146594449e+01 6.237254620790481852e+01
9.904364121082232941e+02 9.893837089227567958e+02 1.053167220786652223e+02 6.235863535404205038e+01
1.000000001292412890e+03 1.000000000459620878e+03 2.529121093556990469e-06 6.331893764734267904e+01
1.105000016200349364e+03 1.100000007982925808e+03 2.179449100733416955e+01 6.331259320974349691e+01
1.200133068378053849e+03 1.200080948985155146e+03 1.777475328103720609e-01 6.340743640661239766e+01
1.355579314048804918e+03 1.400000000022112545e+03 4.911340784955083194e+01 6.338069140911102295e+01
1.400000060898835500e+03 1.400000014279853076e+03 1.174291196681420847e-04 6.251298569440841391e+01
