-1.400000000000000000e+03 -1.400000000000000000e+03 0.000000000000000000e+00 2.534545650005340462e+02
1.611887156052598730e+05 1.209623598639639386e+05 1.172689915949346178e+05 2.560883823990822066e+02
2.753895830789459869e+07 1.358858286066605896e+07 4.574664743935992569e+07 2.558470067977905273e+02
7.417905513404441990e+03 6.461380107321991090e+03 5.153606522298209711e+03 2.561445308923721313e+02
-9.999999999999512283e+02 -9.999999999999561169e+02 3.456397726501944951e-11 2.567771399497985954e+02
-8.929862094150446410e+02 -8.901875121017160382e+02 3.993195356709744903e+00 2.547905886054039115e+02
-7.449441649041667688e+02 -7.527710486940607097e+02 2.781861920377561148e+01 2.574161700487136955e+02
-6.795882498786601218e+02 -6.795631464864430882e+02 1.048802434382567345e-01 2.504156419992446843e+02
-5.937276897213582743e+02 -5.937134793350915061e+02 1.911144345926577559e+00 2.734200611591339225e+02
-4.991593869101949394e+02 -4.993012420961083535e+02 5.005716330269402992e-01 2.569322483897209395e+02
-3.994030245657440901e+02 -3.995025204714533515e+02 6.599811748288523239e-01 2.563672792553901445e+02
-2.634112854722911266e+02 -2.624276030851257246e+02 1.449037029431363344e+01 2.564589062929153442e+02
-1.492380407243712170e+02 -1.509165481803605076e+02 1.493696311972945345e+01 2.495308516025543213e+02
1.844855189580546195e+01 -3.498635321203664716e+01 1.052308729830739509e+02 2.542209429502487126e+02
1.070543905845564950e+03 1.045630632604009861e+03 3.361737847163665265e+02 2.527003637075424081e+02
2.005318977077209865e+02 2.004344754802655757e+02 2.764666582770519687e-01 2.611890528440475236e+02
3.099093808953099369e+02 3.108737273486016193e+02 3.168335856918874427e+00 2.553566812992095834e+02
4.338001572563225636e+02 4.298209929365510789e+02 1.105881749223999755e+01 2.561783967018127441e+02
5.005984535338094474e+02 5.006131737637248307e+02 2.153969976468921854e-01 2.548461789965629691e+02
6.036437899046360371e+02 6.038469631307907548e+02 4.536396717543357271e-01 2.558872362971305847e+02
1.000000000000000000e+03 1.000000000000000000e+03 4.253771961400549719e-13 2.571847115516662825e+02
9.487716114360262054e+02 9.424043444498413464e+02 9.986987759122091290e+01 2.561145618557929993e+02
2.218478032151863772e+03 2.170760166057986680e+03 2.952786001350295919e+02 2.571939122915267717e+02
1.219590471533970685e+03 1.219731246844924044e+03 4.285874878694348133e+00 2.744902815461158525e+02
1.318782934035724338e+03 1.319096644614880006e+03 3.903281150761457763e+00 2.745182219982146989e+02
1.450641908403058551e+03 1.400056973298046159e+03 6.342178707538659665e+01 2.755122852921485901e+02
1.856837264756063405e+03 1.853870173777723721e+03 2.666111562730257489e+01 2.748136883974075317e+02
1.757342222080848614e+03 1.700000000000000000e+03 1.466466589018228603e+02 2.596623474955558777e+02
