-1.399999999999985903e+03 -1.399999999999999091e+03 4.528142607712573240e-11 6.305490909814834311e+01
4.757764719552296810e+02 -1.099049824073467789e+03 3.006415551018673796e+03 6.326831644773483276e+01
-1.199999999999999545e+03 -1.200000000000000000e+03 1.770743208220441173e-12 6.302597459554672099e+01
-1.099999999999989541e+03 -1.100000000000000000e+03 3.290255000083737435e-11 6.308053475618362427e+01
-9.999999973718498723e+02 -9.999999994616124468e+02 6.090157721696958183e-06 6.308584649562835978e+01
-8.999999999999993179e+02 -9.000000000000000000e+02 2.221261602537642983e-12 6.313143569231033325e+01
-7.999999955563059757e+02 -7.999999985533082736e+02 6.674051024527547769e-06 6.317246226072311543e+01
-6.939999367506487715e+02 -6.999999950957083001e+02 9.165229874142783117e+00 6.306414600610732890e+01
-5.998372176697541818e+02 -5.999999674691409837e+02 3.291706125565850294e-01 6.373356354236602783e+01
-4.999887800438688146e+02 -4.999926039593407268e+02 1.578071943994298690e-02 6.314916354417800903e+01
-3.999999999999715783e+02 -3.999999999999995453e+02 8.496631696436422403e-11 6.319222739934921407e+01
-2.999999999999712941e+02 -2.999999999999930651e+02 7.091438860829674828e-11 6.319952780008316040e+01
-1.999999999999724025e+02 -1.999999999999972147e+02 4.320877854405120740e-11 6.319491904973983765e+01
-9.985952203467591914e+01 -9.999999999949210405e+01 1.553042339221701873e-01 6.313950721025467061e+01
1.048194703335243503e+02 1.003121732560439341e+02 1.648538123460984650e+01 6.316312954425811910e+01
2.000228126659045529e+02 2.000000070680392810e+02 9.887088530623806826e-02 6.334071974754333212e+01
3.010693649094500302e+02 3.015072829565091297e+02 9.906443344640503135e-01 6.312242895364761353e+01
4.011728651134625920e+02 4.020028016700560443e+02 9.543665106307943624e-01 6.318124680519103720e+01
5.000000000000000000e+02 5.000000000000000000e+02 0.000000000000000000e+00 6.316647920608520650e+01
6.000087443189678424e+02 6.000000000007587460e+02 9.667208197688667570e-03 6.313195505142211772e+01
7.050000708469194706e+02 7.000000292223955967e+02 2.179448275006680547e+01 6.326645159721374512e+01
8.000000071283238867e+02 8.000000013083715658e+02 1.511064807316738727e-05 6.325098804235458516e+01
1.010914197841608939e+03 1.000000000165289748e+03 1.199955197443806298e+02 6.320630664825439737e+01
1.000000001528134135e+03 1.000000000352404868e+03 3.030413942975209144e-06 6.385839550495147421e+01
1.100000002465524176e+03 1.100000001538308879e+03 2.111492534589009609e-06 6.384620765447616719e+01
1.200238390870702460e+03 1.200080948985153100e+03 2.920612375919381387e-01 6.390496850013732910e+01
1.350421042532685078e+03 1.351539617069585574e+03 4.958312275466602870e+01 6.390986460447311401e+01
1.400000038294193473e+03 1.400000006525879826e+03 9.213790899067074067e-05 6.331847475767135336e+01
