-1.400000000000000000e+03 -1.400000000000000000e+03 0.000000000000000000e+00 5.998525469303130819e+01
8.213599861179500294e+02 -7.962470682224417260e+02 2.893548576219205188e+03 6.019158976078033163e+01
-1.200000000000000000e+03 -1.200000000000000000e+03 5.084229945850414966e-14 5.994864850044250204e+01
-1.100000000000000000e+03 -1.100000000000000000e+03 1.136868377216160297e-13 5.998081024885177470e+01
-9.999999999051154873e+02 -9.999999999623869371e+02 1.534112179770167335e-07 6.006838099956512167e+01
-9.000000000000000000e+02 -9.000000000000000000e+02 0.000000000000000000e+00 5.998645204305648804e+01
-7.999999995031660092e+02 -7.999999995433795448e+02 3.208194252557693959e-07 6.008310539722442911e+01
-6.899997465774645207e+02 -6.899999999210099304e+02 1.000025308038011573e+01 6.003011300563812114e+01
-5.998142919611905199e+02 -5.999999807453926906e+02 3.330203323513505342e-01 6.096340085268020914e+01
-4.999900133744619097e+02 -4.999926039596571172e+02 1.095885155609879237e-02 6.002636140584945679e+01
-3.999999999999959073e+02 -4.000000000000000000e+02 1.739974172944095956e-11 6.014202644824981547e+01
-2.997512602357249989e+02 -2.999999999999992042e+02 4.308299095843118320e-01 6.012867310047149516e+01
-1.999999999999997442e+02 -1.999999999999998863e+02 3.270349648947223136e-13 6.013443834781647013e+01
-9.985952203480363210e+01 -9.999999999998539124e+01 1.553042339525558257e-01 6.002833919525146200e+01
1.096205519017657082e+02 1.003121732559828274e+02 2.626668111342914713e+01 6.005493745803833150e+01
2.000453864661177192e+02 2.000000036305419258e+02 1.361395500254406754e-01 6.034295395612716817e+01
3.011127339727564731e+02 3.020196068559075684e+02 1.004500311370253751e+00 6.008861379623412802e+01
4.013167107569971677e+02 4.020432025995640970e+02 9.792246102583851419e-01 6.004670740365982340e+01
5.000029594016185683e+02 5.000000000000000000e+02 7.044784950086250240e-03 6.014265085458755777e+01
6.000126306828409497e+02 6.000194318197550274e+02 9.268387309586683873e-03 6.004929925203323648e+01
7.250000015224048866e+02 7.000000016156798210e+02 4.330126965457631627e+01 6.018123354911804057e+01
8.000000005322018524e+02 8.000000000480538347e+02 1.706137926205062015e-06 6.018290549516677856e+01
1.001613773173810273e+03 1.000000000056903446e+03 1.057418761290668670e+02 6.017366095781326152e+01
1.000000000242536430e+03 1.000000000107662572e+03 5.303820801854971879e-07 6.115387206077575399e+01
1.105000000528369355e+03 1.100000000292338882e+03 2.179449459743026196e+01 6.114747329950332499e+01
1.200433728407666194e+03 1.200080948985240866e+03 9.216432633947494457e-01 6.122054170370101644e+01
1.342102717200808002e+03 1.303140207947300041e+03 4.956010142452860379e+01 6.118061859607696817e+01
1.400000001133598062e+03 1.400000000845436034e+03 9.396014926703547739e-07 6.027590439319610738e+01
