-1.399999916245903250e+03 -1.399999943395683204e+03 9.021487751773680651e-05 3.569101874828338339e+01
2.063447530179378646e+03 1.636117825584774437e+02 3.844004890006550795e+03 3.596182814836502217e+01
-1.196522315665228689e+03 -1.199838160069507467e+03 1.126434934090163686e+01 3.576812230348586752e+01
-1.097762753724907952e+03 -1.099300897792268643e+03 3.112932425658430979e+00 3.586968890428543233e+01
-9.999942819372796521e+02 -9.999955714002031755e+02 4.821985694884931700e-03 3.580689125061034872e+01
-8.999995238812667822e+02 -8.999997402794540449e+02 6.132689649316607622e-04 3.566153515577316568e+01
-7.997936763262044906e+02 -7.999113776053335414e+02 2.537814748329748626e-01 3.600573770999908163e+01
-6.915786240751026526e+02 -6.983856795122842414e+02 9.490337097859152138e+00 3.596402245759963989e+01
-5.997163804264308737e+02 -5.998506534477595551e+02 2.911936886703628824e-01 3.803220700025558187e+01
-4.998438392553337621e+02 -4.998675160426399771e+02 1.049430481345079713e-01 3.581764360666274882e+01
-3.999995513439787942e+02 -3.999998355499288891e+02 7.512370787659901263e-04 3.607480330467224405e+01
-2.998962820419013724e+02 -2.999980143632335512e+02 2.974200701724007967e-01 3.610874431133269979e+01
-1.999980044655567326e+02 -1.999987422612263686e+02 2.085677954102498153e-03 3.606301774978637553e+01
-9.999098176466661414e+01 -9.999614808553076273e+01 1.157121277009427913e-02 3.595138535499572896e+01
1.418292048235112190e+02 1.087214172641525352e+02 5.331593573884418902e+01 3.591477735042572306e+01
2.003951905572657211e+02 2.003302896688494741e+02 2.656561134194540541e-01 3.662878450155258037e+01
3.011176779706473781e+02 3.020199541171240298e+02 1.002445809027720847e+00 3.592139805555343912e+01
4.017268598562704938e+02 4.021069273333180831e+02 7.464581648689558868e-01 3.591780835390090942e+01
5.000116762692562702e+02 5.000001848556493655e+02 2.040671254503136425e-02 3.574745844602584555e+01
6.000170465384339877e+02 6.000194321608614700e+02 5.989011052012277112e-03 3.583462760448455953e+01
7.502212615644170910e+02 7.503508919392049847e+02 4.981789576768725425e+01 3.628091775178909018e+01
8.100464877987540149e+02 8.000420992983417818e+02 4.358213356963278073e+01 3.623506280183791972e+01
9.367727983023374918e+02 9.003050013614058571e+02 7.012060814289216637e+01 3.625989345312118672e+01
1.000722236489673037e+03 1.000095752711804494e+03 1.225664343166523285e+00 3.836189860105514526e+01
1.100129659991775497e+03 1.100061897684621044e+03 2.219834757929924074e-01 3.837206975221634053e+01
1.200356649150013936e+03 1.200088472710954193e+03 9.265081549935737515e-01 3.851797250509262227e+01
1.347280693283529899e+03 1.312677590632532883e+03 4.655294101844383903e+01 3.847819185256958008e+01
1.405197630296690932e+03 1.400201244229188205e+03 2.175510886982766934e+01 3.647374364137649394e+01
