-1.400000000000000000e+03 -1.400000000000000000e+03 0.000000000000000000e+00 4.149202119112014486e+01
3.753854362932612275e+03 2.782975910633722378e+03 4.445056909747079771e+03 4.169442369937896586e+01
-1.200000000000000000e+03 -1.200000000000000000e+03 0.000000000000000000e+00 4.147125895023346231e+01
-1.100000000000000000e+03 -1.100000000000000000e+03 0.000000000000000000e+00 4.148924084901809550e+01
-9.999999999999556621e+02 -9.999999999999743068e+02 5.051417850425368611e-11 4.152277009487151815e+01
-8.999994671171967866e+02 -8.999999983249488196e+02 1.576460130649791781e-03 4.162833175659179830e+01
-7.980237565835194573e+02 -7.999947155684556037e+02 3.179804366394066495e+00 4.156656675338744833e+01
-6.880188725869630844e+02 -6.800022783390320456e+02 9.783233755637704476e+00 4.155581429004669047e+01
-5.997127320295164736e+02 -5.998648954831378433e+02 3.171409755733449742e-01 4.234427180290222026e+01
-4.987934514457427895e+02 -4.989667471502366993e+02 1.093947920086938863e+00 4.160762439966201498e+01
-3.989055455409793467e+02 -3.990050409429067031e+02 1.331163213819696489e+00 4.161982549428940104e+01
-2.975623530831938979e+02 -2.980100818858134062e+02 2.822504091266260673e+00 4.164296969175338603e+01
-1.972489277197126967e+02 -1.979440450976274519e+02 2.193455724168957399e+00 4.161718050241470479e+01
-9.516492101311840202e+01 -9.968782674401859367e+01 1.319572778673962787e+01 4.151738209724426554e+01
1.851383112339153172e+02 1.376308803568643953e+02 9.428609264467820594e+01 4.151332539319992065e+01
2.011788894526870024e+02 2.012798431954273042e+02 8.940914143509249845e-01 4.171242064237594604e+01
3.018711885941610831e+02 3.020529659293168834e+02 7.505347634859682593e-01 4.154990605115890645e+01
4.032659332926738216e+02 4.027019727437974552e+02 1.930391611174081534e+00 4.162841160297394083e+01
5.000565485430606714e+02 5.000297897259675892e+02 8.464312387824658723e-02 4.155750094652175619e+01
6.002017684871015035e+02 6.001154132572507933e+02 2.005473100627904737e-01 4.150530040264129639e+01
7.550000000000000000e+02 8.000000000000000000e+02 4.974937185533100603e+01 4.162513135671615316e+01
8.426627767388433767e+02 8.119064486507388665e+02 5.545125258443856353e+01 4.161698569059372232e+01
1.062196331747306658e+03 1.071022183482707987e+03 1.138250357277894551e+02 4.159836189746856405e+01
1.028038155739564672e+03 1.018804905261421823e+03 3.145842384862651642e+01 4.251142095327377035e+01
1.167505022625321089e+03 1.185733623511980113e+03 4.444130455646359934e+01 4.250973504781723022e+01
1.213697735972786631e+03 1.202611940086375625e+03 1.625616825246280328e+01 4.257036094665527060e+01
1.404923550836367212e+03 1.410275625134908296e+03 5.655824530124096583e+01 4.254020820856094076e+01
1.450000000000000000e+03 1.450000000000000000e+03 5.000000000000000000e+01 4.172404350042343424e+01
