-1.400000000000000000e+03 -1.400000000000000000e+03 0.000000000000000000e+00 6.411266040802001953e+01
1.789429278407251786e+03 9.970000486272206217e+02 3.211590948821869915e+03 6.426597144603729816e+01
-1.200000000000000000e+03 -1.200000000000000000e+03 0.000000000000000000e+00 6.407616629600525471e+01
-1.100000000000000000e+03 -1.100000000000000000e+03 0.000000000000000000e+00 6.410047163963318440e+01
-9.999999999044666765e+02 -9.999999999945971467e+02 2.285512929724296569e-07 6.415304154157638550e+01
-9.000000000000000000e+02 -9.000000000000000000e+02 0.000000000000000000e+00 6.414183979034423544e+01
-7.999999997830747134e+02 -7.999999999476754056e+02 2.399197159592519142e-07 6.414219235181808187e+01
-6.919997769441903301e+02 -6.999999995950663561e+02 9.798231865436539678e+00 6.413042359352111532e+01
-5.998372641263412106e+02 -5.999999928186491616e+02 3.291804430629465816e-01 6.476324030160904499e+01
-4.999866841709593928e+02 -4.999926039596517739e+02 1.214148441232569195e-02 6.412254234552383991e+01
-4.000000000000000000e+02 -4.000000000000000000e+02 1.271057486462603742e-14 6.418571084737777710e+01
-2.998010081885780664e+02 -2.999999999999999432e+02 3.979836228356773420e-01 6.420465044975280478e+01
-1.999999999999986073e+02 -2.000000000000000000e+02 5.291890276900563112e-12 6.420455595254898640e+01
-9.989073936040631452e+01 -9.999999999999977263e+01 1.786493112865190358e-01 6.411932495832442669e+01
1.094762733840548634e+02 1.003121732559831116e+02 2.593356872609046704e+01 6.413217605352402018e+01
2.000242280900240530e+02 2.000000015337706714e+02 1.055985809936406533e-01 6.433995410203934284e+01
3.013212076457705280e+02 3.020197639804966911e+02 9.675199566261305506e-01 6.411578885316848186e+01
4.011921889532403611e+02 4.020125047651728210e+02 1.028166288695426145e+00 6.414165934324265095e+01
5.000029594016183410e+02 5.000000000000000000e+02 7.044784949477333677e-03 6.424361289739609049e+01
6.000097159098776274e+02 6.000097159098775137e+02 9.715909877513697127e-03 6.414268020391463665e+01
7.150000006199200016e+02 7.000000004830731086e+02 3.570714189042340081e+01 6.421545169353484539e+01
8.000000000861983835e+02 8.000000000205752713e+02 1.834156245219058276e-07 6.424105800390243814e+01
9.582490188084886995e+02 9.000000000771183295e+02 8.710408948619411262e+01 6.425898339748383137e+01
1.000000000029827106e+03 1.000000000015864316e+03 3.298758472303996018e-08 6.487287039756775187e+01
1.105000000168586212e+03 1.100000000078186986e+03 2.179449468154575698e+01 6.489737524986267658e+01
1.200083776861034039e+03 1.200000000000111868e+03 2.139333432830315407e-01 6.495295789241791340e+01
1.342383855695349666e+03 1.303768715804870681e+03 4.933039378179904588e+01 6.493702194690703777e+01
1.405000000498438794e+03 1.400000000209366135e+03 2.179449466541075964e+01 6.429590699672698406e+01
