-1.400000000000000000e+03 -1.400000000000000000e+03 0.000000000000000000e+00 4.206668665409087993e+01
4.635680692379923130e+03 3.756104008186872761e+03 5.113107488581345933e+03 4.245410254001617290e+01
-1.200000000000000000e+03 -1.200000000000000000e+03 0.000000000000000000e+00 4.205421454906463907e+01
-1.100000000000000000e+03 -1.100000000000000000e+03 0.000000000000000000e+00 4.211143560409546183e+01
-9.999999999999629381e+02 -9.999999999999730562e+02 4.394514676989051966e-11 4.215379524230957031e+01
-8.999983317818727073e+02 -8.999999944243430718e+02 6.042151666399042664e-03 4.224274224042892456e+01
-7.993641502409172972e+02 -7.999998708677885588e+02 2.157300551060330474e+00 4.229047235250472880e+01
-6.860148045323199995e+02 -6.799992782417200488e+02 9.155601136559500475e+00 4.214665780067443990e+01
-5.994629016339911232e+02 -5.992500893561943940e+02 4.132986766918253507e-01 4.353670170307159282e+01
-4.997945773245254486e+02 -4.998742278957842018e+02 2.171175547066792610e-01 4.225317184925079061e+01
-3.995522686761989917e+02 -4.000000000000000000e+02 9.159559805338516325e-01 4.238556684255600260e+01
-2.982090749566868340e+02 -2.990050409429067031e+02 1.622727106179766121e+00 4.235584959983825826e+01
-1.984734231207338269e+02 -1.980100818858134062e+02 1.346598844844691278e+00 4.242404094934463643e+01
-9.644564334677565398e+01 -9.968782674401859367e+01 8.497871921318038702e+00 4.218755394220352173e+01
1.745647563101770174e+02 1.460094904489554324e+02 7.480040123703859933e+01 4.214166970252991007e+01
2.005627621953232449e+02 2.001589630657680345e+02 7.440929477971780504e-01 4.259101369380950786e+01
3.018982639848271106e+02 3.020660412840503568e+02 7.224895035970431145e-01 4.221110005378723429e+01
4.026815720085767794e+02 4.022916072561612282e+02 1.018641216712491637e+00 4.232483869791030884e+01
5.000361519570193991e+02 5.000197293441220268e+02 3.993350210262570921e-02 4.224767864942550943e+01
6.000372824130738536e+02 6.000194318197550274e+02 3.499190541523905518e-02 4.221605515480041504e+01
7.600000000000000000e+02 8.000000000000000000e+02 4.898979485566356118e+01 4.236463565826416300e+01
8.545678284266650735e+02 8.000000000000000000e+02 1.058345236388043560e+02 4.235694744586944438e+01
1.112261590007035466e+03 1.182490187298201135e+03 9.976342735004398321e+01 4.223237340450286581e+01
1.022501503993781625e+03 1.003140006381251396e+03 3.189293104137830070e+01 4.378429039716720439e+01
1.138225016068268360e+03 1.116659491506227596e+03 4.614199847516097464e+01 4.378549965620040751e+01
1.207643402713887099e+03 1.200435134724740237e+03 1.291367477595235869e+01 4.391764150857925131e+01
1.395467854854967527e+03 1.410657310334289832e+03 5.263223203685129903e+01 4.387174170017242147e+01
1.445000000000000000e+03 1.400000000000000000e+03 4.974937185533099893e+01 4.707805844545364238e+01
