-1.399999999999999773e+03 -1.399999999999999773e+03 0.000000000000000000e+00 1.282190435850620361e+03
8.100038435930907726e+05 7.682121963966712356e+05 2.173972018400522647e+05 1.639801288354396775e+03
5.321106336588101089e+07 3.105881757361865044e+07 6.997561559746633470e+07 1.590849791395664170e+03
1.104483821585547412e+04 1.002108815722383588e+04 3.868379616400270606e+03 1.640170534598827317e+03
-9.999996488499982661e+02 -9.999996458699139339e+02 2.184752514736652333e-05 1.629995384049415634e+03
-8.557002251859032640e+02 -8.565526684650286597e+02 2.029221557528699815e+00 1.453170576703548477e+03
-7.642675679552028214e+02 -7.657611520003076748e+02 1.124597651540812926e+01 1.411444632351398468e+03
-6.788821792767719216e+02 -6.788773167509421000e+02 3.656890981496641740e-02 1.562732019805908294e+03
-5.353546966343151325e+02 -5.329246744635830737e+02 7.907797731576499345e+00 1.949533387243747711e+03
-4.999414591609063905e+02 -4.999494755557092844e+02 2.904414947841841427e-02 1.327336399102211089e+03
-3.236615877365817369e+02 -3.257765211923311313e+02 1.517837190245796108e+01 1.331332300698757081e+03
-2.270788652157045249e+02 -2.248807046539810983e+02 1.714678444364799148e+01 1.385029476499557404e+03
-1.928354799334566438e+00 2.905941871460640868e+00 4.623368530732542325e+01 1.519011879003047852e+03
2.912438873568769850e+03 3.030018160317344154e+03 6.940158947716514604e+02 1.299076555705070405e+03
1.162943552289825675e+04 1.340713771220329727e+04 3.117457265332209317e+03 1.296847111141681580e+03
2.032006963035457261e+02 2.031667948636665528e+02 2.885839807655154465e-01 1.571473718345165253e+03
4.225847833596706664e+02 4.160607215228882296e+02 1.611165578368675710e+01 1.295244453597068741e+03
6.687325979849558735e+02 7.597178603785275754e+02 1.409186737959460061e+02 1.352612619745731308e+03
5.051627470885608204e+02 5.052154632976624384e+02 8.097883310275695301e-01 1.632980841803550675e+03
6.211265514143983637e+02 6.207955891944563973e+02 1.092989062184808402e+00 1.571914613497257278e+03
1.440342439857096679e+03 1.828262933976493059e+03 4.468868957639245423e+02 1.358407081043720154e+03
4.251135262332562888e+03 4.316987331165197247e+03 5.829497291723483841e+02 1.569090935146808533e+03
1.089509159896648634e+04 9.982677715815741976e+03 3.217819698560391316e+03 1.350820986497402146e+03
1.279875164917439633e+03 1.278084760516480628e+03 2.028770756345786097e+01 2.006846934950351624e+03
1.410857077427380318e+03 1.406999473131941841e+03 2.067440459998454827e+01 1.997375590991973922e+03
1.625655342539522280e+03 1.634397057479922069e+03 3.648651745358361609e+01 2.018981337141990707e+03
2.579983651521392858e+03 2.510252355157099828e+03 3.425180414925024479e+02 2.018132432103157043e+03
3.440613762756929646e+03 4.745071162127564094e+03 1.484158254957164218e+03 1.632513718152046295e+03
