-1.400000000000000000e+03 -1.400000000000000000e+03 0.000000000000000000e+00 6.466172270774841024e+01
2.749317140918106361e+03 1.433968442410051921e+03 3.976984506617917759e+03 6.511903895139694498e+01
-1.200000000000000000e+03 -1.200000000000000000e+03 0.000000000000000000e+00 6.466631809473037151e+01
-1.100000000000000000e+03 -1.100000000000000000e+03 0.000000000000000000e+00 6.471724774837494465e+01
-9.999999999999848797e+02 -9.999999999999943157e+02 2.548698152994190553e-11 6.473677365779876425e+01
-8.999999999999432703e+02 -8.999999999999940883e+02 1.425737244807700216e-10 6.495104908943176270e+01
-7.989410650956576774e+02 -7.999969787215947008e+02 2.962641743089380775e+00 6.481952869892120361e+01
-6.919976881723218867e+02 -7.000000000000000000e+02 9.800790778946087300e+00 6.480726410150528238e+01
-5.994758725742897241e+02 -5.992599148066212820e+02 4.246577776310386243e-01 6.566970025300979330e+01
-4.997951939916539459e+02 -4.998865809102553612e+02 2.742675626761921781e-01 6.484795985221862225e+01
-3.996517643300173859e+02 -4.000000000000000000e+02 4.745652241830684570e-01 6.485669239759445759e+01
-2.992537809590709799e+02 -2.995025204714533515e+02 9.887201839698225303e-01 6.489778245687485025e+01
-1.979074516932738561e+02 -1.980100818858134062e+02 1.176053491651306571e+00 6.483572415113448528e+01
-9.391645165634925263e+01 -9.968782674401859367e+01 9.512432412941562276e+00 6.476391214132308960e+01
1.487766156974768421e+02 1.169133068121728911e+02 6.866864663534657609e+01 6.475693249702453613e+01
2.010695285770802059e+02 2.005183062648147541e+02 1.223574571779989073e+00 6.510557260513306232e+01
3.021436784925655274e+02 3.020837723134050634e+02 4.874369717816077752e-01 6.480203160047531696e+01
4.023357765781125863e+02 4.022703657483006054e+02 1.130270794547329594e+00 6.486712470054627033e+01
5.000549674698948479e+02 5.000197293441223110e+02 5.150392363362652631e-02 6.486948490142822266e+01
6.000873980974857886e+02 6.000744481502149483e+02 8.549860751853843865e-02 6.475383654832839397e+01
7.300000000000000000e+02 7.000000000000000000e+02 4.582575694955838941e+01 6.492423260211944580e+01
8.323255640811303238e+02 8.059532243253693196e+02 7.716869898298600106e+01 6.491021350622176556e+01
1.021031203338302703e+03 9.920439246986170474e+02 1.141281544186518033e+02 6.485589820146560669e+01
1.019308788353043724e+03 1.010972356102738331e+03 2.522337926025184629e+01 6.583574815988541218e+01
1.139719556943605539e+03 1.100000000000000000e+03 4.510098523754689381e+01 6.583828454017638876e+01
1.214935089880805663e+03 1.200435134724740237e+03 2.668803834492278781e+01 6.590300499200820639e+01
1.374818078154379236e+03 1.400000000000000000e+03 6.761636402883989660e+01 6.588536934852599813e+01
1.440000000000000000e+03 1.400000000000000000e+03 4.898979485566356118e+01 6.507008374929428385e+01
