-1.400000000000000000e+03 -1.400000000000000000e+03 0.000000000000000000e+00 6.233396944999694966e+01
2.187247797429747607e+03 9.708244101764830702e+01 3.901942204792014309e+03 6.246562689542770386e+01
-1.200000000000000000e+03 -1.200000000000000000e+03 0.000000000000000000e+00 6.227189896106720113e+01
-1.100000000000000000e+03 -1.100000000000000000e+03 0.000000000000000000e+00 6.231488970518112325e+01
-9.999999999999794227e+02 -9.999999999999881766e+02 2.891681202740412554e-11 6.241034950017929361e+01
-9.000000000000000000e+02 -9.000000000000000000e+02 7.626344918775622765e-14 6.236614060401916504e+01
-8.000000000000000000e+02 -8.000000000000000000e+02 0.000000000000000000e+00 6.238975290060043477e+01
-6.939996856938821566e+02 -7.000000000000000000e+02 9.165631514426193505e+00 6.232232885360717489e+01
-5.997622801919549147e+02 -6.000000000000000000e+02 3.668327318788975888e-01 6.308826459646225260e+01
-4.999589406432813234e+02 -4.999728746156046100e+02 4.925726142950462294e-02 6.238876215219497823e+01
-4.000000000000000000e+02 -4.000000000000000000e+02 0.000000000000000000e+00 6.246250224113464355e+01
-2.995522684243080676e+02 -3.000000000000000000e+02 5.865197141093928535e-01 6.245774384737014628e+01
-1.995954126983440915e+02 -2.000000000000000000e+02 8.093093237536255202e-01 6.248347150087356283e+01
-9.641442602117750482e+01 -9.968782674401859367e+01 6.628705036750807800e+00 6.234779795408248759e+01
1.175427633091796054e+02 1.003121732559814063e+02 3.266422946044944098e+01 6.232432684898376607e+01
2.000689888643108532e+02 2.000000000000000568e+02 2.070021285578163006e-01 6.257381994724273966e+01
3.016300267794039200e+02 3.020225124902920015e+02 8.128368062489329526e-01 6.239437625408172750e+01
4.019429008188555486e+02 4.021187584120932570e+02 7.010737542522486043e-01 6.241317884922027304e+01
5.000084129065028833e+02 5.000000000000000000e+02 1.098628975175024690e-02 6.236164915561676025e+01
6.000184602287674807e+02 6.000194318197550274e+02 4.235066930063082109e-03 6.234786744117737101e+01
7.600000000000000000e+02 8.000000000000000000e+02 4.898979485566355407e+01 6.247595455646514750e+01
8.350000000000000000e+02 8.000000000000000000e+02 6.538348415311011763e+01 6.248808444738388346e+01
1.002932242834182603e+03 9.500000000000000000e+02 1.170206631736283498e+02 6.245628199577331685e+01
1.006072405765162898e+03 1.000000000000000000e+03 2.252976250308533679e+01 6.322299973964690878e+01
1.115000000000000000e+03 1.100000000000000000e+03 3.570714214271423970e+01 6.321576110124588155e+01
1.202117795853603866e+03 1.200080948985142413e+03 6.482752688920574435e+00 6.331631439924240112e+01
1.360658565504704256e+03 1.400000000000000000e+03 5.105978172783132152e+01 6.328541104793548300e+01
1.405000000000000000e+03 1.400000000000000000e+03 2.179449471770336544e+01 6.255800064802169658e+01
