-1.400000000000000000e+03 -1.400000000000000000e+03 0.000000000000000000e+00 5.048375824689865254e+01
3.242824459187531374e+03 1.001065047335579038e+03 4.122714363454053455e+03 5.082966815233230307e+01
-1.200000000000000000e+03 -1.200000000000000000e+03 0.000000000000000000e+00 5.048703099489212320e+01
-1.100000000000000000e+03 -1.100000000000000000e+03 0.000000000000000000e+00 5.053221775293350504e+01
-9.999999999999841975e+02 -9.999999999999945430e+02 2.409047965975172105e-11 5.056675089597702311e+01
-8.999999999999979536e+02 -8.999999999999996589e+02 7.106973330410470710e-12 5.067998834848403789e+01
-7.999999813312456354e+02 -8.000000000000000000e+02 4.991717842105652416e-05 5.068252069950104044e+01
-6.928703250454962017e+02 -7.000000000000000000e+02 9.461906887681719169e+00 5.059946024417877197e+01
-5.996219907256040642e+02 -5.998543035201076918e+02 3.992185941781061231e-01 5.130387905836105489e+01
-4.999311995798327075e+02 -4.999728746156046100e+02 8.363186192228466709e-02 5.062818444967270182e+01
-3.999502520471453408e+02 -4.000000000000000000e+02 2.168462991415098240e-01 5.070685064792633057e+01
-2.984080662643236224e+02 -2.990050409429067031e+02 1.585702191955553175e+00 5.069708429574966146e+01
-1.985566206698913732e+02 -1.990050409429067031e+02 1.511903658207494061e+00 5.070542874336242534e+01
-9.902166102559925775e+01 -1.000000000000000000e+02 3.624454847861836360e+00 5.059853249788284302e+01
1.358473512477131351e+02 1.169133068121728911e+02 4.767709415650842431e+01 5.053572264909744405e+01
2.001549509562374283e+02 2.000000000000072760e+02 3.059600491595528271e-01 5.090209624767303609e+01
3.017201108347771310e+02 3.020197639804966911e+02 7.212155780695812535e-01 5.063801870346069478e+01
4.022903382777080878e+02 4.026440151185734067e+02 1.133546031810738208e+00 5.067374089956283711e+01
5.000248578888320594e+02 5.000197293441220268e+02 2.716462961963536649e-02 5.056549735069275187e+01
6.000221826362783304e+02 6.000194318197550274e+02 1.199053123596169335e-02 5.055168124437332011e+01
7.450000000000000000e+02 7.000000000000000000e+02 4.974937185533100603e+01 5.076669576168060161e+01
8.070941211819772434e+02 8.000000000000000000e+02 2.318146490521122871e+01 5.076472399234771871e+01
1.022041749228039976e+03 9.838570783478820658e+02 1.176432580647253872e+02 5.072298635244369791e+01
1.006434875067301846e+03 1.000000000000000000e+03 1.616049740393263079e+01 5.142186244726180888e+01
1.108573051507494483e+03 1.100000000000000000e+03 2.611200354921134448e+01 5.143451815843582153e+01
1.207459826777092985e+03 1.200675870639359346e+03 1.026931615286204114e+01 5.148869929313659810e+01
1.386625498764487475e+03 1.410275624686311403e+03 6.206403218801543176e+01 5.147659399509429790e+01
1.415000000000000000e+03 1.400000000000000000e+03 3.570714214271424680e+01 5.086078815460204794e+01
