-1.400000000000000000e+03 -1.400000000000000000e+03 0.000000000000000000e+00 2.247545160055160451e+01
4.540454389076843654e+03 4.604355485961426893e+03 4.850464230103430964e+03 2.258975564241409373e+01
-1.200000000000000000e+03 -1.200000000000000000e+03 0.000000000000000000e+00 2.242137794494628977e+01
-1.100000000000000000e+03 -1.100000000000000000e+03 0.000000000000000000e+00 2.248658965826034617e+01
-9.999999999999739657e+02 -9.999999999999949978e+02 4.660844231001064012e-11 2.251740080118179321e+01
-8.999999989399168498e+02 -8.999999999995895905e+02 4.414773081255690168e-06 2.252911484241485596e+01
-7.997476125017064987e+02 -8.000000000000000000e+02 1.099147360109632432e+00 2.252668584585189748e+01
-6.879988552407500038e+02 -6.799999610991305872e+02 9.798893904552215872e+00 2.245219010114669800e+01
-5.997145244488884828e+02 -6.000000000000000000e+02 3.548106927834570046e-01 2.302515399456024170e+01
-4.998422950879402151e+02 -4.999469934021784638e+02 2.147012296255152441e-01 2.252661584615707469e+01
-3.999502520471453408e+02 -4.000000000000000000e+02 2.168462991415098517e-01 2.258082154989242696e+01
-2.980100833971591783e+02 -2.990050409429067031e+02 1.723317456896915845e+00 2.258657923936844014e+01
-1.986757167715617527e+02 -1.990050409429067031e+02 1.407374546819896821e+00 2.258864489793777608e+01
-9.317120697264461171e+01 -9.968782674401859367e+01 1.751083743244442914e+01 2.249679020643234395e+01
1.733377729657253781e+02 1.583484539015558994e+02 7.469310055526975134e+01 2.249173491001129221e+01
2.002884150164048549e+02 2.000034821805612069e+02 6.556735232925796630e-01 2.266581444740295481e+01
3.013641425555737783e+02 3.020258894984469293e+02 9.972253754941808879e-01 2.251878005266189575e+01
4.023795859910625836e+02 4.023628065378442216e+02 1.340109367363294446e+00 2.255460915565490865e+01
5.000287008428446143e+02 5.000197293441220268e+02 4.237955116616128060e-02 2.252531100511550832e+01
6.000267126783364802e+02 6.000194318197550274e+02 2.049117790320771626e-02 2.249539929628372192e+01
7.750000000000000000e+02 8.000000000000000000e+02 4.330127018922193116e+01 2.254107415676116943e+01
8.240656074332066510e+02 8.000000000000000000e+02 5.245407338700866973e+01 2.256744829416275167e+01
1.101555763284279465e+03 1.182490187298153160e+03 1.219389757305798980e+02 2.255415319204330515e+01
1.013051783557104841e+03 1.003140003726451368e+03 1.933870963759221340e+01 2.314079650640487529e+01
1.110000000000000000e+03 1.100000000000000000e+03 3.000000000000000000e+01 2.313805005550384664e+01
1.203830314981345282e+03 1.200080948985145824e+03 9.124634750619366130e+00 2.321003584861755442e+01
1.365434572022462135e+03 1.400000000000000000e+03 5.433756000240806117e+01 2.317143950462341451e+01
1.460000000000000000e+03 1.500000000000000000e+03 4.898979485566356118e+01 2.553276920318603516e+01
