-1.400000000000000000e+03 -1.400000000000000000e+03 0.000000000000000000e+00 2.711427865505218620e+02
9.497246858842065558e+04 8.884928582753831870e+04 5.166142277159811056e+04 2.934970005035400504e+02
1.434001145832523252e+04 -1.166413482404397882e+03 5.179136755335955240e+04 2.899315163493156433e+02
1.634696352423561257e+04 1.569371473192286430e+04 8.727177230935396437e+03 2.930590415477752799e+02
-9.999999839369286292e+02 -9.999999847986060786e+02 6.159529631859284092e-06 2.918857019543647766e+02
-8.901875769493406096e+02 -8.901875769772376543e+02 1.168830045500720002e-07 2.914971507549286116e+02
-7.952412437957825659e+02 -7.992120131967183170e+02 7.521999348990998868e+00 2.839461212992667924e+02
-6.796311576475820857e+02 -6.796265669899757995e+02 5.829908272062773317e-02 2.835198539018630868e+02
-5.953583043493861169e+02 -5.957113252274306205e+02 2.146166542652575338e+00 3.080880259990692025e+02
-4.998810512341771641e+02 -4.998744317787853220e+02 5.877981949581507354e-02 2.755810432553291207e+02
-3.943287356415868317e+02 -3.960201637716268124e+02 3.724121018638187675e+00 2.747128634572029000e+02
-2.892047022933201674e+02 -2.890554579287023671e+02 3.792275174447895303e+00 2.756056549072265511e+02
-1.780414403868826412e+02 -1.798618607223678225e+02 1.196094992752940911e+01 2.764783255577087289e+02
1.395882844342773978e+02 1.475687781919939425e+02 1.043672883250374355e+02 2.739094946026801836e+02
1.094310381225917354e+03 1.012852052739766577e+03 3.132771141621900597e+02 2.762901934981346130e+02
2.007587414974760804e+02 2.007272935103335953e+02 4.160039599114755959e-01 2.899795022010803223e+02
3.145836313761577685e+02 3.140097364736667487e+02 2.003073253783278940e+00 2.750291853070258981e+02
4.172993152353539017e+02 4.167971790355680355e+02 2.317526272083750172e+00 2.817939579486846924e+02
5.006592756489209251e+02 5.005995743815553851e+02 2.227237549750099299e-01 2.899229097008704912e+02
6.035390658110666209e+02 6.035188462887092555e+02 3.315513429126024647e-01 2.927959209442138899e+02
1.000000000000000227e+03 1.000000000000000227e+03 8.038873388460928854e-14 2.788019308567047005e+02
1.199335323984097840e+03 1.127196214763633179e+03 2.190313475447902647e+02 2.774608245968818778e+02
2.050421064432540788e+03 2.165342478337986904e+03 3.556924119659458370e+02 2.792896253585815316e+02
1.212531387135405794e+03 1.212249253690875094e+03 3.535628631018028933e+00 3.105975471019744987e+02
1.312374532875572868e+03 1.312292273729793123e+03 4.350905360757594487e+00 3.091050068974494707e+02
1.392570590401745449e+03 1.400022191100641976e+03 4.031897661541908207e+01 3.112530542492866630e+02
1.816477887514119402e+03 1.816316932676147871e+03 1.325440623325349954e+01 3.071910369515418893e+02
1.700000000000000455e+03 1.700000000000000455e+03 1.761228916715216211e-13 2.821968873023986930e+02
