-1.399999999999593228e+03 -1.399999999999856755e+03 7.589508003865897837e-10 6.336267950534820415e+01
2.013671704635256901e+03 4.195797647555313006e+02 3.590805062386160444e+03 6.350267184972763346e+01
-1.199999998826320734e+03 -1.199999999892567303e+03 2.818255590161465049e-06 6.340797195434570455e+01
-1.099999998187240180e+03 -1.099999999598040176e+03 3.313120409673827321e-06 6.343742209672927856e+01
-9.999999908548440999e+02 -9.999999941498168710e+02 9.521633428550299681e-06 6.345342625379562662e+01
-8.999999999995486633e+02 -8.999999999999220108e+02 9.115615854637988586e-10 6.337629004716873027e+01
-7.999997122047550420e+02 -7.999997699631007890e+02 3.057609418951694170e-04 6.348484479188918783e+01
-6.949996831719054171e+02 -6.999997879795525932e+02 8.660446268324131225e+00 6.347034019231796265e+01
-5.998128986980623267e+02 -5.999988952260962378e+02 3.342650353351397374e-01 6.420022455453872112e+01
-4.999792773765009883e+02 -4.999901342960378656e+02 2.305931604792100034e-02 6.343030974864959859e+01
-3.999999999979930294e+02 -3.999999999996610995e+02 3.528296580855596719e-09 6.349551779031753540e+01
-2.997512601691134932e+02 -2.999999999885164357e+02 4.308300008082932009e-01 6.351905115842819072e+01
-1.999999999748249877e+02 -1.999999999951677410e+02 5.790491825929488555e-08 6.353193535804748393e+01
-9.996878263437555745e+01 -9.999999997656925643e+01 9.365196942855159856e-02 6.345317780971527100e+01
1.072550118676183502e+02 1.003121743059725191e+02 1.373858923381578556e+01 6.348063554763793803e+01
2.000184458455017591e+02 2.000048296841677029e+02 5.700023904830513188e-02 6.369644705057144307e+01
3.016157169814136978e+02 3.020196068668300882e+02 8.078584787161960934e-01 6.344321924448013306e+01
4.013064376888942206e+02 4.020035034560388567e+02 9.714378994017409674e-01 6.346209100484848165e+01
5.000044391148909426e+02 5.000000000000000000e+02 1.186842023028104529e-02 6.342586274147033976e+01
6.000136022748101823e+02 6.000194318197550274e+02 8.904776997719734619e-03 6.344515094757080220e+01
7.300005627147012319e+02 7.000012364666122266e+02 4.582545212875546525e+01 6.358854840993880941e+01
8.100000328931283775e+02 8.000000248952561606e+02 2.999999487707318835e+01 6.357176209688186930e+01
9.697418296100082671e+02 9.000003344943797856e+02 1.008445795114717498e+02 6.358946850299835063e+01
1.000000025795917622e+03 1.000000016018123915e+03 2.246786586034359542e-05 6.433747570514678671e+01
1.105000077849944091e+03 1.100000084102427309e+03 2.179447734142289406e+01 6.432978609800338177e+01
1.200559748598345777e+03 1.200080949347700425e+03 1.261315171496395715e+00 6.439653095006943317e+01
1.348292212634597718e+03 1.303049760208978569e+03 5.296286374124993301e+01 6.436427109241485311e+01
1.415000228385174069e+03 1.400000273888232186e+03 3.570705823312486871e+01 6.363036770820617960e+01
