-1.400000000000000000e+03 -1.400000000000000000e+03 0.000000000000000000e+00 5.930408248901367330e+01
2.279830971782512279e+03 3.823561331746101359e+02 3.809167159472238836e+03 5.957362149953841879e+01
-1.200000000000000000e+03 -1.200000000000000000e+03 0.000000000000000000e+00 5.922328460216522217e+01
-1.100000000000000000e+03 -1.100000000000000000e+03 0.000000000000000000e+00 5.927330570220946981e+01
-9.999999999999909051e+02 -9.999999999999979536e+02 1.305830792517488845e-11 5.936025639772415019e+01
-8.999999999999997726e+02 -9.000000000000000000e+02 5.967205412166872954e-13 5.934558614492416240e+01
-7.999999999999957936e+02 -8.000000000000000000e+02 1.381217881394114809e-11 5.947698699235915853e+01
-6.970007226418467781e+02 -7.000000000000000000e+02 7.139708731091575444e+00 5.940729165077209473e+01
-5.998500178712387196e+02 -6.000000000000000000e+02 2.999642575222282170e-01 6.020724304914474345e+01
-4.999821221297103762e+02 -4.999913696438024431e+02 1.941647712883632498e-02 5.941561861038208292e+01
-3.999502520471453408e+02 -4.000000000000000000e+02 2.168462991415098517e-01 5.948289074897765971e+01
-2.996020163771627267e+02 -3.000000000000000000e+02 4.874284009678507279e-01 5.949081870317458964e+01
-1.997532330184594116e+02 -2.000000000000000000e+02 7.516624279351205029e-01 5.948043590784072876e+01
-9.813697402799293457e+01 -9.968782674401859367e+01 4.968655630162293946e+00 5.935579165220260478e+01
1.195826918801143108e+02 1.006243465119628127e+02 3.714507280087683938e+01 5.937592569589615010e+01
2.000711206020567090e+02 2.000000000000012506e+02 1.828504839036312335e-01 5.965317549705505229e+01
3.016731641496553493e+02 3.020329964598200831e+02 8.283539697117500156e-01 5.942121520042419291e+01
4.013629008218864556e+02 4.020028016568802514e+02 9.390433782498507354e-01 5.942620854377746298e+01
5.000049358062716465e+02 5.000000000000000000e+02 7.955314336385192059e-03 5.933418740034103678e+01
6.000184602287674807e+02 6.000194318197550274e+02 4.235066930063083844e-03 5.931288654804230021e+01
7.150000000000211458e+02 7.000000000000040927e+02 3.570714214270646636e+01 5.958717604875564433e+01
8.170941211819788350e+02 8.000000000000002274e+02 4.791135451552111135e+01 5.956758140325545980e+01
9.991838831619652410e+02 9.419285391741791500e+02 1.164914034925047446e+02 5.955797924995422221e+01
1.000000000000011255e+03 1.000000000000000000e+03 3.639367653035081014e-11 6.037317314147949077e+01
1.105000000000003183e+03 1.100000000000000000e+03 2.179449471770262292e+01 6.036265925168991231e+01
1.200142682765193285e+03 1.200000000000000000e+03 1.934611274869507680e-01 6.043611115217208862e+01
1.338039906914699486e+03 1.303082001995288238e+03 4.895423771142750979e+01 6.039152480363846109e+01
1.405000000000011369e+03 1.400000000000000000e+03 2.179449471770120894e+01 5.965687479972839213e+01
