-1.399999999999256715e+03 -1.399999999999826741e+03 2.105981854239379605e-09 2.565930914878845215e+01
1.130972598172484595e+03 1.831446697222384046e+02 2.628540139987809653e+03 2.573935064077377177e+01
-1.199999999989726803e+03 -1.199999999999986130e+03 4.426647421443156512e-08 2.561196215152740407e+01
-1.099999999995161943e+03 -1.099999999999910415e+03 1.039439436002540862e-08 2.560859479904174663e+01
-9.999999991512559063e+02 -9.999999994250649706e+02 9.607591548157685741e-07 2.561249610185623027e+01
-8.999999999999978400e+02 -8.999999999999998863e+02 6.453418097216720502e-12 2.565091190338134908e+01
-7.999999832185641253e+02 -7.999999923802572539e+02 1.675151339387000811e-05 2.576019979715347219e+01
-6.929998772086773897e+02 -6.999999744872600331e+02 9.539538935431894018e+00 2.565538129806518697e+01
-5.998643507635907781e+02 -5.999997878957967714e+02 2.766412405266445718e-01 2.641507699489593364e+01
-4.999917389398862042e+02 -4.999926039003701135e+02 9.559982033136051049e-03 2.573274555206298686e+01
-3.999502520467420936e+02 -3.999999999999481588e+02 2.168462990545584890e-01 2.577212564945221018e+01
-2.999502520471161233e+02 -2.999999999999877218e+02 2.168462991363430403e-01 2.579650695323944021e+01
-1.999999999997386340e+02 -1.999999999999643592e+02 5.302179766130185632e-10 2.578790804147720195e+01
-9.992195668104884021e+01 -9.999999999555029717e+01 1.351749860158198147e-01 2.573099970817565918e+01
1.055636793718382762e+02 1.001560866686434679e+02 1.667516991163122597e+01 2.574884879589080811e+01
2.000002082312752520e+02 2.000000546858172470e+02 4.963380921236302612e-04 2.593823415040969849e+01
3.010938706223427062e+02 3.012624407783536071e+02 9.303726088846021591e-01 2.570951180458068919e+01
4.014156824967761850e+02 4.020098187753399088e+02 8.606733899717475822e-01 2.573846100568771433e+01
5.000000000000000000e+02 5.000000000000000000e+02 0.000000000000000000e+00 2.567996615171432495e+01
6.000077727302686981e+02 6.000000000013880026e+02 9.519606702313346269e-03 2.571772664785385132e+01
7.050001910750859224e+02 7.000001088930116566e+02 2.179445201259509091e+01 2.583376539945602346e+01
8.000000320934648244e+02 8.000000239467556185e+02 2.936939643169600257e-05 2.585418795347213816e+01
9.964980487032960355e+02 1.000000002355217475e+03 1.031904485625410075e+02 2.575407385826110840e+01
1.000000014487799831e+03 1.000000003649333053e+03 3.749180468209466330e-05 2.653819844722747945e+01
1.100000077662395370e+03 1.100000019632735757e+03 1.241782316107522676e-04 2.655331519842147969e+01
1.200075893069728863e+03 1.200040474504286976e+03 1.256803920304834787e-01 2.662035739421844482e+01
1.380102169655368471e+03 1.400000001750343472e+03 3.979636508895293190e+01 2.658774049282073904e+01
1.400000223254175808e+03 1.400000057603111372e+03 2.882115703151039219e-04 2.592130055427551127e+01
