-1.399999998454163460e+03 -1.399999999530199148e+03 2.234525892736635185e-06 6.953939834833144573e+01
1.884739508361174330e+03 -1.415041406556865695e+02 4.544871524238606980e+03 6.963560824394225790e+01
-1.199987694719888850e+03 -1.199996422683616402e+03 1.675845152605520000e-02 6.955140960216522217e+01
-1.099983142798313793e+03 -1.099989519896107595e+03 2.062840959266076107e-02 6.961825820207596394e+01
-9.999995310394349417e+02 -9.999995332862299620e+02 3.057292934625651477e-04 6.957111494541167929e+01
-8.999999980058524898e+02 -8.999999991366041741e+02 2.713136571827011745e-06 6.953697894811629965e+01
-7.999828775745047551e+02 -7.999924128957059111e+02 2.437251997140178414e-02 6.962807434797286987e+01
-6.929777745910372460e+02 -6.999665390762288553e+02 9.523505115991357073e+00 6.962155075073242472e+01
-5.998230372712114331e+02 -5.999822260224430011e+02 2.892486396728035092e-01 7.029247055053710369e+01
-4.999703482702356041e+02 -4.999740081514245844e+02 2.426078903455906183e-02 6.959129480123519329e+01
-3.999999968976288187e+02 -3.999999988420320278e+02 3.825855857815817600e-06 6.966159340143204304e+01
-2.998009643227838978e+02 -2.999999868658582045e+02 3.980102403817344370e-01 6.964315644502639202e+01
-1.997943871982445785e+02 -1.999999828796235306e+02 6.167807007205331482e-01 6.966275385618209270e+01
-9.999983252848872439e+01 -9.999995539011445089e+01 2.334125360260316470e-04 6.961632699966430948e+01
1.260829532196309799e+02 1.086912196229121150e+02 4.142323970379656828e+01 6.959995909929276081e+01
2.003095898443384044e+02 2.002545204045276250e+02 1.915351715239938801e-01 6.982308274507522583e+01
3.017170220245039900e+02 3.020197377880728595e+02 7.207452324111341957e-01 6.961046930551529499e+01
4.018947770937578525e+02 4.020780519011018441e+02 6.008160111428161310e-01 6.961226869821548746e+01
5.000124156828129571e+02 5.000049718954850277e+02 1.528338913092399873e-02 6.954853044748305990e+01
6.000145792306944941e+02 6.000194318207238666e+02 8.404980699247331308e-03 6.957642455101013468e+01
7.650128082108960825e+02 8.000034926950062300e+02 4.768780671508720559e+01 6.973023439645767496e+01
8.100020958881251545e+02 8.000022370104795755e+02 4.358873253032119521e+01 6.972435100078583048e+01
1.041246803547739091e+03 1.041248527968897633e+03 1.412433878076357132e+02 6.973088403940201374e+01
1.000000929209417336e+03 1.000000972264335815e+03 4.934079142327647566e-04 7.041175165176392170e+01
1.105004079431740593e+03 1.100003947983996568e+03 2.179368158698114399e+01 7.041208604574202923e+01
1.200608565426045516e+03 1.200081296823380399e+03 1.264694966596435766e+00 7.044660320281982990e+01
1.342863834815898826e+03 1.306578615071499371e+03 4.785187546187125918e+01 7.043482085466385456e+01
1.415016421164114263e+03 1.400015937965892817e+03 3.570176977297738574e+01 6.981623715162277222e+01
