-1.399999999999999773e+03 -1.400000000000000000e+03 5.058744923482434098e-13 5.795607435703277588e+01
3.509394696094353094e+03 1.408724767098621669e+03 4.480096306062040640e+03 5.817953619956970357e+01
-1.200000000000000000e+03 -1.200000000000000000e+03 0.000000000000000000e+00 5.798699110746383667e+01
-1.100000000000000000e+03 -1.100000000000000000e+03 0.000000000000000000e+00 5.798965545892715312e+01
-9.999999999432988034e+02 -9.999999999990652668e+02 1.757692195888016563e-07 5.800106650590896606e+01
-9.000000000000000000e+02 -9.000000000000000000e+02 0.000000000000000000e+00 5.802338424921035909e+01
-7.999999998505547865e+02 -7.999999999299014917e+02 1.674741858770906698e-07 5.812202514410019205e+01
-6.949999091604510113e+02 -6.999999998113776201e+02 8.660410821493831790e+00 5.802464745044708394e+01
-5.997640602994922574e+02 -5.999999878319945310e+02 3.744406501934354758e-01 5.900074269771575786e+01
-4.999771902864325170e+02 -4.999926039596190890e+02 2.536556287970703413e-02 5.806227819919585897e+01
-4.000000000000000000e+02 -4.000000000000000000e+02 4.582862941503293679e-14 5.815284470319748067e+01
-2.998507561414359088e+02 -3.000000000000000000e+02 3.552714447780807028e-01 5.816651484966278218e+01
-1.999999999999983515e+02 -2.000000000000000000e+02 6.893401311503310411e-12 5.816361774206161783e+01
-9.908409567679507290e+01 -9.999999999999931788e+01 3.636716062772897828e+00 5.804222129583358480e+01
1.133368139490459754e+02 1.003121732559849306e+02 2.973935541796880599e+01 5.809017574787139893e+01
2.000229201742751570e+02 2.000000002847795031e+02 9.884679136457755200e-02 5.840160909891128682e+01
3.008144937145733593e+02 3.000099994934527103e+02 9.397449121358145696e-01 5.810363835096359253e+01
4.017516773161348169e+02 4.020381339379520114e+02 7.331007569765606302e-01 5.811741029024123861e+01
5.000034554233257040e+02 5.000000000000000000e+02 7.167137032820276518e-03 5.811727479696273946e+01
6.000116590918531756e+02 6.000194318197550274e+02 9.519608634710222464e-03 5.808342715501785136e+01
7.200000007073833785e+02 7.000000005474398677e+02 3.999999970995708765e+01 5.822687774896621704e+01
8.000000001867518904e+02 8.000000000377970082e+02 4.405111626620313150e-07 5.825191084146499776e+01
9.980469138558689792e+02 1.000000000003408786e+03 1.082071786165423219e+02 5.818588645458221720e+01
1.000000000083141799e+03 1.000000000020520247e+03 1.339933095268721321e-07 5.917907500267028809e+01
1.105000000130078661e+03 1.100000000076423021e+03 2.179449469097888681e+01 5.918386346101760864e+01
1.200197194252654981e+03 1.200000000000397449e+03 3.276954889009314198e-01 5.923772990703582764e+01
1.360896866991072102e+03 1.400000000007250947e+03 4.903529152888422971e+01 5.921799739599227763e+01
1.410000002168442279e+03 1.400000000923062998e+03 2.999999931279477039e+01 5.831578874588012695e+01
