-1.400000000000000000e+03 -1.400000000000000000e+03 0.000000000000000000e+00 1.436496331572532767e+02
1.205005147396617103e+05 1.192232138040599239e+05 6.155063534344525397e+04 1.444910691976547241e+02
1.204619312796315923e+07 4.517473878321278840e+06 1.611759083062327839e+07 1.440471429944038277e+02
7.080557825745320770e+03 4.731240851525089965e+03 6.638389300313493550e+03 1.451279273509979362e+02
-9.999999998701854338e+02 -9.999999999811881253e+02 2.582336675816359432e-07 1.434981840968131905e+02
-8.865293429006063661e+02 -8.901875729686430532e+02 2.027850622203611408e+01 1.431414228439330998e+02
-7.754650280025083475e+02 -7.802720350564575256e+02 1.911346626553237016e+01 1.428057627439498845e+02
-6.795740468156727729e+02 -6.795534356064154053e+02 8.299745921121580439e-02 1.390786208987236137e+02
-5.952261554716357068e+02 -5.952174531555994008e+02 1.655189852384202576e+00 1.575477098464965877e+02
-4.997442708529501942e+02 -4.997821447891958542e+02 1.199141049207133880e-01 1.447947411060333138e+02
-3.976618462158308489e+02 -3.975126023572667577e+02 1.484957643364910984e+00 1.448710031986236686e+02
-2.746265025360922891e+02 -2.756073244081445637e+02 1.031264304760252237e+01 1.449485232472419796e+02
-1.613077776524234537e+02 -1.658620949004209990e+02 1.505521894874342159e+01 1.389630480527877694e+02
1.079926788721334532e+02 1.008829581868785681e+02 1.310065479970195099e+02 1.436578055500984306e+02
1.152356806408475222e+03 1.099120886464583236e+03 3.368351396291257629e+02 1.431218978047371024e+02
2.003974215411670912e+02 2.003349119230605311e+02 2.746485454377934898e-01 1.473405130982399101e+02
3.116693698946736504e+02 3.119068275278099804e+02 1.909843805951433771e+00 1.444836225032806283e+02
4.271536742880801967e+02 4.245808702884314130e+02 8.472844683829411139e+00 1.441412171006202811e+02
5.005479722003371421e+02 5.005593370824374801e+02 2.182993790293014102e-01 1.435664308547973746e+02
6.036382176350238069e+02 6.036958115114863404e+02 3.527663112854076410e-01 1.438901672959327698e+02
1.000000000002088768e+03 1.000000000000577757e+03 4.682862161116814807e-09 1.446453626990318355e+02
1.065612582835125750e+03 1.083410941401974924e+03 8.848140220877249362e+01 1.448449213981628532e+02
2.153188349321783789e+03 2.127519886681637217e+03 2.824757082740782153e+02 1.448254539966583252e+02
1.217891022109635742e+03 1.216756250411398469e+03 3.370309790574556263e+00 1.587841636538505554e+02
1.315016800784068664e+03 1.314640395583674945e+03 3.740245683826224798e+00 1.588309061050414925e+02
1.409124103070971614e+03 1.400027981683273538e+03 6.999372195724802737e+01 1.599157603979110718e+02
1.831452807849435430e+03 1.835906042296250462e+03 5.733648582560794438e+01 1.589859866023063546e+02
1.706100504088033631e+03 1.700000000002083652e+03 8.454175583415712936e+01 1.462860234975814819e+02
