-1.399999999631339733e+03 -1.399999999873833985e+03 6.359317072949340687e-07 4.171346698999404623e+01
4.273345966883217670e+02 -8.641685256352104716e+02 2.280966358304443474e+03 4.190784734487533569e+01
-1.199998757987946419e+03 -1.199999608711817473e+03 2.771596519017201915e-03 4.180878274440765097e+01
-1.099995328936987562e+03 -1.099998620071240339e+03 9.635517390151986800e-03 4.182079099416732504e+01
-9.999997391992395706e+02 -9.999998423025472221e+02 3.038409136942229745e-04 4.178492659330368042e+01
-8.999999996150096422e+02 -8.999999997961392637e+02 4.994726560012182035e-07 4.171148810386657857e+01
-7.999889620843030116e+02 -7.999925325806477758e+02 1.238047040432389313e-02 4.194595010280609415e+01
-6.949818581604257588e+02 -6.999804931592420871e+02 8.649986529571240368e+00 4.189458434581756308e+01
-5.997543554407632200e+02 -5.999889188220895448e+02 3.645606291871243965e-01 4.293694549798965454e+01
-4.999861510755006861e+02 -4.999893872385762847e+02 9.941049903761487935e-03 4.182022060155868814e+01
-3.999999991336463836e+02 -3.999999997593290573e+02 1.300532093508920193e-06 4.193252514600753500e+01
-2.998009792776201152e+02 -2.999999952366680418e+02 3.980291228001160975e-01 4.197318440675735474e+01
-1.999999889177290981e+02 -1.999999949487421986e+02 1.198410632493677590e-05 4.201080659627914571e+01
-9.999997348390725449e+01 -9.999998369094953432e+01 4.147397192472832201e-05 4.193146834373474263e+01
1.115384236639032167e+02 1.167573872472578387e+02 1.347731435427984792e+01 4.190381175279617310e+01
2.001828175125447729e+02 2.001460520100772555e+02 1.049529230201164953e-01 4.223475244045257426e+01
3.009090026760517844e+02 3.000007662842168656e+02 1.004716530143616948e+00 4.188851349353789999e+01
4.011922088116140230e+02 4.020163639358635237e+02 9.726037893879709850e-01 4.190042870044707968e+01
5.000078958385295778e+02 5.000000000003529976e+02 1.547641660926572620e-02 4.175615220069884970e+01
6.000136024190225044e+02 6.000194318203518833e+02 8.904564620575507877e-03 4.182773255109786703e+01
7.150138251888258765e+02 7.000121533298895429e+02 3.570223403544986240e+01 4.205336140394210531e+01
8.050008431812045728e+02 8.000007416989924423e+02 2.179453735412906568e+01 4.211602534055710123e+01
9.906236850364659858e+02 9.000031856430802009e+02 1.172074392123075341e+02 4.208432459831237793e+01
1.000000400453317866e+03 1.000000303748906276e+03 2.262859673039710863e-04 4.309212080240249776e+01
1.100001559015434850e+03 1.100001238661089246e+03 1.614404956536099733e-03 4.313279139995574951e+01
1.200242646678519577e+03 1.200080974601899015e+03 2.892316098596341423e-01 4.319514319896698140e+01
1.333025660273599897e+03 1.303097540093932594e+03 4.625781624753706467e+01 4.319405189752578877e+01
1.405011000384481122e+03 1.400009887600874208e+03 2.179207706878401041e+01 4.217802859544754313e+01
