-1.399999999369432999e+03 -1.399999999887531430e+03 1.566698722410392958e-06 6.698523504734039591e+01
3.672788057143518927e+03 2.840638146952824172e+03 3.840763433769443054e+03 6.713311084508896442e+01
-1.199997545195269367e+03 -1.199999209608098454e+03 4.916083449108482953e-03 6.701944674253464029e+01
-1.099991152935541322e+03 -1.099999060194962112e+03 2.753604021657082151e-02 6.704117879867553143e+01
-9.999997159671614781e+02 -9.999997563730872798e+02 3.022261181859545696e-04 6.708370845317840292e+01
-8.999999990470238345e+02 -8.999999997877278020e+02 1.605826392074468558e-06 6.697354995012283041e+01
-7.999959616787705272e+02 -7.999969218127118893e+02 3.951076619377219198e-03 6.714757149219512655e+01
-6.939880284622109912e+02 -6.999911622900301609e+02 9.158283905351350285e+00 6.711960600614547445e+01
-5.996811882921624601e+02 -5.999857140562721725e+02 4.018178867973706270e-01 6.798132615089416220e+01
-4.999526643685288718e+02 -4.999719420101912419e+02 5.737583698077951960e-02 6.707286034822463705e+01
-3.999999991147857372e+02 -3.999999997561832288e+02 1.796919267120772936e-06 6.717629864215851399e+01
-2.995522592558753558e+02 -2.999999926781263753e+02 5.865244022178667249e-01 6.718584424257278442e+01
-1.999999959209857252e+02 -1.999999980560577910e+02 5.737661014078043459e-06 6.718414000272750286e+01
-9.998438281508174441e+01 -9.999999681955756614e+01 6.803499969981542661e-02 6.708196910619736286e+01
1.251242913041952818e+02 1.086913510658640121e+02 3.891047812610877088e+01 6.710154139995574951e+01
2.001326105418323209e+02 2.001167516325947702e+02 8.457492198777991077e-02 6.740201480388641642e+01
3.017167867246021160e+02 3.020197194035176835e+02 7.211783013119400509e-01 6.709478930234908489e+01
4.019286405789470109e+02 4.021240629673380909e+02 6.436325671149759620e-01 6.712042760848999023e+01
5.000088945080891563e+02 5.000000000007611334e+02 1.557808272853138457e-02 6.701091120243071941e+01
6.000155480070703788e+02 6.000194318202552495e+02 7.767644247599376529e-03 6.708507210016250610e+01
7.700038048991779078e+02 8.000008326511901942e+02 4.582269332091959768e+01 6.724774554967879681e+01
8.200010613448997674e+02 8.000009044496944171e+02 3.999987020259820270e+01 6.726660814285278889e+01
9.857207258645969432e+02 9.000045079971416726e+02 1.138127147090635702e+02 6.724786425828934000e+01
1.002202143908046082e+03 1.000000378799090413e+03 5.637225124182005054e+00 6.817164249420166300e+01
1.120001185862759030e+03 1.100001572680750542e+03 3.999944236754922144e+01 6.812940909862518879e+01
1.200565502717849540e+03 1.200435162424439341e+03 9.307320809122588967e-01 6.822364710569381430e+01
1.345117696625451117e+03 1.309408619094333062e+03 5.039214041753312046e+01 6.820616044998169514e+01
1.430007292293790670e+03 1.400011768668846116e+03 4.582172972461523131e+01 6.744185725450515179e+01
