-1.400000000000000000e+03 -1.400000000000000000e+03 0.000000000000000000e+00 5.519418659210204936e+01
1.648213562852105952e+03 9.523614086725604011e+01 3.522488642315925972e+03 5.546765329837798930e+01
-1.200000000000000000e+03 -1.200000000000000000e+03 0.000000000000000000e+00 5.516430220603943013e+01
-1.100000000000000000e+03 -1.100000000000000000e+03 0.000000000000000000e+00 5.520633075237274312e+01
-9.999999999999830607e+02 -9.999999999999895408e+02 2.020682403055416402e-11 5.527179670333862305e+01
-9.000000000000000000e+02 -9.000000000000000000e+02 0.000000000000000000e+00 5.527777479887008383e+01
-7.999999999999824922e+02 -7.999999999999998863e+02 6.514879759532364413e-11 5.544567434787749960e+01
-6.929995817435658410e+02 -6.999999999999918145e+02 9.539962038365509045e+00 5.529382039308548258e+01
-5.998500178711875606e+02 -6.000000000000000000e+02 2.999642574969925146e-01 5.604582554101943970e+01
-4.999807678314720079e+02 -4.999852079193453847e+02 1.491029932892455959e-02 5.533736225366592265e+01
-3.999502520471453408e+02 -4.000000000000000000e+02 2.168462991415098517e-01 5.537252290248871134e+01
-2.998010081885813634e+02 -3.000000000000000000e+02 3.979836228373188067e-01 5.539683480262756632e+01
-1.999005040942906817e+02 -2.000000000000000000e+02 4.336925982830196480e-01 5.540247119665146158e+01
-9.971904406961672862e+01 -9.968782674401859367e+01 1.949521358757393408e-01 5.531509134769439839e+01
1.169497845350275327e+02 1.006243465119628127e+02 2.879354784471084017e+01 5.534204444885254048e+01
2.000340034742179967e+02 2.000000000000064801e+02 1.476887085007496103e-01 5.560820950269699381e+01
3.013332224593660840e+02 3.020196854182017319e+02 8.913157841027846695e-01 5.532173439264297343e+01
4.018771173029248303e+02 4.020572268089357522e+02 5.983294550307316495e-01 5.533439124822616861e+01
5.000059188032366251e+02 5.000000000000000000e+02 9.041121285101968996e-03 5.516540479660034180e+01
6.000116590918531756e+02 6.000194318197550274e+02 9.519608634710222464e-03 5.528629299402236796e+01
7.350000000018983428e+02 7.000000000009815722e+02 4.769696006945494560e+01 5.550588029623031616e+01
8.026894436145855707e+02 8.000000000000003411e+02 9.357453687500482786e+00 5.550116000175476216e+01
1.027980634558070506e+03 1.011671382546706354e+03 1.101975395605764447e+02 5.543393199443816854e+01
1.000471000042532296e+03 1.000000000000000341e+03 1.121204364511136919e+00 5.619944064617156698e+01
1.105000000000055934e+03 1.100000000000001364e+03 2.179449471769055791e+01 5.618691320419311808e+01
1.200226459626157521e+03 1.200080948985142413e+03 2.434905642214529597e-01 5.620853968858718730e+01
1.367896865648789571e+03 1.400000000000000000e+03 4.837241949271051311e+01 5.622561365365982056e+01
1.400000000000055024e+03 1.400000000000001364e+03 1.079269933511504211e-10 5.560096344947815084e+01
