-1.399999999999994998e+03 -1.399999999999996362e+03 6.013378207433692573e-12 6.492133110761642456e+01
3.967023565476104523e+03 4.077340277797299223e+03 4.058384684919551091e+03 6.513665714263916584e+01
-1.199999999991216782e+03 -1.199999999998853582e+03 2.446881504656118226e-08 6.499956614971161173e+01
-1.099999999979629592e+03 -1.099999999995636244e+03 3.987282075989901667e-08 6.504302499294280437e+01
-9.999999977452920348e+02 -9.999999991466456777e+02 3.925497230793310150e-06 6.506130764484404949e+01
-8.999999999995383178e+02 -8.999999999999777174e+02 1.408447281922866029e-09 6.494191780090332600e+01
-7.999999474264336641e+02 -7.999999723583603100e+02 7.512189358935215922e-05 6.512292615175246624e+01
-6.949997982499187401e+02 -6.999999662496411474e+02 8.660472857870257002e+00 6.509606155157089802e+01
-5.997257897777351445e+02 -5.999995408528759526e+02 3.872023579821216033e-01 6.605053185224532797e+01
-4.999706538995939695e+02 -4.999901325798003882e+02 3.124145887494527915e-02 6.506103719472885416e+01
-3.999999999999779448e+02 -3.999999999999953957e+02 3.072680720520638990e-11 6.514938814640045450e+01
-2.994527725102752242e+02 -2.990050409428968123e+02 4.949858885828037902e-01 6.513798620700836750e+01
-1.997565348575489566e+02 -1.999999999998806857e+02 7.438119723446873222e-01 6.514770654439925579e+01
-9.998439133695035252e+01 -9.999999999992701305e+01 6.803658393236312885e-02 6.504309225082397461e+01
1.170999021627054333e+02 1.004682615053415020e+02 2.930178753328026531e+01 6.505963215827941326e+01
2.000362443235035244e+02 2.000011707027416890e+02 1.527934631582263392e-01 6.536687844991683960e+01
3.016163778797679811e+02 3.020196068575070285e+02 8.069415638669957813e-01 6.505598424673080160e+01
4.015440650371940023e+02 4.020209128991793932e+02 8.858142330459997105e-01 6.506464664936065390e+01
5.000088809934900382e+02 5.000000000000000000e+02 1.282429435015126906e-02 6.502342054843902019e+01
6.000165170471442480e+02 6.000194318197550274e+02 6.938546662573433915e-03 6.503686380386352539e+01
7.500000423633953233e+02 7.500000836941098896e+02 4.999996371785145755e+01 6.522397454977036091e+01
8.300000036300123156e+02 8.000000037732372675e+02 6.403124166644501258e+01 6.521668355464935019e+01
1.006788457251351247e+03 1.002660031789244499e+03 8.902507746657859400e+01 6.523066239356994345e+01
1.000157002856620807e+03 1.000000001693383410e+03 6.843483741220134364e-01 6.620972950458526896e+01
1.125000009555152701e+03 1.100000008080407042e+03 4.330126494865542952e+01 6.620511360168457315e+01
1.200319053543601058e+03 1.200435134725843000e+03 2.340971496333044966e-01 6.627962714433670044e+01
1.359342374102099029e+03 1.400000001250586593e+03 5.046937852217247666e+01 6.628823610544205280e+01
1.435000032908728372e+03 1.400000053079803365e+03 4.769693957151671526e+01 6.542764084339141561e+01
