-1.399999999999997044e+03 -1.399999999999999545e+03 8.496902838057756311e-12 6.488545135259627727e+01
3.156030700215522302e+03 1.394482519522565553e+03 4.673558300361399233e+03 6.501284664869308472e+01
-1.199999999992888206e+03 -1.199999999998266958e+03 1.231684974487000745e-08 6.492535204887390421e+01
-1.099999999981113660e+03 -1.099999999998079602e+03 4.567681014804821525e-08 6.492669420242309286e+01
-9.999999995159236050e+02 -9.999999996929209374e+02 6.007644771821456757e-07 6.497781660556793781e+01
-8.999851791552271152e+02 -8.999999999996219913e+02 5.590218898913060230e-02 6.484815819263458536e+01
-7.999999693185453680e+02 -7.999999712220991341e+02 4.808498049597179715e-05 6.499117709398269938e+01
-6.909997114882924052e+02 -6.999999248229403292e+02 9.950169316983091150e+00 6.497298609018325521e+01
-5.997246259161944408e+02 -5.999997074473606062e+02 3.786988249508668192e-01 6.571239625215530111e+01
-4.999101113281005269e+02 -4.999408217826563714e+02 1.007019579650844654e-01 6.494959965944289593e+01
-3.999999999999966462e+02 -3.999999999999989200e+02 6.840651429573045754e-12 6.501810325384140299e+01
-2.994030245655605427e+02 -2.999999999997567102e+02 7.311426015046211813e-01 6.502351205348968222e+01
-1.997977063488567637e+02 -1.999999999999876366e+02 6.069707668487110963e-01 6.502301700115204142e+01
-9.995317401121324963e+01 -9.999999999996924771e+01 1.114681483029836828e-01 6.493819664716720297e+01
1.431032667764707469e+02 1.169133068194034308e+02 6.234328503218995365e+01 6.496641639471053509e+01
2.000009875834401214e+02 2.000008806980511622e+02 7.175550619307146088e-04 6.520768220424652384e+01
3.017168503906794967e+02 3.020196068560337608e+02 7.212216917867122490e-01 6.495351589918136881e+01
4.017826921004910901e+02 4.020722874122524217e+02 7.356210324950862578e-01 6.497044954299926189e+01
5.000093804909639630e+02 5.000049391581347891e+02 1.227188936494017814e-02 6.493456014394760700e+01
6.000174886377798202e+02 6.000194318197550274e+02 5.829545926201262600e-03 6.491965985298156738e+01
7.700000142235999192e+02 8.000000020484224024e+02 4.582574601507754863e+01 6.509033424854278849e+01
8.150000020145251938e+02 8.000000017940087673e+02 4.769695978477967202e+01 6.510642675161361126e+01
9.968103509673564986e+02 9.161321100150648817e+02 1.185611031087808840e+02 6.509783509969710735e+01
1.005343960992095845e+03 1.000000002293329544e+03 7.897871290914259212e+00 6.585596984624862671e+01
1.100000004689528851e+03 1.100000003564216058e+03 4.240595966802583708e-06 6.584419344663619711e+01
1.203290582340850506e+03 1.200080948986072144e+03 9.472160486435539539e+00 6.591843134164810181e+01
1.364154948392064853e+03 1.400000000200258910e+03 5.828197864796075578e+01 6.588961285352706909e+01
1.430000047856738320e+03 1.400000071301228218e+03 4.582572889718075970e+01 6.516133970022201538e+01
