-1.399999999999987722e+03 -1.399999999999997044e+03 2.193283999325275567e-11 4.639835229039192086e+02
1.079788546084149275e+05 8.767867116166432970e+04 6.693618004900839878e+04 4.656649317026138419e+02
5.355856721550608927e+04 -1.199985498073500821e+03 1.581583958075148112e+05 4.651601222515106429e+02
7.494839017178494032e+03 4.256137506788562860e+03 5.937248561244886332e+03 4.660868733525276184e+02
-9.999999991711853227e+02 -9.999999994020226950e+02 8.297181207347483049e-07 4.636413081049919356e+02
-8.906694344570356634e+02 -8.901875758309975026e+02 2.100373993120218774e+00 4.639845620036124956e+02
-7.999124538038015544e+02 -7.999892631917980452e+02 2.126119955610473178e-01 4.657204300522804488e+02
-6.796715562981312360e+02 -6.796574916909123658e+02 8.869790700271408534e-02 4.613093119025230635e+02
-5.969423157630440073e+02 -5.973339534038120746e+02 1.287385346684758680e+00 4.723180601000785828e+02
-4.998797100515991474e+02 -4.998769668370471209e+02 5.179195532992205558e-02 4.648719841480254900e+02
-3.965673912530204461e+02 -3.965176433001627743e+02 1.277079464211113624e+00 4.646804156541824113e+02
-2.886425673136579348e+02 -2.890554579286944090e+02 4.330299214094427640e+00 4.651807585477828866e+02
-1.802520682166919812e+02 -1.817370499452647721e+02 7.205386646537237816e+00 4.652962995052337760e+02
1.909986804095381174e+01 -4.907000587261518376e+01 1.026438432024827279e+02 4.645908037543296700e+02
7.973755053001925717e+02 7.668112222715028565e+02 3.246176708673903022e+02 4.647389133572578430e+02
2.001853569987568449e+02 2.001458274310562615e+02 1.387545524629867355e-01 4.670791556477546465e+02
3.121599764661153245e+02 3.128060981564675558e+02 3.599019467257623006e+00 4.642265475392341614e+02
4.192154220843352732e+02 4.172941880082343005e+02 6.451585418024738061e+00 4.652831620931625594e+02
5.006633553849740679e+02 5.006077853289181121e+02 2.590884606824453984e-01 4.646766109466552734e+02
6.030055437942972958e+02 6.030956205669414203e+02 5.451843471886740344e-01 4.648858029484748613e+02
9.900000258515368614e+02 1.000000017089537664e+03 4.358898497399454897e+01 4.652138378024101257e+02
1.042189975017708321e+03 1.025354436665927324e+03 7.882095108207644785e+01 4.653885382533073312e+02
1.653565787713708005e+03 1.672287878714153294e+03 2.581241679501080171e+02 4.652809273958206404e+02
1.212444438964111669e+03 1.212240684934101864e+03 3.221974742219118504e+00 4.727785519599914323e+02
1.312537252431596244e+03 1.312304398974835067e+03 4.819312826473114875e+00 4.727139214038849104e+02
1.387363745681186174e+03 1.400024048812505043e+03 4.621673682201214461e+01 4.738985441446304208e+02
1.821459309532022871e+03 1.816990791955797931e+03 2.688775577809972361e+01 4.727611357092857247e+02
1.700000054713400004e+03 1.700000039802924221e+03 5.392716521443931824e-05 4.660666708588599931e+02
