-1.400000000000000000e+03 -1.400000000000000000e+03 0.000000000000000000e+00 2.243876330852508616e+01
3.196729009370572385e+03 -3.734440360640697349e+02 5.488864806549019704e+03 2.251132650375366140e+01
-1.200000000000000000e+03 -1.200000000000000000e+03 0.000000000000000000e+00 2.239935560226440359e+01
-1.100000000000000000e+03 -1.100000000000000000e+03 0.000000000000000000e+00 2.242658660411834859e+01
-9.999999999998944986e+02 -9.999999999999761258e+02 1.597605781456610875e-10 2.246268234252929830e+01
-8.998984822351733328e+02 -8.999846019086010074e+02 1.957178533472332949e-01 2.241073288917541362e+01
-7.971283466256400061e+02 -7.999023840770308880e+02 5.759014189917409432e+00 2.249840924739837789e+01
-6.856409315816406433e+02 -6.799954687665356232e+02 8.703859468900875029e+00 2.245538394451141428e+01
-5.994085073813778308e+02 -5.993407907614905525e+02 3.945962434421509402e-01 2.298001979589462351e+01
-4.971459378475501580e+02 -4.989247951775918182e+02 4.492048769495436744e+00 2.248777450323104787e+01
-3.997512602357267042e+02 -4.000000000000000000e+02 4.308299095841033877e-01 2.254691250324249197e+01
-2.958031246010231143e+02 -2.980100818858134062e+02 5.123037052492384724e+00 2.253542405366897583e+01
-1.974424250374381131e+02 -1.975323301845940591e+02 2.313624937622977829e+00 2.253675354719161916e+01
-7.746942186216445236e+01 -9.953174011602789051e+01 4.273628696380581005e+01 2.245975340604782033e+01
1.701343264850010542e+02 1.581923672735651962e+02 6.721863849577133010e+01 2.242930685281753611e+01
2.017286131615766465e+02 2.013525765058631123e+02 1.313824551223492065e+00 2.259081939458847188e+01
3.019046940152671823e+02 3.021099628892834517e+02 8.076789483326505259e-01 2.250004755258560252e+01
4.026796971843676261e+02 4.026118821273807384e+02 1.887299681592488065e+00 2.250783090591430735e+01
5.000460777363913394e+02 5.000197293481064094e+02 5.962890220401112495e-02 2.245816670656204295e+01
6.001459534570195729e+02 6.000194318197550274e+02 1.994343680127639296e-01 2.245550879240035869e+01
7.900000000000000000e+02 8.000000000000000000e+02 3.000000000000000000e+01 2.251769034862518382e+01
9.127104935743158194e+02 8.854439632069247637e+02 1.119236213589231568e+02 2.250398635864257812e+01
1.100927520055614195e+03 1.182490187298194087e+03 1.145464710871254397e+02 2.247303969860076833e+01
1.032178715864551577e+03 1.018804771745439211e+03 3.544899856658685877e+01 2.311055160760879446e+01
1.188337422909928364e+03 1.204441303208370300e+03 3.538743508582813746e+01 2.309562050104141306e+01
1.244173966564860621e+03 1.229843821929499427e+03 4.478365826631383584e+01 2.318344415426254201e+01
1.446361038957396659e+03 1.410817506246224639e+03 7.199881846555368270e+01 2.313305774927139424e+01
1.490000000000000000e+03 1.500000000000000000e+03 8.306623862918074508e+01 2.374998135566711355e+01
