-1.399999999182576630e+03 -1.399999999311508873e+03 7.778820906149805811e-07 5.128897250890732096e+01
5.522889076550238769e+02 -5.994996694788910645e+02 2.406508692671334302e+03 5.145175729990005209e+01
-1.199995049405675218e+03 -1.199997759153135576e+03 8.271883958224890768e-03 5.134112600088119649e+01
-1.099956141752648364e+03 -1.099989884772432106e+03 9.680352733778348207e-02 5.140568850040435933e+01
-9.999996490299159859e+02 -9.999998555347415277e+02 3.843856561951396211e-04 5.134936044216156148e+01
-8.999999990742232967e+02 -8.999999992983418906e+02 9.983416452508445884e-07 5.127661910057067729e+01
-7.999840408816655781e+02 -7.999923454824388500e+02 1.983814363428266017e-02 5.146141374111175537e+01
-6.939802891022984568e+02 -6.999532994768546814e+02 9.152808010479983380e+00 5.143558254241943217e+01
-5.996872153861552306e+02 -5.999807839942222927e+02 3.676771659725271424e-01 5.239641549587249614e+01
-4.999795545307983957e+02 -4.999836021146464873e+02 1.792666050037020065e-02 5.137906364202499532e+01
-3.999999980178109809e+02 -3.999999993471456037e+02 2.612890272934254763e-06 5.149202654361724996e+01
-2.997014966508571661e+02 -2.999999932306122332e+02 4.559530279807657016e-01 5.149836424589157247e+01
-1.999999720993321262e+02 -1.999999838556185239e+02 4.401432648575478849e-05 5.151352930068969727e+01
-9.999995541458793014e+01 -9.999997755679481770e+01 5.042532978047183025e-05 5.141811504364013530e+01
1.184846822454587709e+02 1.006247922527631431e+02 3.628617107879124859e+01 5.142411189079284384e+01
2.002326387509475296e+02 2.002074233954780595e+02 1.220967158596068525e-01 5.173491824865341471e+01
3.012119152119026921e+02 3.020196267717143428e+02 9.894239651071725650e-01 5.142679765224456645e+01
4.015780725410191394e+02 4.020252585359325508e+02 8.396528781198021596e-01 5.143649380207061483e+01
5.000054442000049448e+02 5.000000000002701199e+02 1.229360411750962320e-02 5.133056269884109213e+01
6.000136268546103793e+02 6.000194318198640531e+02 8.867566904956989890e-03 5.135954329967498921e+01
7.250191020698399598e+02 7.000270698267829630e+02 4.329407185139940850e+01 5.158988059759140299e+01
8.050016854736871892e+02 8.000013873310119834e+02 2.179460783330227969e+01 5.159482599496841715e+01
9.150035397376202582e+02 9.000033903800976987e+02 3.570627037199214726e+01 5.160011644363403605e+01
1.000000645884431265e+03 1.000000555721963110e+03 4.303667254926849765e-04 5.254948350191116191e+01
1.110002684596965310e+03 1.100002178228625098e+03 2.999915586487746566e+01 5.258964674472808554e+01
1.200424488811166839e+03 1.200082022802553638e+03 9.214068912350260598e-01 5.264059314727783345e+01
1.321369635516255357e+03 1.302018127423225451e+03 3.933177628055313590e+01 5.261113419532775737e+01
1.410015570248178165e+03 1.400014266283083543e+03 2.999553252872374642e+01 5.168393884897231771e+01
