-1.400000000000000000e+03 -1.400000000000000000e+03 0.000000000000000000e+00 5.084262084960937500e+01
2.670636862176024806e+03 8.281459770524629675e+02 4.102589272313671245e+03 5.087159174680709839e+01
-1.200000000000000000e+03 -1.200000000000000000e+03 0.000000000000000000e+00 5.081403949260711528e+01
-1.100000000000000000e+03 -1.100000000000000000e+03 0.000000000000000000e+00 5.086199799776077413e+01
-9.999999999999912461e+02 -9.999999999999945430e+02 8.956906813179803349e-12 5.082669955492019653e+01
-9.000000000000000000e+02 -9.000000000000000000e+02 1.525268983755124553e-13 5.075201524496078775e+01
-7.999999985611158309e+02 -7.999999999999997726e+02 6.271946687775383796e-06 5.075754400491714335e+01
-6.909997571051460454e+02 -6.999999999999845386e+02 9.950142907510512558e+00 5.077484074831009053e+01
-5.998125223390485417e+02 -6.000000000000000000e+02 3.247208340519531777e-01 5.159888725280761435e+01
-4.999448832392719169e+02 -4.999704158387879147e+02 4.979810528447101842e-02 5.082981745004654073e+01
-4.000000000000000000e+02 -4.000000000000000000e+02 0.000000000000000000e+00 5.099094095230102397e+01
-2.993532766128893741e+02 -2.995025204714533515e+02 7.226307560514710904e-01 5.097786444425582886e+01
-1.994926149532254271e+02 -2.000000000000000000e+02 8.789655331779777647e-01 5.099876635074615194e+01
-9.892800904880483870e+01 -9.968782674401859367e+01 3.604633346742962097e+00 5.083654055595398091e+01
1.335327500374523026e+02 1.006243465119628127e+02 6.383504572433435698e+01 5.077365130186080933e+01
2.000736983033840488e+02 2.000000000000825366e+02 2.329003232678491242e-01 5.105854694843291952e+01
3.014251547701732079e+02 3.020196854182017319e+02 9.309838533815188999e-01 5.091771949529648111e+01
4.020981609775454899e+02 4.021056336888890428e+02 4.295302385593109396e-01 5.089129960536956787e+01
5.000152930297892340e+02 5.000049602170741991e+02 1.883917510984691596e-02 5.088819974660873413e+01
6.000174886377797066e+02 6.000194318197550274e+02 5.829545926508218449e-03 5.093238415718078471e+01
7.600000000000270575e+02 8.000000000000000000e+02 4.898979485563639003e+01 5.090850654840469502e+01
8.257463091525526124e+02 8.000000000000002274e+02 6.322601476097752737e+01 5.088911709785461568e+01
1.056455627336702491e+03 1.062038182173911082e+03 1.246639562693857926e+02 5.092439345121383809e+01
1.008548109924591131e+03 1.000000000000000000e+03 2.377476325956022407e+01 5.174127559661864950e+01
1.105832974365482642e+03 1.100000000000000227e+03 2.190555491017337530e+01 5.174558444023132608e+01
1.200250533217620159e+03 1.200080948985142413e+03 2.834536846108443031e-01 5.185636994838714742e+01
1.376223808356775407e+03 1.400000000000000000e+03 5.251511084303736965e+01 5.178581340312958048e+01
1.425000000000003638e+03 1.400000000000000909e+03 4.330127018922305382e+01 5.100912120342254497e+01
