-1.400000000000000000e+03 -1.399999999999999773e+03 2.157056083093525031e-13 9.296480138421059110e+02
4.830025439757361892e+05 5.042694986672354862e+05 2.194763023088377959e+05 1.064349657547473953e+03
6.269164829343513399e+07 1.170270653017827868e+07 1.858132673857900798e+08 1.034450233697891235e+03
8.844489058810197093e+03 8.141057284806253847e+03 2.518168651403715558e+03 1.069540696752071426e+03
-9.999999987979406342e+02 -9.999999987795974903e+02 3.232255339223615050e-07 1.053847841501235962e+03
-8.845738464512247674e+02 -8.897713299778130249e+02 1.322638938211438742e+01 1.054851509296894164e+03
-7.595888817618938447e+02 -7.643488652220150925e+02 1.996531967530507856e+01 1.067739503943920226e+03
-6.790201600671306323e+02 -6.790141797724907065e+02 6.063193881430316290e-02 9.881094024062156222e+02
-5.808269132836851441e+02 -5.810608424146712423e+02 4.925604515693336793e+00 1.231409605348110290e+03
-4.999253269153193173e+02 -4.999186780198114093e+02 3.377541401542442923e-02 9.533808972001075972e+02
-3.568197599483304430e+02 -3.572168059080792659e+02 1.260458933379502788e+01 9.432899551987648010e+02
-2.368761173694920217e+02 -2.457748171222162341e+02 2.129484963943979992e+01 9.474689715504646301e+02
-6.901040075858807654e+01 -6.814175841927000477e+01 2.828595987814015800e+01 1.000935357201099350e+03
1.945012506402498502e+03 1.904642435916939576e+03 3.150664096120682984e+02 9.436662620544433366e+02
4.181694887116999780e+03 4.106940872893374035e+03 6.504892076384537631e+02 9.472953487038612366e+02
2.010123819833649463e+02 2.010199568259143916e+02 6.342581039502330764e-01 1.035617515146732330e+03
3.735639984216686571e+02 3.733280239696263152e+02 1.772829750194498288e+01 9.433681455969810941e+02
4.797450240137525839e+02 4.775849314599855688e+02 1.250073451278255376e+01 9.872334600925445329e+02
5.031917468155332926e+02 5.029760489776447230e+02 1.119205684752104579e+00 1.061358025193214417e+03
6.137934985888368828e+02 6.150000000000000000e+02 1.420697816134358638e+00 9.855645852446556319e+02
9.593153766509528850e+02 9.000000000000004547e+02 7.677279146632996287e+01 9.699659085512161028e+02
2.813578755201870990e+03 2.855922101461062994e+03 4.543174922656715466e+02 9.617647031545639038e+02
5.318910641506745378e+03 5.041304055255555795e+03 1.076082264579656794e+03 9.810266565918922197e+02
1.259032645456758473e+03 1.258295423525931938e+03 7.721572646683036112e+00 1.245169555044174103e+03
1.367569822094604888e+03 1.368287952021992623e+03 7.295762608686516160e+00 1.245805042505264282e+03
1.510823709551988713e+03 1.543384066705579698e+03 6.439282311386116930e+01 1.252160948646068618e+03
2.118203697899728013e+03 2.122077467534409152e+03 5.844102284880277409e+01 1.248106282603740738e+03
1.700000000000000455e+03 1.700000000000000909e+03 3.804689306589696401e-13 1.001167451250553086e+03
