-1.399999999939293275e+03 -1.399999999983185262e+03 1.087858100985560730e-07 5.681049200296401835e+01
3.139244618910655845e+03 1.736948748874083321e+03 4.385949904214496200e+03 5.696131800413131430e+01
-1.199999641545796749e+03 -1.199999758281994673e+03 3.512622347899924872e-04 5.682296680212020590e+01
-1.099997445188886331e+03 -1.099999755501569325e+03 5.752480619714353538e-03 5.689079054594039775e+01
-9.999998985772696187e+02 -9.999999252360694300e+02 1.005167634436473958e-04 5.688750439882278442e+01
-8.999757181874581420e+02 -8.999991928932183782e+02 7.789130998569991637e-02 5.681373965740203857e+01
-7.980808795653564403e+02 -7.999980074593415793e+02 8.349260711786369527e+00 5.696640065908432149e+01
-6.899972812394383936e+02 -6.899919742244071585e+02 9.998045402709124119e+00 5.691496804952621602e+01
-5.996953782954254848e+02 -5.999933691667984021e+02 3.864616703238064610e-01 5.787494230270385742e+01
-4.999326560367435377e+02 -4.999603091605707732e+02 6.825171066706871292e-02 5.688487615585327006e+01
-3.999999998511507329e+02 -3.999999999775944843e+02 2.487759251836658296e-07 5.697446115016937540e+01
-2.990050350795900727e+02 -2.990050389790589520e+02 7.706976083207834893e-01 5.699181920289993286e+01
-1.989645092164324183e+02 -1.999999969934626733e+02 1.177306486722278223e+00 5.702261680364608765e+01
-9.998438771473192332e+01 -9.999999882781378346e+01 6.803612391137714432e-02 5.693264960050582602e+01
1.688184571980565920e+02 1.667270861719866843e+02 5.631588195923885110e+01 5.692808349132538126e+01
2.001134277700861617e+02 2.000683277256484587e+02 1.835700329223874383e-01 5.723307495117187216e+01
3.018180058513244148e+02 3.020196136024080715e+02 6.059724355922432304e-01 5.693634960651397847e+01
4.017858540121971487e+02 4.020472091214276134e+02 6.717406329178426949e-01 5.693407075405120565e+01
5.000232052679522781e+02 5.000197307741557324e+02 3.587074776628969980e-02 5.681108050346374228e+01
6.000155651120808216e+02 6.000194318198097108e+02 7.733790842072848885e-03 5.688372615575790547e+01
7.800018756197055154e+02 8.000002901656982885e+02 5.098819408436359879e+01 5.706212190389633321e+01
8.250003735472946573e+02 8.000004752699758228e+02 5.361897873296945960e+01 5.706387565135955953e+01
1.072693310195806362e+03 1.182490187303412768e+03 1.242796960979532201e+02 5.707276309728622721e+01
1.010169253771962758e+03 1.001570141589626246e+03 1.461800737036202946e+01 5.806351674795151041e+01
1.120433719745684357e+03 1.100000695561415341e+03 4.090044071826712013e+01 5.807273420095443583e+01
1.204733675538986972e+03 1.200435141826698327e+03 9.081977884614474306e+00 5.811854104995727255e+01
1.368186888022893527e+03 1.400000032013170085e+03 5.227147154457344413e+01 5.812069489955901958e+01
1.450001265060286187e+03 1.450002350117485548e+03 4.999930179356318405e+01 5.733009355068206503e+01
