-1.400000000000000000e+03 -1.400000000000000000e+03 0.000000000000000000e+00 6.729275530576705933e+01
4.044267525408422898e+03 1.307148790059281737e+03 5.094874863764131078e+03 6.754374529123306559e+01
-1.200000000000000000e+03 -1.200000000000000000e+03 0.000000000000000000e+00 6.729229080677032471e+01
-1.100000000000000000e+03 -1.100000000000000000e+03 0.000000000000000000e+00 6.733421130180359171e+01
-9.999999999999275815e+02 -9.999999999999517968e+02 8.126727679002819474e-11 6.736765224933624552e+01
-8.999203938336855799e+02 -8.999982698138780961e+02 1.797829908717720193e-01 6.745041705369949625e+01
-7.980781453618930072e+02 -7.997568641949557104e+02 4.397327290018772317e+00 6.745453749895095541e+01
-6.888150596505195153e+02 -6.799999545556713656e+02 9.778083403902575910e+00 6.739956874847412394e+01
-5.995967043208462428e+02 -5.998960794287027056e+02 4.778814207260810298e-01 6.837874045372009846e+01
-4.984603944965953133e+02 -4.992429086296191940e+02 1.931551262873924424e+00 6.747865679264069172e+01
-3.993532766128893741e+02 -3.990050409429067031e+02 5.693913456781058979e-01 6.750159205198288248e+01
-2.973633612717752612e+02 -2.980100818858134062e+02 2.422366655490149956e+00 6.754344025850295452e+01
-1.964188190023130005e+02 -1.971206152715606379e+02 3.448814823591122902e+00 6.751575585603714558e+01
-7.469491237036723419e+01 -9.130921665192749970e+01 3.777818101055505906e+01 6.736407080888747601e+01
1.697465970014330310e+02 1.252919169042640988e+02 8.492400915171496933e+01 6.735477105379104046e+01
2.014699497225799973e+02 2.011128313729161619e+02 1.282173719593502792e+00 6.769369280338287354e+01
3.017003826563550888e+02 3.020782752938144426e+02 9.769106378692146153e-01 6.738891115188599201e+01
4.038309537708126982e+02 4.033668719434137984e+02 1.841131093141341379e+00 6.750432525873183920e+01
5.000795369218045607e+02 5.000947727641439542e+02 6.450577271409073388e-02 6.740138550996780964e+01
6.000673322855070637e+02 6.000194318197550274e+02 9.594370677765809430e-02 6.733046975135803791e+01
7.800000000000000000e+02 8.000000000000000000e+02 4.000000000000000000e+01 6.752299594879150391e+01
8.688643388791609823e+02 8.059532243253695469e+02 1.114978300683800398e+02 6.751834434270858765e+01
1.090315011215460345e+03 1.142702169776226128e+03 1.252571103642528101e+02 6.749573324918746664e+01
1.042049205923369755e+03 1.048566668880501311e+03 3.823245973700700517e+01 6.857048875093460083e+01
1.153707327242956580e+03 1.171322942323797179e+03 4.671467425001123530e+01 6.854609959125518515e+01
1.218670148387780046e+03 1.202611940076414157e+03 2.645796661498591718e+01 6.862831310033797649e+01
1.422626533734850909e+03 1.410657313672053533e+03 5.403972045716329831e+01 6.863412809371948242e+01
1.450000000000000000e+03 1.450000000000000000e+03 5.000000000000000000e+01 7.092897294759750082e+01
