-1.400000000000000000e+03 -1.400000000000000000e+03 0.000000000000000000e+00 4.823568910360336304e+01
3.068256117033330611e+03 1.772199939620419400e+03 4.043222942726189558e+03 4.822495565414428853e+01
-1.200000000000000000e+03 -1.200000000000000000e+03 0.000000000000000000e+00 4.819383094310760640e+01
-1.100000000000000000e+03 -1.100000000000000000e+03 0.000000000000000000e+00 4.822372695207595683e+01
-9.999999999999597549e+02 -9.999999999999865850e+02 6.291428469630488148e-11 4.827322884798049785e+01
-8.999657003137459697e+02 -8.999965476214981663e+02 8.108381289663166291e-02 4.810119054317474507e+01
-7.985425151973112179e+02 -7.999990172096453307e+02 4.395805708131521605e+00 4.831364849805832051e+01
-6.864772393234369474e+02 -6.800000000000000000e+02 9.012030420647310081e+00 4.823054795265197470e+01
-5.996668030438538608e+02 -5.999891412457018305e+02 3.986250661529562311e-01 4.894593790769577168e+01
-4.994008525220426122e+02 -4.995708917018480975e+02 5.864522182272053907e-01 4.826846220493316508e+01
-3.999005040942906817e+02 -4.000000000000000000e+02 2.984877171279891050e-01 4.837712525129317953e+01
-2.977115959319220906e+02 -2.985075614143600546e+02 2.182112824069824430e+00 4.837830325365066386e+01
-1.981666366402530741e+02 -1.979770634917204291e+02 2.262821721145475529e+00 4.836606199741363810e+01
-8.156395084352969604e+01 -9.968782674401859367e+01 2.628011139771797744e+01 4.825032490491867065e+01
1.995692376074954950e+02 2.187505078704193693e+02 6.754573121537431746e+01 4.819011545181274414e+01
2.005291542967209182e+02 2.001517086941338164e+02 6.735890989018913366e-01 4.841210069656371928e+01
3.018409186175910008e+02 3.020225124902920015e+02 5.860714246940548211e-01 4.830907719135284140e+01
4.023217948910379960e+02 4.021998592691736008e+02 1.215416898733212125e+00 4.826374050378799296e+01
5.000455929639877581e+02 5.000197293441220836e+02 7.321359218043338446e-02 4.816481180191040323e+01
6.000335600055630039e+02 6.000194318197550274e+02 3.479958968550473514e-02 4.830197864770889282e+01
7.950000000000000000e+02 8.000000000000000000e+02 3.840572873934304710e+01 4.829670920372009135e+01
8.634611037444234398e+02 8.626428144480350966e+02 6.969110674823100737e+01 4.830269190073013164e+01
1.092451782155308138e+03 1.148328490778995274e+03 1.037809617701255149e+02 4.829967360496520712e+01
1.040693485526466930e+03 1.023610266245062121e+03 4.137819754757543222e+01 4.906544874906539633e+01
1.153608479193110497e+03 1.144062306715970408e+03 4.496842127372931941e+01 4.906484410762787007e+01
1.211010291516050756e+03 1.200916606553978909e+03 2.371552287064845999e+01 4.915440579652786113e+01
1.402070103151407920e+03 1.410466463650343485e+03 4.675941378067019372e+01 4.911611075401306437e+01
1.455000000000000000e+03 1.500000000000000000e+03 4.974937185533099893e+01 4.898156739473343180e+01
