-1.400000000000000000e+03 -1.400000000000000000e+03 5.084229945850414966e-14 4.575797270536422445e+01
4.222891329407957528e+03 3.621556595847045173e+03 4.580918846566670254e+03 4.597724405527115010e+01
-1.199999999999712372e+03 -1.199999999999991815e+03 7.862512244974622664e-10 4.584456355571747110e+01
-1.099999999999422926e+03 -1.099999999999965439e+03 1.862182959472274927e-09 4.589362690448761128e+01
-9.999999999411044200e+02 -9.999999999488594540e+02 5.955621544343745086e-08 4.595909785032272055e+01
-8.999034973160398749e+02 -8.999954193995772584e+02 2.049864626069559104e-01 4.583429394960403158e+01
-7.926898986196428041e+02 -7.999998708677819650e+02 2.186152742712085839e+01 4.597649284601211406e+01
-6.899969846641425875e+02 -6.899742589862748900e+02 9.997792768355848736e+00 4.592562824487686157e+01
-5.997425143279285749e+02 -5.999875863658826347e+02 3.525164861377783621e-01 4.687019369602203511e+01
-4.997951993886455284e+02 -4.998841024218965003e+02 2.631085624197859185e-01 4.589140844345092773e+01
-3.999999999999999432e+02 -4.000000000000000000e+02 1.333096338334891508e-13 4.601813164949417256e+01
-2.977613436328775833e+02 -2.985075614143223106e+02 2.011562423321064053e+00 4.602381265163421631e+01
-1.982878095862337773e+02 -1.975323301845940591e+02 1.437554586722191718e+00 4.606978265047073506e+01
-9.902166102559010596e+01 -9.999999999994940936e+01 3.624454847859550632e+00 4.592290679216385030e+01
1.835863259858340086e+02 1.583484539016027952e+02 8.821385016083857522e+01 4.594880820512771891e+01
2.005333801830199434e+02 2.004666685545862492e+02 4.023654604097874898e-01 4.626019315719604208e+01
3.019235910264541758e+02 3.020197639805053882e+02 4.321507110318851264e-01 4.592940255403518535e+01
4.021877257882484855e+02 4.021564231700360779e+02 5.961624550126966016e-01 4.596815379858016826e+01
5.000276600522719264e+02 5.000197293489724757e+02 2.219325620835867902e-02 4.588931084871292398e+01
6.000411866042730935e+02 6.000194318197550274e+02 7.861989308969491441e-02 4.589172409772872641e+01
7.800000028875800808e+02 8.000000005457388852e+02 3.999999632138239747e+01 4.610489250421524332e+01
8.531321411278640880e+02 8.000000007477124200e+02 7.330198990894920996e+01 4.613054205179214762e+01
1.091152728918418006e+03 1.182490187298221372e+03 1.171805764782766346e+02 4.611357799768448018e+01
1.022082012976621854e+03 1.018878456951092176e+03 2.912435636613236056e+01 4.702917795181274130e+01
1.161388146336959380e+03 1.200000000029359171e+03 5.014688191610733980e+01 4.702196969985961772e+01
1.205356678250555660e+03 1.200435134724747058e+03 1.114993829733051989e+01 4.709803299903869345e+01
1.405467284440185495e+03 1.410466469090061992e+03 6.230513458397450677e+01 4.707322845458984517e+01
1.455000001525763992e+03 1.500000000033654032e+03 4.974937084744485105e+01 4.620233694314956807e+01
