-1.400000000000000000e+03 -1.400000000000000000e+03 0.000000000000000000e+00 5.351187269687652304e+01
6.308007220892775877e+03 5.275408474408422990e+03 5.473311171115391517e+03 5.360627689361572124e+01
-1.200000000000000000e+03 -1.200000000000000000e+03 4.714920886119152603e-13 5.353495174646377563e+01
-1.099999999999999773e+03 -1.099999999999999773e+03 3.630866427254502785e-13 5.355480760335922241e+01
-9.999999999980348093e+02 -9.999999999987500132e+02 1.914482618313607320e-09 5.359874974489211752e+01
-8.999630060523504653e+02 -8.999988323646334720e+02 1.076209166632886849e-01 5.351358150243758871e+01
-7.982838222954495677e+02 -7.999999994919219262e+02 5.203486898972304431e+00 5.360688229799270488e+01
-6.898193059109041769e+02 -6.882126643359479203e+02 9.852470603671880767e+00 5.360541040897369669e+01
-5.995259800446713143e+02 -5.994541739437189563e+02 3.730247388582761392e-01 5.423369890451431274e+01
-4.997323049823365864e+02 -4.998927229237112897e+02 3.153499351417021757e-01 5.354690320491791056e+01
-4.000000000000000000e+02 -4.000000000000000000e+02 0.000000000000000000e+00 5.366503270864486552e+01
-2.984578139652866753e+02 -2.990050409429064757e+02 1.154965775684921425e+00 5.366295654773712442e+01
-1.983270099781562692e+02 -1.979770634917204006e+02 1.151393175016079962e+00 5.367042245864868022e+01
-9.984391337200914052e+01 -9.984391337200918315e+01 1.560866279907486276e-01 5.359028199911117696e+01
1.622763327850468045e+02 1.583484539015560699e+02 6.721495240414184025e+01 5.360517599582671977e+01
2.003970502811421852e+02 2.002877854315602235e+02 3.869254534986366068e-01 5.382942110300064087e+01
3.019212468503774858e+02 3.020197639804967480e+02 4.384808708018095857e-01 5.358547745943069174e+01
4.020181232185931322e+02 4.021857601573652801e+02 6.007103570186153041e-01 5.361851789951324321e+01
5.000269315437345767e+02 5.000197293441266311e+02 2.565573425446658271e-02 5.354380555152893351e+01
6.000308091890401556e+02 6.000194318197550274e+02 3.361298430358085343e-02 5.360432105064391806e+01
7.750000001140851964e+02 8.000000000089310106e+02 4.330127011173127016e+01 5.371416510343551920e+01
8.600000000630345767e+02 8.000000004946934951e+02 7.348469223870723965e+01 5.369438250064850138e+01
1.058205202997554125e+03 1.034353982150336833e+03 1.119944033156960614e+02 5.369254645109176494e+01
1.036560613944322768e+03 1.018952460998802962e+03 3.737832451169449399e+01 5.436881779432296469e+01
1.137099083197148957e+03 1.100000000100944362e+03 4.734753374364629508e+01 5.437328380346298218e+01
1.205912204711039294e+03 1.200675870639359346e+03 1.106259014485562631e+01 5.441466619968414165e+01
1.391575142484031630e+03 1.410275624697762851e+03 5.064613599175645930e+01 5.440675374269485332e+01
1.450000000111138434e+03 1.450000000352916231e+03 4.999999993658581587e+01 5.377234624624252035e+01
