-1.400000000000000000e+03 -1.400000000000000000e+03 0.000000000000000000e+00 2.874704817891121138e+02
1.223606006328800286e+05 1.190055375949785084e+05 7.704302771108903107e+04 2.998002690553665275e+02
6.086463651444381103e+05 1.701145638718691771e+05 1.210286529041649075e+06 2.991369445443153268e+02
8.928709027010421778e+03 8.646785547982482967e+03 5.446157579940754658e+03 3.003440261483192444e+02
-9.999999999998511839e+02 -9.999999999998850626e+02 1.024593850070626503e-10 2.955443327426910400e+02
-8.913863752664201456e+02 -8.901875770673734678e+02 2.962029599544169667e+00 2.983096442461013567e+02
-7.856934239529648494e+02 -7.910082548638575872e+02 1.222429509590584296e+01 2.948791100502014046e+02
-6.795702390143778757e+02 -6.795540398569364697e+02 1.373690549869260313e-01 2.884363445520401115e+02
-5.962276206862337631e+02 -5.964087010204916623e+02 1.968046244225444275e+00 3.163938200950622672e+02
-4.998395570465710875e+02 -4.998607511546159685e+02 9.983870818308500372e-02 2.908315276026725655e+02
-3.952739462420436212e+02 -3.950252072334430977e+02 2.534215602666948453e+00 2.903133584499358903e+02
-2.820461919965889024e+02 -2.850756242192387617e+02 8.039710634109935583e+00 2.907441254019737471e+02
-1.604628428447084048e+02 -1.607017357611509283e+02 1.459392545127959373e+01 2.868034467935561906e+02
1.229672948073912266e+02 7.423473097752639660e+01 1.416765905871091604e+02 2.899574387073516846e+02
1.115107805588163046e+03 1.073385876316727490e+03 3.736540608223197069e+02 2.904875444531440962e+02
2.004383032421723101e+02 2.003892032920546171e+02 2.467086048509792018e-01 3.004812006950378418e+02
3.139328352650466059e+02 3.139465336349750260e+02 3.161941180407759511e+00 2.901044504523277396e+02
4.228148773200003916e+02 4.207149164558389884e+02 6.795320088597482489e+00 2.937539937019348031e+02
5.006713820042019734e+02 5.006903430665562951e+02 1.757303442946756000e-01 2.981081212401389848e+02
6.035893158871546120e+02 6.036064066795061080e+02 3.920787307234068209e-01 2.989606997966766357e+02
1.000000000000000000e+03 1.000000000000000000e+03 7.190186943645083856e-14 2.941663771510123979e+02
1.145360094268691910e+03 1.201972633240470486e+03 1.573172173410497692e+02 2.931026410460472107e+02
2.052941383357099767e+03 2.003616475704453023e+03 2.894405091835041048e+02 2.951146191596984636e+02
1.214984739735786206e+03 1.215862612305272251e+03 4.485439707392067987e+00 3.175781453967094308e+02
1.314229843617895995e+03 1.315304517712227153e+03 4.830829398828225152e+00 3.167176830410957109e+02
1.408890629252318377e+03 1.400023186058840565e+03 3.799571535187748594e+01 3.189293124556541557e+02
1.835322750391930413e+03 1.824462700834834777e+03 3.004213894546404262e+01 3.163697167038917542e+02
1.700000000000000000e+03 1.700000000000000000e+03 5.084229945850414966e-14 2.974104210019111747e+02
