-1.399999996755953134e+03 -1.399999998182258423e+03 3.536249459228425377e-06 5.646187305450439453e+01
7.965969899270758958e+01 -1.182333643623184344e+03 2.478235496607254845e+03 5.658606804609298990e+01
-1.199979400808632590e+03 -1.199994580078376657e+03 3.012769357189659311e-02 5.650293740034103251e+01
-1.099956879138233035e+03 -1.099994184428578592e+03 6.918492961408347075e-02 5.653709374666213705e+01
-9.999995128343807664e+02 -9.999998291496468710e+02 5.909118580854826139e-04 5.650798269510269023e+01
-8.999999975651710429e+02 -8.999999980381170417e+02 2.352225036777465582e-06 5.643676254749298238e+01
-7.999739068341389157e+02 -7.999884379356427644e+02 3.842371442683815280e-02 5.659710189104080058e+01
-6.929493388090706958e+02 -6.999043597380696156e+02 9.503163354433983301e+00 5.656638959646225118e+01
-5.997763933379017089e+02 -5.999871791872574249e+02 3.247542773992904697e-01 5.737394299507140971e+01
-4.999713682564670307e+02 -4.999742118841161300e+02 2.453838963846331073e-02 5.654109935760497763e+01
-3.999999925398085452e+02 -3.999999985969762974e+02 1.417580790585198731e-05 5.660698969364166544e+01
-2.999502138619220091e+02 -2.999999837240482066e+02 2.168692331415765506e-01 5.664043190479278422e+01
-1.999999356864908862e+02 -1.999999811946226771e+02 9.057014899280558281e-05 5.665677034854888916e+01
-9.999971754976012051e+01 -9.999997151957006736e+01 7.395438689767232102e-04 5.657641791105270102e+01
1.039223750057153666e+02 1.003125247469849910e+02 1.296397051419047486e+01 5.656184134483337544e+01
2.002532129089123885e+02 2.002790904054449186e+02 1.289824359533093823e-01 5.686114025115966797e+01
3.009093572350021759e+02 3.000035774616738991e+02 1.004390058817514308e+00 5.656497164964675761e+01
4.015702583763531379e+02 4.020274033804668647e+02 8.744020766480048446e-01 5.658025465011596822e+01
5.000000000324786811e+02 5.000000000009183623e+02 1.080398610336050846e-07 5.648138414621352865e+01
6.000087599736170887e+02 6.000000968783433564e+02 9.653178380986660728e-03 5.651559385061263896e+01
7.100324959648356753e+02 7.000397278677974100e+02 2.999288291581710553e+01 5.671989845037460043e+01
8.050039832246262677e+02 8.000028703425862204e+02 2.179425101691458266e+01 5.671770875453948690e+01
9.350037273368000115e+02 9.000052727508200405e+02 4.769572394769489421e+01 5.670974079370498799e+01
1.000002188281607800e+03 1.000001407951657256e+03 2.778562552951222616e-03 5.752156100273132466e+01
1.100006788251926537e+03 1.100005296254633777e+03 4.946770808446224535e-03 5.752292444705962993e+01
1.200163319012384591e+03 1.200081499162525461e+03 1.813202863226972272e-01 5.756692134141921713e+01
1.321692912539521558e+03 1.302159463341377204e+03 3.916814564475444627e+01 5.756196910142898560e+01
1.400028905982841479e+03 1.400025726310395839e+03 1.949896704851855969e-02 5.683584955930709981e+01
