-1.400000000000000000e+03 -1.400000000000000000e+03 0.000000000000000000e+00 5.239044904708862305e+01
4.464630698867194042e+03 5.382201257200414148e+03 4.306799579311756133e+03 5.241078974008560465e+01
-1.200000000000000000e+03 -1.200000000000000000e+03 0.000000000000000000e+00 5.239307163953780844e+01
-1.100000000000000000e+03 -1.100000000000000000e+03 0.000000000000000000e+00 5.242878094911575459e+01
-9.999999999999830607e+02 -9.999999999999909051e+02 2.517941461291197137e-11 5.241773345470428325e+01
-8.999999999953173528e+02 -8.999999999999963620e+02 1.322931790046151480e-08 5.227644139528274536e+01
-7.999999508603877985e+02 -7.999999999999699867e+02 2.141941702699154523e-04 5.234509800672530844e+01
-6.899994971666153560e+02 -6.899999999995320650e+02 1.000050286021836854e+01 5.234030019044875814e+01
-5.998130574884372663e+02 -5.999999999967690201e+02 3.361238253602381043e-01 5.321138389110565470e+01
-4.999266340889554385e+02 -4.999408218229448835e+02 6.598024393602545945e-02 5.235405620336532451e+01
-4.000000000000000000e+02 -4.000000000000000000e+02 0.000000000000000000e+00 5.253026995658874654e+01
-2.991542848014707374e+02 -2.990050409429067031e+02 6.505388974245295275e-01 5.250034929513931559e+01
-1.991883781238297786e+02 -2.000000000000000000e+02 1.274282314034591357e+00 5.255623525381088257e+01
-9.905287835119739270e+01 -1.000000000000000000e+02 3.630053752637846465e+00 5.242389830350875712e+01
1.363267201710166319e+02 1.170693934401635943e+02 5.389892793890393108e+01 5.236658480167388774e+01
2.001306377985933125e+02 2.000000000035418850e+02 3.809870602215618685e-01 5.265334289073943808e+01
3.016182796633909220e+02 3.020196854182017319e+02 8.066534245352887655e-01 5.243881615400314189e+01
4.014856872045808132e+02 4.020789342367746713e+02 1.003306918663390279e+00 5.242601845264434957e+01
5.000108629743097595e+02 5.000099204341480572e+02 1.204041759982908862e-02 5.241967325210571005e+01
6.000202394543027822e+02 6.000194318197550274e+02 1.372760427753669417e-02 5.247311440706253194e+01
7.600000000002909246e+02 8.000000000000022737e+02 4.898979485538772138e+01 5.250652384757995605e+01
8.340656074332252956e+02 8.000000000000192131e+02 4.658452174516847322e+01 5.248614479303360270e+01
1.015668856552854436e+03 9.499945941786222647e+02 1.244391998060046802e+02 5.250943959951401041e+01
1.003374978598404255e+03 1.000000000000011141e+03 7.268366830593858907e+00 5.336850395202636577e+01
1.120000000000360387e+03 1.100000000000027967e+03 3.999999999982863130e+01 5.336480069160461426e+01
1.203010675890722950e+03 1.200435134724740237e+03 7.743995495211170699e+00 5.345775740146636679e+01
1.375449829720088701e+03 1.400000000000233285e+03 5.221155079829635781e+01 5.340982184410095357e+01
1.425000000000063665e+03 1.400000000000058890e+03 4.330127018921909610e+01 5.257377120256423808e+01
