-1.399999959345478374e+03 -1.399999978273037868e+03 4.193820960123683614e-05 5.983113240003585531e+01
5.826674188000602044e+03 4.798899626987993543e+03 5.483252603394896141e+03 5.998126660585403158e+01
-1.199120184448186365e+03 -1.199673614932691407e+03 1.465278549725889556e+00 5.990885159969329976e+01
-1.099146125291417320e+03 -1.099568868064795652e+03 9.867155106928338082e-01 5.994066464900970459e+01
-9.999964278047066273e+02 -9.999980940880174103e+02 5.303452345225224442e-03 5.990510195493698120e+01
-8.993009222749935816e+02 -8.999569480103157275e+02 1.723096072970929926e+00 5.982516460418700888e+01
-7.980515781049208499e+02 -7.998426477081684425e+02 5.184714758790940792e+00 6.001780680418014668e+01
-6.891551664535552391e+02 -6.883038178287939672e+02 8.963376711220586657e+00 5.999014989137649678e+01
-5.995472710482370076e+02 -5.996690200652658405e+02 4.248439134433462661e-01 6.087186274528503560e+01
-4.969820720733129065e+02 -4.980698773524331386e+02 3.598899981831417794e+00 5.992253459692001627e+01
-3.999999160306697377e+02 -3.999999693280904012e+02 1.029075045152466600e-04 6.005121304988860942e+01
-2.979580703203217809e+02 -2.990033607438726335e+02 2.120934173390260025e+00 6.004067829847335958e+01
-1.975356404437759181e+02 -1.971206152365584501e+02 2.012010094278003702e+00 6.007974394559860087e+01
-9.987241841095186601e+01 -9.999788032299846918e+01 1.523361822457595660e-01 5.997644504308700419e+01
2.068779616060366493e+02 2.179160103532421431e+02 8.363941179419377647e+01 5.997775830030441568e+01
2.008451110283887431e+02 2.007095800527402787e+02 5.831814830348459600e-01 6.027062150239944316e+01
3.013184181424211374e+02 3.020198808877321426e+02 9.636509607288267221e-01 5.997206875085830546e+01
4.022935725574141657e+02 4.022685357943717008e+02 5.271790097205552028e-01 5.998954905271530436e+01
5.000352862856076399e+02 5.000211038799790231e+02 3.433958866103895696e-02 5.990401135683059408e+01
6.000813739749210072e+02 6.000194322156056614e+02 1.196207133781694854e-01 5.992585129737854288e+01
7.800309302968274778e+02 8.000121982960038167e+02 3.997445425482453629e+01 6.008230234384537027e+01
8.481399648502880382e+02 8.000131687625598715e+02 7.965076648025554107e+01 6.009248960018157959e+01
1.044121061204019043e+03 1.014339306396238385e+03 9.222806884149190410e+01 6.012184430360794352e+01
1.031831394499806265e+03 1.018936363981202362e+03 3.533549540019104995e+01 6.104495224952697896e+01
1.158684550349113806e+03 1.185743664561457535e+03 4.714780434094531358e+01 6.106365499496460103e+01
1.215464066293437554e+03 1.204312074196433969e+03 2.241147022392104304e+01 6.112083040475845053e+01
1.389918908513639735e+03 1.410469349528131715e+03 7.585989741181241186e+01 6.110222129821777060e+01
1.465022396979112955e+03 1.500008627349942117e+03 4.768445331356390682e+01 6.033229290246963217e+01
