-1.400000000000000000e+03 -1.400000000000000000e+03 0.000000000000000000e+00 2.900229933977126962e+02
6.114848374841988698e+04 4.263440988943233970e+04 4.278395366589875630e+04 3.093048132896423112e+02
1.281172949043624103e+05 -1.198711352241412214e+03 4.239568883158116369e+05 3.070611196994781267e+02
1.401984164122647417e+04 1.164647969370273495e+04 6.759039339516783002e+03 3.087184095025062334e+02
-9.999998460917519196e+02 -9.999998579990049166e+02 4.526885021743921167e-05 3.091526908516883623e+02
-8.906741529516873470e+02 -8.901875765288905313e+02 2.120937617851212931e+00 3.076112532973289717e+02
-7.973713744355648032e+02 -7.999454168896277224e+02 8.623228095840651974e+00 3.025251520037651289e+02
-6.796681090662198130e+02 -6.796671322886026019e+02 9.615791049711551464e-02 3.018014555454254264e+02
-5.950322670321472742e+02 -5.951128454199354110e+02 2.550425066727649348e+00 3.263588240504265059e+02
-4.998889741975337415e+02 -4.999077263573367418e+02 7.935432037695971941e-02 2.940094461560249215e+02
-3.946769708077875407e+02 -3.955226842430801639e+02 2.801386083490708945e+00 2.926111321926117057e+02
-2.895793005014921278e+02 -2.900504144668861386e+02 3.529482842755894190e+00 2.932843839049339181e+02
-1.787595480798077574e+02 -1.819948319446754681e+02 8.141827442977996654e+00 2.971146886944770813e+02
1.188552738499334964e+02 1.059131232440493022e+02 1.440029088343279113e+02 2.936654295444488412e+02
1.135399075674571122e+03 1.052438888795493085e+03 4.319454197773661122e+02 2.985879121065139543e+02
2.010048327195144964e+02 2.009335389602417195e+02 5.135089154703759151e-01 3.096241441011428606e+02
3.149250887228858460e+02 3.142724864743103694e+02 1.817912175321932278e+00 2.918455443978309631e+02
4.176452879589440386e+02 4.177415064200558277e+02 3.712658079786576693e+00 2.977746026992797965e+02
5.007806475941074495e+02 5.007759001704715160e+02 2.301902371899040012e-01 3.080223786592483748e+02
6.034109044747583539e+02 6.034939794455785886e+02 3.330132837760749753e-01 3.088736319065093880e+02
1.000000000000000227e+03 1.000000000000000227e+03 4.403072291788040526e-14 2.963751341938972246e+02
1.124853028811649438e+03 1.106882629436907337e+03 1.035466554030469979e+02 2.954357519984245073e+02
1.895477631861196642e+03 1.889144575941889343e+03 3.532508469198975263e+02 3.023618317961692696e+02
1.210496069420067670e+03 1.210555060093812244e+03 3.950172450343421460e+00 3.260687295556068648e+02
1.312344598862103339e+03 1.311030627679796908e+03 5.477055722273423299e+00 3.268406907916069031e+02
1.405556727150190000e+03 1.400021277267409914e+03 2.412855957384186922e+01 3.296381285905837899e+02
1.811774152806179700e+03 1.812026260704699325e+03 1.574071737008679328e+01 3.262257668018340837e+02
1.700000000000000455e+03 1.700000000000000455e+03 1.902344653294848201e-13 2.979585475921630859e+02
