-1.399999999999999773e+03 -1.399999999999999773e+03 1.245376910231166390e-13 4.665787868022918587e+02
4.265497267360052210e+05 4.114755333441944094e+05 1.743887967054843029e+05 5.382044304490088962e+02
2.212395355329059437e+07 9.560016616321977228e+06 2.923999261556200683e+07 5.276909103035926591e+02
1.122219048519032731e+04 1.045689766398336360e+04 4.274847584838879811e+03 5.422371072888374783e+02
-9.999999994927247826e+02 -9.999999994776989070e+02 1.190566923986121827e-07 5.332485405564308394e+02
-8.815569251520039415e+02 -8.893005862009897555e+02 1.489540772064059126e+01 5.311579898476600192e+02
-7.603539495878709431e+02 -7.629235470731532587e+02 2.562344069399784630e+01 5.297499819993972778e+02
-6.790295896807195959e+02 -6.790179674690575666e+02 7.894199484902804376e-02 4.930446381568908691e+02
-5.810346958718948827e+02 -5.805694178314288365e+02 3.374569662125899594e+00 6.693055620551109541e+02
-4.999536669169093557e+02 -4.999568728113625866e+02 2.841627595394431022e-02 4.836280933976173628e+02
-3.616508117150818862e+02 -3.661714298651902482e+02 1.324125898011394575e+01 4.793151325464248771e+02
-2.362324304185102051e+02 -2.388101467036310908e+02 1.647597817521614516e+01 4.820065753459930420e+02
-7.780826525273030825e+01 -7.131956331565768892e+01 3.261030691838831075e+01 4.897636500000953674e+02
1.692686753361037063e+03 1.633824762948380339e+03 3.423228855909192703e+02 4.760756502509117354e+02
4.020258893156239537e+03 3.915603035333803746e+03 5.064079902608362431e+02 4.809355305552482491e+02
2.005666675529765826e+02 2.004319037702574349e+02 3.785758198168754918e-01 5.360641020059586026e+02
3.644915026361403534e+02 3.647749817705148416e+02 1.481275671489984980e+01 4.764368177533149833e+02
4.684513834648913644e+02 4.689997381890888732e+02 2.315167124247029662e+01 4.974264310002326965e+02
5.032439932238208939e+02 5.031970369657013293e+02 9.418261468955619886e-01 5.351950069069862366e+02
6.137288054211960571e+02 6.150000000000000000e+02 1.673745877170583096e+00 4.896442194461822623e+02
9.771576883254765562e+02 1.000000000000000227e+03 5.918512347420704600e+01 5.012992906570434570e+02
2.480120904097756920e+03 2.394755694079525711e+03 4.432772611365609805e+02 4.935601197004318124e+02
4.994952161581963992e+03 4.915248262275948036e+03 7.718274669973000073e+02 4.952045737028121835e+02
1.250508001847035302e+03 1.250799294152621314e+03 8.219972406015436661e+00 6.792255852460860979e+02
1.365001783992535366e+03 1.366869721196160299e+03 8.790028887016166692e+00 6.791005806565284502e+02
1.492830754764611584e+03 1.532636030906514407e+03 6.861813345481785120e+01 6.845957345008849870e+02
2.117814186307991804e+03 2.130333213248823540e+03 8.833306050348296878e+01 6.827623433470726013e+02
1.754109689598872137e+03 1.700000000000000455e+03 2.358586688278356860e+02 5.247162770032882690e+02
