-1.400000000000000000e+03 -1.400000000000000000e+03 1.016845989170082993e-13 9.797220458984375000e+02
3.365135660182400607e+05 2.999862126093694242e+05 1.156475934621662600e+05 1.025183172595500992e+03
1.996033272609108360e+06 7.206289548546867445e+04 5.153833410680809058e+06 1.018794506549835205e+03
1.221151861739143351e+04 1.210002392754475659e+04 2.411142242338697997e+03 1.026876049697399139e+03
-9.999997739293603445e+02 -9.999997698068725640e+02 3.249099633829097310e-05 1.018908804202079750e+03
-8.881162069952767979e+02 -8.906998978212250222e+02 6.106694937192580497e+00 1.017599197852611496e+03
-7.962102304442171317e+02 -7.975127676827916048e+02 3.362038513137069362e+00 9.947887690901756059e+02
-6.790548617323358940e+02 -6.790587138349053475e+02 5.423953435989194855e-02 1.004923576200008370e+03
-5.801984101347549085e+02 -5.815899020857007145e+02 8.129693338218961784e+00 1.158503769397735596e+03
-4.999832458051216122e+02 -4.999876839274807026e+02 1.060877997019092460e-02 9.918329416036606290e+02
-3.692060456648156901e+02 -3.691562944419223982e+02 6.853475344871911901e+00 9.876271408915520169e+02
-2.649169567872899620e+02 -2.646789736244643336e+02 9.741588611975050327e+00 9.948892611503600847e+02
-1.139626275215681233e+02 -1.217777692625633392e+02 3.093107066842657105e+01 1.010628502500057266e+03
1.440477420057441577e+03 1.434693675748733767e+03 2.612162201354203148e+02 9.865241502523422241e+02
4.365059258344621412e+03 4.431889739342266694e+03 5.228184894810764263e+02 1.000139064991474129e+03
2.020693935065380060e+02 2.020667097197426472e+02 4.219654456191194170e-01 1.055113232648372559e+03
3.549267532297338335e+02 3.578298738870098532e+02 1.531343943778079719e+01 9.775748777985572815e+02
4.561878990530063902e+02 4.593432410578976146e+02 1.275133164883695081e+01 1.016150541198253677e+03
5.028309140252063116e+02 5.028211391818877019e+02 4.898950327850714048e-01 1.020880807304382301e+03
6.119307798662446203e+02 6.113799948888029121e+02 1.626288561553083767e+00 1.012931056296825432e+03
9.843153766509528850e+02 1.000000000000000227e+03 6.930579107827099961e+01 1.017329819643497444e+03
2.138413960466217304e+03 2.138955077743680249e+03 2.766813733435075733e+02 1.009920486950874306e+03
4.665064857375886277e+03 4.523649246573500932e+03 7.364373316904234343e+02 1.002705947649478958e+03
1.239054293678890645e+03 1.239040149580856450e+03 7.957987250091423270e+00 1.168778850352764039e+03
1.352439021626615840e+03 1.350138968919418176e+03 7.138735404701223253e+00 1.169319419145584106e+03
1.523556639349552370e+03 1.532795354558392319e+03 4.421691138809756438e+01 1.175673591291904359e+03
1.948451044917675972e+03 1.957728238781220625e+03 5.131668420981886669e+01 1.173540471541881516e+03
1.700000000000000455e+03 1.700000000000000455e+03 2.737941617577302218e-13 1.041417452549934296e+03
