-1.400000000000000000e+03 -1.400000000000000000e+03 0.000000000000000000e+00 3.006044597506523246e+02
1.752366365022488753e+05 1.856841019069082395e+05 1.209280427904679382e+05 3.015813959479331743e+02
5.079792696493727714e+07 8.902296551006190479e+06 1.057243379462901652e+08 3.011634353399276733e+02
2.257538057800064053e+04 2.023827340347497375e+04 1.510451044551705672e+04 3.010831387996673811e+02
-9.999999999999441798e+02 -9.999999999999497504e+02 4.370135202936352246e-11 3.025688729524612199e+02
-8.897389620894348354e+02 -8.901874697328487400e+02 1.112491827047914761e+01 3.001207571506500358e+02
-7.439618649113135689e+02 -7.423325044710201155e+02 2.192117972578115115e+01 3.031512180447578544e+02
-6.796099274937034806e+02 -6.795899856764410742e+02 9.052492828455115104e-02 2.978742325425147897e+02
-5.935967405055249628e+02 -5.933298882562007748e+02 1.496426368337346879e+00 3.193338096499443282e+02
-4.981405206690412228e+02 -4.985792480394443373e+02 1.624969785563117330e+00 3.029433159470557939e+02
-3.998507561414360225e+02 -4.000000000000000000e+02 3.552714447781128992e-01 3.026247406005859375e+02
-2.552283917609458967e+02 -2.563206872110481527e+02 1.350521425730745939e+01 3.014598807454109419e+02
-1.473568679850823173e+02 -1.456369373531889835e+02 1.784362001709882151e+01 2.964874982476234209e+02
-4.966520289509887931e+01 -7.735186174320824648e+01 5.582866959341762225e+01 3.003958195090293657e+02
1.377532958956386665e+03 1.379254907705410005e+03 3.054296897879574431e+02 2.991438553452491647e+02
2.005323746115013819e+02 2.005555002886241880e+02 3.093758516338811493e-01 3.069801418542862166e+02
3.083950686852898571e+02 3.102734029783340475e+02 4.026153901876303287e+00 3.019148686528205872e+02
4.440773623057611985e+02 4.433137859214204468e+02 1.519861949452603334e+01 3.015032880067825545e+02
5.004704512040582927e+02 5.004532075450375714e+02 2.170567065678644658e-01 3.006639901518821603e+02
6.036029753447921848e+02 6.037610705707829766e+02 4.258527963283922357e-01 3.013738512992858887e+02
1.000000000000000000e+03 1.000000000000000000e+03 2.542114972925207483e-14 3.020867900609970320e+02
9.368876284115697217e+02 9.236010534251574882e+02 1.096930652066755414e+02 3.016710917949676514e+02
2.332406308104081290e+03 2.311023599348995049e+03 3.265984687490102374e+02 3.026317958593368758e+02
1.222709581110021873e+03 1.223637678341759056e+03 4.572358348400955563e+00 3.207243579030036926e+02
1.323187530525485045e+03 1.322534377791043880e+03 4.329747756817012849e+00 3.205400169014930611e+02
1.418932543273169358e+03 1.400031576699067955e+03 7.806044428217543896e+01 3.221045058965682983e+02
1.866082687746911006e+03 1.869574397843080305e+03 4.633042142706538868e+01 3.211071300506591797e+02
1.711967525716298724e+03 1.700000000000000000e+03 5.216523520157053184e+01 3.049678036570549011e+02
