-1.400000000000000000e+03 -1.400000000000000000e+03 0.000000000000000000e+00 2.622052078008651961e+02
9.480331470550174708e+04 7.942712847071001306e+04 4.475435994968307205e+04 2.845263199925422555e+02
2.528647158473310061e+06 2.220573003954998057e+04 7.404537581601356156e+06 2.825448620915412903e+02
1.551083628825448977e+04 1.504349619128888116e+04 7.653154775967809655e+03 2.839205349564552421e+02
-9.999998977102393383e+02 -9.999998986155933380e+02 2.592485812230042573e-05 2.842693874001503218e+02
-8.916127649004281466e+02 -8.901875761073388276e+02 3.392796847164092799e+00 2.833449434995651472e+02
-7.953372356868223960e+02 -7.985126600286303074e+02 5.443138635989934748e+00 2.771536493420600777e+02
-6.796530913605049591e+02 -6.796364988914209562e+02 9.848040683611293533e-02 2.748448655962944258e+02
-5.934089992282038111e+02 -5.931983648938071383e+02 2.864546223868578601e+00 2.957289593458175432e+02
-4.998527911619262341e+02 -4.998459861523926975e+02 6.665808535018523384e-02 2.660247964501380693e+02
-3.934830249953271277e+02 -3.945277277048963924e+02 3.742336851956264976e+00 2.645006117939948922e+02
-2.911448709433063868e+02 -2.910453735239794355e+02 4.052545209497154133e+00 2.660198866486549605e+02
-1.768302776688368283e+02 -1.732109972415402979e+02 1.369458096944096503e+01 2.667890549540519487e+02
9.957346177144772525e+01 5.730120724428957146e+01 1.508762313232375618e+02 2.646583674907684554e+02
1.353888520732146844e+03 1.311959124077426623e+03 4.214692734237457898e+02 2.687162745475769157e+02
2.010242533609778661e+02 2.011338614598085428e+02 4.700426853636928137e-01 2.785425632476806754e+02
3.151009714726714606e+02 3.152985578954815082e+02 1.791648100254090714e+00 2.658100688576698190e+02
4.217668028704350718e+02 4.178498655561536452e+02 9.854226391684290931e+00 2.723798238992691267e+02
5.006722683241592904e+02 5.006145306787103664e+02 2.266819963060589527e-01 2.826654867053031808e+02
6.035747968083214801e+02 6.035956902970556257e+02 3.792993025532301887e-01 2.841505995512008553e+02
1.000000000000000227e+03 1.000000000000000227e+03 1.192357613229150537e-13 2.675932769060135001e+02
1.174094220888083782e+03 1.140420608694031444e+03 1.819142301587969826e+02 2.675520750522613298e+02
2.204917068845098584e+03 2.057975746051754413e+03 3.907249793048425772e+02 2.721564609050750505e+02
1.213656267937473331e+03 1.213981974267930127e+03 4.804684494193280031e+00 2.977772300004959334e+02
1.311286906331465161e+03 1.311426474878378031e+03 4.914038987417518101e+00 2.975946244597434998e+02
1.410489553744433351e+03 1.400024338077624861e+03 4.301245447129294064e+01 2.999678506016731490e+02
1.821995091668865371e+03 1.816769649708372526e+03 2.837173491482036525e+01 2.962677982568740731e+02
1.717235153694170094e+03 1.700000000000000455e+03 7.512629322927860187e+01 2.708591825485229379e+02
