-1.400000000000000000e+03 -1.400000000000000000e+03 0.000000000000000000e+00 5.799733639955520914e+01
3.028390443678885276e+03 2.581148218511757477e+03 3.934100675272689841e+03 5.820930285453796671e+01
-1.200000000000000000e+03 -1.200000000000000000e+03 0.000000000000000000e+00 5.789924690723419332e+01
-1.100000000000000000e+03 -1.100000000000000000e+03 0.000000000000000000e+00 5.796810945272445537e+01
-9.999999999999881766e+02 -9.999999999999977263e+02 1.514720865166875940e-11 5.796020090579986572e+01
-9.000000000000000000e+02 -9.000000000000000000e+02 2.542114972925207483e-14 5.800082490444183492e+01
-7.999999999931350203e+02 -7.999999999999872671e+02 2.939343537091608520e-08 5.808056116104125977e+01
-6.920022207950005395e+02 -6.999999999981696419e+02 9.795245158110754247e+00 5.789078129529953287e+01
-5.997375308396665332e+02 -5.999999999060615892e+02 3.576842611782833914e-01 5.892544194459915019e+01
-4.999791642064578809e+02 -4.999926039596658711e+02 3.472685829064706825e-02 5.808515034914016439e+01
-3.999005040942906817e+02 -4.000000000000000000e+02 2.984877171279891050e-01 5.811669349670410156e+01
-2.999502520471453408e+02 -3.000000000000000000e+02 2.168462991415098517e-01 5.815464090108871176e+01
-1.999005040942906817e+02 -2.000000000000000000e+02 4.336925982830197035e-01 5.816274430751800395e+01
-9.303350909106313793e+01 -9.999999999999988631e+01 2.627162842073850157e+01 5.802629209756851481e+01
1.065264096680989070e+02 1.003121732559814063e+02 1.354694166633466779e+01 5.810468649864196777e+01
2.000338879975079749e+02 2.000000000006188543e+02 1.477143452585138739e-01 5.834870779514312744e+01
3.012227486391569755e+02 3.020210596730993871e+02 9.974817171402698968e-01 5.806455409526824951e+01
4.017059201434308875e+02 4.020188263708391219e+02 6.641579987243683147e-01 5.815742470026016520e+01
5.000009920434147830e+02 5.000000000000000000e+02 2.976130244400111268e-03 5.795094339847564413e+01
6.000106875008654015e+02 6.000194318197550274e+02 9.667208268186245831e-03 5.800806660652160929e+01
7.350000000045604338e+02 7.000000000065174390e+02 4.769696006778891473e+01 5.822953044176101400e+01
8.192877849839211422e+02 8.000000000001372200e+02 7.102312503911512920e+01 5.821333150863647177e+01
9.840091390280200585e+02 9.000000000001092531e+02 1.058797472860675555e+02 5.813744609355926229e+01
1.000000000000050250e+03 1.000000000000008868e+03 8.054940304413129432e-11 5.908132065534591959e+01
1.100000000000683713e+03 1.100000000000014552e+03 1.614948826450860866e-09 5.909471845626831055e+01
1.200172534399944425e+03 1.200080948985142413e+03 1.952942534248933715e-01 5.918350070714950562e+01
1.348294714174508044e+03 1.309433687325205256e+03 4.904214854001065049e+01 5.915584235191344931e+01
1.415000000000904492e+03 1.400000000000023647e+03 3.570714214234234163e+01 5.831449850797653056e+01
