-1.400000000000000000e+03 -1.400000000000000000e+03 0.000000000000000000e+00 2.201521235704421997e+01
4.567040558678309026e+03 1.138597112326107890e+03 5.580432435888693362e+03 2.197326985597610616e+01
-1.200000000000000000e+03 -1.200000000000000000e+03 0.000000000000000000e+00 2.200891914367675639e+01
-1.100000000000000000e+03 -1.100000000000000000e+03 0.000000000000000000e+00 2.201542794704437256e+01
-9.999999999999515694e+02 -9.999999999999718057e+02 5.092537146239038440e-11 2.202617869377136373e+01
-8.999444283200743939e+02 -8.999961432943860018e+02 1.265273384104775023e-01 2.183427864313125610e+01
-7.941744726891432720e+02 -7.999802614648073131e+02 1.347855110441740933e+01 2.205826375484466695e+01
-6.898669105079106885e+02 -6.914142313091658707e+02 9.369120501722024486e+00 2.197862340211868215e+01
-5.994545802173392985e+02 -5.992500893561943940e+02 4.424675122842864350e-01 2.256004920005798198e+01
-4.992775426562910184e+02 -4.996596885326558208e+02 7.554211163162578568e-01 2.197233554124832011e+01
-4.000000000000000000e+02 -4.000000000000000000e+02 0.000000000000000000e+00 2.210194104909896851e+01
-2.986070573200694867e+02 -2.985075614143600546e+02 6.599811748288523239e-01 2.207553360462188863e+01
-1.975073349275583610e+02 -1.975323301845940591e+02 1.657602796043681215e+00 2.213057235479355001e+01
-9.121730910745330334e+01 -9.968782674401859367e+01 2.634462679748236624e+01 2.199480594396591115e+01
1.945833604212999433e+02 2.173850362087170538e+02 5.875028857600739229e+01 2.193670769929885722e+01
2.004748260778270037e+02 2.002343931343820032e+02 5.333020228819794761e-01 2.212841075658798218e+01
3.017239257380118715e+02 3.020211382353943463e+02 7.228829111232228932e-01 2.206085640192031860e+01
4.020724707555622786e+02 4.021973533809372725e+02 9.198192139663758926e-01 2.198292584419250417e+01
5.000400719095221689e+02 5.000197293441970601e+02 3.822856414360759070e-02 2.195329494476318288e+01
6.000801925262428540e+02 6.000194318197550274e+02 1.274805049509897259e-01 2.205871194601058960e+01
7.700000000000048885e+02 8.000000000000001137e+02 4.582575694956111789e+01 2.204903980493545390e+01
8.381321407224025961e+02 8.000000000000007958e+02 7.240266537929005608e+01 2.203617005348205637e+01
1.080422764998632147e+03 1.180920295555777557e+03 1.351976840453179136e+02 2.204875500202178884e+01
1.019537002717772339e+03 1.003140056413291859e+03 3.066767886685960320e+01 2.267727540731430125e+01
1.163900377580817349e+03 1.200000000000000000e+03 4.616200961651060908e+01 2.267922965288162374e+01
1.219099292595081806e+03 1.200435134724740237e+03 3.562645187650234391e+01 2.278246954679489278e+01
1.406297607287718620e+03 1.410657303495845326e+03 3.466238990478859705e+01 2.274843045473098613e+01
1.450000000000001819e+03 1.450000000000003638e+03 4.999999999999866418e+01 2.211564894914626933e+01
