-1.399999999999999773e+03 -1.399999999999999773e+03 0.000000000000000000e+00 1.848238973450660751e+03
7.747854585692429682e+05 7.697682066003443906e+05 1.888314214347231609e+05 2.100452470946312133e+03
3.929117334066523705e+06 2.091836640075908974e+06 5.108929026770018041e+06 2.049191648447513671e+03
6.947573190185717067e+03 6.995345183073684893e+03 1.641787010338939126e+03 2.094786352849006562e+03
-9.999996312881185077e+02 -9.999996298396415568e+02 2.953022824029902268e-05 2.094228021943569274e+03
-8.565526684650303650e+02 -8.565526684650296829e+02 2.790079756198424221e-12 1.931004796147346497e+03
-7.849096590230335551e+02 -7.859778735664378928e+02 7.016582670342960348e+00 1.991156357657909439e+03
-6.788762470280175876e+02 -6.788699246020262308e+02 4.063815974747161941e-02 1.997913963401317687e+03
-5.313577383520434978e+02 -5.318686011438849164e+02 4.971700829074301886e+00 2.444223520457744598e+03
-4.999722713658071598e+02 -4.999765849452239763e+02 1.779112627941059621e-02 1.877107068157195954e+03
-3.421169354715199802e+02 -3.437848535767816429e+02 8.451960705839173471e+00 1.908349185705184937e+03
-2.418384190869847714e+02 -2.432873892071304454e+02 9.791489628204754325e+00 1.947922901546955018e+03
-9.511851429386485535e+00 -3.431683985122889169e+01 8.021821505160740173e+01 2.029679743647575378e+03
2.335054990896105664e+03 2.236083251834592375e+03 5.625614891184552562e+02 1.927116131806373687e+03
1.381906317676413528e+04 1.375290058033523383e+04 4.593197905595278598e+02 1.904889925050735428e+03
2.033014890833647428e+02 2.033538674414996876e+02 2.875399866589652409e-01 2.132036696040630432e+03
4.005187481078355063e+02 4.020423041937640960e+02 9.293415322889700292e+00 1.846652070558071046e+03
7.836587373425688838e+02 7.825618636551278087e+02 1.624730570450147482e+01 1.907037906455993607e+03
5.048291169948376478e+02 5.045904179785156884e+02 9.079144447230470538e-01 2.098877979803085509e+03
6.201269915669956845e+02 6.198622940195036790e+02 1.148363278018838418e+00 2.040887331497669265e+03
1.596197200482369681e+03 1.828262933976492150e+03 4.019496411075595574e+02 1.916353741002082870e+03
3.518440072139847416e+03 3.494517638172619172e+03 5.909160495584890214e+02 2.039154954195022583e+03
1.374742341739141011e+04 1.429965036144824990e+04 1.934662637860934865e+03 1.985283780992031097e+03
1.271354553277455580e+03 1.267291072889549696e+03 2.134484174618649277e+01 2.542652201199531646e+03
1.399599789923469643e+03 1.395367103033002422e+03 1.492839766180788530e+01 2.541002712106704621e+03
1.632312650171721089e+03 1.650192049934114038e+03 3.690951380717304886e+01 2.551666770601272674e+03
2.970724846917074501e+03 3.144558211459505401e+03 3.741332048329780378e+02 2.549911264348030272e+03
2.989146625879076510e+03 1.800000000000000909e+03 1.456448549995468056e+03 2.090077215802669343e+03
