-1.400000000000000000e+03 -1.400000000000000000e+03 0.000000000000000000e+00 5.277243084907532022e+01
4.443215819904188720e+03 3.486280291873051738e+03 4.870648752014189085e+03 5.274111084938049032e+01
-1.200000000000000000e+03 -1.200000000000000000e+03 0.000000000000000000e+00 5.278749309778213217e+01
-1.100000000000000000e+03 -1.100000000000000000e+03 0.000000000000000000e+00 5.277026385068893433e+01
-9.999999999999863576e+02 -9.999999999999920419e+02 2.135831990959909876e-11 5.280319634675979756e+01
-8.999999991646285480e+02 -8.999999999990143351e+02 2.666522142820698129e-06 5.261628680229186728e+01
-7.999999885254577521e+02 -7.999999999999907914e+02 5.001543218504391858e-05 5.272432634830474996e+01
-6.899998246068216758e+02 -6.899999999998194653e+02 1.000017539459997984e+01 5.273718794584274150e+01
-5.997107300648941646e+02 -5.999999999953072347e+02 4.069385815074927359e-01 5.344435629844665669e+01
-4.998667079321397182e+02 -4.998828631795763613e+02 1.182800862566519839e-01 5.274866770505904867e+01
-4.000000000000000000e+02 -4.000000000000000000e+02 0.000000000000000000e+00 5.287846670150756978e+01
-2.992537807071800557e+02 -2.990050409429067031e+02 6.946923553486402669e-01 5.287525019645691060e+01
-1.994135738100280832e+02 -2.000000000000000000e+02 1.038824374149533547e+00 5.289207775592804239e+01
-9.982830470921022936e+01 -9.984391337200929684e+01 1.840234204065785140e-01 5.275256969928741313e+01
1.527752518036238030e+02 1.251358302762732819e+02 5.489519549007407306e+01 5.270795980691909932e+01
2.002332410317253562e+02 2.000000000316038040e+02 7.004339650583776278e-01 5.295342789888381674e+01
3.015225039158598861e+02 3.020197639804966911e+02 8.791274641023103520e-01 5.282776550054550313e+01
4.017219016184927796e+02 4.020498249119226557e+02 8.012947902655066512e-01 5.280152895450591899e+01
5.000306007764085621e+02 5.000197293441220268e+02 5.438408794588461825e-02 5.278160849809646749e+01
6.000192678633150081e+02 6.000194318197550274e+02 1.442055102963267499e-02 5.284128559827804850e+01
7.700000000000275122e+02 8.000000000000003411e+02 4.582575694951857059e+01 5.283748520612716959e+01
8.271977481556126577e+02 8.000000000000054570e+02 5.279272564834513304e+01 5.283788264989853189e+01
1.073490524087454560e+03 1.156981984064030257e+03 1.252712578986705836e+02 5.283325765132904195e+01
1.005351334707618662e+03 1.000000000000363798e+03 7.910499207664066112e+00 5.359429340362548544e+01
1.120000000000014325e+03 1.100000000000008413e+03 3.999999999999283773e+01 5.360710769891738892e+01
1.206433636485536681e+03 1.200080948985145824e+03 1.199256500325792985e+01 5.369689689874648764e+01
1.382590983469563298e+03 1.400000000000000455e+03 4.421932690772683827e+01 5.365029649734496786e+01
1.435000000000048658e+03 1.400000000000163709e+03 4.769696007081448386e+01 5.291628240346908285e+01
