-1.400000000000000000e+03 -1.400000000000000000e+03 1.016845989170082993e-13 5.947922819852828979e+01
1.552172700753205845e+03 2.032479541933673772e+02 3.038132237438089305e+03 5.964894489049911641e+01
-1.200000000000000000e+03 -1.200000000000000000e+03 0.000000000000000000e+00 5.945063145160675333e+01
-1.100000000000000000e+03 -1.100000000000000000e+03 0.000000000000000000e+00 5.948926105499267436e+01
-9.999999999929920023e+02 -9.999999999999611191e+02 2.025426400820435983e-08 5.940848199129104756e+01
-9.000000000000000000e+02 -9.000000000000000000e+02 0.000000000000000000e+00 5.951252911090850972e+01
-7.999999999002934601e+02 -7.999999999838369149e+02 1.560722849256879444e-07 5.960399714708328389e+01
-6.959998954709118379e+02 -6.999999999569063220e+02 8.000208825525824352e+00 5.950726360082626343e+01
-5.999999966502691677e+02 -5.999999998092155238e+02 1.080391604688291156e-05 6.034085714817047119e+01
-4.999865612321326012e+02 -4.999926039596658711e+02 1.480530492765118160e-02 5.957953974008560039e+01
-4.000000000000000000e+02 -4.000000000000000000e+02 1.271057486462603742e-14 5.964231475591659404e+01
-2.999005040942882374e+02 -3.000000000000000000e+02 2.984877171271647645e-01 5.964989535808562948e+01
-1.999999999999999716e+02 -2.000000000000000000e+02 7.519677498818824450e-14 5.965197119712829732e+01
-9.982830470920978883e+01 -9.999999999999829470e+01 2.088296756525532816e-01 5.957237000465393351e+01
1.103051063665844396e+02 1.004682598839722232e+02 1.831754637800952779e+01 5.961242535114288188e+01
2.000472160669040136e+02 2.000000000526515009e+02 1.558565395191691405e-01 5.981418359279632568e+01
3.011325200402255859e+02 3.020197639804970322e+02 1.008238001884766755e+00 5.954451509714126445e+01
4.013600962158493530e+02 4.020034971619311364e+02 8.905623226981507212e-01 5.963558748960495137e+01
5.000000000000000000e+02 5.000000000000000000e+02 0.000000000000000000e+00 5.954469205141067789e+01
6.000136022738287238e+02 6.000194318197550274e+02 8.904778491815125430e-03 5.957852563858032369e+01
7.250000010372770021e+02 7.000000006270227004e+02 4.330126965110408577e+01 5.969190129041671611e+01
8.031321411443772149e+02 8.000000000065892891e+02 1.365268478909006866e+01 5.968262469768524170e+01
9.920556881488821546e+02 9.000000040845521880e+02 1.174360009726170659e+02 5.962071875333786153e+01
1.000000000031603463e+03 1.000000000004170829e+03 6.577027834170816737e-08 6.052581515312194682e+01
1.110000000255748319e+03 1.100000000093111794e+03 2.999999991494776452e+01 6.048987665176391459e+01
1.200160392052182715e+03 1.200000000000047748e+03 2.029764603404248524e-01 6.059523559808731363e+01
1.381503647707318123e+03 1.400000000000891305e+03 3.978944369701184058e+01 6.053311769962310507e+01
1.410000000458482646e+03 1.400000000290450316e+03 2.999999985394826751e+01 5.976459879875183390e+01
