-1.399999999998073918e+03 -1.399999999998838121e+03 2.248264724616599828e-09 2.254126399755477905e+01
8.381884422510383956e+02 -2.450916824680403465e+02 2.498810911026984286e+03 2.266087116003036428e+01
-1.199999985755169746e+03 -1.199999995243455487e+03 1.796417731490318738e-05 2.253973555564880371e+01
-1.099999994233467760e+03 -1.099999997631357246e+03 9.069310058788649075e-06 2.258222199678420949e+01
-9.999999772051909304e+02 -9.999999846144633011e+02 1.870826509942104040e-05 2.258254045248031616e+01
-8.999999999988967829e+02 -8.999999999996200586e+02 1.418118016477104700e-09 2.252497169971466207e+01
-7.999993647985113512e+02 -7.999997216428706679e+02 6.901843641320808695e-04 2.262454085350036692e+01
-6.929993339491444431e+02 -6.999987180856559235e+02 9.539255006269545589e+00 2.261623125076294016e+01
-5.999235249380251389e+02 -5.999986206662679251e+02 2.251085372822194952e-01 2.317135800123214651e+01
-4.999898462797139587e+02 -4.999913462822961492e+02 7.802395768019189208e-03 2.259491881132125712e+01
-3.999999999870419742e+02 -3.999999999940434918e+02 1.808831930722064530e-08 2.264479495286941457e+01
-2.999005040478155593e+02 -2.999999999713746206e+02 2.984877088930398825e-01 2.265018680095672465e+01
-1.999999998729071251e+02 -1.999999999766478425e+02 2.494969304113372365e-07 2.264771310091018819e+01
-9.998439109461324392e+01 -9.999999995521523033e+01 6.803685580926524534e-02 2.261190400123596334e+01
1.077134863706063044e+02 1.003121764231551651e+02 1.758214706086981138e+01 2.261903901100158620e+01
2.000431496425015325e+02 2.000106127468484658e+02 1.461541911064699883e-01 2.277884138822555471e+01
3.011107924458750631e+02 3.020196069230466946e+02 1.004749278326482198e+00 2.260772825479507375e+01
4.012433555406123560e+02 4.020028062509838946e+02 9.810479650013902431e-01 2.261402534246444773e+01
5.000009864672223330e+02 5.000000000000000000e+02 4.299910932956298691e-03 2.256717170476913381e+01
6.000126306999192138e+02 6.000194318197553685e+02 9.268364062948472246e-03 2.258338675498962544e+01
7.200018345382518419e+02 7.000024992907233354e+02 3.999912976168924672e+01 2.271096165180206228e+01
8.000001091236445063e+02 8.000000874603022112e+02 8.028594692824966026e-05 2.269217925071716380e+01
9.587811564566557081e+02 9.000002949250032316e+02 8.737323824813374529e+01 2.269522185325622488e+01
1.000000053892152437e+03 1.000000038362458326e+03 5.450891819636932706e-05 2.327154445648193359e+01
1.100000265661812819e+03 1.100000252948174648e+03 1.847264024881742654e-04 2.327133800983428813e+01
1.200186201204860708e+03 1.200080956073494235e+03 2.050617075543905432e-01 2.332091264724731516e+01
1.331856329682548676e+03 1.301209819353802686e+03 4.702546919594213648e+01 2.330288130044937134e+01
1.400001028222807236e+03 1.400000785887169968e+03 8.507690068158431634e-04 2.275176655054092478e+01
