-1.399999999999999773e+03 -1.400000000000000000e+03 4.929343819794394142e-13 4.174054005146026469e+01
3.343313907226575793e+03 4.009247414311586908e+03 4.159105668502169465e+03 4.190431429147720621e+01
-1.199999999998779685e+03 -1.199999999999927240e+03 2.373436316104332284e-09 4.178733614683151387e+01
-1.099999999999321290e+03 -1.099999999999404736e+03 6.918343420000516627e-10 4.178925549983978271e+01
-9.999999997526083462e+02 -9.999999998615403456e+02 4.312527945590750683e-07 4.186138684749603556e+01
-8.999999999999967031e+02 -8.999999999999997726e+02 1.105796637205525632e-11 4.173918609619140341e+01
-7.999999356948740115e+02 -7.999999818562093878e+02 2.109427136604528235e-04 4.187607159614562846e+01
-6.879996174579175658e+02 -6.799998995043694094e+02 9.798255017102434294e+00 4.186556154489517212e+01
-5.997664722430679376e+02 -5.999997315338258659e+02 3.273972429508632542e-01 4.253710005283355855e+01
-4.999689287241423017e+02 -4.999852079096627904e+02 3.508847355550308300e-02 4.182428070306777812e+01
-3.999999999999981810e+02 -3.999999999999996021e+02 4.454816233762839234e-12 4.188607499599456929e+01
-2.995522684241470301e+02 -2.999999999999087095e+02 5.865197142380208506e-01 4.189182989597320272e+01
-1.999999999999650981e+02 -1.999999999999951115e+02 8.246592271453312635e-11 4.191778044700622274e+01
-9.992195668599281078e+01 -9.999999999999454303e+01 1.673842607663162951e-01 4.184378029108047770e+01
1.364887092922654119e+02 1.167572201866773298e+02 4.939924996021653669e+01 4.183641225099563599e+01
2.000135323321149485e+02 2.000001849141994512e+02 5.804859206755304951e-02 4.207609975337982178e+01
3.019189720701875785e+02 3.020196068560017011e+02 4.402432116824052111e-01 4.184147745370864868e+01
4.019011832649090934e+02 4.020511098876215783e+02 5.590673022122002456e-01 4.184819279909133627e+01
5.000039458688309537e+02 5.000000000000000000e+02 7.891737661844899429e-03 4.185303630828857280e+01
6.000155454558042720e+02 6.000194318197550274e+02 7.772727901934219259e-03 4.180258870124816895e+01
7.550000043094262310e+02 8.000000002361250608e+02 4.974936855111368317e+01 4.193504710197449015e+01
8.150000007243519349e+02 8.000000006375873909e+02 3.570714193287387417e+01 4.195377639532089376e+01
9.604669756801013136e+02 9.000000031532060802e+02 9.422954809413762689e+01 4.197516554594039917e+01
1.000000001051514687e+03 1.000000000391449248e+03 1.445437317214031580e-06 4.263298025131225444e+01
1.105000001788229611e+03 1.100000000906549758e+03 2.179449433366325195e+01 4.263785099983215332e+01
1.200519611021268474e+03 1.200258041856578757e+03 9.348725411960118192e-01 4.269066879749298238e+01
1.355353685282139168e+03 1.354846967223245201e+03 5.389553051971389408e+01 4.266942685842514038e+01
1.410000007589335382e+03 1.400000004384246267e+03 2.999999795533251756e+01 4.210208040475845337e+01
