-1.400000000000000000e+03 -1.400000000000000000e+03 0.000000000000000000e+00 2.355877209901809621e+01
2.615582419376247799e+03 1.317423892277680125e+03 3.618959480038600304e+03 2.372176200151443481e+01
-1.200000000000000000e+03 -1.200000000000000000e+03 0.000000000000000000e+00 2.353493924140930105e+01
-1.100000000000000000e+03 -1.100000000000000000e+03 0.000000000000000000e+00 2.356993290185928203e+01
-9.999999999999685087e+02 -9.999999999999795364e+02 2.833777555853481997e-11 2.360290874242782522e+01
-8.999999999999997726e+02 -9.000000000000000000e+02 4.284048300500392506e-13 2.359766819477081157e+01
-7.999999885256621610e+02 -8.000000000000000000e+02 5.001547905812215911e-05 2.363258870840072490e+01
-6.939993415389578786e+02 -7.000000000000000000e+02 9.166157294257008203e+00 2.357190785408020162e+01
-5.998615667580361333e+02 -6.000000000000000000e+02 2.804562385049377826e-01 2.418447525501251150e+01
-4.999583259492301295e+02 -4.999852079193453847e+02 6.272304945899045969e-02 2.360647794008254863e+01
-3.999502520471453408e+02 -4.000000000000000000e+02 2.168462991415098240e-01 2.367246919870376587e+01
-2.991542850533616615e+02 -2.990050409429067031e+02 1.102340055128750995e+00 2.367644344568252635e+01
-1.988163841685743876e+02 -2.000000000000000000e+02 1.390071490971123591e+00 2.367668029069900371e+01
-9.894361771160390617e+01 -9.968782674401859367e+01 3.677683399618644877e+00 2.359461729526519846e+01
1.360656813593523680e+02 1.086907833480725003e+02 4.939603084698850921e+01 2.356891895532607961e+01
2.001537640664679145e+02 2.000000000000004547e+02 4.627291927523287107e-01 2.378849639892577983e+01
3.016309355838922670e+02 3.020197639804966911e+02 8.131946198454093055e-01 2.361930370330810547e+01
4.019814016738579312e+02 4.021423543460487622e+02 6.003037227427406863e-01 2.363198105096817159e+01
5.000103579056616354e+02 5.000000000000000000e+02 1.304040994172253262e-02 2.355514215230941844e+01
6.000174886377797066e+02 6.000194318197550274e+02 5.829545926508217582e-03 2.357323920726776123e+01
7.700000000000000000e+02 8.000000000000000000e+02 4.582575694955839651e+01 2.371048535108566213e+01
8.100000000000000000e+02 8.000000000000000000e+02 4.358898943540673798e+01 2.370218820571899343e+01
1.066095281231707759e+03 1.139746969476070717e+03 1.255118895590340600e+02 2.368402109146118306e+01
1.004338724852190580e+03 1.000000000000000000e+03 1.170262866757349407e+01 2.429562894105911397e+01
1.110000000000000000e+03 1.100000000000000000e+03 2.999999999999999645e+01 2.431711344718933177e+01
1.201018428674277629e+03 1.200435134724740237e+03 3.202874977979077276e+00 2.434754930734634470e+01
1.352199683605692371e+03 1.313327698486419649e+03 5.454375477408391504e+01 2.431705745458602763e+01
1.410000000000000000e+03 1.400000000000000000e+03 2.999999999999999645e+01 2.423822824954986643e+01
