-1.400000000000000000e+03 -1.400000000000000000e+03 0.000000000000000000e+00 2.738778134584426738e+01
7.741368582068461137e+02 -1.225256161086579141e+02 2.346116474403374013e+03 2.765941060781478811e+01
-1.200000000000000000e+03 -1.200000000000000000e+03 0.000000000000000000e+00 2.748439580202102661e+01
-1.100000000000000000e+03 -1.100000000000000000e+03 0.000000000000000000e+00 2.753065919876098633e+01
-9.999999999250385372e+02 -9.999999999999652118e+02 2.908722838736803720e-07 2.745347640514373921e+01
-9.000000000000000000e+02 -9.000000000000000000e+02 0.000000000000000000e+00 2.747695730924606394e+01
-7.999999998510896830e+02 -7.999999999438407485e+02 2.935298291449789769e-07 2.749568774700164653e+01
-6.929997634275986229e+02 -6.999999999772555839e+02 9.539714307149450789e+00 2.744986129999160696e+01
-5.999250071211206432e+02 -5.999999999740082330e+02 2.249726030507759877e-01 2.834652065038681101e+01
-4.999864378005336221e+02 -4.999926039596658711e+02 1.677144793512110044e-02 2.748622394800186086e+01
-4.000000000000000000e+02 -4.000000000000000000e+02 0.000000000000000000e+00 2.760212085247039937e+01
-2.998507561414360225e+02 -3.000000000000000000e+02 3.552714447781045171e-01 2.760796650648116923e+01
-1.998972022548813641e+02 -2.000000000000000000e+02 4.480849825959485333e-01 2.765908539295196533e+01
-9.905287835119735007e+01 -9.999999999999982947e+01 3.630053752637832698e+00 2.746930924654007100e+01
1.147343601206902406e+02 1.086907833480725571e+02 1.976754584029684381e+01 2.754004215002060008e+01
2.000955592067947180e+02 2.000000000390259629e+02 2.486301750806244326e-01 2.776144798994064189e+01
3.016215762895848798e+02 3.020211382353944032e+02 8.083465885030463038e-01 2.749348039627075124e+01
4.013743716342196421e+02 4.020292249841822922e+02 9.403018501597707468e-01 2.753732830286026001e+01
5.000034533173580940e+02 5.000000000000000000e+02 7.165243004054507557e-03 2.760045850276947021e+01
6.000116590918531756e+02 6.000194318197550274e+02 9.519608634710222464e-03 2.755814020633697581e+01
7.150000014931408714e+02 7.000000002771521395e+02 3.570714152055226265e+01 2.765443350076675344e+01
8.100000000477518824e+02 8.000000000053865961e+02 4.358898942667789100e+01 2.765803419351577830e+01
1.005038703816116367e+03 9.000000000208008260e+02 1.328826160848696532e+02 2.761573079824447774e+01
1.000000000004077265e+03 1.000000000000875502e+03 1.150607401692062731e-08 2.850175664424896382e+01
1.105000000166025757e+03 1.100000000005890797e+03 2.179449467962559694e+01 2.851526249647140432e+01
1.200135385231962800e+03 1.200040474492646581e+03 2.324787591721167168e-01 2.857715849876403880e+01
1.345544481502774033e+03 1.302119311972828655e+03 4.926006322066237431e+01 2.854365440607070781e+01
1.400000001527696213e+03 1.400000000116022420e+03 4.403244963427186864e-06 2.771841739416122508e+01
