-1.400000000000000000e+03 -1.400000000000000000e+03 0.000000000000000000e+00 4.686350391507148743e+02
9.264433721717954904e+04 7.261522116923233261e+04 6.153024630413695559e+04 4.692049616932869185e+02
3.637046339715763927e+06 -1.786944511855693918e+02 1.097494170436600968e+07 4.689827695965767020e+02
9.895875198128844204e+03 1.014510273154772040e+04 8.332926905294945755e+03 4.699928900599479675e+02
-9.999999999691666517e+02 -9.999999999824751740e+02 4.480874930255315144e-08 4.668069903492927324e+02
-8.908789978113752568e+02 -8.901875770723920596e+02 2.183732213005467493e+00 4.672957866549492110e+02
-7.984148467707100281e+02 -7.999334611857898381e+02 4.391411329063608981e+00 4.688886765003204573e+02
-6.796557190553855889e+02 -6.796509359009198761e+02 7.946743097214511997e-02 4.625053832411766166e+02
-5.968687949697631439e+02 -5.972266493921852089e+02 1.663488308332250032e+00 4.813923256993293762e+02
-4.998691570384330589e+02 -4.998917540638300352e+02 7.667467222389580395e-02 4.691888149023055803e+02
-3.956719288573169706e+02 -3.960201637716268124e+02 1.814947547248271897e+00 4.693835597038269043e+02
-2.837996744398745932e+02 -2.860706034730465035e+02 7.961119204208268130e+00 4.694588459491729964e+02
-1.729463425387543225e+02 -1.755847269289834855e+02 1.159287960700075182e+01 4.664381823539733887e+02
5.193622421579400594e+01 3.822209411462199569e+01 1.102710826413052132e+02 4.680049388408660889e+02
9.540826303605111889e+02 9.817895777422058927e+02 2.782863519830197561e+02 4.674348560929298628e+02
2.002902266252891650e+02 2.002399904740908028e+02 1.980850592011565992e-01 4.714435250997543108e+02
3.131368228758700525e+02 3.134734739883883208e+02 2.956558641256963327e+00 4.687973322987556344e+02
4.182852223934993958e+02 4.184799748119235119e+02 6.491569904419011827e+00 4.690668828487396240e+02
5.006846731898921234e+02 5.006458597559763462e+02 2.550098322897081382e-01 4.680012653470039368e+02
6.032386445423969690e+02 6.032198727321402885e+02 4.205969600192622226e-01 4.681409524917602312e+02
1.000000000005259608e+03 1.000000000000995442e+03 1.652528967553915965e-08 4.685656145453452837e+02
1.095273825029437376e+03 1.085327505823691808e+03 1.429562912368278091e+02 4.684644455909729004e+02
1.793528294506502107e+03 1.813245965952824236e+03 3.290247526931763105e+02 4.687233466029167062e+02
1.212988362903496181e+03 1.212562924488132012e+03 3.890891488927979758e+00 4.827153206586837655e+02
1.314136270173352614e+03 1.313980972405269313e+03 4.148249714397453047e+00 4.826531261563301314e+02
1.396088543964959172e+03 1.400024602536358543e+03 6.100193455133369724e+01 4.841194782495498430e+02
1.820257535721313161e+03 1.815105459470178630e+03 2.801660318920816195e+01 4.828680407524108773e+02
1.690000000003052719e+03 1.700000000001728040e+03 4.358898943608018328e+01 4.699341792941093559e+02
