-1.400000000000000000e+03 -1.400000000000000000e+03 0.000000000000000000e+00 2.255912140607834004e+01
1.432493504862662121e+03 -6.109576307632635235e+02 3.601660398767261086e+03 2.270518070459365845e+01
-1.199999999999997726e+03 -1.199999999999999545e+03 5.123733471883731142e-12 2.257824994325637746e+01
-1.099999999999996589e+03 -1.099999999999999545e+03 5.328990936820133904e-12 2.263223620653152324e+01
-9.999999999071651473e+02 -9.999999999713759280e+02 1.751101744440956224e-07 2.268407219648361206e+01
-8.999999999999997726e+02 -9.000000000000000000e+02 2.773120040194605290e-13 2.257847150564193583e+01
-7.999999989471114077e+02 -7.999999995031764684e+02 1.465259614463187059e-06 2.266940420866012573e+01
-6.969999446823907192e+02 -6.999999989031657606e+02 7.141557388614628188e+00 2.263994569778442312e+01
-5.997028407194707142e+02 -5.999999404883847092e+02 3.733206946537407922e-01 2.320420539379119873e+01
-4.999701610915221863e+02 -4.999901353279299201e+02 4.562671662562049757e-02 2.263360420465469502e+01
-4.000000000000000000e+02 -4.000000000000000000e+02 1.271057486462603742e-14 2.270809919834136892e+01
-2.998010081885799423e+02 -2.999999999999995453e+02 3.979836228366323558e-01 2.270211694240570210e+01
-1.998972022548787493e+02 -1.999999999999998579e+02 4.480849825953397425e-01 2.271199024915695119e+01
-9.909970433959391301e+01 -9.999999999999943157e+01 3.639942247792195662e+00 2.265058209896087504e+01
1.221995663691117215e+02 1.006243465119634948e+02 3.712270068425021208e+01 2.265773339271545339e+01
2.000242543842425675e+02 2.000000221176857167e+02 1.055927207793330436e-01 2.282248270511627197e+01
3.015150271302878195e+02 3.020196068559068294e+02 8.747018104345487544e-01 2.266702879667282033e+01
4.017062678980850592e+02 4.020676154102754936e+02 7.735992489226747315e-01 2.267566620111465525e+01
5.000078945257515670e+02 5.000000000000000000e+02 1.271017946745729883e-02 2.270138449668884206e+01
6.000116590918537440e+02 6.000194318197550274e+02 9.519608633986190518e-03 2.264087640047073435e+01
7.250000018068294594e+02 7.000000019390665784e+02 4.330126942257697920e+01 2.274239100217819143e+01
8.050000003758079856e+02 8.000000001001776582e+02 2.179449473168467932e+01 2.274443140029907084e+01
1.033262077687319334e+03 1.000000000120567620e+03 1.273425172524986095e+02 2.275210125446319509e+01
1.000940242094499808e+03 1.000000000054004431e+03 4.098419854301798892e+00 2.330706731081009053e+01
1.105000000854812924e+03 1.100000000315520083e+03 2.179449452226820583e+01 2.332410185337066721e+01
1.200288268646946563e+03 1.200080948985779287e+03 3.183821235178714848e-01 2.336902799606323100e+01
1.349084205736913191e+03 1.312136915272783426e+03 5.055544941865391451e+01 2.335702069997787333e+01
1.400000001150617891e+03 1.400000000683935696e+03 1.342532556250201885e-06 2.280090850591659546e+01
