-1.400000000000000000e+03 -1.400000000000000000e+03 0.000000000000000000e+00 6.606313625574111370e+01
3.587837310950065330e+03 2.779993250078191522e+03 4.404577402334417457e+03 6.631891540288924602e+01
-1.200000000000000000e+03 -1.200000000000000000e+03 0.000000000000000000e+00 6.601814519166946127e+01
-1.100000000000000000e+03 -1.100000000000000000e+03 0.000000000000000000e+00 6.604955810308456421e+01
-9.999999999999902229e+02 -9.999999999999970441e+02 1.248936713939021321e-11 6.610897679328918741e+01
-9.000000000000000000e+02 -9.000000000000000000e+02 8.038873388460928854e-14 6.605956079959869953e+01
-7.999999999998419753e+02 -8.000000000000000000e+02 4.931686169899192383e-10 6.621784855127334879e+01
-6.939995036421565828e+02 -6.999999999999946567e+02 9.165909612482614932e+00 6.610474855899811075e+01
-5.999625044678089125e+02 -6.000000000000000000e+02 1.634392356515333711e-01 6.716418689489364624e+01
-4.999860679985353045e+02 -4.999901353279390150e+02 1.480068336546733546e-02 6.619607955217361450e+01
-4.000000000000000000e+02 -4.000000000000000000e+02 0.000000000000000000e+00 6.627666380405426594e+01
-2.997015122828720450e+02 -3.000000000000000000e+02 4.559475192511921460e-01 6.625472099781036661e+01
-2.000000000000000000e+02 -2.000000000000000000e+02 0.000000000000000000e+00 6.625428969860077189e+01
-9.895922637440297365e+01 -9.968782674401859367e+01 3.682792635272402748e+00 6.613430565595626831e+01
1.252712203731889531e+02 1.003121732559814063e+02 3.808107994759348003e+01 6.610878114700317099e+01
2.000000000000357261e+02 2.000000000000001705e+02 1.181164889479678166e-10 6.651561425924300863e+01
3.017332959428212575e+02 3.020229838640617004e+02 7.284147729314375264e-01 6.622134109735489460e+01
4.016862232930312757e+02 4.020517313177070378e+02 8.910553165683593457e-01 6.623236755132674602e+01
5.000039514450331808e+02 5.000000000000000000e+02 7.253594725500656440e-03 6.603919144868851276e+01
6.000126306828409497e+02 6.000194318197550274e+02 9.268387309594429413e-03 6.610331344604492188e+01
7.400000000005699121e+02 7.000000000002432898e+02 4.898979485622788843e+01 6.636037780046463297e+01
8.046609298657481304e+02 8.000000000000011369e+02 1.777490322840369430e+01 6.634193464517593952e+01
1.002487731999127163e+03 1.000000000000002387e+03 1.133924864006415731e+02 6.628896435499191853e+01
1.000947613389421349e+03 1.000000000000000227e+03 4.130551002015914186e+00 6.731399379968642904e+01
1.110000000000008868e+03 1.100000000000000455e+03 2.999999999999756994e+01 6.735437530279159546e+01
1.200346701462573037e+03 1.200040474492571320e+03 9.378039697322428925e-01 6.742979614734649374e+01
1.344473619306069622e+03 1.303767079234547964e+03 5.265257828266177142e+01 6.740725170373916342e+01
1.400000000000342652e+03 1.400000000000008868e+03 9.227230525360488365e-10 6.645836825370788858e+01
