-1.399999999999999773e+03 -1.399999999999999773e+03 0.000000000000000000e+00 1.949293894350528717e+03
8.274325526733627776e+05 8.441745213145790622e+05 2.016275433232381183e+05 2.191993680250644502e+03
2.999623721163314581e+07 2.013586216136598587e+07 3.416935684338423610e+07 2.106154590845108032e+03
1.043045800955329469e+04 1.119085178717302188e+04 3.213371633671303243e+03 2.187266921305656524e+03
-9.999996381933675593e+02 -9.999996401461779669e+02 2.560926350401776093e-05 2.188925472855567932e+03
-8.565526684650324114e+02 -8.565526684650288871e+02 1.552133466432878600e-11 2.035198786854743958e+03
-7.759325922124311319e+02 -7.763895975501244493e+02 7.682976239325947532e+00 2.059632369947433290e+03
-6.788599271688442514e+02 -6.788554675493115838e+02 4.113261682999937857e-02 2.092810598301887694e+03
-5.291610425757781968e+02 -5.288893376190067102e+02 3.458354328311713743e+00 2.365547045552730651e+03
-4.999489823171905414e+02 -4.999482203232448683e+02 1.856376873887296414e-02 1.988140332698822021e+03
-3.357414585696296854e+02 -3.352815904792613537e+02 1.275725019418961992e+01 1.971062371742725418e+03
-2.090233990610650494e+02 -2.358252012940307054e+02 8.493188591294665457e+01 1.991830875754356384e+03
7.580137493970795504e-01 -3.621829819148457830e+01 8.440502972010396832e+01 2.055397927749157134e+03
2.463316409596619451e+03 2.610918655393215886e+03 4.583163816902593908e+02 1.957577394902706146e+03
1.381489229900796272e+04 1.387290475565392444e+04 6.516731371775488242e+02 1.975625962996482940e+03
2.032128939989101184e+02 2.031620016271153872e+02 4.325435332691607293e-01 2.090115791499614716e+03
4.117787022326230613e+02 4.104498742389695281e+02 1.228462502048943961e+01 1.964857255899906249e+03
7.892050979318755708e+02 7.929079195182748663e+02 1.512236483241023954e+01 1.979314907753467651e+03
5.052989469386219525e+02 5.053070135713248874e+02 8.749699081729879202e-01 2.189874010550975981e+03
6.211233812527841565e+02 6.214534781249631124e+02 1.023801665928078419e+00 2.068835300147533417e+03
1.410544613687071433e+03 1.828262933976492150e+03 4.618049788191707989e+02 2.006977154695987792e+03
3.998191595624255569e+03 3.985890407985116781e+03 6.078640030499356044e+02 2.043465980505943207e+03
1.330373058923926692e+04 1.444096529465545973e+04 2.739382792260402766e+03 2.010319350254535721e+03
1.276368337702506778e+03 1.267667113939276533e+03 2.461150095290788542e+01 2.609712906539440155e+03
1.418412743256492149e+03 1.405813791229923027e+03 3.064414650166041554e+01 2.608295189404487701e+03
1.653183436968477281e+03 1.655559346174103439e+03 2.756409955498495634e+01 2.528644376206398192e+03
2.901330581925390106e+03 3.087578099907881096e+03 3.537639189198711733e+02 2.626253209495544525e+03
3.287046476764953695e+03 3.258301605778367048e+03 1.487138537663873194e+03 2.159454276096820649e+03
