-1.400000000000000000e+03 -1.400000000000000000e+03 0.000000000000000000e+00 6.033383084535599039e+01
5.359917851167831486e+02 -6.966332976225091898e+02 2.132316203747392137e+03 6.090224699974059774e+01
-1.200000000000000000e+03 -1.200000000000000000e+03 0.000000000000000000e+00 6.035167495012283467e+01
-1.100000000000000000e+03 -1.100000000000000000e+03 0.000000000000000000e+00 6.039678540229797221e+01
-9.999999999999906777e+02 -9.999999999999979536e+02 2.029072793819344790e-11 6.047543159723282002e+01
-8.999999999999996589e+02 -9.000000000000000000e+02 9.950034148933385068e-13 6.061259305477142334e+01
-8.000000000000000000e+02 -8.000000000000000000e+02 0.000000000000000000e+00 6.060800089836120463e+01
-6.929982109600991862e+02 -7.000000000000000000e+02 9.541830394735670851e+00 6.050415294170379354e+01
-5.999184303844699571e+02 -6.000000000000000000e+02 2.246075285828662560e-01 6.142023855447769165e+01
-4.999833549673410857e+02 -4.999901353279390150e+02 1.565307291051163882e-02 6.055312734842300415e+01
-3.996020163771627267e+02 -4.000000000000000000e+02 5.801558399251655063e-01 6.058169920444488810e+01
-2.992537809590710367e+02 -2.995025204714533515e+02 9.887201839698221972e-01 6.058381915092468262e+01
-1.977225695651250135e+02 -1.975323301845940591e+02 1.295574963568501881e+00 6.053540951013565063e+01
-9.652368666077100556e+01 -9.968782674401859367e+01 6.641920812869656743e+00 6.047665770053863810e+01
1.227722103570717564e+02 1.006243465119628127e+02 3.620647894435585812e+01 6.041111390590667440e+01
2.000135030526456035e+02 2.000000000000012506e+02 5.805772172328918512e-02 6.096300380229949667e+01
3.016492486529477333e+02 3.020229838640617004e+02 8.247370830965293775e-01 6.053797944784164287e+01
4.018565577672363247e+02 4.021519934058921422e+02 7.981724023154004310e-01 6.059854949712753580e+01
5.000093742265623291e+02 5.000049602170740854e+02 9.602384381553591072e-03 6.038779255151748515e+01
6.000136022738286101e+02 6.000194318197550274e+02 8.904778491815127164e-03 6.042684004306793355e+01
7.550000000000000000e+02 8.000000000000000000e+02 4.974937185533099893e+01 6.071409480571746542e+01
8.142431936095188121e+02 8.000000000000000000e+02 3.689752646271671210e+01 6.069823914766311646e+01
9.553985431479732142e+02 9.000000000000000000e+02 7.355765249586845300e+01 6.069039809703826904e+01
1.002842831573484318e+03 1.000000000000000000e+03 6.767292738831439891e+00 6.163678770065307333e+01
1.119661473439585052e+03 1.100000000000000000e+03 3.993519872395378911e+01 6.163394055366516255e+01
1.202101817160656537e+03 1.200080948985146279e+03 6.485493067834680936e+00 6.168534214496612833e+01
1.357964796744376372e+03 1.308506711310793435e+03 6.188581621347429262e+01 6.170513110160827353e+01
1.410000000000000000e+03 1.400000000000000000e+03 2.999999999999999645e+01 6.093174054622650004e+01
