-1.399999999999999773e+03 -1.399999999999999773e+03 5.084229945850414966e-14 7.873876175999641873e+02
7.667028361919427989e+05 7.714148688528111670e+05 2.219683385690173018e+05 1.570771271944046021e+03
2.168731073815201223e+08 1.312100893835839927e+08 2.723134676851732135e+08 1.525566828942298798e+03
1.198786716643748805e+05 1.515135912577211857e+05 8.881131159414799185e+04 1.325916764056682496e+03
-9.999995865898299598e+02 -9.999995832850504485e+02 2.306208224302946138e-05 1.568617044150829315e+03
-8.562686206374743279e+02 -8.565526684650251354e+02 1.238135775423159890e+00 1.226409019851684661e+03
-7.392179779965496209e+02 -7.454260076172754452e+02 1.604537958028949873e+01 1.494998685598373413e+03
-6.788602056413808441e+02 -6.788638538500583763e+02 2.513528529265092806e-02 1.296883107101917176e+03
-5.250299458992116115e+02 -5.248806740406333802e+02 2.044957246865048983e+00 1.557142949104309082e+03
-4.998587923229371199e+02 -4.998706381463044863e+02 4.327014624500043899e-02 9.176650992035865784e+02
-3.172549859547958135e+02 -3.210832418812136666e+02 2.017457279113585145e+01 8.475580180525779497e+02
-1.095738654524800495e+02 -1.925446767674709747e+02 1.395866562635623325e+02 1.085314520549774215e+03
1.272829136454631254e+02 1.620558959677633482e+02 8.823399080302236541e+01 1.127231270241737320e+03
3.392692072331963573e+03 3.484438919156457359e+03 6.863032047055627345e+02 9.364619481563568115e+02
1.477439448988965523e+04 1.474709148800428738e+04 4.451974415981717357e+02 1.143205040752887726e+03
2.037617472261258342e+02 2.038559074331799366e+02 3.752718034790890056e-01 1.309737332606315704e+03
4.241412270974839771e+02 4.243968332601506290e+02 1.720126282533718509e+01 1.021755647802352883e+03
8.122666129479237043e+02 8.267034710268591198e+02 6.984510808703529960e+01 1.122233705103397369e+03
5.052861970713882442e+02 5.051307269975128520e+02 1.085376517958769771e+00 1.570660427391529083e+03
6.240016170871775785e+02 6.250000000000000000e+02 1.343148052476672571e+00 1.069934115004539535e+03
1.625995026652398792e+03 1.828262933976497607e+03 3.700587603491575237e+02 9.349730496048927080e+02
4.730988593684762236e+03 4.747142278879755395e+03 8.494298589575853384e+02 1.036305920147895904e+03
1.531906466497236943e+04 1.582155753757245839e+04 1.622606789799690432e+03 1.173801949250698044e+03
1.294618909923752426e+03 1.284944509732248207e+03 2.629174325450635408e+01 1.727029237651825042e+03
1.420035139168835485e+03 1.416728621616010514e+03 1.838310835413373923e+01 1.740182717204093933e+03
1.671485480365117155e+03 1.677587520586311712e+03 2.414810869288462314e+01 1.686851645100116684e+03
3.182665399988339686e+03 3.241724055165186201e+03 3.848974420447602824e+02 1.700110017502307983e+03
3.174536500446585706e+03 1.800000000000001364e+03 1.519755294108879752e+03 1.195668163299560547e+03
