-1.399999999999999773e+03 -1.399999999999999773e+03 7.190186943645083856e-14 7.107508906483650435e+02
6.252421058084161486e+05 6.471398823041603900e+05 1.849624896082778869e+05 7.789224422097206570e+02
1.539491078146052957e+08 2.554773265362956747e+07 3.842174364823691845e+08 7.822517380475998152e+02
5.935744005122433009e+03 5.037797991896524763e+03 3.481571250666626838e+03 7.886218092083930742e+02
-9.999999999919191396e+02 -9.999999999956635293e+02 9.223675406547833848e-09 7.686583814501761935e+02
-8.824513362444071163e+02 -8.868526372685171282e+02 6.516700435338039554e+00 7.716119366526603471e+02
-7.200836087278298692e+02 -7.213709011579480830e+02 2.558717372058647399e+01 7.896096841454506148e+02
-6.790341363993709365e+02 -6.790583493224953600e+02 6.714429077427523651e-02 7.052839318990706943e+02
-5.787132094433607108e+02 -5.781931518602146980e+02 3.530748286165354966e+00 9.221186079025268327e+02
-4.999488660126915534e+02 -4.999531661991201190e+02 2.794026199663257257e-02 7.343945282578467868e+02
-3.653786846846600156e+02 -3.671663712671976327e+02 9.994269762514498723e+00 7.229730237960815202e+02
-2.149730667653199703e+02 -2.179161125720736436e+02 2.224704827450276667e+01 7.210548115611076128e+02
-4.099017701074493658e+01 -4.066381915315072604e+01 4.024045524972841292e+01 6.815482965469360579e+02
1.240748819496111992e+03 1.220903130154319115e+03 2.932774774726797204e+02 7.076655635595321883e+02
4.055695276188515891e+03 4.101082049224468392e+03 7.687878985368146232e+02 7.241259685516357649e+02
2.002972423368825048e+02 2.002856821276805590e+02 1.459975013560706747e-01 7.975533536553382419e+02
3.544953418362325124e+02 3.556197117174123150e+02 1.223463644040099396e+01 7.179708861947059404e+02
4.915921367064390211e+02 4.926098053975624680e+02 1.593892172307029398e+01 7.521651381969452359e+02
5.034620949736799957e+02 5.031392813711752297e+02 8.657603357671196376e-01 7.741697344541549910e+02
6.138804160347602874e+02 6.150000000000000000e+02 1.484799799226533157e+00 7.236209650993347395e+02
1.020103818278334757e+03 1.000000000000000227e+03 9.883514958598590283e+01 7.512292788505553744e+02
2.165047375852670484e+03 2.139202551361790938e+03 3.629780957879545440e+02 7.402697268009185336e+02
4.852102076193821631e+03 4.696166009128042788e+03 8.691453787403886508e+02 7.378087941408157349e+02
1.263131597210093332e+03 1.261918435599630811e+03 8.661160234728138008e+00 9.315054980039597012e+02
1.378497089228959112e+03 1.381080352728604112e+03 1.168769672766942058e+01 9.315265254020690691e+02
1.526137625477472056e+03 1.554287057420964629e+03 6.360938073829394312e+01 9.372968287587166287e+02
2.161430797501967845e+03 2.149821487026918476e+03 7.676234325301116712e+01 9.359114715099334489e+02
1.754555295012462466e+03 1.700000000000000455e+03 2.378010177943700683e+02 7.934601740956306912e+02
