-1.400000000000000000e+03 -1.400000000000000000e+03 0.000000000000000000e+00 5.378925570249557353e+01
2.863206437768570140e+03 1.535582427927533672e+03 4.063310004603999914e+03 5.373957259654999064e+01
-1.200000000000000000e+03 -1.200000000000000000e+03 0.000000000000000000e+00 5.376038819551467896e+01
-1.100000000000000000e+03 -1.100000000000000000e+03 0.000000000000000000e+00 5.376129789352417276e+01
-9.999999999999761258e+02 -9.999999999999968168e+02 4.785631195780690032e-11 5.381464984416961528e+01
-8.999885868534125848e+02 -8.999999988252079675e+02 4.420957795519994682e-02 5.361884040832519815e+01
-7.996300993951657574e+02 -7.999999999999997726e+02 1.074695112012255871e+00 5.377204779386520528e+01
-6.889991499297427708e+02 -6.799999989429234120e+02 9.950643382176822982e+00 5.370000019073486186e+01
-5.996518594550968828e+02 -5.999872633203306123e+02 4.291966580587402991e-01 5.447904199361801147e+01
-4.998596831721737317e+02 -4.998865809102553612e+02 1.170877159494358444e-01 5.379228129386901713e+01
-4.000000000000000000e+02 -4.000000000000000000e+02 0.000000000000000000e+00 5.390636940002441690e+01
-2.988557973362337066e+02 -2.990050409429067031e+02 1.008546252631949747e+00 5.390509769916534566e+01
-1.995174880879770569e+02 -2.000000000000000000e+02 1.008675768703413134e+00 5.391337469816208028e+01
-9.057055260445096678e+01 -9.968782674401859367e+01 2.585916818627601899e+01 5.379171520471572876e+01
1.563131860351866749e+02 1.376308803568643384e+02 5.987854519662079866e+01 5.372476110458374166e+01
2.002552324379492461e+02 2.000065322039785087e+02 5.496657218379207288e-01 5.395938314199447916e+01
3.015243392566608236e+02 3.020196854182017319e+02 8.767449239109000869e-01 5.385302414894103862e+01
4.018925263442418441e+02 4.022031457810948041e+02 9.319766359608182560e-01 5.384824045896530009e+01
5.000267341774736565e+02 5.000148259324674882e+02 3.215082476810991047e-02 5.377956415414810465e+01
6.000212110452905563e+02 6.000194318197550274e+02 1.292493591117914106e-02 5.384196695089340068e+01
7.950000000000000000e+02 8.000000000000000000e+02 2.179449471770338320e+01 5.384722280502319336e+01
8.462642814448036006e+02 8.000000000000002274e+02 6.520757994737347474e+01 5.384002574682235576e+01
1.075045832683446633e+03 1.167214301818594095e+03 1.260170209394346728e+02 5.381965830326080180e+01
1.011176051096587571e+03 1.003140000283507675e+03 2.339119312810575124e+01 5.461566209793090820e+01
1.126370777108366838e+03 1.100000000000000000e+03 4.392106730633212663e+01 5.462658505439758017e+01
1.202307355350042144e+03 1.200080948985145824e+03 6.488843391039959663e+00 5.470561715364456035e+01
1.370227543459336630e+03 1.400000000000000000e+03 5.662512974536454635e+01 5.467058980464935303e+01
1.430000000000000455e+03 1.400000000000000000e+03 4.582575694955816914e+01 5.398682404756546305e+01
