-1.400000000000000000e+03 -1.400000000000000000e+03 0.000000000000000000e+00 5.643103309869766093e+01
2.844074813509799696e+03 1.289258915970364342e+03 4.358944634892349313e+03 5.664713455438614176e+01
-1.200000000000000000e+03 -1.200000000000000000e+03 0.000000000000000000e+00 5.637101125717163086e+01
-1.100000000000000000e+03 -1.100000000000000000e+03 0.000000000000000000e+00 5.642981719970703125e+01
-9.999999999999838565e+02 -9.999999999999955662e+02 2.876591525722176532e-11 5.650086020231246664e+01
-8.999999999999997726e+02 -9.000000000000000000e+02 2.842170943040400743e-13 5.655284940004348471e+01
-8.000000000000000000e+02 -8.000000000000000000e+02 0.000000000000000000e+00 5.653891699314117147e+01
-6.899997527477705717e+02 -6.900020168203139974e+02 1.000024733101168195e+01 5.646124260425567343e+01
-5.997375312746679583e+02 -6.000000000000000000e+02 3.576845803429936632e-01 5.720563770532608316e+01
-4.999468576519386147e+02 -4.999568531466083527e+02 4.625945455232989556e-02 5.651399825811385824e+01
-4.000000000000000000e+02 -4.000000000000000000e+02 0.000000000000000000e+00 5.662712709903716757e+01
-2.991045371005070592e+02 -2.990050409429067031e+02 9.899709774477764013e-01 5.663247200250625468e+01
-1.987760706105249540e+02 -1.990050409429067031e+02 1.261495986678415226e+00 5.661227785348891928e+01
-9.722106970478847643e+01 -9.968782674401859367e+01 5.918901605969804969e+00 5.649952135086059712e+01
1.607200501481925983e+02 1.167572201841821879e+02 7.404601038381413503e+01 5.642333890199661539e+01
2.001321274752610293e+02 2.000000000000004547e+02 4.760637178127393732e-01 5.673934864997863770e+01
3.015480724585725056e+02 3.020211382353943463e+02 8.770847327298958440e-01 5.654298940896988057e+01
4.022641754209669216e+02 4.022658390568180948e+02 5.539711223163354958e-01 5.654345790147781514e+01
5.000168034539562427e+02 5.000099204341485120e+02 1.927331455641412283e-02 5.650829110145568990e+01
6.000174886377797066e+02 6.000194318197550274e+02 5.829545926508218449e-03 5.647679854631424234e+01
7.550000000000000000e+02 8.000000000000000000e+02 4.974937185533099893e+01 5.661183450222015523e+01
8.055953224325369320e+02 8.000000000000000000e+02 2.181239424844470065e+01 5.659180070161819742e+01
1.022384528971339364e+03 9.813122531818617063e+02 1.273391839005194157e+02 5.666959760189056539e+01
1.006411249353009566e+03 1.000000000000000000e+03 2.186449583785956463e+01 5.732989859580993652e+01
1.135000000000000000e+03 1.100000000000000000e+03 4.769696007084728251e+01 5.731983850002288960e+01
1.208229759330565912e+03 1.200258041854941439e+03 2.119656554082385114e+01 5.738401064872741841e+01
1.380490848233647966e+03 1.400000000000000000e+03 4.372587515828445248e+01 5.735944454669952108e+01
1.420000000000000000e+03 1.400000000000000000e+03 4.000000000000000000e+01 5.745538305044173910e+01
