-1.400000000000000000e+03 -1.400000000000000000e+03 0.000000000000000000e+00 5.200050795078277588e+01
5.245003159242798574e+03 3.608942900128711699e+03 5.405303954217472892e+03 5.223619079589843750e+01
-1.200000000000000000e+03 -1.200000000000000000e+03 0.000000000000000000e+00 5.203828225135803365e+01
-1.100000000000000000e+03 -1.100000000000000000e+03 0.000000000000000000e+00 5.206942595243454264e+01
-9.999999999998690328e+02 -9.999999999999711235e+02 2.216877579685833158e-10 5.203823379278183126e+01
-8.996489537403315353e+02 -8.999604862108691350e+02 1.154839059922535771e+00 5.209098955392837382e+01
-7.883099351683242730e+02 -7.937009007505104137e+02 1.435570212353684205e+01 5.222274760007858418e+01
-6.849379273861618458e+02 -6.799985163439182543e+02 7.637326744536891532e+00 5.217396235466003418e+01
-5.991622403547326030e+02 -5.991888938748959390e+02 4.464270417859632634e-01 5.313763214349746988e+01
-4.902421644584779870e+02 -4.944906016869067003e+02 1.040579921262151686e+01 5.222267074584961222e+01
-3.988557975881246875e+02 -3.990050409429067031e+02 1.307717125994866114e+00 5.224517304897308634e+01
-2.945774898069251435e+02 -2.955226892808992716e+02 5.009222769630282457e+00 5.224942195415496826e+01
-1.936111245396570553e+02 -1.964161638539231092e+02 6.672135856086335082e+00 5.221556924581527426e+01
-4.408415772485856365e+01 -5.414659617903527078e+01 5.774730424023128705e+01 5.206653563976287558e+01
2.812123754614905238e+02 2.776052271821271233e+02 1.114700318033071937e+02 5.212563799619674398e+01
2.022078346835203604e+02 2.018812419815226633e+02 1.634322358424037835e+00 5.239057924747466899e+01
3.021776416953006219e+02 3.022341617523658215e+02 1.164993783074453892e+00 5.215490585565567017e+01
4.038074738628479849e+02 4.027281187810131087e+02 2.793531927192324904e+00 5.223451429605484009e+01
5.001125182146633961e+02 5.001013814272533864e+02 1.274897256287481351e-01 5.211579345464706137e+01
6.002254682990630954e+02 6.001563783642867520e+02 1.983728672830348261e-01 5.209321030378341533e+01
7.750000000000000000e+02 8.000000000000000000e+02 4.330127018922194537e+01 5.225497769117355062e+01
9.824054004801389510e+02 9.191058433211237571e+02 1.440476688431908769e+02 5.221818195581435873e+01
1.117912397479632546e+03 1.182490187298205910e+03 1.189058303187293859e+02 5.219091119766235209e+01
1.062039260690429046e+03 1.055944521499613074e+03 3.345528834743627300e+01 5.332337479591369345e+01
1.176678700229385868e+03 1.200000000000000000e+03 4.188133803863481575e+01 5.330601544380188272e+01
1.255706179868221625e+03 1.254936237509288731e+03 4.408077885385044681e+01 5.342012305259704874e+01
1.470783430173301213e+03 1.450290895737825849e+03 9.009302287846267632e+01 5.336064519882202006e+01
1.480000000000000000e+03 1.500000000000000000e+03 8.717797887081343333e+01 5.357346144914627217e+01
