-1.399999999999999545e+03 -1.399999999999999318e+03 4.314112166187050061e-13 9.684051843404770352e+02
1.692123103124878136e+06 1.504427187723143958e+06 8.371653092188482406e+05 1.041467499053478150e+03
8.995108280116930008e+08 4.250844420719671249e+08 1.042806018737324476e+09 1.041198252499103546e+03
2.242094397639165254e+04 2.143987967256909178e+04 7.660314363500797299e+03 1.037562438547611237e+03
-9.999999999998672138e+02 -9.999999999998792646e+02 6.436687318967359132e-11 9.889930559992790222e+02
-8.793788648765428206e+02 -8.855961448658995323e+02 1.447147086155714391e+01 1.036217242801189514e+03
-5.618957678282311008e+02 -5.663031194794778003e+02 5.760903287265132633e+01 1.055568618357181549e+03
-6.788989722522526336e+02 -6.788991363671996169e+02 6.968472081916633754e-02 9.701575433492660068e+02
-5.666165840560632887e+02 -5.659429110083956402e+02 3.310435986093860361e+00 1.194248853254318192e+03
-4.997803112008079438e+02 -4.998177138417872811e+02 1.291497765426994349e-01 1.002610170292854264e+03
-3.930352873560195803e+02 -3.935327661288932859e+02 3.517710270194597921e+00 9.830754097461700667e+02
7.568726288543035530e+00 -1.761654944799838063e+01 8.408632315252160083e+01 9.827000604510307085e+02
2.343418048853837661e+02 2.143399779598188957e+02 1.050561233658318940e+02 9.613801146507263411e+02
7.801078569556059392e+02 7.518541701795729750e+02 2.420152531166922643e+02 9.756575271487236023e+02
4.720171031760138249e+03 4.676199044411398972e+03 5.495417521776602143e+02 9.909924318552017439e+02
2.016578107978746743e+02 2.015657513902062306e+02 5.643037657892306935e-01 1.063781354951858475e+03
3.343878094393526226e+02 3.385069434008740927e+02 1.127663244996656999e+01 9.791761917471885681e+02
7.984618902091157224e+02 8.008369308009557699e+02 1.193007618280229707e+02 1.041685186898708253e+03
5.025233610951975720e+02 5.024765612819027183e+02 5.437211128548772310e-01 1.038082722198963211e+03
6.149033184187655934e+02 6.150000000000000000e+02 1.934365300999724147e-01 9.632797791957855225e+02
1.020788441627383122e+03 1.000000000000001933e+03 7.868348563180840927e+01 9.988577608942985080e+02
1.474389210778853567e+03 1.499176807912676622e+03 2.518672610280062543e+02 1.000385437703132652e+03
6.911129663408255510e+03 7.116065841720432218e+03 1.115445958068210530e+03 1.031807057499885559e+03
1.295837687090618374e+03 1.295424878316861850e+03 9.255111567868805622e+00 1.204239846849441619e+03
1.406289923337607888e+03 1.406708635272620086e+03 1.332356149446257909e+01 1.202135729300975754e+03
1.542013526936165817e+03 1.583803824682191589e+03 8.232485208545672606e+01 1.209440493452548935e+03
2.550880126582013872e+03 2.550086216574322407e+03 1.316803489586724254e+02 1.206883968544006393e+03
2.122807916437689528e+03 1.700000000000002956e+03 8.986436516881360603e+02 1.043724976050853684e+03
