-1.399993105164375720e+03 -1.399996473555333978e+03 9.958511997270718882e-03 5.794280810356140421e+01
4.228442006706080974e+03 1.580077840066585395e+03 5.641091348572258539e+03 5.811505779027938701e+01
-1.124206584186659484e+03 -1.180473789684264602e+03 1.400583380684448116e+02 5.802590984106063843e+01
-8.150477527966747857e+02 -8.960160673332868555e+02 2.971469839726145779e+02 5.802182735204696939e+01
-9.999544665600485587e+02 -9.999548424654426526e+02 4.648517631808589401e-02 5.803134770393371866e+01
-8.996133438940621545e+02 -8.999237374805884428e+02 1.124619799318338664e+00 5.796215025186538838e+01
-7.893359345885729681e+02 -7.992902361851412252e+02 2.375860181031672269e+01 5.810972005128860474e+01
-6.891984080540175910e+02 -6.885716256325298446e+02 9.140710283960954641e+00 5.808102809190749838e+01
-5.992917807634343035e+02 -5.991934693588842720e+02 3.512708954868887790e-01 5.897144579887390137e+01
-4.961041133514376043e+02 -4.978931335292022595e+02 3.998680190975205662e+00 5.802973284721374370e+01
-3.999716974410868602e+02 -3.999878820512354878e+02 5.668269938018068166e-02 5.814502124786376669e+01
-2.978094125808229933e+02 -2.984231590511517425e+02 1.782282032709820774e+00 5.812867189645767496e+01
-1.989686596707400952e+02 -1.997706071364193008e+02 1.109002893183562710e+00 5.814249454736709311e+01
-9.980880623623747283e+01 -9.982289573447718567e+01 1.322244785490428176e-01 5.807647665739059306e+01
1.831461946575312254e+02 1.818889657367855079e+02 7.237366525624423730e+01 5.805773165225982524e+01
2.012337638795805788e+02 2.011548332695856516e+02 7.577686794191579311e-01 5.836725670099258423e+01
3.015605524723291637e+02 3.020448993559326709e+02 8.570431102997300155e-01 5.808067395687103129e+01
4.022520841520007480e+02 4.022207157919605152e+02 4.764116238915247492e-01 5.808313769102096558e+01
5.000441261035266507e+02 5.000253477652854599e+02 6.360711987596759376e-02 5.799219540357589864e+01
6.000431858370292275e+02 6.000195452327850489e+02 5.954577072483543954e-02 5.803721920251846456e+01
7.854900987084837425e+02 8.002508553943587231e+02 3.537983492209387748e+01 5.821449329853057719e+01
8.404647207959994830e+02 8.003815765654882171e+02 7.338101471429456524e+01 5.820859960317611836e+01
1.056821429072503861e+03 1.037701772914436788e+03 1.098671455882917911e+02 5.821454044580459453e+01
1.012166541671282744e+03 1.005459225965375708e+03 1.184227256524066263e+01 5.912724474668502950e+01
1.167901293026718804e+03 1.200051047209437456e+03 4.162009272847056707e+01 5.914510819911956929e+01
1.218839969679836258e+03 1.203738570857014111e+03 4.330791012297301279e+01 5.923586299419402934e+01
1.378484508268655873e+03 1.406132088296698839e+03 5.096950127695274091e+01 5.920666714906692363e+01
1.470372051063338859e+03 1.500158785371571412e+03 4.565047380086883066e+01 5.841312044858932495e+01
