-1.399999779429981572e+03 -1.399999818213336312e+03 2.429028159903038903e-04 5.149970365762710856e+01
-1.194060137529572330e+03 -1.273096985873977928e+03 2.997761108535941048e+02 5.163644700050353720e+01
-1.199330520926927420e+03 -1.199696214182115909e+03 1.107098720918758161e+00 5.153753504753112935e+01
-1.097518749509052668e+03 -1.099431136725637543e+03 5.045411618164665768e+00 5.155280809402465536e+01
-9.999929845094997063e+02 -9.999947667001881655e+02 5.835979705121700431e-03 5.152678329944610880e+01
-8.999999193495717691e+02 -8.999999659626507764e+02 8.300648097450321076e-05 5.145728294849395468e+01
-7.998943588674248986e+02 -7.999402059769213338e+02 9.688124148474706876e-02 5.166251180171966695e+01
-6.957602997402608480e+02 -6.997764351625537529e+02 7.886911248256426532e+00 5.162943559885025024e+01
-5.998798829165455118e+02 -5.999576988010819605e+02 2.220116438652449675e-01 5.243671740293503092e+01
-4.999276305296241958e+02 -4.999208378799952470e+02 3.634534590799314013e-02 5.161022109985351847e+01
-3.999998274707897963e+02 -3.999999010079100117e+02 2.253719772878287142e-04 5.171337954998016073e+01
-2.999971013434790734e+02 -2.999988672742255176e+02 3.760360619275025275e-03 5.169053294658660747e+01
-1.999982235331966081e+02 -1.999997386374457449e+02 3.395935936019267402e-03 5.171569589376449727e+01
-9.998609215117053850e+01 -9.999604094930452902e+01 2.901272374584131300e-02 5.163769325017928935e+01
1.028724536400269471e+02 1.003309804178770719e+02 6.010541603698102087e+00 5.163516944646835327e+01
2.003015038989328787e+02 2.002683718642385884e+02 1.930150730334617981e-01 5.187789103984832906e+01
3.012197803117355193e+02 3.020202555748113582e+02 9.842331623700524279e-01 5.162543079853058003e+01
4.007038721752111314e+02 4.002828750270014098e+02 8.145537344056595908e-01 5.163893735408782959e+01
5.000005723642540829e+02 5.000000075938908140e+02 2.330590114526727950e-03 5.152403659820556925e+01
6.000127759826903002e+02 6.000194318394119364e+02 8.367991435746725132e-03 5.157685420513153218e+01
7.053343277826937765e+02 7.002644113552657927e+02 2.172984267220303778e+01 5.175752149820327475e+01
8.000379989345510694e+02 8.000248711228648517e+02 3.311251479097640504e-02 5.175753419399261190e+01
9.102063885325426327e+02 9.001083214201305509e+02 2.993834559685076613e+01 5.176884335279464722e+01
1.000095665585486358e+03 1.000025341729151705e+03 2.103091962352991173e-01 5.257634375095367574e+01
1.100046553966301417e+03 1.100035311186576564e+03 2.869541597829584206e-02 5.256145530939102173e+01
1.200119918349826776e+03 1.200079254637511440e+03 1.556881750591511682e-01 5.262065119743347452e+01
1.318175986244019214e+03 1.308627606560366075e+03 2.751887594611824994e+01 5.259785215854644491e+01
1.400214273551638598e+03 1.400192538777906975e+03 1.584474686689713308e-01 5.193340100049972818e+01
