-1.399999999999956344e+03 -1.399999999999985675e+03 7.128815629633242871e-11 5.179956400394439697e+01
3.189168315908424120e+03 1.014879524924329985e+03 4.533851308571075606e+03 5.196979500055313395e+01
-1.199999999801325657e+03 -1.199999999970580575e+03 4.197858211305575394e-07 5.181409784555435039e+01
-1.099999999640063379e+03 -1.099999999963888513e+03 5.605060561074442445e-07 5.189874029159545898e+01
-9.999999966217698102e+02 -9.999999982072657758e+02 4.212346096437545691e-06 5.187964309453964518e+01
-8.999999999991307504e+02 -8.999999999999727152e+02 2.597224212412730947e-09 5.177414524555206299e+01
-7.999999311924268568e+02 -7.999999704347167153e+02 7.735609006748718291e-05 5.200293840169906900e+01
-6.899994365207913916e+02 -6.899996167321833127e+02 1.000040746862530305e+01 5.193417879343032695e+01
-5.995514624091689484e+02 -5.995403213212861147e+02 4.324435907573736526e-01 5.303450839519500448e+01
-4.999802656714232398e+02 -4.999901352239154448e+02 2.254362832122629168e-02 5.189989935159682943e+01
-3.999999999999500346e+02 -3.999999999999807869e+02 1.053051804521691237e-10 5.205497364997863485e+01
-2.993532766101749303e+02 -2.990050409428187095e+02 6.505388987099429698e-01 5.206512295007705404e+01
-1.996949086030725198e+02 -1.999999999998030944e+02 7.263628574892357914e-01 5.205684030055999756e+01
-9.996878264997198471e+01 -9.999999999745011792e+01 9.365196881291873443e-02 5.193213180303573751e+01
1.177876456716854108e+02 1.003121738527669322e+02 2.950257413312870014e+01 5.194708395004272461e+01
2.000017016103372782e+02 2.000014837159937429e+02 1.201461214432249323e-03 5.232409814596176290e+01
3.016163700474566554e+02 3.020196068691470828e+02 8.069376431615533640e-01 5.193219345808029175e+01
4.018249072463403309e+02 4.020826761833163232e+02 7.518955853168264314e-01 5.194326930046081259e+01
5.000182552201471253e+02 5.000148248899074588e+02 2.360635182714392738e-02 5.184512934684753560e+01
6.000174886377810708e+02 6.000194318197550274e+02 5.829545926449478978e-03 5.186608865261077739e+01
7.550001436903459080e+02 8.000000028563844126e+02 4.974924850619420624e+01 5.210934979915619181e+01
8.150000114955480512e+02 8.000000120665845316e+02 4.769695732634664154e+01 5.213436800241470337e+01
1.048262087453619870e+03 1.002660046090957167e+03 1.203879230779339480e+02 5.211298340559005737e+01
1.002201867542077139e+03 1.000000004794854135e+03 5.637240893758808546e+00 5.318369754552841044e+01
1.115000024208096193e+03 1.100000025176615054e+03 3.570713257165240151e+01 5.319155445098876811e+01
1.200220681656566285e+03 1.200080948990376328e+03 2.903275961850574349e-01 5.330594785213470743e+01
1.359188898126068352e+03 1.400000001749100875e+03 5.062884237546819577e+01 5.329304754734039307e+01
1.415000065938262196e+03 1.400000071179223141e+03 3.570711826446227377e+01 5.224402865171432353e+01
