-1.400000000000000000e+03 -1.400000000000000000e+03 0.000000000000000000e+00 2.181922619342804026e+01
3.221352245533347741e+03 1.213373432796895941e+03 4.119540105600241986e+03 2.193852040767669820e+01
-1.199999999999998181e+03 -1.199999999999999773e+03 3.491500290348011102e-12 2.182691965103149556e+01
-1.099999999999996135e+03 -1.099999999999999091e+03 6.512975954775585970e-12 2.185458304882049418e+01
-9.999999999341587227e+02 -9.999999999837825726e+02 1.122825942158695328e-07 2.190691289901733541e+01
-9.000000000000000000e+02 -9.000000000000000000e+02 3.595093471822541928e-14 2.180285459756851196e+01
-7.999999972063011455e+02 -7.999999994826091552e+02 7.248732945421879286e-06 2.191268895864486765e+01
-6.919998615551867260e+02 -6.999999992558286976e+02 9.798128050577053827e+00 2.189685139656067037e+01
-5.998859169350475895e+02 -5.999999852521865478e+02 2.715736563873458742e-01 2.244905790090560771e+01
-4.999776825338500998e+02 -4.999901353279329328e+02 2.865901132530017381e-02 2.185636844635009624e+01
-4.000000000000000000e+02 -4.000000000000000000e+02 5.824717144355190217e-14 2.191721315383911062e+01
-2.995025204714474398e+02 -2.999999999999477041e+02 5.886257162648771413e-01 2.193366949558258128e+01
-1.999999999999997158e+02 -1.999999999999999716e+02 6.373374264382682836e-13 2.194483164548874043e+01
-9.990634802320525409e+01 -9.999999999999965894e+01 1.430557575475124299e-01 2.188534148931503154e+01
1.332843086574206382e+02 1.167572201841913966e+02 4.869059063729685022e+01 2.187749325037002635e+01
2.000340230037563174e+02 2.000000156700237994e+02 1.476844806996193415e-01 2.207451570034027100e+01
3.017174786546420364e+02 3.020196068559073410e+02 7.214883302166575918e-01 2.188404990434646535e+01
4.018487868128414675e+02 4.020647693988171341e+02 7.298244969620875100e-01 2.190877310037613057e+01
5.000088782048500207e+02 5.000000000000000000e+02 1.556618993962739436e-02 2.192573629617691111e+01
6.000145738648164979e+02 6.000194318197550274e+02 8.414224774807013349e-03 2.189214030504226827e+01
7.500000004779031997e+02 7.500000013779376786e+02 4.999999963651979584e+01 2.197403835058212351e+01
8.031321408278982972e+02 8.000000000995928531e+02 1.365268486169519946e+01 2.198731539249420308e+01
1.006789685241514803e+03 1.000000000035801122e+03 1.153551537352511076e+02 2.196630370616912842e+01
1.001104609239690944e+03 1.000000000037818836e+03 4.151154038710240357e+00 2.255636799335479736e+01
1.110000000148084609e+03 1.100000000087229637e+03 2.999999995324829882e+01 2.256962345838546824e+01
1.201060379566737083e+03 1.200258041855054444e+03 1.646098337189996874e+00 2.261531165838241719e+01
1.372683274235657564e+03 1.400000000029338935e+03 4.646772768149298827e+01 2.259151979684829570e+01
1.420000000753078439e+03 1.400000001296861228e+03 3.999999972893589728e+01 2.203490395545959402e+01
