-1.399999999999999318e+03 -1.399999999999999091e+03 2.830779430493915173e-13 7.687658072948455583e+02
1.236774844611754175e+06 1.090696651240812149e+06 4.351813766926226090e+05 1.539859338295459793e+03
6.600998328142145872e+08 2.547084692735524178e+08 9.574149308261381388e+08 1.452576180493831544e+03
2.601928336514338444e+05 2.557460811899416731e+05 5.255008573703955335e+04 1.016012273252010345e+03
-9.999992307282946058e+02 -9.999992243452081766e+02 7.923770135880561425e-05 1.541422687149047761e+03
-8.559836964700089084e+02 -8.565526684650141078e+02 1.706918262051418722e+00 1.486405556154251144e+03
-6.525678492394421255e+02 -6.587203516490842503e+02 3.703289528199690750e+01 1.534261722600459962e+03
-6.788677879038043557e+02 -6.788579616369222549e+02 4.001394238893422883e-02 1.261719496691227050e+03
-5.256652255738376880e+02 -5.238328142760910850e+02 4.612363588073928433e+00 1.459482782304286957e+03
-4.992933986214185325e+02 -4.994531974206156519e+02 4.742198575305775488e-01 1.025018801498413040e+03
-7.090679511563237725e+01 -8.712745316514852334e+01 6.840499895474872005e+01 1.158644501352310272e+03
1.012884070500350049e+02 1.013669679244842712e+02 7.327572969699563998e+01 9.725012521982192766e+02
4.118516989761749869e+02 4.277899640738418157e+02 8.747677061146298172e+01 8.586935489416122209e+02
3.793927359094727763e+03 3.786877875014669371e+03 7.629285558568975603e+02 1.232702400553226425e+03
1.504505352292315729e+04 1.507710402170022644e+04 3.965076822848369034e+02 7.926728858947753906e+02
2.039676807518294765e+02 2.039520057112663949e+02 4.036885776120457403e-01 1.088174824142456146e+03
1.051682350837296099e+03 1.009580669820582443e+03 1.225450006449522675e+02 1.389677459645271256e+03
1.393365718684022795e+03 1.445566990354471272e+03 1.872429931151025357e+02 1.036931745254993530e+03
5.149740664153930538e+02 5.145144880440491306e+02 4.695922581005975260e+00 1.545792241847515015e+03
6.247121022149979126e+02 6.250000000000000000e+02 5.839542725452327998e-01 7.740803357481956937e+02
1.533168733254750350e+03 1.828262933976498061e+03 4.206452336640491581e+02 9.163965736031532288e+02
5.365746069693743266e+03 5.333359282423041805e+03 8.133212250395612273e+02 1.300521931004524276e+03
1.540570158540835837e+04 1.559256296215863040e+04 1.218573470667363154e+03 8.959999662995338667e+02
1.347495591658111380e+03 1.340990259844611501e+03 2.115222373394659172e+01 1.683675447750091507e+03
1.470715406708591672e+03 1.466796000825302144e+03 2.001085434169324984e+01 1.674131603741645904e+03
1.686929419080191337e+03 1.688180392035789282e+03 9.474399460879139312e+00 1.486241494405269577e+03
3.370238820555143320e+03 3.494365567633056344e+03 2.327600571029063588e+02 1.577763727200031326e+03
3.706729492113076958e+03 3.492552086648554450e+03 1.918077910944005453e+03 1.077374181389808655e+03
