-1.399999999957240561e+03 -1.399999999976272193e+03 5.539999208819279637e-08 5.745308943986892558e+01
3.239334282577457543e+03 9.995774108431787681e+02 4.559666095463688180e+03 5.755948619842529013e+01
-1.199999713403238729e+03 -1.199999886830261403e+03 3.901335357514661671e-04 5.746869266033172607e+01
-1.099998649273033834e+03 -1.099999791520330291e+03 2.285073195218641044e-03 5.749579108953476236e+01
-9.999999189243935689e+02 -9.999999507885627281e+02 8.201223829787820214e-05 5.747791740894317769e+01
-8.999960705400535517e+02 -8.999999993835713212e+02 1.642589490828193916e-02 5.741407989263534262e+01
-7.999961031739476311e+02 -7.999989861262417890e+02 5.040583684426465545e-03 5.759592754840851114e+01
-6.939974871064804347e+02 -6.999974284227488397e+02 9.163954329358316997e+00 5.755561920404434062e+01
-5.995444455426802506e+02 -5.992490356397817095e+02 4.179575690036468893e-01 5.834253734350204468e+01
-4.999527107512994917e+02 -4.999717458587391548e+02 4.671162171909625654e-02 5.750933790206909180e+01
-3.999999999057905029e+02 -3.999999999702504283e+02 1.515314674777662427e-07 5.759327445030212544e+01
-2.992537794188698399e+02 -2.990050408079057433e+02 6.946930081647292310e-01 5.761451365947723247e+01
-1.990673043519135206e+02 -1.999999996572703935e+02 1.173471456080332986e+00 5.761816354990005351e+01
-9.998439053339673421e+01 -9.999999981585978048e+01 6.803660361407788681e-02 5.753785214424133443e+01
1.422080242349319121e+02 1.170693972392730302e+02 5.039575058275240593e+01 5.755234755277633951e+01
2.002845564932678712e+02 2.000879872204055800e+02 5.563932087345827560e-01 5.782269375324248983e+01
3.015148906354618248e+02 3.020196107377086605e+02 8.746181628439708700e-01 5.754633744955062724e+01
4.019566703198194091e+02 4.020483527248579776e+02 6.232470849342580665e-01 5.755254690647124960e+01
5.000103693251500090e+02 5.000049602550098484e+02 1.266587142324022107e-02 5.746978260278702066e+01
6.000155463169217001e+02 6.000194318198764449e+02 7.771016381786817820e-03 5.753395680189132833e+01
7.650014374383678160e+02 8.000003695862878885e+02 4.769600858086619866e+01 5.766944345235824443e+01
8.300003427697802181e+02 8.000003900456799784e+02 6.403113549647858349e+01 5.766946684122085287e+01
1.034429500565362787e+03 1.014331420613180626e+03 1.310125198281041321e+02 5.764162589311600016e+01
1.001104727179018482e+03 1.000000075152366207e+03 4.151238579431502096e+00 5.849024544954299643e+01
1.115000513656520980e+03 1.100000631296427173e+03 3.570693961446654185e+01 5.850166109800338887e+01
1.204984979187655426e+03 1.200258050205908148e+03 1.076334450135444598e+01 5.855379130840301372e+01
1.375226870053695620e+03 1.400000119552841170e+03 5.210136716146805469e+01 5.852359755039215372e+01
1.430002408486038121e+03 1.400003541956657045e+03 4.582465324081102409e+01 5.775975910425186299e+01
