-1.399999834259868067e+03 -1.399999869209788130e+03 1.116737739543837761e-04 4.635604310512542838e+02
1.281551395397000742e+05 1.238692215323310811e+05 6.380034249847051979e+04 4.646366006612777824e+02
5.010416229570868018e+04 -1.111911944779071746e+03 1.720556552953694772e+05 4.640733678460121041e+02
-2.270334530501386325e+02 -2.887950425426000152e+02 6.932200485620239760e+02 4.652841685533523446e+02
-9.999989411401535335e+02 -9.999991168462654514e+02 7.283542970060116490e-04 4.633272367000579948e+02
-8.911355525812957694e+02 -8.901874455562966659e+02 2.844497166101830121e+00 4.627134385466575850e+02
-7.999206676050687292e+02 -7.999845206574649410e+02 1.307406036272039662e-01 4.649621146440505868e+02
-6.796647080475602252e+02 -6.796475323728045623e+02 8.538441220776002427e-02 4.602826257467269784e+02
-5.972508519250920926e+02 -5.972503722040512457e+02 1.378707088553840387e+00 4.713113026499748344e+02
-4.998663883182490508e+02 -4.998769407544402839e+02 6.286981458189046246e-02 4.641905725479126090e+02
-3.972637334513078144e+02 -3.970150352707469210e+02 1.128954900766665270e+00 4.640136461019516219e+02
-2.885616769154934218e+02 -2.895528662737928585e+02 6.461609080431365726e+00 4.645465791940688973e+02
-1.855263264659525930e+02 -1.874811892342344777e+02 7.614943454978447157e+00 4.646158319950103532e+02
-1.712630484459282343e+00 -3.577691062027997759e+01 9.003410108081459384e+01 4.636944393515586853e+02
6.654668435046226023e+02 6.394612428915547753e+02 2.050148983773621012e+02 4.639155266523360979e+02
2.001761783918431377e+02 2.001689978789729594e+02 1.035427942855116912e-01 4.659466413021087874e+02
3.117761510399124063e+02 3.119588024095884293e+02 2.469559056292884858e+00 4.632906216979026794e+02
4.161598098125783736e+02 4.167987653435829429e+02 4.356398172356094278e+00 4.646621834039688110e+02
5.005286343407171330e+02 5.005111345293479417e+02 1.588536912313668614e-01 4.636376726984977950e+02
6.025486438807578224e+02 6.025863544539931809e+02 6.207546948280039389e-01 4.635899596929550057e+02
1.000096290428756788e+03 1.000090159245016935e+03 2.612187988211857673e-02 4.645506057500839461e+02
1.038306398799645194e+03 9.880894501307807332e+02 1.242423942585862875e+02 4.643930557012557756e+02
1.658639345549458767e+03 1.577914869521659057e+03 3.349045859977381383e+02 4.640221599578857195e+02
1.206683201793856142e+03 1.211950032248081698e+03 2.414233924775097151e+01 4.716303560495376814e+02
1.310849681560054250e+03 1.311327750662569542e+03 4.071978489569350934e+00 4.717710089921951067e+02
1.377269465301068976e+03 1.400025202760122738e+03 5.268314420880047066e+01 4.731666837453842049e+02
1.782289399994065434e+03 1.811585565795674029e+03 7.806333282682608399e+01 4.719026393532752763e+02
1.700258100795168048e+03 1.700247829545682407e+03 8.570210745504874827e-02 4.652907490491867293e+02
