-1.400000000000000000e+03 -1.400000000000000000e+03 0.000000000000000000e+00 2.331124589443206929e+01
3.803106060465588143e+03 5.371906884958256114e+02 5.156919681542090984e+03 2.343181821107864238e+01
-1.200000000000000000e+03 -1.200000000000000000e+03 0.000000000000000000e+00 2.326386280059814382e+01
-1.100000000000000000e+03 -1.100000000000000000e+03 0.000000000000000000e+00 2.331190439462661601e+01
-9.999999999999661213e+02 -9.999999999999840838e+02 3.965268315484983710e-11 2.337071980237960744e+01
-8.999966660774416596e+02 -8.999999730228673798e+02 1.299351734397152097e-02 2.332064515352249146e+01
-7.997404219637188589e+02 -7.999999712223338975e+02 7.266403229042325274e-01 2.336432869434356618e+01
-6.860027625317445654e+02 -6.799999779883779638e+02 9.163357420199437442e+00 2.332584594488143992e+01
-5.997857979176808385e+02 -6.000000000000000000e+02 3.375434712240579782e-01 2.402639119625091624e+01
-4.996143041524933324e+02 -4.998483663933795924e+02 4.660444526574064050e-01 2.337502549886703562e+01
-4.000000000000000000e+02 -4.000000000000000000e+02 0.000000000000000000e+00 2.342686039209365845e+01
-2.979105882493946638e+02 -2.990050409429067031e+02 2.266666989687705858e+00 2.345362199544906545e+01
-1.991659488952336119e+02 -2.000000000000000000e+02 1.341777203664056728e+00 2.342982375621795654e+01
-9.611204266192100931e+01 -9.984391337200929684e+01 1.304231778242284712e+01 2.334384990930557180e+01
1.695561950910297924e+02 1.583484539015558425e+02 6.418974896223315341e+01 2.330033525228500224e+01
2.006728060662049415e+02 2.004765805637126164e+02 9.199303258400262084e-01 2.357080709934234619e+01
3.016167368258314241e+02 3.020333892712948227e+02 8.389915103572703758e-01 2.339361200332641744e+01
4.025991908664133803e+02 4.024319105893094957e+02 1.429086768506808047e+00 2.339961659908294678e+01
5.000366116419440914e+02 5.000197293441220268e+02 5.248472561134167463e-02 2.338666870594024516e+01
6.000453425431385313e+02 6.000194318197550274e+02 7.517070023025058945e-02 2.336979449987411428e+01
7.850000000000000000e+02 8.000000000000000000e+02 3.570714214271424680e+01 2.339599831104278493e+01
8.340656074332066510e+02 8.000000000000000000e+02 6.457644823173197324e+01 2.342818264961242747e+01
1.100394878517437292e+03 1.182490187298093360e+03 1.085897319469188460e+02 2.335521019697189260e+01
1.020239911156478797e+03 1.018952181840667890e+03 2.337897775586419158e+01 2.416459959745407104e+01
1.138758102466554874e+03 1.116659494461607665e+03 4.628379173286010939e+01 2.415678634643554545e+01
1.213734605511509699e+03 1.200080948985145824e+03 2.997974283068426260e+01 2.422812960147857808e+01
1.390531886441179040e+03 1.410657301717181554e+03 5.635521136737084902e+01 2.420715435743331767e+01
1.455000000000000000e+03 1.500000000000000000e+03 4.974937185533099893e+01 2.684795964956283498e+01
