-1.400000000000000000e+03 -1.400000000000000000e+03 0.000000000000000000e+00 6.222573764324188517e+01
5.444223713097258042e+03 7.205908346823471220e+03 5.420010775680539155e+03 6.256466089487075521e+01
-1.200000000000000000e+03 -1.200000000000000000e+03 0.000000000000000000e+00 6.224932374954223491e+01
-1.100000000000000000e+03 -1.100000000000000000e+03 0.000000000000000000e+00 6.227176685333252237e+01
-9.999999999999652118e+02 -9.999999999999865850e+02 6.961882495937075075e-11 6.231061195135116293e+01
-8.999993139560363034e+02 -8.999999966106097418e+02 2.032888612709473058e-03 6.246838264465331747e+01
-7.974131447929773913e+02 -7.997997829743684406e+02 5.007486517679705429e+00 6.232269339561462118e+01
-6.909983345915942436e+02 -6.999999999999554348e+02 9.951716118115255583e+00 6.234892469644546509e+01
-5.995322739885963301e+02 -5.994664631192895285e+02 4.352364597641892319e-01 6.306710045337676718e+01
-4.990285930345146994e+02 -4.995474594098618581e+02 1.186701229102763211e+00 6.240062500238418863e+01
-3.994030245657440332e+02 -3.990050409429067031e+02 4.874284009678506169e-01 6.242972579002380229e+01
-2.978110925955762696e+02 -2.990050409429067031e+02 2.215873257068092794e+00 6.241946830749511577e+01
-1.964935746331123880e+02 -1.975323301845940591e+02 2.612362415618869171e+00 6.239641019105911113e+01
-7.720844397164445638e+01 -9.937565348803718734e+01 4.734571012708045856e+01 6.226663755178451254e+01
1.845227268079300416e+02 2.173850362087172812e+02 7.173093921198415046e+01 6.228600139617920206e+01
2.014105576078025024e+02 2.013653900108895414e+02 1.133823103717621628e+00 6.251616469621658467e+01
3.023321827655811376e+02 3.023179125080894210e+02 6.598276771355137127e-01 6.233518730401992514e+01
4.032034454461476116e+02 4.022610539234640328e+02 2.609508723226343641e+00 6.245487184524536417e+01
5.001125502222241153e+02 5.000905709720605614e+02 1.298351641179450455e-01 6.239091645479201986e+01
6.002159283412967170e+02 6.000744481502149483e+02 2.492402694509203709e-01 6.228454500436782837e+01
7.750000000000000000e+02 8.000000000000000000e+02 5.361902647381805309e+01 6.241528319120406820e+01
8.810283659432036529e+02 8.607419627585802573e+02 9.260534854690880024e+01 6.242168924808502339e+01
1.046253570759200556e+03 9.945885657131517519e+02 1.203371286288866457e+02 6.236656605005263998e+01
1.030445242268911898e+03 1.018804851616439691e+03 3.037987648778950245e+01 6.323877004384994649e+01
1.151580012626670396e+03 1.144063844122578303e+03 4.501639421330516910e+01 6.323973715305328369e+01
1.211453610547533344e+03 1.200916606553978681e+03 1.440908758059907413e+01 6.330592575073242045e+01
1.389043900740600520e+03 1.410275625267930536e+03 6.444207823027045379e+01 6.330632940530777120e+01
1.445000000000000000e+03 1.400000000000000000e+03 4.974937185533102735e+01 6.254472625255584717e+01
