-1.399999999999997044e+03 -1.400000000000000000e+03 1.204608479785506397e-11 5.049736684560775757e+01
5.559116152426352073e+02 -8.494244010954266741e+02 2.723031348602046819e+03 5.068309574127196981e+01
-1.199999999999958163e+03 -1.199999999999996817e+03 1.095797700449102019e-10 5.050443685054779053e+01
-1.099999999999844704e+03 -1.099999999999978400e+03 2.921373264895994736e-10 5.054589664936065674e+01
-9.999999987664723449e+02 -9.999999994382051227e+02 1.514268144364892381e-06 5.058590685129165365e+01
-8.999999999999990905e+02 -9.000000000000000000e+02 3.753732109109277221e-12 5.048614665269851542e+01
-7.999999926820488554e+02 -7.999999984259557095e+02 9.853400621436749667e-06 5.062212945222854898e+01
-6.959999548541097738e+02 -6.999999949972595914e+02 8.000072489704329826e+00 5.056920139789581015e+01
-5.998747075794327657e+02 -5.999999511889893711e+02 3.017141639604205561e-01 5.128228135108948038e+01
-4.999879174965964239e+02 -4.999926039587556943e+02 1.185010191159502520e-02 5.057873024940490581e+01
-3.999999999999949978e+02 -3.999999999999990337e+02 9.710538134584015953e-12 5.064203009605407857e+01
-2.999999999998313456e+02 -2.999999999999818101e+02 3.862991635353732270e-10 5.065516849756240703e+01
-1.999999999996066435e+02 -1.999999999999550937e+02 9.926083360428320521e-10 5.065896234512329244e+01
-9.992195668589027946e+01 -9.999999999996794031e+01 1.673842609032274720e-01 5.056645334959030436e+01
1.160150824570087451e+02 1.003121732594529476e+02 2.487953333533604194e+01 5.060197105407714702e+01
2.000969869077417513e+02 2.000000772193059504e+02 2.905151122453157875e-01 5.082747490406036661e+01
3.014198337598211310e+02 3.020196854269731830e+02 9.274099731623458576e-01 5.059923765659332417e+01
4.014758495743884623e+02 4.020264749960001041e+02 9.359594623247585732e-01 5.060304116010665609e+01
5.000029594016195915e+02 5.000000000000000000e+02 7.044784952406889580e-03 5.062205684185028076e+01
6.000087443188961061e+02 6.000000000000457021e+02 9.667208262571530542e-03 5.052771350145339824e+01
7.150000148825163251e+02 7.000000106524302055e+02 3.570713637389526696e+01 5.071102750301361084e+01
8.000000024955778599e+02 8.000000014110127040e+02 2.947843021161503413e-06 5.071493400335312174e+01
9.423735311426596581e+02 9.000000029008700722e+02 1.008691714374104151e+02 5.072491995096206807e+01
1.000000000924010919e+03 1.000000000730587544e+03 1.276724484612646940e-06 5.140336710214614868e+01
1.100000004347153435e+03 1.100000002609042895e+03 4.637604895485651361e-06 5.139937380552292012e+01
1.200283634944443747e+03 1.200435134724763884e+03 2.405595614551633010e-01 5.145496934652328491e+01
1.320899629183795241e+03 1.300857925734519540e+03 3.956567720585196923e+01 5.144055534601211832e+01
1.400000017230942149e+03 1.400000009045572369e+03 1.754836993107355874e-05 5.078232915401459024e+01
