-1.400000000000000000e+03 -1.399999999999999773e+03 2.096281709166962064e-13 9.709807626485824130e+02
3.191203882981395582e+05 3.030566974231778877e+05 1.025971656375336752e+05 1.109069013905525253e+03
6.351681867362264544e+06 2.788721578710271977e+06 9.808990987415617332e+06 1.089150446152686982e+03
1.490012080084837544e+04 1.519190767566238355e+04 6.003072212933548144e+03 1.106111454856395767e+03
-9.999997416588696524e+02 -9.999997413923547356e+02 3.090887591559233246e-05 1.107237049055099533e+03
-8.884239295188301639e+02 -8.909772025811704452e+02 6.234879597087326530e+00 1.104746632099151611e+03
-7.816781385737979235e+02 -7.867572921071471228e+02 1.144909811643207576e+01 1.036285298347473145e+03
-6.790787308868076479e+02 -6.790822157610020895e+02 3.797204142245270281e-02 1.069827827548980622e+03
-5.627116826051826592e+02 -5.611763413273604328e+02 4.599419419065822190e+00 1.176074678504467101e+03
-4.999161852561954902e+02 -4.999112795285063271e+02 2.832704398186559891e-02 9.876745038032531738e+02
-3.635845322045241232e+02 -3.641815092320941289e+02 8.670421362410467125e+00 9.791901518106460571e+02
-2.480076894622533530e+02 -2.602016906588067968e+02 4.453014999894521964e+01 9.930339274525642850e+02
-8.502662843271890836e+01 -9.166226308403685152e+01 4.129931953477144901e+01 1.014700567650794937e+03
1.692568790874091746e+03 1.633609506797355607e+03 4.550174957170931975e+02 9.854138501048088301e+02
6.688129292252053347e+03 7.238703860128275664e+03 1.381501676540331346e+03 9.841533638000488509e+02
2.026845941124520891e+02 2.027286210655166485e+02 3.362410995823459370e-01 1.042888141644001053e+03
3.612008756381345620e+02 3.592314296858808120e+02 8.296891395623847032e+00 9.865212409496307373e+02
5.589857607052688309e+02 5.917279110876543200e+02 6.319452487291983545e+01 9.934426054477692105e+02
5.026179473982154491e+02 5.026954230438492459e+02 4.361713399125283219e-01 1.108630511701107025e+03
6.135152328881447374e+02 6.140968237364654669e+02 1.569164778161965978e+00 1.026388153803348587e+03
9.600000000000002274e+02 1.000000000000000455e+03 4.898979485566364644e+01 9.978193304896354903e+02
2.633020890740930099e+03 2.529627264003907840e+03 4.943809215865333044e+02 1.000949196958541847e+03
7.885758841341375955e+03 8.557569232670977726e+03 1.498471638989865596e+03 1.002244213700294495e+03
1.260464947947348719e+03 1.256359187693244166e+03 1.728508498944234972e+01 1.244641712200641678e+03
1.368923764046343877e+03 1.366743440907355534e+03 1.646060448236249485e+01 1.240992395448684647e+03
1.527586863398336391e+03 1.573284415563975017e+03 8.496177002914004106e+01 1.229187381947040649e+03
2.409913383951136439e+03 2.446825980014167726e+03 2.167305051077875646e+02 1.228416816699504807e+03
1.700000000000000455e+03 1.700000000000000909e+03 5.283686750145648632e-13 1.018552589702606156e+03
