-1.400000000000000000e+03 -1.400000000000000000e+03 0.000000000000000000e+00 5.790581074953079366e+01
3.962699682899084110e+03 1.754157649418462825e+03 4.964444234385980963e+03 5.794794174432754374e+01
-1.200000000000000000e+03 -1.200000000000000000e+03 0.000000000000000000e+00 5.788156064748763896e+01
-1.100000000000000000e+03 -1.100000000000000000e+03 0.000000000000000000e+00 5.790317425727844380e+01
-9.999999999997587565e+02 -9.999999999999212150e+02 5.142337391133604090e-10 5.796585905551910400e+01
-8.999351464344281339e+02 -8.999910418288234268e+02 1.544221670188214157e-01 5.780597604513168619e+01
-7.976429946857084587e+02 -7.999836480996715409e+02 5.052787584978297275e+00 5.796345095634460165e+01
-6.878350088255933770e+02 -6.803499754705803753e+02 9.415455088692519681e+00 5.793498929738998271e+01
-5.995433598588568884e+02 -5.995062541029114982e+02 4.114563667531402347e-01 5.865416165590286113e+01
-4.994226826943230435e+02 -4.997830018564545185e+02 1.007748702219012582e+00 5.786791199445724487e+01
-4.000000000000000000e+02 -4.000000000000000000e+02 0.000000000000000000e+00 5.798719190359115316e+01
-2.983583183114687927e+02 -2.990050409429065326e+02 1.307716867270628081e+00 5.798412264585495279e+01
-1.987536413819287873e+02 -1.990050409429067031e+02 1.322666735758202927e+00 5.804883074760437012e+01
-9.067323260781634531e+01 -9.968782674401859367e+01 1.761265606098769609e+01 5.792644165754317953e+01
1.691513743467306199e+02 1.581923672735790092e+02 6.118939364240520007e+01 5.792021390199661113e+01
2.008574095601311171e+02 2.006909973242542264e+02 5.963494873746115754e-01 5.816011279821395874e+01
3.014273726905220769e+02 3.020197639804966911e+02 9.194068259861106762e-01 5.795184699296951436e+01
4.017564781291434315e+02 4.021008437180634587e+02 9.380325542122111004e-01 5.793717110157012939e+01
5.000411254162980867e+02 5.000208624260023953e+02 3.895832675573296378e-02 5.785666670799255229e+01
6.000270867815293059e+02 6.000194318197550274e+02 3.268361601719294018e-02 5.798117510080337667e+01
7.850000000083425675e+02 8.000000000023744633e+02 4.769696007413899252e+01 5.804582550525665141e+01
8.853247550612932173e+02 8.719774815560840580e+02 1.026349958933807756e+02 5.802855895757674887e+01
1.051360224110668241e+03 1.011671382548714746e+03 1.223191505243106718e+02 5.804763320684433126e+01
1.026957772114988529e+03 1.018952311632950341e+03 3.062557556861309394e+01 5.877902710437774658e+01
1.159778824078691741e+03 1.185732290964272579e+03 4.652733141157828811e+01 5.879551175832748555e+01
1.220896285584280577e+03 1.200675870639385039e+03 3.119971542510654672e+01 5.887178399562835551e+01
1.421954631872924892e+03 1.421762386325745410e+03 3.493111111736160268e+01 5.886598185300827168e+01
1.445000000004828053e+03 1.400000000019345862e+03 4.974937185440992238e+01 5.810290830135345175e+01
