-1.400000000000000000e+03 -1.400000000000000000e+03 0.000000000000000000e+00 4.902910987019538993e+02
1.047237496511135600e+06 8.723057985128797591e+05 5.961946169396116165e+05 4.871942056417465210e+02
1.063084515260976791e+09 2.020093430009780824e+08 1.910152800448319674e+09 4.868074981927871931e+02
4.843403530123932433e+04 4.406380678220890695e+04 1.973116696159529238e+04 4.866995903491973650e+02
-9.999999999997924078e+02 -9.999999999998140083e+02 1.167652461453470171e-10 4.893017107486724626e+02
-8.797281831113166390e+02 -8.901874757558001647e+02 3.080601133884587028e+01 4.866317720532417184e+02
-6.764945730657192371e+02 -6.630556920450549114e+02 4.928456105816133714e+01 4.877721264958381653e+02
-6.795520849944344945e+02 -6.795465291308992164e+02 1.495009346207667178e-01 4.875197839975356828e+02
-5.909591335810924875e+02 -5.907962138924521014e+02 1.542794580707660179e+00 4.989100047588348161e+02
-4.964348270640404621e+02 -4.964529585801241183e+02 1.701672047346472594e+00 4.889094299077987671e+02
-3.993532766128894309e+02 -4.000000000000000000e+02 9.050846740383551303e-01 4.906636441469192391e+02
-2.446635635279972973e+02 -2.467701499271576324e+02 2.052233339312553539e+01 4.890326009511947518e+02
-1.215322026127637685e+02 -1.177624392102040360e+02 2.019846387776005869e+01 4.872275613903999556e+02
9.172573577550986101e+01 6.426882296383905668e+01 1.106041086514394607e+02 4.888199480533600081e+02
1.351824680290767901e+03 1.212603823350330231e+03 4.254747439927057826e+02 4.871895489096641541e+02
2.009600144297448310e+02 2.008893970353948646e+02 3.927615482048646967e-01 4.907817734003066903e+02
3.101491328968674566e+02 3.105060224001986171e+02 2.354194191733349317e+00 4.896652757048606759e+02
4.499994230381155944e+02 4.448297353955795757e+02 1.778263162589121293e+01 4.872525424003600847e+02
5.005126823936877258e+02 5.005250682887810854e+02 2.482501044713401051e-01 4.867638421416282881e+02
6.042105168751662632e+02 6.043142492756958291e+02 3.151407791835870165e-01 4.872750867486000175e+02
9.900000000000011369e+02 1.000000000000000682e+03 4.358898943540689430e+01 4.876370187520980721e+02
1.031975642038949445e+03 1.036736778247595339e+03 9.772423958461340021e+01 4.885080094456672555e+02
2.524136209265433990e+03 2.600954077232821874e+03 3.547875593741699731e+02 4.883021393418312073e+02
1.220620251944671736e+03 1.224826542054330730e+03 2.363528446369182134e+01 4.998928535938263167e+02
1.327449036016936589e+03 1.328090645968803983e+03 5.377709901794187175e+00 4.997624997973442191e+02
1.447591112194219704e+03 1.459794133249135029e+03 7.680388727143684946e+01 5.010674203991890181e+02
1.892120979446488946e+03 1.915448757366983500e+03 6.908357435218094622e+01 5.000436054468154907e+02
1.985062651685319679e+03 2.043959044631590814e+03 2.437559531441899594e+02 4.894835837960243339e+02
