-1.400000000000000000e+03 -1.400000000000000000e+03 0.000000000000000000e+00 6.889234280586242676e+01
6.270685654596919449e+03 6.261289854354299678e+03 4.721090710405631398e+03 6.919910449981689737e+01
-1.200000000000000000e+03 -1.200000000000000000e+03 0.000000000000000000e+00 6.892450084686279865e+01
-1.100000000000000000e+03 -1.100000000000000000e+03 0.000000000000000000e+00 6.894112730026245117e+01
-9.999999999999066631e+02 -9.999999999999852207e+02 1.553971615748537521e-10 6.893101215362548828e+01
-8.999266991990180031e+02 -8.999976780656076016e+02 1.336831424701728777e-01 6.910723640918732258e+01
-7.976384341740438231e+02 -7.999630249588228708e+02 3.655145646632384615e+00 6.904482294321060465e+01
-6.850316056451074473e+02 -6.799943027453387003e+02 8.110661689340984637e+00 6.898135739564895630e+01
-5.994026702807553875e+02 -5.992499099194506016e+02 3.766480701847382817e-01 6.976622445583343790e+01
-4.981707365286171125e+02 -4.983538539332612345e+02 1.570906980957032184e+00 6.910904560089110760e+01
-3.988060496352700284e+02 -3.990050409429067031e+02 1.202212226991933530e+00 6.909684134721756266e+01
-2.962689118688060148e+02 -2.980100818858132925e+02 3.571799508040873317e+00 6.910319975614547161e+01
-1.962245958692781755e+02 -1.967861024750166337e+02 2.263698421832394114e+00 6.904957119226455120e+01
-7.500646537555226701e+01 -9.130921665192744285e+01 4.045936526328122795e+01 6.896685525178909870e+01
1.966615300571607463e+02 1.961673118332315653e+02 8.287388857408302556e+01 6.894524270296096802e+01
2.016877874256469454e+02 2.016678858346433572e+02 1.035667676288896555e+00 6.917731404304504395e+01
3.027516302067215292e+02 3.024231713277948188e+02 1.014409745336759094e+00 6.899714735746383099e+01
4.036522850846072856e+02 4.032277506225324260e+02 2.327679633687098626e+00 6.920325825214385418e+01
5.000782572903873415e+02 5.000641203683236427e+02 7.913992155720499244e-02 6.898686815500259684e+01
6.002225815537562994e+02 6.001154132572507933e+02 2.281431080949114787e-01 6.897937229871749309e+01
7.800000000000000000e+02 8.000000000000000000e+02 4.000000000000000711e+01 6.908380864858627035e+01
9.131902721426174594e+02 9.001874098303694609e+02 1.113289683790342224e+02 6.910392155647278400e+01
1.127077095413249026e+03 1.182490187298205001e+03 9.592167516504197522e+01 6.900481495857238201e+01
1.038933365830440152e+03 1.023610543287799601e+03 3.180734931883386096e+01 6.989445570707320599e+01
1.139034874168657552e+03 1.116660036440994190e+03 4.551650702629483902e+01 6.988354129791260050e+01
1.228778331471831734e+03 1.227957746045242175e+03 3.322250946725389298e+01 6.997103260755538656e+01
1.401072558781152338e+03 1.415446726696036194e+03 6.260166471329647209e+01 6.994082555770873455e+01
1.465000000000000000e+03 1.500000000000000000e+03 4.769696007084724698e+01 7.483299169540404705e+01
