-1.400000000000000000e+03 -1.400000000000000000e+03 0.000000000000000000e+00 6.032936954498291016e+01
9.718014164796244359e+02 -6.842849721618973717e+02 2.862615447797408706e+03 6.059885494709014608e+01
-1.200000000000000000e+03 -1.200000000000000000e+03 0.000000000000000000e+00 6.032900310754776285e+01
-1.100000000000000000e+03 -1.100000000000000000e+03 0.000000000000000000e+00 6.034950395822524882e+01
-9.999999999999781721e+02 -9.999999999999881766e+02 2.595394812449868838e-11 6.033534300327301025e+01
-9.000000000000000000e+02 -9.000000000000000000e+02 3.304749464802769570e-13 6.037922034263610982e+01
-7.999999999999821512e+02 -7.999999999999998863e+02 4.709957326910045506e-11 6.055944169759750650e+01
-6.950287824028921477e+02 -6.999999999999590727e+02 8.611003800716991563e+00 6.041898789405822612e+01
-5.998270537819166748e+02 -6.000000000000000000e+02 3.051389656112138971e-01 6.125261979103088095e+01
-4.999868076025571213e+02 -4.999926039596658711e+02 1.520747213427084410e-02 6.042833443880081035e+01
-4.000000000000000000e+02 -4.000000000000000000e+02 0.000000000000000000e+00 6.051444365978240825e+01
-2.999005040942906817e+02 -3.000000000000000000e+02 2.984877171279891050e-01 6.052892940044402792e+01
-1.999005040942906817e+02 -2.000000000000000000e+02 4.336925982830197035e-01 6.053932545185089253e+01
-9.987513069760743178e+01 -1.000000000000000000e+02 1.820267238484808425e-01 6.045039180517196797e+01
1.182831717889763468e+02 1.004682598839721095e+02 3.214858996451999218e+01 6.046726284027099751e+01
2.000712586675971920e+02 2.000000000000343334e+02 1.693996539215445463e-01 6.072181555032729960e+01
3.016468305652171011e+02 3.020229838640617004e+02 8.191867188673320754e-01 6.048502424955368184e+01
4.020092082718115876e+02 4.020511098873816991e+02 2.914617167991638835e-01 6.052099640369415567e+01
5.000019729344122652e+02 5.000000000000000000e+02 5.918803236608026833e-03 6.026827075481414653e+01
6.000155454558041583e+02 6.000194318197550274e+02 7.772727902010956487e-03 6.033960140943527506e+01
7.400000000002102070e+02 7.000000000003353762e+02 4.898979485550023583e+01 6.065152055025100708e+01
8.000000000007063363e+02 8.000000000000017053e+02 2.819688036642538999e-09 6.063390845060348511e+01
9.911581674994207560e+02 9.000000000004656613e+02 1.204447992671967711e+02 6.058213390111923502e+01
1.000157000014229197e+03 1.000000000000000909e+03 6.843471959125660975e-01 6.139034379720688150e+01
1.115000000000054115e+03 1.100000000000011823e+03 3.570714214269359132e+01 6.139508550167083456e+01
1.200162920011478718e+03 1.200080948985142413e+03 1.813307302702323598e-01 6.141448185443878316e+01
1.372127895749643812e+03 1.400000000000000455e+03 4.502193252068147444e+01 6.141498810052871704e+01
1.410000000000221007e+03 1.400000000000013188e+03 2.999999999995308997e+01 6.073035219907760762e+01
