-1.400000000000000000e+03 -1.400000000000000000e+03 0.000000000000000000e+00 6.221341700553894327e+01
5.645458326652247706e+03 4.925803459151904462e+03 5.397775480920333393e+03 6.252844189405441000e+01
-1.200000000000000000e+03 -1.200000000000000000e+03 0.000000000000000000e+00 6.222852770090103292e+01
-1.100000000000000000e+03 -1.100000000000000000e+03 0.000000000000000000e+00 6.224368225336074545e+01
-9.999999999999183729e+02 -9.999999999999893134e+02 1.193365217455988130e-10 6.242658804655074789e+01
-8.999239337473125033e+02 -8.999948322307285480e+02 1.650032811537793798e-01 6.237352495193481161e+01
-7.933187409451026042e+02 -7.964361513681003544e+02 7.342707501536340331e+00 6.232301595211028911e+01
-6.871999805354886348e+02 -6.799987513905664400e+02 9.198635032223300811e+00 6.237754390239715718e+01
-5.994203757804441466e+02 -5.992589086803858436e+02 4.690651098429485244e-01 6.329720180034637167e+01
-4.976734577359440550e+02 -4.986707478448648772e+02 2.946912422592674385e+00 6.240478479862213135e+01
-3.984578142171782815e+02 -3.990050409429067031e+02 1.423694026616100228e+00 6.241326864957809306e+01
-2.966668929590451285e+02 -2.980100818858134062e+02 3.407270085776713753e+00 6.243029578924178935e+01
-1.943899381604102246e+02 -1.964515896784726294e+02 4.423570620929554664e+00 6.236579979658127115e+01
-6.720869409363437796e+01 -8.324277981581781205e+01 5.143223532267272446e+01 6.227217899560928061e+01
1.810641885138911107e+02 1.460094904489555461e+02 8.525091417719485776e+01 6.227240769863128378e+01
2.014352766172629003e+02 2.009189021578625329e+02 1.169313808212957939e+00 6.257467894554137899e+01
3.022185031704731273e+02 3.024204453886270585e+02 1.062621919189763231e+00 6.235528734922409200e+01
4.042722149465702159e+02 4.035336526868094325e+02 2.778220320882944350e+00 6.248428444862365438e+01
5.000538831475188886e+02 5.000197296710820751e+02 5.433398036502376516e-02 6.236883654594421245e+01
6.001947250629616519e+02 6.001563783642867520e+02 1.449319956765930673e-01 6.226376880407333658e+01
7.900000000000000000e+02 8.000000000000000000e+02 3.000000000000000000e+01 6.241380560398101807e+01
8.934258218929378472e+02 8.418824236395456637e+02 1.134334205389805987e+02 6.239889010190963603e+01
1.140296837999519312e+03 1.182490187298210913e+03 9.786368241836693471e+01 6.239154599905013754e+01
1.022237238487133595e+03 1.018805331908979952e+03 2.314047985595328427e+01 6.343360699415207193e+01
1.159099312379577896e+03 1.171469277633625779e+03 4.642364227521039055e+01 6.344527125358581543e+01
1.225792337499429777e+03 1.202611940094555393e+03 3.394527294589797606e+01 6.353306560516357138e+01
1.417252295971078183e+03 1.418010726151154358e+03 7.331887204931754809e+01 6.350650475025177144e+01
1.440000000000000000e+03 1.400000000000000000e+03 4.898979485566358960e+01 6.415687530040740683e+01
