-1.400000000000000000e+03 -1.400000000000000000e+03 1.607774677692185771e-13 8.136327942490577243e+02
3.682911542058896739e+05 3.641901348105105571e+05 1.409721968129781308e+05 8.497162153482437361e+02
1.832067380241278559e+06 3.195295352704356992e+04 5.252614378656146117e+06 8.447085708022117387e+02
9.799248283179125792e+03 1.004309361411521604e+04 2.673028072236243588e+03 8.477218509912490845e+02
-9.999996875829986038e+02 -9.999996738762513360e+02 3.710177311117520603e-05 8.476635125994682767e+02
-8.891351093214758521e+02 -8.907657903442402585e+02 5.189947719141215110e+00 8.459215319514274825e+02
-7.984215069424706144e+02 -7.988733859171134100e+02 1.478489469428393877e+00 8.330121333003044128e+02
-6.790749854742699654e+02 -6.790611043932028679e+02 5.027161828783151959e-02 8.230289421558379672e+02
-5.683245855732276368e+02 -5.660679810540074186e+02 6.645285419448339503e+00 9.945796705007553555e+02
-4.999878004686186728e+02 -4.999901353279389582e+02 6.542371304549012695e-03 8.223437365531921159e+02
-3.767179714165093856e+02 -3.766184747528553203e+02 7.374780001660811379e+00 8.187909798502921603e+02
-2.703502453013467743e+02 -2.706487279670242287e+02 7.247494891660008598e+00 8.276409541010856401e+02
-1.182709512262254350e+02 -1.206806085955445127e+02 1.335211779068002969e+01 8.420771515011787187e+02
1.381458293700278546e+03 1.336980268542364684e+03 2.465231266569768707e+02 8.298208704948425520e+02
6.900718218688639354e+03 7.253199932737516974e+03 1.191372306815952925e+03 8.086821475982666243e+02
2.024193418222118908e+02 2.024492216765474950e+02 3.104984786920997331e-01 8.658209702968597412e+02
3.548121102129388191e+02 3.536283559576078801e+02 7.210416396247313564e+00 8.154122870922088850e+02
5.643056435909586526e+02 5.835131289335641895e+02 4.928698078530372584e+01 8.249823246002197266e+02
5.030063832052642283e+02 5.028108798925710516e+02 6.292762413088626161e-01 8.484814294457435153e+02
6.105689205333477503e+02 6.102420527100377967e+02 1.214685431077414224e+00 8.465720125913619540e+02
9.921576883254941777e+02 1.000000000000010459e+03 4.963011375055501873e+01 8.550863800525664828e+02
1.979262464877877619e+03 2.041956820502591427e+03 3.318374439241592881e+02 8.460369614601135027e+02
6.748718360851836223e+03 7.854917192274238914e+03 1.610248126539478335e+03 8.304234774470329512e+02
1.235879304876042625e+03 1.234133890031750070e+03 9.785158751775529851e+00 1.007605325043201447e+03
1.351964378089067850e+03 1.350014580958247734e+03 8.036089023658513852e+00 1.007765503001213119e+03
1.500798081468647752e+03 1.529795378609114323e+03 7.588997860265189388e+01 1.015191803443431809e+03
2.147893739995300621e+03 2.147197853168400343e+03 1.717238186298328912e+02 1.013410165250301361e+03
1.700000000000027285e+03 1.700000000000019099e+03 4.238942987507178678e-11 8.687255777955055009e+02
