-1.399999999999999773e+03 -1.399999999999999773e+03 1.016845989170082993e-13 9.729786192536354292e+02
8.225097386935856193e+05 7.699281395950871520e+05 2.508037100122087286e+05 1.241501040399074554e+03
1.901645219242181480e+08 8.252470469329383969e+07 2.730710317386780977e+08 1.233343631398677871e+03
2.313733866410283008e+04 6.854083675923442570e+03 5.089287012441760453e+04 1.218620607709884553e+03
-9.999996659529133467e+02 -9.999996634618099733e+02 2.164567077984964785e-05 1.238757912755012512e+03
-8.565526684650263860e+02 -8.565526684650266134e+02 9.340326826733748178e-13 1.093633623445034118e+03
-7.303204691738008023e+02 -7.327522790476591581e+02 1.797173301776171428e+01 1.212309084904193924e+03
-6.788653814095017651e+02 -6.788593934026605439e+02 4.387363101699762180e-02 1.198774829256534531e+03
-5.342446285489537559e+02 -5.300095369095599835e+02 9.932219941574164324e+00 1.453804640209674744e+03
-4.998543484216236834e+02 -4.998521394792943511e+02 6.260408286228991148e-02 1.027314718449115844e+03
-3.025586590776350704e+02 -2.983921445084804986e+02 1.408541470564677667e+01 1.004920762395858787e+03
-1.998349080373903348e+02 -2.027693756563514853e+02 2.401562008066840193e+01 1.030839773297309875e+03
3.994148810752232492e+01 2.233178714881073290e+01 5.545415954279821591e+01 1.132037064146995590e+03
3.428404815260564646e+03 3.397294036225572199e+03 5.708482014706305563e+02 1.011371920955181167e+03
1.332928220479273295e+04 1.384042288597833067e+04 2.173053231948266330e+03 9.969030205011367798e+02
2.031715165504577101e+02 2.031099027007965105e+02 3.305119896446580552e-01 1.179341545641422272e+03
4.410814493730053982e+02 4.380668200568065913e+02 2.138951218886263916e+01 1.033065210390090897e+03
6.885453042814511946e+02 7.790139137584524178e+02 1.311364845396357737e+02 1.043650632441043854e+03
5.058507473675022084e+02 5.056337958450207566e+02 1.021586623939917171e+00 1.240537760257720947e+03
6.231908974916759689e+02 6.238656210798621942e+02 1.899980419039508206e+00 1.060942067599296479e+03
1.254689853061798658e+03 9.000000000000013642e+02 4.399301571071341641e+02 1.049928162503242447e+03
4.897377601696187412e+03 4.848824812535694946e+03 8.463966955206029752e+02 1.057995235502719879e+03
1.250499578117560850e+04 1.423107276317553624e+04 3.159020279458489313e+03 1.072320000052452087e+03
1.298935847235758274e+03 1.292456844515458442e+03 2.201340529370740384e+01 1.552091751396656036e+03
1.426465853500515323e+03 1.423130276639498788e+03 2.497340283234493441e+01 1.547541290009021850e+03
1.634285371573877228e+03 1.640302250731996082e+03 3.889604991244925714e+01 1.540703935897350220e+03
2.811081369866150453e+03 2.674378022470866199e+03 3.433451915742822962e+02 1.564525669097900391e+03
2.866344659949342713e+03 1.800000000000001364e+03 1.453228092648702159e+03 1.171614044952392533e+03
