-1.399999781762712246e+03 -1.399999873131231197e+03 2.614644473835903409e-04 5.024057904481887959e+01
6.256269457303787021e+03 8.266553591584704918e+03 5.818428403335625262e+03 5.037901440858841084e+01
-1.193019585431732139e+03 -1.196269982414548167e+03 9.538222788794861629e+00 5.029087699651718424e+01
-1.091404228850823301e+03 -1.096519258303694869e+03 1.110669409647784178e+01 5.031196429729461528e+01
-9.999926557838786039e+02 -9.999955842607292880e+02 7.460047256622581724e-03 5.032453029155730917e+01
-8.999407791228037468e+02 -8.999687521891254391e+02 8.880415322035249692e-02 5.023630795478820943e+01
-7.969514220348845583e+02 -7.997511588418929023e+02 1.111271403320139051e+01 5.037340505123138712e+01
-6.823638912974561208e+02 -6.799977660902109164e+02 6.066743120445474702e+00 5.034153989553451680e+01
-5.995635244316454191e+02 -5.996555213696811961e+02 3.886099565496432540e-01 5.115508195161819316e+01
-4.980516687061325456e+02 -4.990295657438468879e+02 2.005819653200659136e+00 5.031113629341125204e+01
-3.999993135023411241e+02 -3.999994686628214140e+02 7.348543607512633431e-04 5.040455235242843912e+01
-2.978456736283509372e+02 -2.989543859876722536e+02 2.096530665410992533e+00 5.041982949972152994e+01
-1.982430897516022128e+02 -1.979703410629655309e+02 1.203538471017062461e+00 5.041013829708099081e+01
-9.987678189542461382e+01 -9.998065398041654817e+01 1.524960609736868145e-01 5.034827175140380717e+01
1.945147715683783076e+02 1.751883974065517577e+02 9.126472611997304796e+01 5.034020144939422892e+01
2.007026218334945895e+02 2.006582137930369640e+02 3.829818351038614677e-01 5.060678889751434184e+01
3.018256148561185910e+02 3.020230503101446402e+02 6.047966149327299590e-01 5.035006809234619141e+01
4.018338384594425179e+02 4.021818811259423683e+02 8.141835718790761955e-01 5.035482679605483725e+01
5.000679183189014907e+02 5.000501026127397495e+02 5.399031574310938358e-02 5.028195259571075582e+01
6.000414636837592752e+02 6.000194389999400073e+02 9.497704852442266643e-02 5.032449430227279663e+01
7.900625427558057936e+02 8.000445922699941548e+02 2.998387002663379164e+01 5.046348589658737183e+01
8.200461314954267209e+02 8.000304570044893353e+02 5.099162524048246325e+01 5.045817719697951986e+01
1.101399748213936391e+03 1.143690799357601918e+03 1.109003325044520665e+02 5.046843529939651773e+01
1.044991194333283829e+03 1.034006648700941241e+03 4.131231326281861982e+01 5.128350784778594829e+01
1.152657403031809963e+03 1.171472181097224620e+03 4.433306568388115210e+01 5.128749834299087240e+01
1.202861907954907110e+03 1.200299094172300101e+03 7.408278451082464855e+00 5.132841784954071329e+01
1.402339486260122385e+03 1.410694232788737736e+03 4.862654643328422566e+01 5.131576174497604370e+01
1.455143641709370513e+03 1.500025036841037490e+03 4.964772568936847108e+01 5.056609209775924541e+01
