-6.222645646592565072e+02 -8.589588751120497818e+02 7.123722987952936592e+02 4.598917604684829996e+01
2.582284454268508777e+07 3.718852323983469047e+06 4.630669902477452904e+07 4.608147659301757670e+01
1.282806696926314384e+08 3.609060244108606875e+07 2.327033251950189471e+08 4.599960844516753866e+01
2.404932429100773856e+07 8.906245768436608836e+06 3.037659514337340370e+07 4.603329374790191508e+01
-6.791249318465079341e+02 -9.063771016025066274e+02 5.174574608207119581e+02 4.607946829795837118e+01
-8.941727928257101894e+02 -8.964133557677557747e+02 6.177842232672069223e+00 4.602903679609298848e+01
-7.244441883815364918e+02 -7.445776897368034497e+02 6.704232796608758349e+01 4.610183340311050415e+01
-6.806457199087629988e+02 -6.799410095127634577e+02 3.452575196310657457e+00 4.608949515819549703e+01
-5.985312240696790695e+02 -5.984604348898010358e+02 4.269995939918500016e-01 4.659476029872894287e+01
-4.359395213425960947e+02 -4.494313910406676769e+02 5.514673028885458450e+01 4.603848890066146993e+01
-3.826954425620984921e+02 -3.862644288129763481e+02 1.148723205997755947e+01 4.612597469091415547e+01
-2.787182708386134209e+02 -2.815255227204636412e+02 1.371837240896764243e+01 4.610516730546951436e+01
-1.841946327478837304e+02 -1.868397932577138363e+02 1.426970391060521948e+01 4.620551280975341513e+01
2.887205743548356054e+02 2.650113211895078393e+02 1.251353836044245185e+02 4.606890159845352173e+01
4.772817780621586508e+02 5.054413064092143486e+02 1.856148354242934602e+02 4.606073534488677979e+01
2.083406675497067795e+02 2.073772078917157273e+02 4.184005545436990658e+00 4.622220439910888956e+01
3.179131316262827340e+02 3.182973133934261796e+02 5.959224368493953428e+00 4.606121970415115641e+01
4.165181583644614989e+02 4.147324426997676028e+02 8.194535252904449507e+00 4.607830505371093466e+01
2.811291000495994012e+03 5.068903035555660495e+02 9.782659495119447456e+03 4.600875284671783305e+01
6.008855887682359480e+02 6.009396402353601161e+02 1.615298338453027560e-01 4.610097655057906962e+01
9.164878428700149016e+02 8.806637833810016218e+02 1.057483849129264684e+02 4.615382760763168335e+01
1.230069479662607137e+03 1.212337895743690297e+03 1.362946415634603170e+02 4.613817285299300863e+01
1.349425499125218494e+03 1.326588789343095414e+03 1.519418360965965462e+02 4.614987590312957622e+01
1.121141627552438194e+03 1.118952513095695394e+03 2.387935727102146544e+01 4.668735959529876567e+01
1.229109273266974242e+03 1.231325873342795603e+03 1.959550188917395630e+01 4.670129455327987955e+01
1.317033261199375829e+03 1.319585050609766313e+03 2.915919573696579548e+01 4.673205549716949747e+01
1.619341436200475528e+03 1.635968676298273522e+03 9.210411725633191793e+01 4.671763069629669474e+01
1.626374331462429382e+03 1.610202725507726427e+03 1.022921320987197049e+02 4.621184849739074707e+01
