-1.400000000000000000e+03 -1.400000000000000000e+03 0.000000000000000000e+00 5.099596120119095133e+01
3.104062086894399272e+03 2.222844799828546002e+03 3.597329378831580016e+03 5.109226605892181539e+01
-1.200000000000000000e+03 -1.200000000000000000e+03 0.000000000000000000e+00 5.104758039712906026e+01
-1.100000000000000000e+03 -1.100000000000000000e+03 0.000000000000000000e+00 5.108040449619293355e+01
-9.999999999999281499e+02 -9.999999999999827196e+02 1.413838899764976182e-10 5.105282714366912700e+01
-9.000000000000000000e+02 -9.000000000000000000e+02 0.000000000000000000e+00 5.104671610593796061e+01
-7.999999999991472350e+02 -7.999999999998908606e+02 2.180693657681402830e-09 5.103512384891509868e+01
-6.949999572418649905e+02 -6.999999999987378487e+02 8.660328094866308390e+00 5.099741280078887939e+01
-5.998875134024932549e+02 -5.999999999998237854e+02 2.677716591790407774e-01 5.174052854776382304e+01
-4.999768194989571271e+02 -4.999901353279390150e+02 2.853062029193278656e-02 5.103983579874038412e+01
-4.000000000000000000e+02 -4.000000000000000000e+02 0.000000000000000000e+00 5.115342384576797485e+01
-2.997512602357266474e+02 -3.000000000000000000e+02 4.308299095841035542e-01 5.114102625846862793e+01
-1.998972022548813925e+02 -2.000000000000000000e+02 4.480849825959483113e-01 5.114933550357818604e+01
-9.818380001639015120e+01 -1.000000000000000000e+02 5.035729810685213970e+00 5.104043245315551758e+01
1.183494069927905912e+02 1.003121732559814063e+02 3.396016531338445077e+01 5.102252250909805298e+01
2.001622531835582492e+02 2.000000000011771135e+02 5.288778284540266439e-01 5.123275330066680766e+01
3.014261708243540170e+02 3.020197639804966911e+02 9.272552119479582355e-01 5.105296479463576986e+01
4.013820546463127812e+02 4.020641378850098135e+02 9.929623326195995414e-01 5.108831005096435263e+01
5.000064148249440450e+02 5.000000000000000000e+02 8.974679797495745820e-03 5.111307615041732788e+01
6.000155454558041583e+02 6.000194318197550274e+02 7.772727902010956487e-03 5.111876274347305582e+01
7.300000000022102995e+02 7.000000000022860149e+02 4.582575694813650813e+01 5.112978374958038330e+01
8.300000000003840341e+02 8.000000000000659384e+02 6.403124237415055120e+01 5.112274180650710775e+01
1.036128533950274687e+03 9.900794966605399168e+02 1.368853282113730927e+02 5.111976175308227255e+01
1.005446170751345221e+03 1.000000000000067303e+03 2.231834773378587400e+01 5.187590084075927876e+01
1.105000000002998149e+03 1.100000000000054797e+03 2.179449471701716590e+01 5.186887550354003906e+01
1.200369517548463136e+03 1.200435134724740237e+03 3.289530339368691991e-01 5.197063944339752339e+01
1.337365156317229321e+03 1.305077174526928275e+03 4.718656013827215645e+01 5.191888040304183960e+01
1.405000000001149147e+03 1.400000000000199634e+03 2.179449471745695277e+01 5.122289010286331035e+01
