-1.400000000000000000e+03 -1.400000000000000000e+03 0.000000000000000000e+00 6.565593894720078083e+01
4.263297934529451595e+03 2.119611210688294705e+03 5.648329601663654103e+03 6.578213629722594646e+01
-1.200000000000000000e+03 -1.200000000000000000e+03 0.000000000000000000e+00 6.561037169694900228e+01
-1.100000000000000000e+03 -1.100000000000000000e+03 0.000000000000000000e+00 6.567159960269927410e+01
-9.999999999990168362e+02 -9.999999999993038955e+02 8.369931812187400200e-10 6.575215269327163981e+01
-8.999953826884300270e+02 -8.999998650610577897e+02 1.594464621862226247e-02 6.560229334831237225e+01
-7.999997638784105902e+02 -7.999999999487163223e+02 6.759346463622720787e-04 6.571011379957198528e+01
-6.909997546907292190e+02 -6.999999990168427075e+02 9.950145343388308916e+00 6.570389435291289715e+01
-5.996708616517187238e+02 -5.999999891472955369e+02 4.111705104369616781e-01 6.656121389865874960e+01
-4.998034545440197576e+02 -4.998877905877784542e+02 2.011893331818145336e-01 6.568892694711685465e+01
-4.000000000000000000e+02 -4.000000000000000000e+02 0.000000000000000000e+00 6.579260510206222534e+01
-2.989552929900520439e+02 -2.990050409429067031e+02 7.362024722162955337e-01 6.578904879093170166e+01
-1.987320700865864183e+02 -1.980100818858134062e+02 1.208977854641501981e+00 6.583520510196686359e+01
-9.617447731311726500e+01 -1.000000000000000000e+02 1.299028641207407375e+01 6.568852964639663128e+01
1.603364343802659846e+02 1.458534038209647861e+02 6.765278424849006456e+01 6.568595224618911743e+01
2.001486758948498732e+02 2.000029495034368949e+02 2.444304657673576076e-01 6.600037834644317059e+01
3.017214139606730896e+02 3.020196068559068863e+02 7.204117869529769180e-01 6.570004930496216389e+01
4.019019611970776964e+02 4.021381173316128752e+02 7.535588717830172811e-01 6.567779484987258343e+01
5.000284790061738818e+02 5.000197293441220268e+02 3.510504755522082798e-02 6.567688955068588541e+01
6.000239618618135182e+02 6.000194318197550274e+02 1.735045133786686580e-02 6.574549889564514160e+01
7.800000000416741841e+02 8.000000000041038675e+02 3.999999993891534444e+01 6.586377170085907551e+01
8.200000000034800678e+02 8.000000000014656507e+02 5.099019513734171483e+01 6.584537841081619547e+01
1.074492106300866453e+03 1.140832556357212070e+03 1.248783188267310891e+02 6.587450250387192341e+01
1.018907968598007074e+03 1.018952181902621987e+03 2.396815302185106233e+01 6.673080860376357748e+01
1.150208024915149053e+03 1.150000000066206894e+03 5.021578139666442553e+01 6.673057349920273396e+01
1.208382513814949789e+03 1.200435134724741374e+03 1.372399417349084771e+01 6.680439209938049316e+01
1.366493619515505316e+03 1.400000000015214709e+03 5.523478350065914810e+01 6.679240825176239582e+01
1.450000000026932639e+03 1.450000000074318450e+03 4.999999997842275690e+01 6.594209699630737020e+01
