-1.399999999999999773e+03 -1.399999999999999773e+03 0.000000000000000000e+00 1.633407868993282364e+03
7.899744074172219262e+05 7.638984114247433608e+05 2.669868463842178462e+05 1.645564627099037125e+03
1.601978771339819999e+06 4.853271143718570238e+04 4.577769228091322817e+06 1.647885414600372314e+03
2.908570969002116726e+03 2.962401912448112853e+03 1.156608970993013600e+03 1.638685116648674011e+03
-9.999995679619287330e+02 -9.999995515133039135e+02 4.362666029248994735e-05 1.634487797045707794e+03
-8.562686686855682865e+02 -8.565526684650299103e+02 1.237926338678388749e+00 1.640359314298629670e+03
-7.933684297030795278e+02 -7.937812317887037352e+02 4.779587916883072829e+00 1.655168429458141418e+03
-6.788656324658711583e+02 -6.788691373972437759e+02 3.219999434806680716e-02 1.579475173246860550e+03
-5.382050099791699722e+02 -5.355878721435947227e+02 9.310823522787620377e+00 1.965711073601245971e+03
-4.999805308124451813e+02 -4.999852214496035572e+02 1.150450317126958111e-02 1.650977596306800933e+03
-3.468434062395911610e+02 -3.437618106606543051e+02 9.775856654219378328e+00 1.644901502156257720e+03
-2.479686736365920865e+02 -2.477646923240642423e+02 9.961174324639232580e+00 1.657863606941700027e+03
-1.684859300215121891e+01 -4.264909448004642911e+01 7.924539123580035493e+01 1.649797258603572800e+03
1.993619415270092304e+03 2.179842711823894206e+03 4.905886302890534694e+02 1.612336933851242065e+03
1.335739614967663874e+04 1.373917851458283258e+04 1.753549784010578151e+03 1.570698201453685670e+03
2.033555212426661569e+02 2.034207426364850164e+02 3.652386274711094116e-01 1.718761627197265625e+03
3.975577360158113152e+02 3.991844762664802033e+02 1.024438039833200520e+01 1.626082721447944550e+03
7.417947737986739867e+02 7.634969107793531293e+02 6.459608965901540500e+01 1.598649874353408904e+03
5.049129266899402069e+02 5.046534304583054222e+02 9.755963609651157054e-01 1.639772002744674637e+03
6.196199596874193958e+02 6.195450330219224497e+02 1.169556861691392280e+00 1.644353935897350311e+03
1.503370907085230328e+03 1.828262933976491695e+03 4.427532009705477662e+02 1.657134566903114319e+03
2.991190546494873615e+03 2.815554982664749332e+03 4.461390037728394304e+02 1.657730817306041672e+03
1.117286114330186138e+04 1.308269187605851221e+04 3.399556082365147176e+03 1.646624071252346084e+03
1.262039520337506019e+03 1.259347911576031265e+03 1.707966397787289026e+01 2.005169733858108430e+03
1.387171895978020984e+03 1.386803032343862697e+03 1.014561854494089843e+01 2.003345039200782821e+03
1.621090712475513328e+03 1.631088777079871306e+03 3.517936650433926360e+01 2.020470162904262452e+03
2.560093307047311555e+03 2.528548365154678777e+03 3.635736122801513375e+02 2.017391262590885162e+03
2.981145215585943333e+03 1.800000000000847649e+03 1.446627019242909682e+03 1.708535029947757721e+03
