-1.400000000000000000e+03 -1.400000000000000000e+03 0.000000000000000000e+00 2.258083595037460256e+01
3.074068071166146183e+03 1.859268898709328369e+03 4.243716914669639664e+03 2.274964294433593892e+01
-1.200000000000000000e+03 -1.200000000000000000e+03 0.000000000000000000e+00 2.254658885002136159e+01
-1.100000000000000000e+03 -1.100000000000000000e+03 0.000000000000000000e+00 2.256231784820556641e+01
-9.999999999999392912e+02 -9.999999999999758984e+02 8.922571512658316474e-11 2.260816905498504781e+01
-8.999938160423007503e+02 -8.999999709491178237e+02 2.617587632094440717e-02 2.269129799604415965e+01
-7.942061776706334513e+02 -7.999352272956643901e+02 1.474494319669977926e+01 2.262910180091857981e+01
-6.908161914539743975e+02 -6.982127740613684637e+02 9.823445655163361323e+00 2.264755145311355733e+01
-5.995813615223377155e+02 -5.994813194378486969e+02 3.657036589110360114e-01 2.315128089189529348e+01
-4.980915703305306010e+02 -4.980628609583164916e+02 1.635523793624936495e+00 2.268503459692001201e+01
-3.992537807071800557e+02 -3.990050409429067031e+02 4.308299095841034987e-01 2.266706750392913960e+01
-2.982090747047959098e+02 -2.985075614143600546e+02 1.652948340133444161e+00 2.268783105611801076e+01
-1.970473945702823642e+02 -1.971206152715606663e+02 2.257691602451799895e+00 2.265764645338058614e+01
-9.219390364953380868e+01 -9.937565348803718734e+01 1.105588842828975338e+01 2.259322630167007517e+01
1.971436790974071300e+02 2.187505078704194830e+02 7.662518918272256485e+01 2.262790579795837331e+01
2.012185994134709119e+02 2.012779129229302271e+02 7.686991752777985187e-01 2.276457239389419485e+01
3.024638164473907409e+02 3.023335393816168448e+02 5.995337336789299254e-01 2.263047574758529734e+01
4.034752081214775217e+02 4.032986179459122695e+02 1.298136493010731973e+00 2.269892140626907207e+01
5.000635936232363861e+02 5.000398501665008553e+02 6.101250773481835254e-02 2.261561241149902202e+01
6.001172661206858265e+02 6.000744481502149483e+02 1.427249957914245304e-01 2.258032854795455791e+01
7.750000000000000000e+02 8.000000000000000000e+02 4.330127018922193827e+01 2.268177584409713887e+01
8.349797437122327892e+02 8.119064486507388665e+02 5.426148540154403577e+01 2.267327109575271749e+01
1.106721017878991233e+03 1.182490187298220917e+03 1.006671133724602640e+02 2.264971174001693655e+01
1.027801016064430314e+03 1.018878747195095229e+03 3.306403789422169126e+01 2.324295604228973389e+01
1.149247783454165756e+03 1.135731158142808908e+03 5.018163794229780450e+01 2.323970240354537964e+01
1.214996399567079607e+03 1.200916606553978909e+03 2.013635959047487489e+01 2.333677835464477468e+01
1.410447455766798157e+03 1.415446710296983383e+03 6.873660868564968496e+01 2.331275900602340556e+01
1.455000000000000000e+03 1.500000000000000000e+03 4.974937185533099893e+01 2.278484359979629659e+01
