-1.399999999827077318e+03 -1.399999999944494903e+03 2.708111860451438801e-07 6.087647200822830484e+01
2.380281567314649180e+02 -7.869376131736804609e+02 2.258612944295431589e+03 6.107453610897064067e+01
-1.199999983279218668e+03 -1.199999995352087126e+03 2.479826263994667866e-05 6.090521835088729574e+01
-1.099999912147386794e+03 -1.099999980759173923e+03 2.265835221846383934e-04 6.094349249601363994e+01
-9.999998407329925385e+02 -9.999999365909661719e+02 2.117281841383880528e-04 6.099792624711990641e+01
-8.999999999880777750e+02 -8.999999999987944648e+02 2.251398775219678743e-08 6.089316960573196269e+01
-7.999987568152565700e+02 -7.999994488379015820e+02 1.724382388690675347e-03 6.101203360557556010e+01
-6.939964627244434041e+02 -6.999944557819974307e+02 9.163091527731477726e+00 6.099258710145950602e+01
-5.998088966766965768e+02 -5.999956890049536469e+02 3.242946276483264501e-01 6.191404324769973755e+01
-4.999939665694050746e+02 -4.999925705456848846e+02 3.933508498632907156e-03 6.099386090040206909e+01
-3.999999997694684453e+02 -3.999999998774115966e+02 2.339760970162619321e-07 6.108838015794754028e+01
-2.999999967133994119e+02 -2.999999996911830635e+02 1.022660000368751522e-05 6.110436919927597188e+01
-1.999999981196476426e+02 -1.999999996749121465e+02 3.174915876282157977e-06 6.109198485612868978e+01
-9.993755373142808196e+01 -9.999999159357423650e+01 1.248727477232301486e-01 6.103311339616775655e+01
1.010095994522100398e+02 1.001561727954882031e+02 3.618581815083830922e+00 6.103097310066223002e+01
2.000350118819245893e+02 2.000181998724696655e+02 5.526434005804744393e-02 6.127826259136200093e+01
3.007077482347961563e+02 3.000000485060438109e+02 9.634282669345572980e-01 6.101573810577392720e+01
4.012643878547879694e+02 4.020161843450295578e+02 9.573731170513989364e-01 6.103785519599914267e+01
5.000039459344637862e+02 5.000000000000000000e+02 7.891868911446543039e-03 6.093515779972076274e+01
6.000087447592172794e+02 6.000000028425070013e+02 9.666810060641638919e-03 6.099470149278640463e+01
7.050158734975929065e+02 7.000137310271697970e+02 2.179134763744340475e+01 6.114810481071472026e+01
8.000007239288936489e+02 8.000006097652516246e+02 5.496974334804501355e-04 6.117464174032211588e+01
9.541257151681226105e+02 9.000056234661115013e+02 7.113724877873470120e+01 6.118252630233764933e+01
1.000000377727784326e+03 1.000000240876103248e+03 3.269167006843180334e-04 6.212374064922332906e+01
1.100001488105627232e+03 1.100001094870586712e+03 1.158565700705758896e-03 6.209206600189209269e+01
1.200164444551968245e+03 1.200040478826970912e+03 2.005328594318482316e-01 6.215695594549178793e+01
1.340277095413580128e+03 1.300862954134135180e+03 4.876500909101766013e+01 6.216410319805144979e+01
1.400006342453460320e+03 1.400005802337765090e+03 4.322539885277486109e-03 6.125306019783020162e+01
