-1.399999999998045951e+03 -1.399999999998238764e+03 9.118526848037278017e-10 2.090970118844509216e+03
1.200846549153998960e+06 1.119616946387377102e+06 4.598986833548216382e+05 2.117151008355617705e+03
3.416256806863926351e+06 7.227703320070237387e+05 4.838928911260483786e+06 2.126576327407360168e+03
-7.236775049077260746e+02 -7.256369067357469476e+02 1.350425963925897861e+02 2.124654249906539917e+03
-9.999993219657496866e+02 -9.999993197874850921e+02 6.463557271192858843e-05 2.094373001897335143e+03
-8.565526684459309763e+02 -8.565526684607632433e+02 3.563629919525675945e-08 2.097006454145908265e+03
-7.948348251393322244e+02 -7.950720234774298660e+02 3.281788851186610234e+00 2.153995656096935363e+03
-6.788867623999458374e+02 -6.788901838197629104e+02 4.766934719807881110e-02 2.102545262050628480e+03
-5.656939720514722012e+02 -5.648370060964714412e+02 1.170050161483421469e+01 2.587077908504009429e+03
-4.999826303509711352e+02 -4.999839969303121734e+02 9.460390775375290828e-03 2.108597189795970735e+03
-3.412963045769824930e+02 -3.424517430328419323e+02 1.210702402502562869e+01 2.101547330701351257e+03
-2.417949594596724978e+02 -2.422924301265778979e+02 1.132021781333791033e+01 2.128652290153503600e+03
-4.702337034937369253e+01 -5.756463528496090021e+01 4.145534478552742996e+01 2.135844207453727904e+03
1.963428402198295316e+03 1.884858992264369590e+03 5.405326688634547736e+02 2.082057196354865937e+03
1.012294790420443314e+04 8.304102960244705173e+03 3.205596782281676042e+03 2.110641268455982299e+03
2.032955236915216233e+02 2.033178458488665115e+02 3.097712603709845691e-01 2.253109207057952972e+03
4.034955335996240819e+02 4.026729141623071655e+02 7.226142349238982909e+00 2.095751343655586425e+03
6.521057436421681359e+02 7.014117106197206795e+02 1.221865747759205476e+02 2.132247526991367522e+03
5.046424623827333562e+02 5.045088807341790016e+02 8.398323275810223310e-01 2.101704003798961821e+03
6.191542453887591364e+02 6.192333575043355722e+02 9.687867523091999722e-01 2.125624943697452636e+03
1.254690403972937929e+03 9.000012777135837041e+02 4.399297129402123119e+02 2.134193145692348480e+03
3.298125842588711294e+03 3.305230456161551956e+03 3.916653489096596559e+02 2.122765922391414733e+03
9.516050121151210988e+03 8.194996670774478844e+03 2.789048929430336102e+03 2.152559036755561920e+03
1.255075023575007663e+03 1.253855980710188078e+03 9.828847526019613312e+00 2.639540009105205627e+03
1.385464119681148077e+03 1.383489361787334019e+03 1.279864976224239292e+01 2.639074996256828399e+03
1.563508728431154623e+03 1.559553692953116297e+03 2.147513340492661982e+01 2.670767065703868866e+03
2.154209079687262147e+03 2.125924492009345158e+03 1.283108127323869212e+02 2.666770647847652526e+03
2.830295164985634983e+03 1.800000309445456878e+03 1.404137236632203212e+03 2.208145289945602599e+03
