-1.399956729146059843e+03 -1.399980907931170577e+03 7.421806623931145874e-02 6.726154749393462851e+01
1.053281692723171000e+04 8.018153989922777328e+03 1.043687913749505969e+04 6.735616170167922689e+01
-7.159314550081185189e+02 -1.155051663748801957e+03 9.246942096590572646e+02 6.729535045623779865e+01
1.417829981665690411e+03 -3.823057885682762276e+02 4.265379948445093760e+03 6.729819625616073608e+01
-9.999028398632441395e+02 -9.999382671502710309e+02 9.650307492619331073e-02 6.732394025325774578e+01
-8.997481900162707689e+02 -8.999286434726961943e+02 3.628622673136567278e-01 6.724869474172592732e+01
-7.957938316045432430e+02 -7.987735645079185360e+02 8.251673630260114578e+00 6.740997740030289265e+01
-6.902650036912134510e+02 -6.948628472211702274e+02 8.101728187919920998e+00 6.738217245340347006e+01
-5.993981199802552737e+02 -5.994759318143596829e+02 4.497243521792695375e-01 6.804741830825805948e+01
-4.830443309061138280e+02 -4.850928313882906764e+02 1.641962962823620487e+01 6.733546204566955851e+01
-3.998518351304859948e+02 -3.999684789856154339e+02 2.858816303515585022e-01 6.741866320371627808e+01
-2.974629979155551496e+02 -2.979874916625054198e+02 2.902218820453488224e+00 6.744203510284424397e+01
-1.979636230081777626e+02 -1.979414735863925898e+02 1.196816956164863610e+00 6.744438500404358194e+01
-9.890951939885960087e+01 -9.929248164533385079e+01 1.143676695265398280e+00 6.737532224655151936e+01
2.047891500236781042e+02 1.756941334135403281e+02 8.265836203831983653e+01 6.734133055210114094e+01
2.014992351080673245e+02 2.013415942316816540e+02 7.486020106862010248e-01 6.758939019441604046e+01
3.016632113272963807e+02 3.021508120984158836e+02 8.720148345158346137e-01 6.735232330560684488e+01
4.024712576255398631e+02 4.024485836626012087e+02 6.575470775350636954e-01 6.737078565359115601e+01
5.000817144085667678e+02 5.000694149839007423e+02 5.140475742430208189e-02 6.729681290388107584e+01
6.000542397153913043e+02 6.000206100422212785e+02 5.944867757734501740e-02 6.733916494846343426e+01
7.866468032999894149e+02 8.005156226667161263e+02 3.350201193610950412e+01 6.748242704868316366e+01
8.642581954058159681e+02 8.030717444766482913e+02 9.302402754293738951e+01 6.748324440717696859e+01
1.069552833476197975e+03 1.051883550711197358e+03 1.160206257057428871e+02 6.749277640581131266e+01
1.032153194243757525e+03 1.022082823562948647e+03 3.055439881416412007e+01 6.820326000452041626e+01
1.161208402575442960e+03 1.173194116259337534e+03 4.119728783400676519e+01 6.822201755046845051e+01
1.212380759006451626e+03 1.203574929700130724e+03 1.585340108682783722e+01 6.825651835203170492e+01
1.385204399799616112e+03 1.387777736118047869e+03 5.192056834879900151e+01 6.826365709304809570e+01
1.461451943656210688e+03 1.500255711591393265e+03 4.792864177148541671e+01 6.753587574958801554e+01
