-1.399999999999999773e+03 -1.399999999999999773e+03 1.761228916715216211e-13 5.641875132560729753e+02
1.585571305800648406e+06 1.438185881479410920e+06 6.810858796271885512e+05 6.514306531071663358e+02
8.688498083295519352e+08 6.630589954278163910e+08 9.566882952279338837e+08 6.527925405502319336e+02
4.830811286151083550e+03 4.101430700112842715e+03 3.394930886642407131e+03 6.505373579025268782e+02
-9.999999999998642579e+02 -9.999999999998881322e+02 7.770524050215837078e-11 6.081443928480148315e+02
-8.767083790903419640e+02 -8.852581307568068496e+02 1.697190708478090215e+01 6.468087248563766707e+02
-5.868868324977927386e+02 -5.792910167613683825e+02 3.567949726514785880e+01 6.670565974473953474e+02
-6.789387655366851959e+02 -6.789220563873825540e+02 8.964504305665689510e-02 5.704641967535019376e+02
-5.679834391170179515e+02 -5.682775169941488684e+02 2.821939994509376159e+00 8.262652234554291226e+02
-4.997884138423054310e+02 -4.998102589191024663e+02 1.106554204150614479e-01 6.075668061017989885e+02
-3.888564598200097748e+02 -3.890554503719737340e+02 4.704797357838668148e+00 5.837408918976783525e+02
-1.810600132053162170e+01 -2.760611250533094108e+01 8.841017384300918991e+01 5.884222097039222490e+02
1.853266236485376623e+02 1.739193169487925275e+02 8.254093439226267037e+01 5.569884035110474088e+02
8.392291102513511305e+02 8.814017474937136285e+02 2.649724573646775525e+02 5.742915593028068315e+02
5.273070838203830135e+03 5.288722104900516570e+03 6.353988728563339237e+02 5.997897921442985307e+02
2.012294222746803030e+02 2.009503680397176311e+02 6.461153537698467453e-01 6.733799699902534712e+02
3.306932701706261923e+02 3.367369349214192198e+02 1.295953505993368537e+01 5.824704725503921736e+02
6.282910271867646088e+02 6.161063722053997935e+02 5.692580677367450903e+01 6.553039034008979797e+02
5.026848862319078535e+02 5.025356110274198613e+02 8.504324387413615405e-01 6.476581115007400058e+02
6.147401952433817769e+02 6.150000000000000000e+02 4.604560190238366491e-01 5.726075122952461243e+02
1.001473064976429669e+03 1.000000000000000682e+03 7.121643215898181722e+01 6.149974238038063277e+02
1.602619288788677750e+03 1.664450823783081887e+03 2.851538165055854392e+02 6.093427594900131226e+02
6.295858721278000303e+03 6.359875169455340256e+03 8.520772921272580334e+02 6.369102090001106262e+02
1.292020236295673158e+03 1.290984095397296187e+03 8.191608198134737506e+00 8.365401253938674699e+02
1.396340477390984006e+03 1.394696600658055104e+03 8.104438287724949674e+00 8.347751019001007080e+02
1.544480840729100464e+03 1.578681923441424715e+03 7.278263550591410080e+01 8.456017367959022977e+02
2.445614233585369220e+03 2.473608391973530615e+03 7.621340277689972709e+01 8.443369583964347385e+02
1.864368048511917095e+03 1.700000000000001364e+03 5.025739541969951460e+02 6.582376655459404446e+02
