-1.400000000000000000e+03 -1.400000000000000000e+03 0.000000000000000000e+00 2.347303540706634450e+01
5.391516494285177032e+03 3.367598721767513325e+03 5.406730555773705419e+03 2.361132584810257029e+01
-1.200000000000000000e+03 -1.200000000000000000e+03 0.000000000000000000e+00 2.349734485149383545e+01
-1.100000000000000000e+03 -1.100000000000000000e+03 0.000000000000000000e+00 2.353888820409774851e+01
-9.999999999998850626e+02 -9.999999999999138254e+02 1.270043922423071313e-10 2.351570160388946462e+01
-8.999635765504399387e+02 -8.999871193449762359e+02 8.394867122592680753e-02 2.354992210865020752e+01
-7.946014543423669920e+02 -7.999178327502191905e+02 1.047448818129248416e+01 2.355258704423904348e+01
-6.836412974813883920e+02 -6.799997661656943819e+02 7.325208762118367467e+00 2.355205194950103831e+01
-5.994616659112855359e+02 -5.994346609038668703e+02 4.179577305266586329e-01 2.416586114168167043e+01
-4.917958558686939909e+02 -4.956225550585861015e+02 9.745836387018027125e+00 2.358664538860320903e+01
-3.985075624219239216e+02 -3.990050409429067031e+02 1.619674142264213357e+00 2.360447800159454346e+01
-2.968161358077733780e+02 -2.980100818858134062e+02 3.338667738301583032e+00 2.362473044395446919e+01
-1.932372288746707056e+02 -1.967861024750166337e+02 8.333322243798095386e+00 2.360407614707946777e+01
-5.523139248011371194e+01 -8.324277981581781205e+01 6.895100599469608937e+01 2.351929429769516133e+01
1.986703291205273558e+02 1.749495874577473842e+02 9.058152727868002785e+01 2.352450305223464966e+01
2.020487977794183507e+02 2.017939175360776289e+02 1.136350248772969307e+00 2.366975799798965596e+01
3.021430414151919308e+02 3.021813661193871212e+02 1.002754261715317563e+00 2.354291800260543965e+01
4.037291424102025985e+02 4.034409939090191983e+02 1.869810594564858208e+00 2.360112279653549194e+01
5.000827135001729289e+02 5.000701832510001168e+02 6.594926918847590636e-02 2.352412794828414988e+01
6.001921736189465264e+02 6.000744481502149483e+02 2.382305625995322640e-01 2.354174605607986592e+01
7.950000000000000000e+02 8.000000000000000000e+02 2.179449471770337254e+01 2.361674299240112163e+01
8.595882427090170950e+02 8.372746315493868678e+02 6.262030004084460444e+01 2.356571505069732808e+01
1.102092140509216961e+03 1.156981984064970675e+03 1.101437123025875735e+02 2.357301430702209544e+01
1.065079962947846525e+03 1.071944667032014195e+03 3.958854291214905174e+01 2.427558754682540965e+01
1.194563843264309298e+03 1.201399415445205250e+03 2.923038320807193102e+01 2.427056995630264424e+01
1.240366711575110003e+03 1.230825266878086495e+03 3.451674838200171536e+01 2.436135095357894897e+01
1.497906342394995136e+03 1.486062980260560153e+03 8.160798883324231667e+01 2.428058834075927663e+01
1.465000000000000000e+03 1.500000000000000000e+03 4.769696007084726830e+01 2.448947889804840017e+01
