-1.400000000000000000e+03 -1.400000000000000000e+03 0.000000000000000000e+00 1.386830241560936088e+02
1.199602393727556337e+05 9.649366219265310792e+04 8.187852453661193431e+04 1.534738375425338859e+02
7.097930660441133659e+05 1.574937186134222138e+05 1.325657330840364564e+06 1.532487915992736873e+02
1.359023082345887633e+04 1.005299819022067095e+04 9.506799694244031343e+03 1.532024545431137028e+02
-9.999999998565496071e+02 -9.999999998744003733e+02 8.006527615709171432e-08 1.516152027010917607e+02
-8.901875768734196299e+02 -8.901875768317192978e+02 1.750847439920414176e-07 1.525826739907264766e+02
-7.929056175854728963e+02 -7.958067643656713699e+02 8.335690835317413061e+00 1.478377375483512992e+02
-6.795532338066003604e+02 -6.795129295707479287e+02 1.342274435896542994e-01 1.457258944988250846e+02
-5.952436351889981552e+02 -5.955479288823128172e+02 1.627829055550738868e+00 1.629560686945915222e+02
-4.998389693329738179e+02 -4.998620899523733669e+02 8.831017284006646706e-02 1.425538524031639156e+02
-3.949257100682789883e+02 -3.955226842430801639e+02 2.084668631772814695e+00 1.421902958035469169e+02
-2.873870451581900625e+02 -2.880605114888758749e+02 6.097446832376742343e+00 1.429784632921218872e+02
-1.724453448301058529e+02 -1.769788179010194256e+02 1.008906043908249117e+01 1.424193003058433646e+02
1.509639878093211394e+02 1.227393312439860438e+02 1.636364898389893767e+02 1.414129339575767403e+02
1.272800580087371827e+03 1.302254021328923727e+03 3.457136375153451695e+02 1.434256112575531006e+02
2.004590374333692750e+02 2.003673520194612081e+02 2.681401560372052573e-01 1.506695414543151799e+02
3.150774048487975278e+02 3.146215712409446041e+02 2.256664671560106861e+00 1.417835484981536922e+02
4.192465021437192263e+02 4.181464895063869562e+02 4.945928072635785711e+00 1.461973650932312125e+02
5.007287965965816738e+02 5.006479500531280564e+02 3.105112885156968705e-01 1.521024239540100211e+02
6.036769715510604328e+02 6.036636814601333754e+02 2.692293555430574914e-01 1.530950680494308358e+02
1.000000000000000227e+03 1.000000000000000227e+03 8.038873388460928854e-14 1.442052278518676758e+02
1.171872735269470695e+03 1.067438732171580114e+03 2.971160035800717196e+02 1.449605374097824040e+02
2.041467171041892243e+03 2.038636339235857577e+03 3.502948768751304556e+02 1.488941685914993229e+02
1.213474864053272540e+03 1.213006941662650661e+03 4.471739834434267813e+00 1.647014798521995544e+02
1.315667141430813217e+03 1.316252131704181920e+03 4.815483800386950897e+00 1.650169049501419067e+02
1.402490224344508079e+03 1.400024092207164358e+03 4.828304038365330086e+01 1.666295464515686149e+02
1.819593239789238851e+03 1.830710511182478058e+03 5.185631884772163858e+01 1.646039399981498832e+02
1.700000000000000455e+03 1.700000000000000455e+03 1.833145176601317471e-13 1.469345486044883842e+02
