-1.400000000000000000e+03 -1.400000000000000000e+03 1.345160804498758786e-13 7.870619674444199063e+02
3.225417394801439950e+05 3.102020223185283830e+05 1.421728786372867762e+05 8.225940417051315308e+02
7.531223992934478447e+05 1.451915714346308505e+03 2.279563921525747050e+06 8.209036679983139493e+02
7.017627742748742094e+03 6.749007238398561640e+03 2.182571854397829156e+03 8.196772829532623064e+02
-9.999996709000330384e+02 -9.999996670978196107e+02 4.474230132203353374e-05 8.207341835498809814e+02
-8.899334036228989362e+02 -8.907156705513529005e+02 3.767307821111479882e+00 8.167357424020767667e+02
-7.987278135199088638e+02 -7.991117413770718940e+02 1.260317764543691377e+00 8.216017507910728455e+02
-6.790649377406615486e+02 -6.790524745351328875e+02 5.478711924030056635e-02 7.760585536003112566e+02
-5.664732192900963810e+02 -5.655062001066230550e+02 3.455334516206367557e+00 9.851656404972076189e+02
-4.999869366909488235e+02 -4.999901353279389582e+02 7.798883317716356206e-03 7.987917883992195129e+02
-3.744793226311720673e+02 -3.761209927053991464e+02 6.859246827680863134e+00 7.965470431447029114e+02
-2.661245525751497780e+02 -2.736335950626659042e+02 2.994083100580871815e+01 8.078521662592887651e+02
-1.294921344761483510e+02 -1.331914199083074095e+02 2.127137734573528860e+01 8.176285521030425798e+02
1.304865409315709712e+03 1.240140526030323599e+03 2.309568654169100057e+02 8.035732418417931058e+02
6.435986385964073634e+03 7.089894175469284164e+03 1.418985812374271063e+03 7.903211490511894226e+02
2.024262906658147472e+02 2.024417054997108778e+02 3.910825036131791443e-01 8.462833156585693359e+02
3.542921460670092983e+02 3.549122062884143816e+02 5.335857792061864835e+00 7.857402068972587585e+02
5.500908967924973467e+02 5.869301504298689451e+02 6.045805956756950650e+01 8.008921243071556546e+02
5.026233614158703631e+02 5.023977041096540006e+02 5.638203673159202234e-01 8.208681159496306918e+02
6.108518792499514802e+02 6.108121848373373268e+02 1.067137442508062861e+00 8.156068738937377702e+02
9.750000000001346052e+02 1.000000000000072987e+03 4.330127018922299698e+01 8.346776193976402283e+02
1.993768037046281506e+03 1.929531918923923513e+03 4.019421901257989589e+02 8.165975727915763400e+02
5.539115569333147505e+03 4.924886540597539351e+03 1.853207941532849873e+03 8.243962433576583635e+02
1.242220733240590107e+03 1.239962416622105593e+03 1.432282203889095129e+01 9.983402357935905229e+02
1.348157350772490190e+03 1.347988639453983069e+03 6.757245425007263329e+00 9.979600279450417020e+02
1.524368849919929971e+03 1.545015295628436888e+03 6.612529366088031679e+01 1.003884969592094421e+03
2.210174276721077149e+03 2.118087323587130413e+03 2.167289674273705771e+02 1.002263076543807983e+03
1.700000000000345608e+03 1.700000000000238970e+03 3.494792749345482414e-10 8.545137459516524814e+02
