-1.400000000000000000e+03 -1.400000000000000000e+03 0.000000000000000000e+00 2.288004870414733816e+01
6.698154473947489350e+03 7.427455301687218707e+03 5.139307976998125923e+03 2.283088549375533916e+01
-1.200000000000000000e+03 -1.200000000000000000e+03 0.000000000000000000e+00 2.286737565994262766e+01
-1.100000000000000000e+03 -1.100000000000000000e+03 0.000000000000000000e+00 2.288352400064468384e+01
-9.999999999998663043e+02 -9.999999999998798330e+02 1.301426692015890967e-10 2.288871740102768015e+01
-8.995653044727962424e+02 -8.999621630161364010e+02 1.009996734941177809e+00 2.273044145107269287e+01
-7.959785597012970584e+02 -7.993656515203240360e+02 7.697630591679453183e+00 2.294732919931411885e+01
-6.840110604650878940e+02 -6.799990741408695385e+02 7.575520483869460975e+00 2.281814539432525635e+01
-5.992972781061994283e+02 -5.992309409833518430e+02 3.181584280801692532e-01 2.346794550418853831e+01
-4.892157145172000128e+02 -4.957311257283391797e+02 1.328412572079556497e+01 2.279066050052642822e+01
-3.995522686761989917e+02 -4.000000000000000000e+02 9.159559805338517435e-01 2.299777754545211650e+01
-2.962689078184281470e+02 -2.965176458190829862e+02 2.949421462460699139e+00 2.294835115671157766e+01
-1.970890726539438731e+02 -1.971206152715606663e+02 1.682927777409688241e+00 2.301765739917755127e+01
-7.380746056507091168e+01 -8.324277981581781205e+01 3.447228137499603662e+01 2.284476029872894287e+01
2.019289603233153230e+02 1.884714375719925101e+02 9.216331355187342922e+01 2.282062349319458150e+01
2.018619754705910907e+02 2.016409932154981561e+02 1.261331070350661054e+00 2.302574609518051219e+01
3.016130855621439082e+02 3.020333892712948227e+02 9.811291083439973582e-01 2.293353329896926951e+01
4.023643840280385575e+02 4.026449204796556387e+02 1.401477483857592743e+00 2.284134229421615458e+01
5.000839540053555652e+02 5.000205948909796234e+02 1.150925471125711780e-01 2.281086144447326802e+01
6.001178440510867631e+02 6.000194318197550274e+02 1.716706912974087229e-01 2.294715989828109670e+01
7.900000000000001137e+02 8.000000000000000000e+02 4.358898943540668824e+01 2.290813945531845164e+01
9.532738821599484709e+02 9.036323525816336542e+02 1.389528428491762782e+02 2.292875009775161743e+01
1.185057516275363469e+03 1.182490187298220008e+03 1.199451182094622368e+02 2.290813084840774394e+01
1.061473343168937163e+03 1.056760474492283265e+03 3.772568046028616351e+01 2.360965715646743845e+01
1.166576459674668740e+03 1.171464869540729978e+03 4.044856610712482592e+01 2.360754830837249685e+01
1.228068655215008903e+03 1.200675870639359800e+03 3.815407718155292116e+01 2.372402844429016255e+01
1.426580086751888302e+03 1.415446719655160678e+03 7.466472529530649638e+01 2.365323389768600393e+01
1.465000000000000000e+03 1.500000000000000000e+03 4.769696007084731804e+01 2.302606760263443064e+01
