-1.400000000000000000e+03 -1.400000000000000000e+03 0.000000000000000000e+00 7.268013434410094931e+01
1.711859190941924567e+02 -6.809160415515326576e+02 2.354662257578003846e+03 7.272371619939804077e+01
-1.200000000000000000e+03 -1.200000000000000000e+03 0.000000000000000000e+00 7.264793410301209065e+01
-1.100000000000000000e+03 -1.100000000000000000e+03 0.000000000000000000e+00 7.270971039533614544e+01
-9.999999999999887450e+02 -9.999999999999987494e+02 1.667451092442156925e-11 7.271304310560226725e+01
-9.000000000000000000e+02 -9.000000000000000000e+02 9.165725883006587357e-14 7.261835714578629108e+01
-7.999999985611078728e+02 -7.999999999999956799e+02 6.271944901199639917e-06 7.265908349752426432e+01
-6.930000209402576274e+02 -6.999999999999905640e+02 9.539363544642750270e+00 7.264552944898605347e+01
-5.998518026992210253e+02 -5.999999999999987494e+02 3.087176902084029506e-01 7.358904509544372274e+01
-4.999598046644504166e+02 -4.999815049717717557e+02 4.707602799617129075e-02 7.267505375146865276e+01
-4.000000000000000000e+02 -4.000000000000000000e+02 0.000000000000000000e+00 7.283737180233001141e+01
-2.994527725185986924e+02 -3.000000000000000000e+02 6.655822470350017950e-01 7.284933896064758585e+01
-1.997977063491720742e+02 -2.000000000000000000e+02 6.069707669423453078e-01 7.284294204711913778e+01
-9.903726968839832523e+01 -1.000000000000000000e+02 3.626617241849697582e+00 7.270392595529555990e+01
1.085659140456799321e+02 1.003121732559814063e+02 9.888469184905096299e+00 7.265851035118103596e+01
2.000001154789670750e+02 2.000000000000278533e+02 5.033605772861640812e-04 7.298392339944840046e+01
3.015209646801428107e+02 3.020197639804966911e+02 8.782269210597689613e-01 7.277091364860534384e+01
4.017179516596783628e+02 4.020543807974606807e+02 7.235145712037910348e-01 7.282679964303970621e+01
5.000120058799087133e+02 5.000000000000000000e+02 2.671484609168508703e-02 7.270622559785843464e+01
6.000184602287674807e+02 6.000194318197550274e+02 4.235066930063082109e-03 7.280163265466690348e+01
7.300000000000097771e+02 7.000000000000070486e+02 4.582575694955819756e+01 7.285579684972762493e+01
8.200000000000018190e+02 8.000000000000009095e+02 5.099019513592763531e+01 7.280997724533081339e+01
1.042796601605455180e+03 1.015991825206838485e+03 1.234157724269771137e+02 7.281875015497207926e+01
1.000000000000000682e+03 1.000000000000000227e+03 1.546517116948484546e-12 7.375597984790802286e+01
1.120000000000023647e+03 1.100000000000003183e+03 3.999999999998819789e+01 7.375971784591675373e+01
1.200531753369279841e+03 1.200258041854941439e+03 9.285491673794706857e-01 7.386887320280075642e+01
1.360352920143268875e+03 1.400000000000000000e+03 5.241596397610666713e+01 7.380505075454712482e+01
1.415000000000007276e+03 1.400000000000007731e+03 3.570714214271234255e+01 7.289796550273895548e+01
