7.192200088462960821e+02 7.001744070339295831e+02 1.422568469163134068e+02 2.135559336447715850e+03
8.789409643530367315e+07 8.816931854877692461e+07 1.536663145733589865e+07 2.133843719303607941e+03
4.539173888780244827e+09 4.603585096018983841e+09 9.132955011960561275e+08 2.151234111654758635e+03
6.425169835328874797e+03 6.408548187197494372e+03 9.617421075071858922e+02 2.141488037049770355e+03
-5.324601376667608292e+02 -5.259028750916993431e+02 4.514391632732576909e+01 2.133605095303058533e+03
-7.685537487794332492e+02 -7.682524491016414458e+02 6.427353353195767838e+00 2.140566303491592407e+03
-7.508265687477121446e+02 -7.502246995178880979e+02 4.002466301536912852e+00 2.187235923206806092e+03
-6.788717242361215085e+02 -6.788697792215832578e+02 3.084084151954495645e-02 2.126098206400871277e+03
-5.271183050979573181e+02 -5.271627617625028961e+02 9.625406295599014950e-01 2.622236903440952119e+03
-1.351712394167734033e+02 -1.347166726853581622e+02 4.347110810735390629e+01 2.153121871995926085e+03
-5.374988906571950054e+01 -5.382392749343540572e+01 1.024560817534959689e+01 2.146164906597137360e+03
9.960953505114777329e+01 1.004009600018289063e+02 1.442392346163157235e+01 2.181447425901889801e+03
2.017251359707985898e+02 2.018800059452203470e+02 1.554913265565383007e+01 2.179322285890579224e+03
9.975971305838253102e+03 1.001033399629268024e+04 3.604362813857991341e+02 2.076208075499534516e+03
1.394659068911076793e+04 1.399408579327410553e+04 3.367543564882284386e+02 2.129327221453189850e+03
2.033650767334195848e+02 2.033514080664132280e+02 2.395276728623237650e-01 2.308227297055721465e+03
8.076134814564775297e+02 8.109379117776502426e+02 2.006588293088016783e+01 2.168999458801746187e+03
9.472250416057186158e+02 9.461035925745961777e+02 2.219097966141088563e+01 2.176008939707279296e+03
5.511448709073774808e+02 5.510471809963532905e+02 2.661394951603405001e+00 2.142636732006073089e+03
6.219557894996796676e+02 6.219922593382573268e+02 3.982933650683901927e-01 2.119450695753097534e+03
2.227084135889211211e+03 2.346613465568955689e+03 2.566093759816478155e+02 2.194040363252162933e+03
1.115357612118781617e+04 1.116728742734873413e+04 4.345152002636737052e+02 2.142409036552905945e+03
1.459129396863346301e+04 1.456401710904713764e+04 2.790518776959761453e+02 2.178918071794510070e+03
1.318974446252842426e+03 1.319481930050863411e+03 5.762025997792576959e+00 2.656897697150707245e+03
1.443667161553600181e+03 1.442853105230882193e+03 7.738084190733165890e+00 2.635910840404033479e+03
1.659592727272258344e+03 1.682473758222951346e+03 6.169771591335921812e+01 2.676711502647399811e+03
3.157367929623919281e+03 3.394636166042564128e+03 3.277939117824298023e+02 2.672485006201267424e+03
3.479767781296440262e+03 2.249461206385829428e+03 1.529468308101098501e+03 2.248152464199066344e+03
