-1.400000000000000000e+03 -1.400000000000000000e+03 0.000000000000000000e+00 6.838992375135421753e+01
5.489337177851905835e+03 6.197188148305150207e+03 4.913479372265703205e+03 6.847851619720458416e+01
-1.200000000000000000e+03 -1.200000000000000000e+03 0.000000000000000000e+00 6.834847724437713623e+01
-1.100000000000000000e+03 -1.100000000000000000e+03 0.000000000000000000e+00 6.833678629398346516e+01
-9.999999999999797637e+02 -9.999999999999913598e+02 2.844051837834453067e-11 6.843681584596633627e+01
-8.999806050804997994e+02 -8.999999992295134916e+02 6.100839110246712022e-02 6.830199639797210409e+01
-7.997346980752192849e+02 -7.999999712223338975e+02 1.097451914622913582e+00 6.844239174127578451e+01
-6.898204692299099179e+02 -6.882127740613711921e+02 9.851310467281070515e+00 6.841041629314422323e+01
-5.995048335543203848e+02 -5.992500893561943940e+02 4.186213111975495282e-01 6.930807445049285320e+01
-4.998490838251710784e+02 -4.999334257826592420e+02 1.930800873008995111e-01 6.842233355045318888e+01
-4.000000000000000000e+02 -4.000000000000000000e+02 0.000000000000000000e+00 6.852230849266052815e+01
-2.990547891476523432e+02 -2.990050409429067031e+02 1.154966177124046256e+00 6.853172399997711750e+01
-1.985328640679701380e+02 -1.979770634917204291e+02 1.426542843680287609e+00 6.858094429969787598e+01
-9.510248636192211791e+01 -9.968782674401859367e+01 1.326266516684229124e+01 6.835624269247054485e+01
1.786092427214156544e+02 1.877887017411402439e+02 6.622172921796897072e+01 6.838531509637832073e+01
2.003521109425086593e+02 2.000789160374157234e+02 5.306159226719500133e-01 6.866834650039672283e+01
3.017566101462078336e+02 3.020229838640617004e+02 7.043612568620061243e-01 6.847122299671173096e+01
4.020476882693718039e+02 4.022295653176345240e+02 9.143423834115959048e-01 6.845636409521102905e+01
5.000412589775852439e+02 5.000197293441220268e+02 4.356387750129466635e-02 6.840885059833526327e+01
6.000253075559941180e+02 6.000194318197550274e+02 3.036566000534514712e-02 6.842244679927826212e+01
7.650000000000000000e+02 8.000000000000000000e+02 5.722761571129798597e+01 6.849642704725265219e+01
8.187274631549387323e+02 8.000000000000000000e+02 3.677738992713587862e+01 6.851560950279235840e+01
1.093064895305677055e+03 1.182490187297601324e+03 1.062055289377216383e+02 6.856028574705123901e+01
1.024495943936186450e+03 1.018804707411630943e+03 2.963658217072343604e+01 6.947152744531631186e+01
1.139139294626588253e+03 1.100000000000000000e+03 4.838090581181445771e+01 6.946621915102005573e+01
1.205905576247152794e+03 1.200435134724740237e+03 1.122842062870018331e+01 6.957951585054397015e+01
1.368532666712672381e+03 1.400000000000000000e+03 5.017846645918259441e+01 6.954781005382537273e+01
1.450000000000000000e+03 1.450000000000000000e+03 5.000000000000000000e+01 6.947386705875396729e+01
