-1.400000000000000000e+03 -1.400000000000000000e+03 0.000000000000000000e+00 2.287897690534591533e+01
2.579593200625521604e+03 1.598302561795117981e+03 3.582173427131971039e+03 2.295299780368804932e+01
-1.200000000000000000e+03 -1.200000000000000000e+03 0.000000000000000000e+00 2.285099914073943950e+01
-1.100000000000000000e+03 -1.100000000000000000e+03 0.000000000000000000e+00 2.288089944124221731e+01
-9.999999999995015969e+02 -9.999999999999605507e+02 7.861029757780727833e-10 2.295854915380477834e+01
-9.000000000000000000e+02 -9.000000000000000000e+02 2.542114972925207483e-14 2.286900235414504934e+01
-7.999999999836861662e+02 -7.999999999986700914e+02 3.133818000036790040e-08 2.290291984081268239e+01
-6.939997929621406456e+02 -6.999999999884078079e+02 9.165467628804019995e+00 2.287856465578079224e+01
-5.997636115465289777e+02 -5.999999999618070206e+02 3.297325653714769378e-01 2.353070064783096171e+01
-4.999488300936041014e+02 -4.999667079637046072e+02 4.888262760125124118e-02 2.285740524530410767e+01
-4.000000000000000000e+02 -4.000000000000000000e+02 0.000000000000000000e+00 2.298501870632171773e+01
-2.992537807071800557e+02 -2.990050409429067031e+02 6.193570182460541584e-01 2.298779234886169576e+01
-2.000000000000000000e+02 -2.000000000000000000e+02 6.355287432313018708e-15 2.298075380325317241e+01
-9.996878267440185084e+01 -1.000000000000000000e+02 9.365197679441811252e-02 2.289874185323715139e+01
1.222866377096097921e+02 1.004682598839722232e+02 4.139736317374874375e+01 2.288727254867553640e+01
2.001526791179751399e+02 2.000000002209138472e+02 3.494047026700309311e-01 2.307670179605484151e+01
3.014193180716232519e+02 3.020196068559067726e+02 9.281621104559556468e-01 2.290108610391616750e+01
4.018874194880430082e+02 4.020572268089357522e+02 7.074489997041210065e-01 2.290709525346755981e+01
5.000128268617351068e+02 5.000000000000000000e+02 3.639226036118190649e-02 2.296205805540084910e+01
6.000165170467919324e+02 6.000194318197550274e+02 6.938547500843658851e-03 2.296049795150756978e+01
7.400000000175260766e+02 7.000000000326615464e+02 4.898979484414760321e+01 2.297537685632705617e+01
8.100000000008971028e+02 8.000000000003761897e+02 2.999999999971300113e+01 2.299065040349960398e+01
1.033888072400729015e+03 1.005320053078421324e+03 1.273411565805449470e+02 2.298697520494460989e+01
1.007209218215775536e+03 1.000000000000351065e+03 2.202116374272159049e+01 2.363598529100418233e+01
1.115000000001532726e+03 1.100000000001160288e+03 3.570714214207892212e+01 2.363895949125289775e+01
1.202163626181333711e+03 1.200258041854941439e+03 6.470847844733952137e+00 2.370563294887542583e+01
1.368810108079762131e+03 1.400000000000077307e+03 4.607473305687592813e+01 2.367355904579162740e+01
1.415000000016550985e+03 1.400000000011769316e+03 3.570714213735102760e+01 2.306044194698333882e+01
