-1.400000000000000000e+03 -1.400000000000000000e+03 2.096281709166962064e-13 4.707022934436798209e+02
1.114943523188883410e+05 9.546312209999814513e+04 7.417067623639275553e+04 4.717249459981918562e+02
6.089834555402711965e+06 1.114804893475200515e+06 1.075963466845455579e+07 4.714502345919609070e+02
3.216427818960948571e+03 1.841593817851721724e+03 3.397849965823244020e+03 4.721138520479202043e+02
-9.999999969827240420e+02 -9.999999980009976071e+02 2.569062735164707805e-06 4.706505066037178153e+02
-8.872477964915869961e+02 -8.901875373140812826e+02 1.281400297392565157e+01 4.707487668514251595e+02
-7.700061649551514620e+02 -7.713191123024412263e+02 1.984606134892398899e+01 4.717427039504051436e+02
-6.796812667524815197e+02 -6.796724651172788754e+02 9.357248188512058695e-02 4.704874500513076896e+02
-5.938569301667622540e+02 -5.938960833078895121e+02 1.417593819481393069e+00 4.801735852479934579e+02
-4.995410515311357926e+02 -4.996221756950378676e+02 3.847218821223037377e-01 4.709831984996795882e+02
-3.987065532257785208e+02 -3.985075614143599978e+02 9.999214771896810516e-01 4.712925410032272566e+02
-2.700075510005830211e+02 -2.760566585728448104e+02 1.814500602504734417e+01 4.711815309047698861e+02
-1.555331103255890071e+02 -1.569434979624431321e+02 1.529586504851178042e+01 4.713144158482551802e+02
-9.625086364124921801e+00 -5.400301191796279454e+01 1.000510258654036591e+02 4.710526602506637346e+02
1.161017539917510021e+03 1.168762285718057683e+03 3.163320957641423092e+02 4.706906566500663871e+02
2.004550306579663470e+02 2.004063224207282019e+02 2.708957668225854820e-01 4.735219013452530135e+02
3.083847347055340151e+02 3.106808844946466479e+02 4.359613539388017323e+00 4.707772482514381522e+02
4.281602250760975039e+02 4.265647503348268970e+02 9.175985193157988107e+00 4.712575845479965437e+02
5.005211962200355629e+02 5.005169309280079233e+02 1.584315801181683248e-01 4.709654107928275835e+02
6.035919813965493859e+02 6.035886822777273437e+02 3.120997058730436424e-01 4.713369981527328605e+02
9.700000044527553200e+02 1.000000002571564664e+03 9.000000034785892922e+01 4.713361544013023376e+02
1.038908174084293933e+03 1.019629718824989595e+03 1.192299115437057964e+02 4.718950151562690962e+02
2.028225448037740762e+03 2.064525637837344220e+03 2.687183561002323131e+02 4.718037726998329049e+02
1.216925399900143020e+03 1.217614840207741508e+03 5.533065039281020780e+00 4.811169254541397322e+02
1.317250411666593436e+03 1.318059923313163381e+03 4.107077316500702402e+00 4.810780989527702332e+02
1.399015907009375724e+03 1.400026869688213992e+03 6.869475540730515206e+01 4.820424128532409895e+02
1.840218734756283538e+03 1.836428168889538483e+03 3.061409251183668445e+01 4.812620525479316598e+02
1.700000007637404678e+03 1.700000005974296528e+03 5.526000451710493094e-06 4.723246966481208915e+02
