-1.400000000000000000e+03 -1.400000000000000000e+03 5.084229945850414966e-14 7.061658635497093428e+02
4.256401995968999108e+05 3.884003119155908935e+05 1.830079878209623566e+05 7.110456790566444170e+02
1.264671644592174795e+06 5.998079390088396394e+03 3.307078011917231139e+06 7.100778864026069641e+02
4.512962052047927500e+03 4.357207382494936610e+03 2.514688743776815500e+03 7.106588944554329146e+02
-9.999996466210589006e+02 -9.999996514722821530e+02 6.235332989552058681e-05 7.037869818568229903e+02
-8.867878795521586426e+02 -8.899931301832589270e+02 6.602092664842139413e+00 7.003257965445518494e+02
-7.992886081792025834e+02 -7.994306026543389407e+02 7.597988732338025741e-01 7.212895171999931563e+02
-6.790674091786381723e+02 -6.790490494985351688e+02 6.280831108023907094e-02 6.965271847009659041e+02
-5.709405021980907122e+02 -5.673040797286591896e+02 7.961570455103426980e+00 8.518435681939124606e+02
-4.999913753048331273e+02 -4.999913733375290121e+02 4.507846620953236128e-03 7.111865079998970032e+02
-3.738325982342256566e+02 -3.731361331892051112e+02 6.061065869820693841e+00 7.143962263464927673e+02
-2.720319214148623814e+02 -2.715497775712867679e+02 6.538534080449421637e+00 7.183478384494781039e+02
-1.316412233469791886e+02 -1.400649703400993076e+02 2.020388880014226984e+01 7.158423039555549394e+02
1.195545907156303201e+03 1.190039374738760671e+03 3.127899346222512804e+02 6.947140582084655307e+02
6.128668740501432694e+03 6.746955593270005920e+03 1.412948689258764034e+03 7.020570489048957370e+02
2.024967346062237823e+02 2.025360132154709731e+02 2.623167179016940298e-01 7.454138458490372159e+02
3.527685890108771787e+02 3.518475711225042915e+02 6.542066208522308024e+00 7.072585759997367632e+02
5.603735505067908207e+02 5.824285826052600896e+02 4.823434565995804491e+01 7.086560636043548129e+02
5.025054545251333593e+02 5.023737794157662506e+02 5.038259250682166623e-01 7.078838110923767317e+02
6.102588563648575928e+02 6.101417596283008606e+02 6.995178708584900429e-01 7.090583908438682101e+02
9.871576895073718561e+02 1.000000000879445679e+03 5.347639711254672079e+01 7.185721047997474216e+02
1.853207568956651130e+03 1.785104086885047536e+03 2.979035893350423407e+02 7.168982333540916443e+02
6.114088474731641327e+03 6.236669360152418449e+03 1.677744262203976859e+03 7.207728580951691129e+02
1.235048397642430018e+03 1.234637749597306538e+03 6.367658673078237186e+00 8.656024852514267423e+02
1.346818629884894563e+03 1.348048338476279014e+03 6.795642582591932879e+00 8.649062952399253845e+02
1.502074730726383223e+03 1.527021964012659282e+03 6.856523067791376036e+01 8.746861840963363193e+02
2.009538420128167218e+03 1.963924474875927217e+03 1.464840598104930791e+02 8.714194340467453230e+02
1.700000001837507398e+03 1.700000001641356675e+03 1.072051574327838980e-06 7.333926193952560197e+02
