-1.399999999999999773e+03 -1.399999999999999773e+03 0.000000000000000000e+00 1.596492752158641906e+03
8.007288318676474737e+05 7.826288353589172475e+05 1.879573269865639159e+05 1.845468406200408936e+03
3.624601739874144644e+07 1.902030718227881566e+07 5.125302991861481220e+07 1.802691396892070770e+03
9.458479743208645232e+03 9.449077857128660980e+03 1.768523419911176234e+03 1.848980156493186996e+03
-9.999996565221583751e+02 -9.999996494198824166e+02 2.244012572348056151e-05 1.836479619050026031e+03
-8.565526684650292282e+02 -8.565526684650287734e+02 1.357832109356039658e-12 1.670970309007167771e+03
-7.686513343276353680e+02 -7.652268221146691758e+02 1.355686871725218445e+01 1.688738628399372146e+03
-6.788697738682697036e+02 -6.788736569341319864e+02 3.264557851368655311e-02 1.771563082647323654e+03
-5.390988336878797327e+02 -5.359625277601898006e+02 1.052987338628406633e+01 2.156163673341274261e+03
-4.999516948390119069e+02 -4.999630394758198690e+02 2.509749139109750463e-02 1.621448944056034179e+03
-3.139785858773004179e+02 -3.151837232891400049e+02 2.040628134798859605e+01 1.608035961699485824e+03
-2.277003966019484835e+02 -2.243832150270772559e+02 1.448856017348230907e+01 1.617432371139526367e+03
-2.272972918701358580e+01 -3.280665826536581164e+01 4.416296522137000835e+01 1.757914707243442535e+03
2.919370479797591543e+03 2.904208589831798236e+03 6.136806697595454807e+02 1.598086851406097367e+03
1.106678048793244307e+04 1.290154990553755852e+04 2.861770627496953239e+03 1.594265830099582672e+03
2.028192475847451419e+02 2.027401198076692879e+02 4.329959757452466751e-01 1.805455244648456528e+03
4.254954679661685759e+02 4.262148988866757691e+02 1.361168070140655573e+01 1.605738973999023528e+03
6.518946301436253634e+02 7.388633918846887809e+02 1.328026702815599549e+02 1.649144390702247620e+03
5.051871720111806212e+02 5.050516966374460708e+02 9.731951833385690254e-01 1.839166926801204681e+03
6.217555370919444613e+02 6.213080616006698165e+02 2.073099600029370659e+00 1.764266713845729782e+03
1.562966559424771276e+03 1.828262933976493059e+03 3.950678515766169312e+02 1.629832805895805450e+03
4.059352937684805511e+03 3.975689901200255008e+03 6.863748275026832744e+02 1.677137823450565293e+03
1.041730060086730009e+04 9.139833993191950867e+03 2.786920025893916772e+03 1.652148937106132507e+03
1.267083086926648775e+03 1.266916392169884148e+03 1.021132846814706774e+01 2.199538700890540895e+03
1.406195745057857266e+03 1.407201087613388609e+03 1.419739539769509484e+01 2.197211989295482454e+03
1.608838860409740164e+03 1.604077493619061897e+03 4.187123910087858292e+01 2.214447555553912935e+03
2.562808122220913901e+03 2.454367873964250521e+03 2.709313236529146707e+02 2.213046695959567842e+03
3.287046806772920718e+03 3.271938915323244601e+03 1.487227264242144656e+03 1.829117408692836761e+03
