-1.399999999312863565e+03 -1.399999999779756990e+03 1.007530188379981644e-06 5.717506940364837931e+01
3.470926455321307003e+03 6.410142877598393625e+02 5.177770817269775762e+03 5.728843480348587036e+01
-1.199978965930381264e+03 -1.199995011650305969e+03 3.132505189496359588e-02 5.721879899501800537e+01
-1.099966197246654247e+03 -1.099990485853801601e+03 5.447085609792936406e-02 5.727024960517883301e+01
-9.999995483029154002e+02 -9.999996359364910177e+02 2.545717889190440104e-04 5.724613544940948628e+01
-8.999985369792990468e+02 -8.999999772174630834e+02 4.129719781837615060e-03 5.719371415376663492e+01
-7.999828935027132957e+02 -7.999941317714549314e+02 3.453875533287525251e-02 5.730306220054626465e+01
-6.909786119892501119e+02 -6.998749935902219477e+02 9.931876847607243874e+00 5.728467345237731934e+01
-5.996289881323392592e+02 -5.997470929000277238e+02 3.805809593562560766e-01 5.789047189950942851e+01
-4.999392453998254382e+02 -4.999621303429989894e+02 6.514701886980001078e-02 5.726950474977493144e+01
-3.999999971694238639e+02 -3.999999986706403661e+02 3.107869809371066067e-06 5.735226129293441488e+01
-2.993034696042404335e+02 -2.995024743961803324e+02 7.771131156942506779e-01 5.733319150209426596e+01
-1.993107454698102572e+02 -1.999999709759601387e+02 1.076752952806268926e+00 5.735979454517364218e+01
-9.999985883267558506e+01 -9.999997506219125398e+01 2.625703174310519859e-04 5.726830580234527446e+01
1.494932313517293210e+02 1.167588015525149103e+02 6.562753237216169566e+01 5.730213564634323120e+01
2.002797550074093920e+02 2.002737814511947931e+02 1.440301406475549828e-01 5.746552995443344258e+01
3.016158539147312467e+02 3.020196514990164474e+02 8.077339152039110237e-01 5.727385715246200704e+01
4.017324060725094341e+02 4.020818146127853652e+02 8.286494782503138756e-01 5.729775145053863383e+01
5.000151021418864730e+02 5.000197321169693510e+02 1.457213908110760112e-02 5.724966219663620137e+01
6.000174889120465878e+02 6.000194318215985732e+02 5.828783961101240835e-03 5.726392430067062378e+01
7.500095360526818240e+02 7.500186969590356512e+02 4.999350883873288609e+01 5.739013534784317017e+01
8.300022724719431153e+02 8.000024611337092892e+02 7.141390610931732397e+01 5.737895439863204672e+01
9.938335821313505676e+02 9.580670635973104936e+02 1.050720837789601347e+02 5.739263615608215474e+01
1.004090646313405387e+03 1.000001244978482873e+03 7.452429139368168087e+00 5.800241894721985147e+01
1.120002957779699955e+03 1.100003404931925388e+03 3.999865364501129505e+01 5.800986499786377237e+01
1.202130788758858444e+03 1.200259275833166612e+03 7.244534720032758557e+00 5.804716165065765665e+01
1.372006390004722107e+03 1.400000579177514282e+03 5.015363626931851826e+01 5.804288614988327311e+01
1.435014731050684759e+03 1.400032285462828440e+03 4.768931887665039682e+01 5.745929675102233603e+01
