-1.400000000000000000e+03 -1.400000000000000000e+03 0.000000000000000000e+00 6.114095649719238423e+01
3.785286103192013798e+03 2.349323831285282722e+03 4.136891746151128245e+03 6.134108239412307739e+01
-1.200000000000000000e+03 -1.200000000000000000e+03 0.000000000000000000e+00 6.114485614299773886e+01
-1.100000000000000000e+03 -1.100000000000000000e+03 0.000000000000000000e+00 6.115334554910659648e+01
-9.999999999999863576e+02 -9.999999999999936335e+02 1.729211931443983794e-11 6.122330830097198628e+01
-9.000000000000000000e+02 -9.000000000000000000e+02 2.357460443059576301e-13 6.118784325122832968e+01
-8.000000000000000000e+02 -8.000000000000000000e+02 0.000000000000000000e+00 6.126559054851531982e+01
-6.920057891505524594e+02 -7.000000000000000000e+02 9.790901782554007227e+00 6.119269878864288614e+01
-5.998875134034291250e+02 -6.000000000000000000e+02 2.677716595270112632e-01 6.210215219259261943e+01
-4.999667079637941356e+02 -4.999901353279390150e+02 4.708064563832631971e-02 6.123810715675354288e+01
-3.999502520471453408e+02 -4.000000000000000000e+02 2.168462991415098240e-01 6.131593564748764180e+01
-2.993532768647802982e+02 -2.995025204714533515e+02 9.050837464115489839e-01 6.136694250106811666e+01
-1.995921108589347739e+02 -2.000000000000000000e+02 8.158785067324285656e-01 6.134987349510193155e+01
-9.804332205119851551e+01 -9.968782674401859367e+01 5.043264659965710273e+00 6.123217629194259359e+01
1.246104693933053085e+02 1.086907833480725003e+02 3.268720280440312109e+01 6.119267389774322652e+01
2.000353831371978686e+02 2.000000000000007958e+02 1.107589142024029694e-01 6.146959329843521402e+01
3.014406399929586087e+02 3.020225124902920015e+02 9.382355548675136436e-01 6.125462074279785440e+01
4.020162920642154063e+02 4.021170679233830469e+02 6.744303640565888491e-01 6.127597509622573568e+01
5.000104508220796333e+02 5.000000000000000000e+02 2.020017146897320690e-02 6.116603219509124756e+01
6.000126306828409497e+02 6.000194318197550274e+02 9.268387309594429413e-03 6.116787929534912394e+01
7.600000000000056843e+02 8.000000000000000000e+02 4.898979485565651970e+01 6.133005419969558858e+01
8.090656074332066510e+02 8.000000000000000000e+02 2.735686454778565491e+01 6.135980179309844829e+01
1.004767151853959376e+03 9.161321100093624636e+02 1.227967909326706888e+02 6.135077434778213501e+01
1.004715941628488508e+03 1.000000000000000000e+03 8.168330258336972349e+00 6.223472539186477803e+01
1.110000000000000000e+03 1.100000000000000000e+03 3.000000000000000000e+01 6.223658905029297017e+01
1.200681049473293569e+03 1.200258041854941439e+03 1.251047772723492990e+00 6.235896635055541992e+01
1.338845581502032701e+03 1.304395587040369719e+03 4.849244359570847962e+01 6.231252889633178427e+01
1.440000000000000000e+03 1.400000000000000000e+03 4.898979485566355407e+01 6.272676104307174683e+01
