-1.399999485289649101e+03 -1.399999621410129294e+03 5.393900820665610638e-04 4.611694149971008017e+01
-5.985592946512709887e+02 -8.295769073494636814e+02 6.195618170156449196e+02 4.628798459768295004e+01
-1.197195706198024254e+03 -1.198872421348529770e+03 3.227151186562911889e+00 4.613919410705566548e+01
-1.093476910074220086e+03 -1.097071425518555998e+03 9.209198807660404995e+00 4.622050675153732158e+01
-9.999876259116542769e+02 -9.999915499060514321e+02 1.161661621268685225e-02 4.617188910245895528e+01
-8.999994113788559389e+02 -8.999997201457849769e+02 7.356337476856503405e-04 4.609002940654754354e+01
-7.996342795353660904e+02 -7.998841886113764303e+02 4.820868090931780814e-01 4.627567429542541788e+01
-6.952002820937965453e+02 -6.984417618772483820e+02 7.651278049226708511e+00 4.629096370935440063e+01
-5.996992195253280897e+02 -5.998497642329049313e+02 3.193926025427551441e-01 4.727094964981078817e+01
-4.997779221887941503e+02 -4.998375557950760140e+02 1.315294594422691254e-01 4.618793305158614970e+01
-3.999993476184958467e+02 -3.999995973505234019e+02 8.630345316973156693e-04 4.635030294656753824e+01
-2.997150322567351850e+02 -2.999869411297977422e+02 4.316915793300605819e-01 4.633740625381469869e+01
-1.998933592291717503e+02 -1.999956444535951334e+02 4.333225525635372444e-01 4.639403064250946329e+01
-9.989283146847627393e+01 -9.997041557568974213e+01 1.179099837417276891e-01 4.626811245679855489e+01
1.014893049370355982e+02 1.006401510135523267e+02 3.693413633228766813e+00 4.630795489549636557e+01
2.003323776272664816e+02 2.002885450806459744e+02 1.991998211499884652e-01 4.661762330532074117e+01
3.004531250061817218e+02 3.000561736554429899e+02 7.995043950647964248e-01 4.628474100828170634e+01
4.008554137860834317e+02 4.007102208933706606e+02 7.087588153362824883e-01 4.631726055145263388e+01
5.000159228222328238e+02 5.000059597699591905e+02 2.163188947046282978e-02 4.615026069879532145e+01
6.000153896748543048e+02 6.000194319866042179e+02 7.201144383504746657e-03 4.621506279706954956e+01
7.005997879235237633e+02 7.005029538997434884e+02 4.982687523291705611e-01 4.647672679424285747e+01
8.000737723805535779e+02 8.000525743234725269e+02 5.898580806215140970e-02 4.644713455438613892e+01
9.089978280100249322e+02 9.005516489032597747e+02 2.243112907668073674e+01 4.644988144636154459e+01
1.001794440208265996e+03 1.001867066691033187e+03 1.735168349896988538e+00 4.749819580316543721e+01
1.101848187967853391e+03 1.100135113123701103e+03 5.103460544289136536e+00 4.748952995538711264e+01
1.200306758539630437e+03 1.200158340750524530e+03 3.374980594691817659e-01 4.755083899497985556e+01
1.319642966642399870e+03 1.314239996691361739e+03 2.042408828739319659e+01 4.749724680185317993e+01
1.400305281420804704e+03 1.400271021795720571e+03 1.884627046721873700e-01 4.656702669858932353e+01
