-1.399999819368675162e+03 -1.399999939364674901e+03 4.071564730438915905e-04 3.795449764728546427e+01
-5.052961368814132470e+02 -9.556428858275302218e+02 1.017696515763610137e+03 3.812520749568939493e+01
-1.196711999309207840e+03 -1.198841106194216081e+03 6.192603345293165695e+00 3.802043659687042521e+01
-1.091268013929377503e+03 -1.095089770375312128e+03 9.982149947599086914e+00 3.807300075292587138e+01
-9.999939797298153508e+02 -9.999962088660656718e+02 5.498995268935547021e-03 3.801401344537735127e+01
-8.999988820265027698e+02 -8.999996132069234136e+02 1.930138935901102573e-03 3.794126930236816264e+01
-7.996419796943422398e+02 -7.997562682021997489e+02 3.796758614237847884e-01 3.815292919874191568e+01
-6.953366596511452826e+02 -6.992787173749095473e+02 7.728196070448833055e+00 3.809975055456161641e+01
-5.998286610598777315e+02 -5.999472541842026203e+02 2.337673399878778535e-01 3.894782354831695415e+01
-4.998510099125164743e+02 -4.998688282098919444e+02 9.773850810459550065e-02 3.806467764377593710e+01
-3.999986534580392572e+02 -3.999997240261200204e+02 3.468071418101255094e-03 3.820746409893035889e+01
-2.997949614215926886e+02 -2.999958052816550662e+02 4.003185882500899795e-01 3.819002419710159302e+01
-1.997794713120445067e+02 -1.999953937372797839e+02 5.964675322838689508e-01 3.819267724752425863e+01
-9.998532493988719239e+01 -9.999360783231355754e+01 1.924810927192308410e-02 3.811852750778198384e+01
1.022070678736215825e+02 1.006250949128867092e+02 4.971692722721407165e+00 3.810063664913177206e+01
2.002725755191523547e+02 2.002414015615447056e+02 1.687529757783565176e-01 3.840411934852600240e+01
3.008253105979305246e+02 3.000491320519062128e+02 9.819588089837004707e-01 3.810028095245361612e+01
4.012150692391250004e+02 4.014428696093278859e+02 9.874360004659492596e-01 3.813546475172042705e+01
5.000107888611122462e+02 5.000095196183733606e+02 1.286318923634748208e-02 3.798382250070572042e+01
6.000194340944456144e+02 6.000194334725074441e+02 2.344297562840528997e-06 3.805236445665359213e+01
7.003795157125867945e+02 7.003240800186251818e+02 2.504561107231746964e-01 3.826968274116516255e+01
8.000423397503163869e+02 8.000342925354648287e+02 3.365316885319424162e-02 3.825459794998168661e+01
9.039232525328552583e+02 9.003370693844169637e+02 6.540908670362238553e+00 3.826432754993438579e+01
1.001309167971802367e+03 1.000320814227855408e+03 1.444932650399176177e+00 3.908770890235901163e+01
1.100927941898331483e+03 1.100072252908273640e+03 3.637684138874326845e+00 3.910030720233917378e+01
1.200245613831051287e+03 1.200094239410565478e+03 3.453283400539166048e-01 3.913850015401840210e+01
1.334208507058018313e+03 1.311673375558472344e+03 3.854871663807145410e+01 3.913786479234695292e+01
1.400221538316738361e+03 1.400190639756020119e+03 1.338129880249832038e-01 3.834808574914931967e+01
