-1.400000000000000000e+03 -1.400000000000000000e+03 0.000000000000000000e+00 4.581750245928764116e+02
9.478439784868757124e+04 9.965236190561146941e+04 4.425853747857503913e+04 4.671066683053970223e+02
6.328266188748354034e+04 -1.199906980709028630e+03 2.254464081622893573e+05 4.658331295490264665e+02
1.457346195384294333e+04 1.239873971314121445e+04 1.016844680857107232e+04 4.671207235932350272e+02
-9.999999984452400668e+02 -9.999999985322624525e+02 8.199325320280249689e-07 4.662418958544731140e+02
-8.906709914472697847e+02 -8.901875771106924731e+02 2.107154309198864262e+00 4.666580026984214555e+02
-7.982043716327484617e+02 -7.998009243512104831e+02 3.254832953776654936e+00 4.624945995926856881e+02
-6.796648146732097757e+02 -6.796319209409302857e+02 1.292322831117390936e-01 4.638766768097877389e+02
-5.952835496260483978e+02 -5.954350825241922394e+02 2.003178298236764299e+00 4.733564786553382646e+02
-4.998926405160001423e+02 -4.999063457582942647e+02 5.239834725693173767e-02 4.603654100418090707e+02
-3.952739469999882544e+02 -3.960201637716268124e+02 2.846951483983162223e+00 4.596942627072334062e+02
-2.896779802708348370e+02 -2.905478965143423693e+02 5.332486226672973118e+00 4.606399890542030562e+02
-1.762709070532008866e+02 -1.763241615926887960e+02 9.011783379275410510e+00 4.597140896081924666e+02
6.102561641972936002e+01 7.071989107349509140e+01 1.389001695035563841e+02 4.594824479937553292e+02
1.118340246283006991e+03 1.250836919398638429e+03 3.477234077449166421e+02 4.601972068071365243e+02
2.007746306923664577e+02 2.006771765479495571e+02 3.682887501205476810e-01 4.649260340452194100e+02
3.143520605582787084e+02 3.143346169499835696e+02 2.838218628303937674e+00 4.598147160530090218e+02
4.183788153439821826e+02 4.182645772407282720e+02 2.333125660320956030e+00 4.630547477006912231e+02
5.006530221277939745e+02 5.007100213417751320e+02 2.076956823982676614e-01 4.657974457502365340e+02
6.035712086169144186e+02 6.035655791956642133e+02 3.261071088817440455e-01 4.669086915493011247e+02
1.000000000000000227e+03 1.000000000000000114e+03 1.048140854583481032e-13 4.616180239439010506e+02
1.182744373839559103e+03 1.184606198520672933e+03 1.228347178702055373e+02 4.609224096417427177e+02
2.034011636462903425e+03 1.979134573400084946e+03 3.844536484972824155e+02 4.618178701519966012e+02
1.213725346270321552e+03 1.214039030373562127e+03 3.153310013127583300e+00 4.741188380479812849e+02
1.312952514801884263e+03 1.312687388307310357e+03 3.824355485168579705e+00 4.736372111558914071e+02
1.405406701853556342e+03 1.400022125018524548e+03 5.364252202526547819e+01 4.748238610029220581e+02
1.822996121375857456e+03 1.817781487966907207e+03 2.564569165447271359e+01 4.729278932452201616e+02
1.700000000000000000e+03 1.700000000000000227e+03 3.294957593013677839e-13 4.628218537449836845e+02
