-1.400000000000000000e+03 -1.400000000000000000e+03 0.000000000000000000e+00 2.619818160414695853e+02
8.308155457946631941e+04 5.916265700095359352e+04 6.571988974409202638e+04 2.767004817008972282e+02
6.949375584951273049e+04 -1.198467007855283555e+03 2.999496524183579022e+05 2.746924046516418230e+02
1.138764010488282292e+04 1.085311113532100353e+04 5.828653842611980508e+03 2.771674643993377458e+02
-9.999999999183708042e+02 -9.999999999161616415e+02 4.742961287602800067e-08 2.737980520009994621e+02
-8.906255376833826176e+02 -8.901875771646375597e+02 1.909106954728166050e+00 2.744409685492515791e+02
-7.984073919469869907e+02 -7.999475829216437432e+02 4.576676982178460307e+00 2.696392526030540466e+02
-6.796071004450877808e+02 -6.796146120801140569e+02 1.163495918183947153e-01 2.681826228022575265e+02
-5.966855718372453339e+02 -5.971167454718431600e+02 1.571232652041077538e+00 2.946267836928367387e+02
-4.999168322034182665e+02 -4.999213098300408546e+02 4.310483137799346609e-02 2.650409839510917891e+02
-3.951247021315886059e+02 -3.950252072334430977e+02 2.414696055072917069e+00 2.649827131032943726e+02
-2.901996613526853821e+02 -2.905478965143423693e+02 2.482910044588456433e+00 2.651093850016594047e+02
-1.784085599213550779e+02 -1.823859755549599981e+02 1.157138415295228739e+01 2.641203039050102461e+02
2.638459452909078351e+01 2.120225507342775018e+01 9.861943601061561537e+01 2.640494305014610177e+02
1.090421964898454007e+03 1.101391243249149056e+03 2.382998668344642681e+02 2.662229345560073739e+02
2.004405286233927939e+02 2.003403000268317555e+02 3.810883546529045263e-01 2.766293964982032776e+02
3.147766836980620724e+02 3.148595180753556519e+02 3.567991232957201664e+00 2.642540776491165389e+02
4.179534431836405020e+02 4.170056167904995164e+02 3.174804994853763329e+00 2.670132089495658647e+02
5.006229973741612298e+02 5.005912340376476664e+02 1.607117708784321364e-01 2.751835517048835982e+02
6.034789751872403940e+02 6.034064385977271741e+02 3.032804059497512528e-01 2.758683942079543954e+02
1.000000000000000000e+03 1.000000000000000000e+03 6.226884551155831951e-14 2.701931975603103524e+02
1.094051340052488740e+03 1.083534427656867592e+03 1.419463501157611915e+02 2.669501352071762312e+02
1.787103266046968884e+03 1.814300794489096461e+03 2.321415861536954139e+02 2.714524910449981689e+02
1.213454979946889353e+03 1.212484684425922069e+03 4.677884421914030533e+00 2.955024590015411263e+02
1.312563601934836925e+03 1.313184973321699545e+03 4.278708004623490879e+00 2.957479555487632865e+02
1.414193292010412279e+03 1.400024822160239410e+03 5.635285338676633415e+01 2.966740752458572388e+02
1.819902102749572123e+03 1.818229806135760555e+03 2.268606889660717485e+01 2.946593281984329451e+02
1.700000000000000000e+03 1.700000000000000000e+03 5.084229945850414966e-14 2.735975028514861833e+02
