-1.399999431227592595e+03 -1.399999713094619437e+03 5.835418143853026048e-04 6.320249910354614542e+01
-1.088705551958496017e+03 -1.179300855635194694e+03 2.513933017877131135e+02 6.329077295064926290e+01
-1.198442764778858646e+03 -1.199219326970915517e+03 1.934164079807372705e+00 6.322450859546661661e+01
-1.088929090696221920e+03 -1.098168904802234920e+03 2.656768252122552099e+01 6.324925605058670186e+01
-9.999866136184971310e+02 -9.999901574285956940e+02 1.257400047110869210e-02 6.321089169979095601e+01
-8.999991520873509216e+02 -8.999995670798699621e+02 8.388445650898577674e-04 6.316878180503844931e+01
-7.997043079148221523e+02 -7.998221590472646767e+02 2.631704212422738554e-01 6.328578674793243408e+01
-6.975263100641443543e+02 -6.997620612953007821e+02 5.883547463602988969e+00 6.329724725484847880e+01
-5.997756814684181563e+02 -5.999359530166582317e+02 2.946289186042279074e-01 6.398316444158554361e+01
-4.998331809936826176e+02 -4.998598115274547808e+02 1.230069243900489273e-01 6.325773110389709331e+01
-3.999981780990564744e+02 -3.999992901834224313e+02 2.721781203733757235e-03 6.332045105695724629e+01
-2.999379160337075518e+02 -2.999918199325661590e+02 2.176135430748652178e-01 6.334617310762405396e+01
-1.999884860355316221e+02 -1.999965843714799405e+02 1.828649811077120643e-02 6.334363535642624043e+01
-9.993848058663409972e+01 -9.995784503509207752e+01 7.643299202234257739e-02 6.329583315849303915e+01
1.007334594942389288e+02 1.004700826094298804e+02 7.585209073908972810e-01 6.331292359828948690e+01
2.002900734990012950e+02 2.003091546094074715e+02 1.251831957953203900e-01 6.353352560997009135e+01
3.003306720728666050e+02 3.000295863923605566e+02 7.158402844687907773e-01 6.330055040121078491e+01
4.007866609503495283e+02 4.003414280016199882e+02 8.567863472265483393e-01 6.327773095369339273e+01
5.000071072272510833e+02 5.000004630334731246e+02 1.155527290158551816e-02 6.320409374237060263e+01
6.000176320976266879e+02 6.000194326451207871e+02 5.448758258028628572e-03 6.327108008861542032e+01
7.008600577549898389e+02 7.008406045220767737e+02 4.538718813221418458e-01 6.339691594839096211e+01
8.001036142431206599e+02 8.000654416389204471e+02 1.416551771342064170e-01 6.339272969961166382e+01
9.040157704013123521e+02 9.009707972728438108e+02 6.249782905792398147e+00 6.340061904191971109e+01
1.001205841542419876e+03 1.000301853026475555e+03 1.377024542086337400e+00 6.410455144643783854e+01
1.100359335035206641e+03 1.100176832481713291e+03 5.402713722535437135e-01 6.411978719234465984e+01
1.200419141011504053e+03 1.200262803212747713e+03 3.812969847847876292e-01 6.418015115261077597e+01
1.321825281956469098e+03 1.316182121088632130e+03 2.675023603012230211e+01 6.414444969892501547e+01
1.400478571181815369e+03 1.400392896184957635e+03 3.005020159486323506e-01 6.348342950344085978e+01
