-1.399999999999999773e+03 -1.399999999999999773e+03 0.000000000000000000e+00 8.887574957489966891e+02
7.514330684428208042e+05 6.720985341724934988e+05 2.434899893324937439e+05 1.518651174902915955e+03
3.644483208353374153e+07 2.284686816094727069e+07 3.444182893572617322e+07 1.403805505239963622e+03
1.007264676976370356e+04 9.713374807002674061e+03 2.328653321430108008e+03 1.514587108647823243e+03
-9.999996323205843964e+02 -9.999996311576685457e+02 2.166133338690958232e-05 1.514996539807319550e+03
-8.559839478717849488e+02 -8.565526684650278639e+02 1.706163324512982804e+00 1.202927954947948365e+03
-7.614635713544541886e+02 -7.651085828165898874e+02 1.668984927161817922e+01 1.306501561546325775e+03
-6.788692519249635779e+02 -6.788674449326555305e+02 4.094024007134736826e-02 1.356982120800018265e+03
-5.298599468525117118e+02 -5.284389038073728670e+02 4.911641471927007174e+00 1.555430148148536773e+03
-4.999073240251362904e+02 -4.999112831742494336e+02 3.415911388471465360e-02 9.957704277515410922e+02
-3.272654794461162737e+02 -3.268706101509009159e+02 1.108368383064200202e+01 9.331891658425331570e+02
-1.988262023311047244e+02 -2.263731356601733467e+02 8.074266689846149347e+01 1.006047931194305420e+03
6.760754539631031435e+01 5.040296727614881434e+01 8.737889717558675784e+01 1.063022590398788452e+03
2.878347180870725424e+03 2.910733234859811091e+03 5.897954630221537400e+02 1.046762467205524445e+03
1.388385050145042260e+04 1.409388064738763023e+04 1.574183153581781880e+03 9.581706596016883850e+02
2.032758215673578093e+02 2.032413205854808211e+02 4.141286315028816500e-01 1.237347519600391479e+03
4.171106470014718752e+02 4.205490622770279288e+02 1.129531746603766607e+01 9.675175158023834001e+02
7.896822945814521972e+02 8.078758812821818083e+02 6.577960508634647852e+01 8.902714759945869218e+02
5.048467100886520598e+02 5.049219629971135532e+02 1.062714376213494072e+00 1.514919742405414581e+03
6.231022078356124894e+02 6.226402431118417553e+02 1.823284000263414750e+00 1.083681919050216720e+03
1.347516146459449601e+03 1.197978261700253370e+03 4.530341500536799231e+02 1.030732617855072021e+03
4.352136481216897664e+03 4.240295262154870215e+03 5.731595619242405064e+02 1.316749289596080871e+03
1.426486800498530283e+04 1.492118308089365200e+04 2.168923184250008035e+03 1.000140636646747566e+03
1.295801980357587354e+03 1.288662884856756591e+03 2.831446936047409935e+01 1.699193164253234954e+03
1.419346149005280722e+03 1.415435372610955255e+03 2.592315194899462583e+01 1.697619550299644516e+03
1.666007711346700717e+03 1.671840587441300841e+03 2.058426699988533670e+01 1.634818260550498962e+03
3.139403798816897506e+03 3.225838585424326084e+03 3.651318722577393601e+02 1.638506773602962539e+03
2.700969960992998494e+03 1.800000000000000909e+03 1.376279288819154772e+03 1.321546048200130372e+03
