-1.400000000000000000e+03 -1.400000000000000000e+03 0.000000000000000000e+00 5.298897225856781290e+01
3.371231324324463003e+03 1.587436410185716568e+03 4.268941067853047571e+03 5.314162445068359375e+01
-1.200000000000000000e+03 -1.200000000000000000e+03 0.000000000000000000e+00 5.292119510173797892e+01
-1.100000000000000000e+03 -1.100000000000000000e+03 0.000000000000000000e+00 5.296845669746399210e+01
-9.999999999999797637e+02 -9.999999999999905640e+02 2.309290039044965548e-11 5.303786454200744771e+01
-8.999999999659987679e+02 -8.999999999999981810e+02 1.399795383098867706e-07 5.306986550092697286e+01
-7.999995114285092086e+02 -8.000000000000000000e+02 1.645862063006066399e-03 5.304056954383850098e+01
-6.879986324107264863e+02 -6.799999597557540483e+02 9.799075797666368715e+00 5.296169809103012227e+01
-5.998645493141318639e+02 -6.000000000000000000e+02 2.766857345380105415e-01 5.378524204492568828e+01
-4.999197352247383606e+02 -4.999371287303421241e+02 7.881985877568906118e-02 5.303635694980621196e+01
-3.998507561414360225e+02 -4.000000000000000000e+02 3.552714447781128992e-01 5.314735460281372070e+01
-2.991542848014707374e+02 -2.990050409429067031e+02 6.505388974245295275e-01 5.314312169551849507e+01
-1.989957791507350180e+02 -2.000000000000000000e+02 1.134327995146775514e+00 5.312742514610290812e+01
-9.815258269079200204e+01 -9.968782674401859367e+01 4.973990472655484218e+00 5.299205654859542847e+01
1.596083846410649585e+02 1.335144403683643759e+02 6.442890789048961153e+01 5.296036174297332622e+01
2.001485471038115520e+02 2.000000000000043201e+02 4.793179522014426874e-01 5.330439354181289957e+01
3.015317259072216984e+02 3.020225124902920015e+02 8.654131702427494410e-01 5.306804490089416504e+01
4.021834717396326937e+02 4.022802342570581686e+02 1.120310376963009835e+00 5.304166001081466675e+01
5.000306011165418454e+02 5.000197293441220268e+02 3.979574876169904296e-02 5.301716974973678731e+01
6.000267126783364802e+02 6.000194318197550274e+02 2.049117790320771279e-02 5.301279380321502543e+01
7.700000000000000000e+02 8.000000000000000000e+02 4.582575694955839651e+01 5.312818559408187724e+01
8.496911344000582176e+02 8.000000000000000000e+02 8.267791327163494941e+01 5.314066690206527710e+01
1.062927755833519313e+03 1.045345240323486451e+03 1.176598801791064517e+02 5.316249824762344645e+01
1.006324751379778945e+03 1.000000000000000000e+03 1.402379149240803002e+01 5.392879379987716959e+01
1.128187155756801985e+03 1.100000000000000000e+03 4.210115266200777029e+01 5.395685089826584147e+01
1.201032887877274334e+03 1.200435134724740237e+03 3.202000123163162293e+00 5.402687549591064453e+01
1.375789390473300273e+03 1.405137812343155701e+03 5.401860244948900203e+01 5.399786424636840820e+01
1.440000000000000000e+03 1.400000000000000000e+03 4.898979485566356118e+01 5.326217789649963663e+01
