-1.399999999999999545e+03 -1.399999999999999091e+03 5.661558860987830345e-13 9.484706060051918257e+02
1.975750968327349750e+06 1.814628818548516138e+06 6.608897155113652116e+05 1.074633518397808075e+03
1.254125213651171207e+09 9.255792943983483315e+08 9.678444937822260857e+08 1.077606893301010132e+03
-5.863778507221516065e+02 -7.226429195970251840e+02 3.780842815146115754e+02 1.072034369599819229e+03
-9.999999999997829718e+02 -9.999999999997976374e+02 9.320152419154017152e-11 1.037503041398525284e+03
-8.513035580710717340e+02 -8.565526681201250767e+02 1.396069155245495175e+01 1.069741305494308563e+03
-5.669029465058154074e+02 -5.778390390075821870e+02 6.983433284509099792e+01 1.090132970058918090e+03
-6.788025378835097854e+02 -6.788065536207848254e+02 7.351827650519983381e-02 1.002145491552352951e+03
-5.470482532474727577e+02 -5.466029014078429782e+02 3.556656736668440733e+00 1.368232685554027512e+03
-4.998198245091524541e+02 -4.998151591507351554e+02 4.943527447105423855e-02 1.010908398997783706e+03
-3.486627274599087514e+02 -3.519031078422192422e+02 9.092208397759804939e+00 9.795280065536499023e+02
1.902723086914826922e+02 1.788790144892564058e+02 1.288795166704459518e+02 9.894847400069236301e+02
4.785590648491516959e+02 4.555825265262800485e+02 1.730426992133068325e+02 9.548133770465850603e+02
1.484628108316912176e+03 1.476753676792535771e+03 3.354481746649515230e+02 9.683693511486053467e+02
8.154598332595317515e+03 8.286301989281702845e+03 9.979922408999564141e+02 1.018540874850750015e+03
2.011326022607191533e+02 2.009795998623829973e+02 6.460583112077642465e-01 1.103470228397846313e+03
4.027529374443786310e+02 4.031180985074295222e+02 1.512101136284057112e+01 9.776025639533996809e+02
7.534991553401512192e+02 7.556552923878527963e+02 8.552269857977280765e+01 1.067252225744724228e+03
5.066316511771330511e+02 5.062458589432528697e+02 1.239764006432016785e+00 1.069502054357528777e+03
6.245450626416707109e+02 6.250000000000000000e+02 8.238281032867194043e-01 9.930502340912819363e+02
1.516553412725949329e+03 1.828262933976496242e+03 4.151885737723760030e+02 1.012554651856422424e+03
2.691220006162645859e+03 2.621153841983985785e+03 3.198562515006732383e+02 1.015800005304813340e+03
1.074865574252355145e+04 1.060584673700558778e+04 1.305349189179018367e+03 1.062727861499786286e+03
1.361662711956522799e+03 1.359228018423044659e+03 9.586552257999970905e+00 1.394778540599346115e+03
1.474437706649314350e+03 1.476698087097634016e+03 1.161298132931291427e+01 1.399346439158916382e+03
1.639290330387349968e+03 1.637930922954418520e+03 1.108772837593143024e+01 1.416410045790672257e+03
3.074665968645731937e+03 3.090501911658874178e+03 1.393620079037984567e+02 1.413089919602870850e+03
3.296045990966436420e+03 1.800000000000005457e+03 1.654923307746825913e+03 1.101792231404781433e+03
