-1.400000000000000000e+03 -1.400000000000000000e+03 0.000000000000000000e+00 2.798132029056549186e+02
2.128790950340140262e+05 2.007310694638321584e+05 1.145653685971368977e+05 2.880091394424438249e+02
1.186540170584135503e+08 1.468050411678379960e+07 2.208176194115820229e+08 2.874521356463432085e+02
1.548289270293704794e+04 1.295886281644693554e+04 9.657433866187206149e+03 2.874468099594116097e+02
-9.999999999999347438e+02 -9.999999999999608917e+02 6.139936040240245081e-11 2.831623208522796631e+02
-8.743792441323469120e+02 -8.901875392208212361e+02 2.979443569264106273e+01 2.861286317944526445e+02
-7.135599559521027686e+02 -7.188056752446951805e+02 2.877915436649223224e+01 2.883970974445343245e+02
-6.794619087433787854e+02 -6.794389542077908573e+02 1.250229048705555623e-01 2.823161488890647774e+02
-5.937197017683371314e+02 -5.937280487620456597e+02 1.303427244129555351e+00 3.054020671963691598e+02
-4.989271585402489109e+02 -4.990756539945637087e+02 6.940860425596468986e-01 2.831757233023643607e+02
-3.978608380272494855e+02 -3.980100818858134062e+02 1.787468245278736489e+00 2.816452765464782715e+02
-2.569830835279984171e+02 -2.613189310163085111e+02 1.707792551077968213e+01 2.821026960968971480e+02
-1.439634350293775356e+02 -1.410328232735798792e+02 1.793178404449641761e+01 2.775240747570991289e+02
2.390845344963579322e+01 2.429526856227448661e+01 9.068221496569746876e+01 2.812014522552490234e+02
1.418904441345573787e+03 1.406396109380679263e+03 3.865958955511427462e+02 2.818901489973068237e+02
2.006257042819971161e+02 2.006278593360179627e+02 2.537693589161155727e-01 2.909431654453277361e+02
3.101355388144583003e+02 3.112983800042775329e+02 3.615594046841552167e+00 2.820226742982864607e+02
4.443061071946095808e+02 4.435782992300873957e+02 1.487954837159365340e+01 2.880552057981491316e+02
5.005026766772639348e+02 5.004867345892780577e+02 2.597137067144027478e-01 2.870190044045448303e+02
6.039792811952394231e+02 6.039879474831320749e+02 2.745009373486597681e-01 2.876146644949913025e+02
1.000000000000000000e+03 1.000000000000000114e+03 1.078528041546762515e-13 2.848432911038398743e+02
1.034863390203700646e+03 1.040125306915623469e+03 1.418116122449175123e+02 2.852543154954910278e+02
2.392894863894292030e+03 2.433406108264001887e+03 4.042237479747768703e+02 2.854679693937301863e+02
1.222187502573764277e+03 1.222660138595116223e+03 4.319013648797603189e+00 3.061663976430892831e+02
1.320823871190200862e+03 1.320561220848946505e+03 5.811415872667919480e+00 3.064658976554870833e+02
1.430788852315148233e+03 1.400069074795935194e+03 5.960163555062226237e+01 3.081937459945678484e+02
1.895787928112484678e+03 1.904068306380435843e+03 4.062680171571461329e+01 3.068254087090492135e+02
1.793111460247585001e+03 1.700000000000000227e+03 1.910269329885597926e+02 2.883280314445495378e+02
