-1.400000000000000000e+03 -1.400000000000000000e+03 0.000000000000000000e+00 2.820668763995170707e+02
7.430132157973984431e+04 6.716310375704556645e+04 4.022974790545303404e+04 2.947062061548232919e+02
-1.181882493564256492e+03 -1.199999944906259771e+03 5.253838142441362891e+01 2.920807809948921090e+02
1.399052754934788027e+04 1.130178536283013455e+04 7.655604015611317664e+03 2.946217183470726013e+02
-9.999999876449995782e+02 -9.999999892028934028e+02 6.140593165573987433e-06 2.929799671053886527e+02
-8.901875771451998389e+02 -8.901875771545556972e+02 7.020507736446843083e-08 2.931234771490097160e+02
-7.999742066109291727e+02 -7.999983829159278912e+02 4.631473957137320629e-02 2.890712434053421021e+02
-6.796461148985658838e+02 -6.796304489668220867e+02 9.602914994865999199e-02 2.904919354438781625e+02
-5.966994857831776926e+02 -5.972735257973324678e+02 1.898917157844567383e+00 3.076534664988517989e+02
-4.999084858133443845e+02 -4.999286972492113819e+02 6.717783519465028719e-02 2.847094928026199341e+02
-3.951247021315886059e+02 -3.960201637716268124e+02 2.794752508319261253e+00 2.846144598960876237e+02
-2.894237799090154226e+02 -2.890554579287024239e+02 5.981805946241365746e+00 2.846938474535942305e+02
-1.777357368287067914e+02 -1.807448020680921843e+02 1.055116482349933804e+01 2.851515452980995065e+02
5.463850062767296833e+01 4.970258970271220278e+01 1.146128842229310720e+02 2.829427047967910767e+02
1.171399912202364476e+03 1.174134730334420510e+03 2.646580947438280873e+02 2.841767055988311768e+02
2.006070438192753898e+02 2.005291626398910125e+02 3.293417391038164777e-01 2.935544673919677621e+02
3.148852691433129394e+02 3.144939041463271678e+02 1.426767633628596599e+00 2.845804928421974296e+02
4.173461527227924535e+02 4.171950413078459974e+02 3.166352472581213107e+00 2.871363217473029863e+02
5.007214925549689042e+02 5.006866952550939232e+02 1.671778268839752002e-01 2.929368322014808541e+02
6.033891660104545736e+02 6.035563337594564928e+02 5.594155467592767383e-01 2.942130998969078064e+02
1.000000000000000000e+03 1.000000000000000114e+03 8.431241539137389743e-14 2.887303346991539001e+02
1.106799977372796093e+03 1.074591325826763978e+03 1.580326505612658821e+02 2.860591290593147278e+02
1.881377818985005888e+03 1.902175293194627102e+03 3.865477924610791547e+02 2.871179534435271989e+02
1.212068173037605447e+03 1.210288944408528096e+03 5.162145329752734213e+00 3.087035113453865165e+02
1.310170016960227713e+03 1.309059595742075544e+03 4.568820354669102635e+00 3.085374859571456909e+02
1.392431107894903107e+03 1.400022423721389714e+03 5.450855840993391155e+01 3.097961072444915658e+02
1.806502499804741774e+03 1.805089304077988572e+03 1.794250644084741353e+01 3.080690194487571603e+02
1.700000000000000000e+03 1.700000000000000000e+03 1.438037388729016771e-13 2.906535456061363334e+02
