-1.400000000000000000e+03 -1.400000000000000000e+03 0.000000000000000000e+00 2.277622450590133596e+01
2.290126405210911798e+03 1.563759884067089843e+03 3.276534401028290176e+03 2.279657225608825755e+01
-1.200000000000000000e+03 -1.200000000000000000e+03 0.000000000000000000e+00 2.271691080331802226e+01
-1.100000000000000000e+03 -1.100000000000000000e+03 0.000000000000000000e+00 2.276807695627212524e+01
-9.999999999999372449e+02 -9.999999999999849933e+02 1.114672224777327502e-10 2.279311574697494436e+01
-8.999999999999960210e+02 -9.000000000000000000e+02 1.760449033328211926e-11 2.276972910165786601e+01
-7.999999999914805358e+02 -7.999999999988058335e+02 2.481496868244999926e-08 2.276220409870147776e+01
-6.889998688229668460e+02 -6.799999766655573694e+02 9.949993023423139960e+00 2.274176135063171245e+01
-5.996992910008784747e+02 -5.999999999809799647e+02 4.165384462502100815e-01 2.328324420452117849e+01
-4.999525281138194259e+02 -4.999728746156046100e+02 5.636485613740065820e-02 2.274049999713897563e+01
-4.000000000000000000e+02 -4.000000000000000000e+02 0.000000000000000000e+00 2.286090174913406514e+01
-2.995522684243080676e+02 -3.000000000000000000e+02 5.865197141093928535e-01 2.284484014511108541e+01
-1.996504352733407757e+02 -2.000000000000000000e+02 8.456017849159955801e-01 2.286458499431610036e+01
-9.536783362950630760e+01 -1.000000000000000000e+02 1.328453203583515574e+01 2.278360730409622192e+01
1.487077420294099852e+02 1.170693934401637080e+02 4.905285644591635474e+01 2.275345120429992818e+01
2.000000000721178992e+02 2.000000000267160658e+02 8.412178102263726337e-08 2.292575215101242136e+01
3.015159145330611636e+02 3.020196068559067726e+02 8.752160908321194865e-01 2.278994219303131175e+01
4.018710004223427177e+02 4.021350052716083496e+02 7.526254865891768286e-01 2.278789005279541158e+01
5.000152958178979361e+02 5.000148248891547382e+02 1.909490958880588965e-02 2.278401314020156931e+01
6.000155454558042720e+02 6.000194318197550274e+02 7.772727902010957354e-03 2.282648825645446777e+01
7.600000000176580670e+02 8.000000000000271712e+02 4.898979483471848795e+01 2.282667715549468923e+01
8.200000000002906972e+02 8.000000000000600267e+02 3.999999999991607069e+01 2.284085564613342356e+01
1.040645835995838524e+03 1.014331409085894393e+03 1.145631702103068932e+02 2.284247155189514089e+01
1.003156838065229408e+03 1.000000000000157684e+03 6.700635862490140759e+00 2.337925980091095113e+01
1.110000000000361069e+03 1.100000000000306727e+03 2.999999999988774491e+01 2.339540810585021902e+01
1.203607221056804065e+03 1.200080948985148552e+03 9.410517721561548754e+00 2.344245929718017507e+01
1.365940290238363787e+03 1.400000000000270120e+03 5.153920982134659567e+01 2.343183754682540965e+01
1.415000000001103672e+03 1.400000000001458830e+03 3.570714214229931827e+01 2.289487439393997192e+01
