-1.400000000000000000e+03 -1.400000000000000000e+03 1.345160804498758786e-13 7.686471671462059021e+02
3.231744554225442698e+05 3.127568876923439675e+05 9.292933235197135946e+04 8.271506534099578403e+02
1.028324442837701924e+07 3.697792701111286879e+06 1.535513006790841371e+07 8.269554609537124179e+02
1.062678110320455198e+04 1.073689136659121141e+04 2.161509830229571435e+03 8.335874691009521484e+02
-9.999999842780641757e+02 -9.999999848385656378e+02 3.985813950144070156e-06 8.172490063428879239e+02
-8.861091584253632618e+02 -8.901482219383833581e+02 7.229841487191245086e+00 8.186869361519813992e+02
-7.883209065377129718e+02 -7.895631139252895991e+02 6.229330780058216277e+00 7.779495179414749373e+02
-6.790666066976863249e+02 -6.790579087524129136e+02 6.365531293259926726e-02 7.722669362425804138e+02
-5.866336426848326937e+02 -5.868862417000691494e+02 2.902744401688923226e+00 9.739182072520255815e+02
-4.999783207144058110e+02 -4.999778143391426966e+02 9.867685217749274512e-03 7.837708990931511153e+02
-3.627885703350716540e+02 -3.626890731653637658e+02 7.811519629685371946e+00 7.763023748993873596e+02
-2.537429734836090631e+02 -2.557244001364205133e+02 8.466798783896715364e+00 7.857691945910453342e+02
-1.013953124678947830e+02 -9.947234475951945853e+01 1.591516747102808083e+01 8.149692483067512967e+02
1.536644187726436940e+03 1.505739441546278613e+03 2.849281108083279719e+02 7.649288934469223022e+02
3.626443884227544913e+03 3.725210932144926119e+03 6.929830356536764384e+02 7.567163932561874162e+02
2.009898448472602297e+02 2.009057212515152742e+02 6.532361672499882310e-01 8.327803696513176419e+02
3.633161960018690593e+02 3.636942501957911986e+02 1.309071029457219915e+01 7.634739370465279080e+02
4.600767986984252502e+02 4.616001059608867081e+02 1.378800079605892925e+01 7.989108918547630083e+02
5.026973540558157652e+02 5.026171117116672349e+02 6.576133712540999099e-01 8.209953941941261064e+02
6.120312976987421507e+02 6.115085072990780191e+02 1.576231292989598742e+00 8.116226347446441878e+02
9.793153766509527713e+02 1.000000000000000227e+03 7.156428189742754853e+01 8.170125375986099243e+02
2.178333202307882857e+03 2.219171460658839806e+03 4.019435705645886969e+02 7.978203153014183044e+02
4.716071150385371766e+03 4.606822867680550189e+03 6.473545878706138410e+02 7.826004318475722812e+02
1.248410530048046212e+03 1.249665658357266238e+03 7.103149191640841131e+00 9.842481160998344194e+02
1.356118019333511711e+03 1.355593928243178652e+03 7.683596425066694380e+00 9.845864583015442122e+02
1.488685188142363813e+03 1.532988380639977549e+03 6.524237879254074812e+01 9.915161617994308472e+02
1.998570406303133495e+03 2.001204621434531873e+03 8.356066367400073602e+01 9.885996775507926486e+02
1.751633348268814643e+03 1.700000000000000455e+03 2.250645472204035116e+02 8.429510131001472928e+02
