-1.225923501656671306e+03 -1.294068086347891949e+03 2.089902871915883793e+02 7.169824354648589804e+01
1.256782249685548991e+07 7.130693766693559883e+04 2.643957836730900779e+07 7.179711074829101847e+01
6.443202656749147922e+06 6.415326934230880397e+03 1.988325448747932911e+07 7.172575449943542480e+01
2.146739205782693624e+07 2.217164898205542704e+05 4.676780316177222878e+07 7.174784305095673176e+01
-7.857654126702003623e+02 -9.823599766342415478e+02 6.975293100521637371e+02 7.177593035697937296e+01
-8.979195269875017402e+02 -8.989831534332877254e+02 2.689825894274483264e+00 7.170086190700530437e+01
-7.429887894033463454e+02 -7.485805663422052021e+02 4.372301657948825238e+01 7.186044944524765299e+01
-6.825829670266487028e+02 -6.799627093244259868e+02 5.421449370341037799e+00 7.177492724657058432e+01
-5.986734996474210675e+02 -5.987036812007177105e+02 4.766594260116046033e-01 7.272579849958420084e+01
-4.654955459020653734e+02 -4.802798967627587672e+02 3.511227398212088957e+01 7.174814369678497883e+01
-3.860517192806749449e+02 -3.918359062742555352e+02 1.858234240646926594e+01 7.193853199481964111e+01
-2.860847656346255121e+02 -2.860524837959022761e+02 8.468809187521170401e+00 7.189232770204543499e+01
-1.839510131442838485e+02 -1.831720853678853018e+02 1.124744290467146968e+01 7.198506234884261801e+01
7.838911111375902863e+01 5.991477294781299179e+01 1.420822439009935465e+02 7.179952344894408611e+01
3.576001871870445257e+02 3.902529026677555066e+02 1.331745113610105022e+02 7.174896759986877726e+01
2.035952553125825943e+02 2.034914200458070468e+02 1.749113428820009641e+00 7.208023639917374226e+01
3.077605537621539611e+02 3.077592094490274803e+02 4.093419622589422602e+00 7.181253130435943888e+01
4.109101222535995248e+02 4.095541080628619852e+02 5.824071300406652441e+00 7.177994204759598063e+01
5.027131040128698487e+02 5.004177248860828513e+02 6.782685479776686677e+00 7.171663284301757812e+01
6.006361441402800665e+02 6.007263035157161539e+02 2.626940230124644726e-01 7.185818010568618774e+01
8.712215143790742786e+02 8.665536000983991016e+02 6.878624947556542679e+01 7.195378814935683920e+01
1.098364008900572571e+03 1.093134416389385024e+03 1.381565776205676457e+02 7.197336465120315552e+01
1.243322522558417631e+03 1.245364014675784347e+03 1.085331232541388573e+02 7.198483589887618450e+01
1.100489173180664920e+03 1.106147930771433039e+03 3.140242910536532861e+01 7.295371240377426147e+01
1.217098255843319976e+03 1.216608091459979278e+03 1.403779755727762790e+01 7.290680534839630411e+01
1.304417272200743810e+03 1.310808100226385704e+03 3.214625040948229895e+01 7.303342785835266682e+01
1.556848334070129567e+03 1.528207580385396795e+03 7.868488934009563707e+01 7.296223500967025188e+01
1.623363418436111715e+03 1.592403567133303568e+03 1.347406237299080658e+02 7.209237045049667358e+01
