-1.400000000000000000e+03 -1.400000000000000000e+03 0.000000000000000000e+00 1.374468362569809017e+02
6.897385077794647077e+04 6.667881716680285172e+04 3.388689905887710484e+04 1.464152601480483895e+02
4.418396536753043620e+03 -1.199999999999999545e+03 2.401987701272171398e+04 1.445490460991859436e+02
1.447546426851642900e+04 1.507676341602604043e+04 8.324107488872494287e+03 1.462588405013084412e+02
-9.999999480884278000e+02 -9.999999478997831375e+02 2.404805479706016689e-05 1.454491744041442871e+02
-8.906732262434868517e+02 -8.901875771886408302e+02 2.116895265806867599e+00 1.450375317454337960e+02
-7.999383390055019163e+02 -7.999983773558606117e+02 1.036278793062075099e-01 1.439424670100212040e+02
-6.796800258016913858e+02 -6.796681714570083841e+02 7.562502168311870110e-02 1.439797084450721627e+02
-5.972713039984182615e+02 -5.976808965289083062e+02 1.808487794498804924e+00 1.600515562057495060e+02
-4.999208244892248558e+02 -4.999298874154028454e+02 6.600220422811228782e-02 1.404430384039878845e+02
-3.957216765582807056e+02 -3.955226842430801639e+02 1.375060154715384009e+00 1.401884802937507573e+02
-2.908463822163427039e+02 -2.910453735239794355e+02 3.140034420033948059e+00 1.399085303544998169e+02
-1.817358784207717690e+02 -1.833358278935770045e+02 8.796114959112539822e+00 1.403416715025901738e+02
5.053708089586025665e+01 5.045502665657818397e+01 1.017907677964500692e+02 1.380181754589080754e+02
1.098328865679536875e+03 1.144832985296658990e+03 3.693153296596508426e+02 1.408749994039535522e+02
2.007148349991004466e+02 2.006409434825793028e+02 3.566197927782404076e-01 1.484190074443817196e+02
3.137599226441603832e+02 3.130931626152878380e+02 1.623846699453191489e+00 1.394580780506134090e+02
4.176238446608822414e+02 4.168551477268202916e+02 3.208503891596344637e+00 1.416806496024131832e+02
5.006495255736570584e+02 5.005541159195583987e+02 2.210618151301860790e-01 1.446608612895011845e+02
6.033075414451071765e+02 6.034192280194583873e+02 3.573352053733661049e-01 1.460549857020378113e+02
1.000000000000000000e+03 1.000000000000000114e+03 1.320921687536412158e-13 1.437257164001464957e+02
1.088295529520964010e+03 1.085902258240226729e+03 1.097067559305452846e+02 1.413346399545669669e+02
1.817641308644871287e+03 1.728683794782909445e+03 3.964190992092856050e+02 1.423221047043800240e+02
1.210401019757840459e+03 1.209750724358889784e+03 2.615423111986690419e+00 1.611918469071388245e+02
1.309355487399888261e+03 1.309002081699897190e+03 4.327139291792903464e+00 1.607707038402557487e+02
1.413083586290948460e+03 1.400021732959711244e+03 5.382844516358346709e+01 1.617399685978889465e+02
1.806205690070776882e+03 1.802818988557135071e+03 2.218121198770201019e+01 1.606171408057212773e+02
1.700000000000000000e+03 1.700000000000000000e+03 1.345160804498758786e-13 1.458051339983940125e+02
