-1.399999999929547130e+03 -1.399999999976255367e+03 7.828443822693743986e-08 5.981565194129943563e+01
-4.315904017132230592e+02 -1.153236263551968023e+03 1.496614762484832227e+03 5.993878600597381734e+01
-1.199999774945325726e+03 -1.199999961732874453e+03 5.758334070185082941e-04 5.984835669994354390e+01
-1.099999555074416548e+03 -1.099999796239378156e+03 8.054707366491551659e-04 5.988423620462417318e+01
-9.999999181512075666e+02 -9.999999646310069465e+02 1.120717965160397483e-04 5.986591459512710856e+01
-8.999999999849802634e+02 -8.999999999940173439e+02 2.536438133517955350e-08 5.984322820901870443e+01
-7.999980062989066028e+02 -7.999990086845333508e+02 3.414757997055231815e-03 5.995366539955139018e+01
-6.909982700586735973e+02 -6.999894847820146424e+02 9.948800460276423507e+00 5.993810414075851156e+01
-5.997980667498150069e+02 -5.999929495579120839e+02 3.088487869128688779e-01 6.065256339311599731e+01
-4.999899026293059023e+02 -4.999902664584492413e+02 6.486852559201364450e-03 5.988842580318451070e+01
-3.999999998232898406e+02 -3.999999999516583102e+02 3.210373412248827584e-07 5.996313605308532857e+01
-2.999005030578153992e+02 -2.999999996632820398e+02 2.984885267199932635e-01 5.998661284446716024e+01
-1.999999990982797158e+02 -1.999999995018171717e+02 1.053268945937712316e-06 5.998424820899963095e+01
-9.999999733427043225e+01 -9.999999946084642488e+01 3.237089450594553126e-06 5.992326234579086019e+01
1.149813572815748586e+02 1.006243472804887347e+02 2.775306887330328465e+01 5.991913599967956827e+01
2.000536345608905435e+02 2.000506028056478840e+02 3.761657440201804370e-02 6.017023479938507080e+01
3.016159188383506944e+02 3.020197231103775266e+02 8.079544047502830173e-01 5.993138929605483867e+01
4.013409892040214686e+02 4.020211063908159304e+02 9.474080173273350391e-01 5.993704329729079916e+01
5.000029594956807273e+02 5.000000000000001137e+02 7.045008840639114048e-03 5.985387835502624654e+01
6.000145739357337789e+02 6.000194318197725352e+02 8.414102600647578242e-03 5.988468890190124228e+01
7.350035394073272528e+02 7.000075977393794346e+02 4.769489400316249572e+01 6.005663490295410156e+01
8.050003412109577994e+02 8.000003078252448176e+02 2.179447493853550455e+01 6.002845290899276876e+01
9.350006308994045412e+02 9.000006688425299899e+02 4.769715392293124268e+01 6.002267370223999166e+01
1.000000137179935564e+03 1.000000080653022678e+03 1.311119743988629731e-04 6.074855304956436441e+01
1.100000712038603297e+03 1.100000705248032773e+03 3.525209073653591107e-04 6.076208529472351216e+01
1.200242449534287971e+03 1.200080969660655001e+03 2.892839031630500823e-01 6.081341814994812012e+01
1.330761443343033307e+03 1.301110461837242156e+03 4.533697725596501016e+01 6.080935840606689169e+01
1.400002740754159731e+03 1.400002500528197288e+03 1.918225108392213355e-03 6.014350594282150553e+01
