-1.399999772751755245e+03 -1.399999870249893775e+03 2.107205916897702744e-04 5.927243425846099711e+01
-1.194248163203472131e+03 -1.297008183031179669e+03 2.711848637491157206e+02 5.940047450065613077e+01
-1.199966386148925721e+03 -1.199985830317734326e+03 4.137806323909920536e-02 5.924105614423751831e+01
-1.099896494064103081e+03 -1.099959589734307656e+03 1.375197774864176936e-01 5.925978214740753458e+01
-9.999956678827404630e+02 -9.999976951090296780e+02 4.978411253707027903e-03 5.933660670518874980e+01
-8.999999893963183695e+02 -8.999999978318519425e+02 1.867909324647175402e-05 5.928489434719085693e+01
-7.999747260487896483e+02 -7.999809567255492766e+02 2.000792946704685674e-02 5.938073899745941020e+01
-6.969219299201545255e+02 -6.999092670199205486e+02 7.108978731461143674e+00 5.935904051065445231e+01
-5.998246974050287008e+02 -5.999695841817425617e+02 2.979961711458056772e-01 6.014579094648361490e+01
-4.999751367683618923e+02 -4.999743158881741465e+02 1.388976462007687415e-02 5.935416245460510254e+01
-3.999995754676737079e+02 -3.999998716230170430e+02 1.079812961935697419e-03 5.945940574407577373e+01
-2.999993770481549973e+02 -2.999995181062279244e+02 6.220682976332958655e-04 5.946998955011368082e+01
-1.999990326636428506e+02 -1.999998385196860511e+02 1.687984776786121115e-03 5.947515075206756308e+01
-9.996287021281663954e+01 -9.999777223922023950e+01 1.000015056794485713e-01 5.938866475820541524e+01
1.010621410661971566e+02 1.003139309320114876e+02 3.615645056015127423e+00 5.937037315368652202e+01
2.002602012382507723e+02 2.002392483780573684e+02 1.495489689181941084e-01 5.956139699220657491e+01
3.003138622860116129e+02 3.000146836950077613e+02 7.174129492659934160e-01 5.939295114278793619e+01
4.007690819438176959e+02 4.001016854114746479e+02 9.404567119859214008e-01 5.941471015214919760e+01
5.000000001395474101e+02 5.000000000106581410e+02 2.999818702467017049e-07 5.932714570760727213e+01
6.000049296894892450e+02 6.000011426477140049e+02 7.385723887351896243e-03 5.936959500312805460e+01
7.003910032185710861e+02 7.003501178613558977e+02 2.318610280836896909e-01 5.952103029489516928e+01
8.000302614090190900e+02 8.000168676653613602e+02 2.992964595193621860e-02 5.948463774919510172e+01
9.000924958706003736e+02 9.000579851289913904e+02 8.835656021936670601e-02 5.950707110166549541e+01
1.000020781803417094e+03 1.000013198555137706e+03 2.775826352736490005e-02 6.035200830698013164e+01
1.100036815890001435e+03 1.100027497066233309e+03 2.524256230615207902e-02 6.035488929748535014e+01
1.200029521540455789e+03 1.200002565577334281e+03 9.548559890359879787e-02 6.040611009597778036e+01
1.312414161214498563e+03 1.302928844416826223e+03 2.921473073781830720e+01 6.038053849935531758e+01
1.400154572165180525e+03 1.400104816062863620e+03 1.223715608668551752e-01 5.959779804944992065e+01
