-1.399999999883959845e+03 -1.399999999969830242e+03 2.184715615528580819e-07 7.016121939420699505e+01
-5.306185527830875799e+02 -9.857594514432356618e+02 1.041911767775928865e+03 7.039546289443970295e+01
-1.199999962333007034e+03 -1.199999985149311215e+03 5.219370440234232265e-05 7.022237174510955526e+01
-1.099999980856043749e+03 -1.099999995695227881e+03 3.181937371808373638e-05 7.024472864866257282e+01
-9.999998537407716412e+02 -9.999998776012355393e+02 1.372519581312746687e-04 7.031322059631347088e+01
-8.999999999968755446e+02 -8.999999999980260554e+02 4.266305107755757521e-09 7.022143154144286825e+01
-7.999988537594540503e+02 -7.999990153473075907e+02 9.695420619952651448e-04 7.036191740036011311e+01
-6.949991072128767655e+02 -6.999985606446691691e+02 8.659778747892337591e+00 7.031864594221114828e+01
-5.999220708617749551e+02 -5.999969739749353721e+02 2.244436001850857454e-01 7.127955529689788250e+01
-4.999898502136135789e+02 -4.999925543944225979e+02 1.420181591472512855e-02 7.031347025632858561e+01
-3.999999996801564066e+02 -3.999999999155617161e+02 5.588191598853181917e-07 7.039049279689788818e+01
-2.999005032372772916e+02 -2.999999994352780277e+02 2.984874577407092278e-01 7.038361920118332193e+01
-1.999999994346030405e+02 -1.999999998684651246e+02 7.999483368950998026e-07 7.041364190578460125e+01
-9.996877831977943174e+01 -9.999999886230682478e+01 9.365444838654467252e-02 7.030862489938735393e+01
1.098098897390097761e+02 1.001561359706217900e+02 2.808147403909710249e+01 7.035735449790954021e+01
2.000595090650957673e+02 2.000124935532149664e+02 1.188201134127502834e-01 7.059496710300444988e+01
3.012169322416401656e+02 3.020196080622720274e+02 9.926474467120496303e-01 7.033629440069198324e+01
4.007486611438949353e+02 4.000504335365754969e+02 9.563058442620123722e-01 7.035437810420989990e+01
5.000000000000000000e+02 5.000000000000000000e+02 2.336810756684652159e-13 7.025242289304733845e+01
6.000087450617174909e+02 6.000000071036155305e+02 9.666536871636086103e-03 7.028233129978180216e+01
7.050086595060416812e+02 7.000065135604738771e+02 2.179257681838127070e+01 7.047541190385818766e+01
8.000006089151459037e+02 8.000003494394766221e+02 6.341486347933063131e-04 7.047906855344771770e+01
9.441251129684811758e+02 9.000013982957173084e+02 7.101431502586008548e+01 7.049278604984283447e+01
1.000000309730563799e+03 1.000000153786772898e+03 4.224735816706157859e-04 7.144572554826736166e+01
1.100000986346738500e+03 1.100000576155965973e+03 1.060770839007883727e-03 7.142240394353866861e+01
1.200124979114665621e+03 1.200000014646351929e+03 1.817352949942660223e-01 7.148828539848327068e+01
1.335598843190648267e+03 1.301225867811821900e+03 4.725892473217956535e+01 7.146283075809478191e+01
1.400005576435970852e+03 1.400003357382233844e+03 5.622915018593467942e-03 7.058391710519791218e+01
