-1.400000000000000000e+03 -1.400000000000000000e+03 0.000000000000000000e+00 6.329386135339736796e+01
5.901212342777836966e+03 6.869456478996045917e+03 5.117358994857568177e+03 6.338525553941726542e+01
-1.200000000000000000e+03 -1.200000000000000000e+03 0.000000000000000000e+00 6.330929720401763916e+01
-1.100000000000000000e+03 -1.100000000000000000e+03 0.000000000000000000e+00 6.335938849449157573e+01
-9.999999999999478177e+02 -9.999999999999909051e+02 6.827364103372883438e-11 6.335667065382003926e+01
-8.999410335683157882e+02 -8.999887226553572646e+02 1.533282743474040366e-01 6.326808010339736654e+01
-7.877928224054628572e+02 -7.997398949369609227e+02 2.117630346007535636e+01 6.341527110338211060e+01
-6.837166610585193212e+02 -6.799974523165383289e+02 7.515350781379423140e+00 6.330836670398711874e+01
-5.994599359857712670e+02 -5.994319525035421066e+02 3.784415852938121660e-01 6.415199940204620077e+01
-4.951473449268573859e+02 -4.962169038134693437e+02 3.969935230910289992e+00 6.333696749210357524e+01
-3.992537807071800557e+02 -3.990050409429067031e+02 6.946923553486402669e-01 6.347060395479202555e+01
-2.973136135708115262e+02 -2.980100818858134062e+02 2.459375233830891183e+00 6.343590030670166158e+01
-1.969822569407268134e+02 -1.971206152715606379e+02 1.661588108655531970e+00 6.350487465858459757e+01
-5.128378057444861327e+01 -8.324277981581781205e+01 7.046335298407188930e+01 6.332036989927291870e+01
1.851158425555626650e+02 1.583484539015558425e+02 8.894056082359534798e+01 6.332866315841674520e+01
2.015742142166779445e+02 2.014077726782567197e+02 1.059676010892491638e+00 6.356311734914779521e+01
3.020787462798444949e+02 3.020525514480950733e+02 1.855623926144548685e-01 6.338337885141372396e+01
4.031867611959802389e+02 4.028778326225861974e+02 1.872842703375016127e+00 6.333661140203476236e+01
5.000855787773717793e+02 5.000789173763908479e+02 6.674683253943067274e-02 6.328599184751510620e+01
6.001234602130218718e+02 6.000194318197550274e+02 2.260179723038459598e-01 6.336332474946975424e+01
7.750000000000000000e+02 8.000000000000000000e+02 4.330127018922193116e+01 6.341577110290527486e+01
8.867299147111228876e+02 8.569672093620449687e+02 1.148982758426903246e+02 6.341075595617294169e+01
1.109486998027894970e+03 1.136232933938037604e+03 1.133565281722249836e+02 6.341795109510421469e+01
1.048899613778756247e+03 1.023610747097114654e+03 4.401001190453111889e+01 6.431943670511245159e+01
1.173934724360893597e+03 1.200000000000000000e+03 4.201572710077289230e+01 6.430405089855193523e+01
1.228581485272003647e+03 1.202611940098538980e+03 3.656422880494899630e+01 6.440393610000610636e+01
1.420760250093076138e+03 1.424971052322001924e+03 5.995993436534002541e+01 6.436299721002578167e+01
1.475000000000000000e+03 1.500000000000000000e+03 6.982120021884470873e+01 6.451260849237442585e+01
