-1.400000000000000000e+03 -1.399999999999999773e+03 1.761228916715216211e-13 2.963334492921829337e+02
3.700831465597951901e+05 3.163947023551882594e+05 1.707318121014622448e+05 3.077389235496520996e+02
5.107191615428645164e+07 1.111471861513657682e+07 1.124773462162766010e+08 3.078704100489616167e+02
1.679145006443963939e+04 1.460634062865924898e+04 1.313958694186667890e+04 3.027633294582366830e+02
-9.999999691532217412e+02 -9.999999832158019899e+02 3.311256321538503286e-05 3.076640696048736459e+02
-8.887814409394492259e+02 -8.901858465206689743e+02 1.061794829559442555e+01 3.070786659598350639e+02
-7.366888163827479730e+02 -7.378192169230528634e+02 1.979522911535928387e+01 3.084003349542617798e+02
-6.795896706376507836e+02 -6.795918634631220812e+02 9.909794545770853058e-02 2.990047502040862923e+02
-5.905200961641992308e+02 -5.903242229764582589e+02 1.154160701791280497e+00 3.259052136063575631e+02
-4.994030784396363742e+02 -4.996030662470388961e+02 4.703518968729054062e-01 3.021483649969101180e+02
-3.792054036662241288e+02 -3.781109335124904192e+02 8.820370987314278821e+00 2.977715543508529663e+02
-2.737561640779982781e+02 -2.795494824523066768e+02 1.087842405524951950e+01 3.006478688955306779e+02
-1.465727296579493100e+02 -1.476616715005235960e+02 1.613702866343870568e+01 2.953300848007202148e+02
3.503378811704980649e+02 3.056720652168241941e+02 2.468537360367507745e+02 2.968164976000786055e+02
1.543343517186983945e+03 1.456606685533518657e+03 3.690821318850433386e+02 2.970470052480697518e+02
2.010948847073408388e+02 2.012511243960321110e+02 5.806068867619211815e-01 3.027738150954246521e+02
3.542048952469360756e+02 3.476694932635457462e+02 1.471694031131297109e+01 3.004246951460838204e+02
4.468694661237606738e+02 4.416381130099307484e+02 1.595270981316290815e+01 3.083847119927406197e+02
5.116221960286775357e+02 5.098330620971819371e+02 8.697631246172738528e+00 3.079359630465507394e+02
6.037628885971927275e+02 6.037725856964395916e+02 3.137464617605200123e-01 3.073805251479149092e+02
1.000000000000011141e+03 1.000000000000010687e+03 3.801630737584849677e-12 3.014585335493087541e+02
1.312604654746317919e+03 1.270413395246458549e+03 2.132384817937191883e+02 2.993759382605552446e+02
2.369631923480311343e+03 2.381157100532491313e+03 4.126016974503594952e+02 3.008883676528930664e+02
1.224051797598613348e+03 1.224492375091429039e+03 2.336037132178679254e+00 3.349648708105087280e+02
1.324853581990439579e+03 1.324609524931211581e+03 1.810856757287889529e+00 3.322513219475746382e+02
1.400026740181712285e+03 1.400025219678534540e+03 4.317005183644776964e-03 3.399243635892868269e+02
1.904818354528467580e+03 1.901364220954078291e+03 2.397353311922786290e+01 3.289788569569587935e+02
2.033431902322863152e+03 2.055264922107916391e+03 1.860714843903668054e+02 3.047088855504989624e+02
