-1.400000000000000000e+03 -1.400000000000000000e+03 0.000000000000000000e+00 3.662820889949798442e+01
3.844808065433242064e+03 3.415464852680254353e+03 4.143208169295536209e+03 3.684465969800949381e+01
-1.200000000000000000e+03 -1.200000000000000000e+03 0.000000000000000000e+00 3.662224570512771749e+01
-1.100000000000000000e+03 -1.100000000000000000e+03 0.000000000000000000e+00 3.660998815298080444e+01
-9.999999999999827196e+02 -9.999999999999984084e+02 2.474006875069076296e-11 3.669794869422912598e+01
-8.999999999999996589e+02 -9.000000000000000000e+02 9.835718457616138598e-13 3.672546215057373331e+01
-7.999998374617418904e+02 -8.000000000000000000e+02 6.577390693466534863e-04 3.674166449308395244e+01
-6.889990733575654076e+02 -6.800000000002157776e+02 9.950712725222285115e+00 3.667721315622329570e+01
-5.997985276566325865e+02 -6.000000000000000000e+02 3.534217503222206735e-01 3.738031660318374350e+01
-4.999475972561361914e+02 -4.999654785752962880e+02 6.189790851239088815e-02 3.669405245780944824e+01
-4.000000000000000000e+02 -4.000000000000000000e+02 0.000000000000000000e+00 3.678259744644164897e+01
-2.995522684243080107e+02 -3.000000000000000000e+02 5.865197141093927424e-01 3.677549989223480509e+01
-1.993768206909643936e+02 -2.000000000000000000e+02 1.123866583785972262e+00 3.677677345275878906e+01
-9.978147872081301273e+01 -9.968782674401859367e+01 1.430557575475620846e-01 3.667218555212021158e+01
1.517524692649691076e+02 1.167572201841821879e+02 6.582656459123757031e+01 3.665904905796050883e+01
2.000155836317703972e+02 2.000000000000000000e+02 6.792747605622423412e-02 3.692591819763183736e+01
3.016313148048112112e+02 3.020227481771768225e+02 8.158922619551620681e-01 3.672954729795456075e+01
4.021105437056411915e+02 4.021560484585095310e+02 7.370984176571336866e-01 3.672171349525451944e+01
5.000204558223201161e+02 5.000197293441220268e+02 2.667903763323390895e-02 3.666958960294723369e+01
6.000155454558041583e+02 6.000194318197550274e+02 7.772727902010956487e-03 3.665292434692382528e+01
7.350000000000000000e+02 7.000000000000000000e+02 4.769696007084728251e+01 3.678871685266494751e+01
8.220154114065311433e+02 8.000000000000000000e+02 4.305273942931518860e+01 3.678884140253067159e+01
9.923216903868053578e+02 9.000000000000000000e+02 1.174597173800863601e+02 3.681921484470367290e+01
1.001725246132503116e+03 1.000000000000000000e+03 4.143628699142928085e+00 3.751808755397796347e+01
1.130832977002595726e+03 1.100000000000000000e+03 4.542251141113255386e+01 3.753196855783462382e+01
1.200310025383041193e+03 1.200258041854941439e+03 3.127576740457399529e-01 3.760060715675354004e+01
1.363929689478139380e+03 1.400000000000000000e+03 5.687396242360811272e+01 3.758021885156631470e+01
1.430000000000000000e+03 1.400000000000000000e+03 4.582575694955839651e+01 3.955961774587630941e+01
