-1.400000000000000000e+03 -1.400000000000000000e+03 0.000000000000000000e+00 4.281386355161667012e+01
3.332578689290538023e+03 1.507596965519583819e+03 4.560540516094189115e+03 4.282390420436858847e+01
-1.200000000000000000e+03 -1.200000000000000000e+03 0.000000000000000000e+00 4.274668934345245219e+01
-1.100000000000000000e+03 -1.100000000000000000e+03 0.000000000000000000e+00 4.277884825468063212e+01
-9.999999999999706688e+02 -9.999999999999909051e+02 4.340668574132241319e-11 4.283281109333038472e+01
-8.999709717767558459e+02 -8.999999029006712590e+02 1.113981402742010851e-01 4.263083685636520670e+01
-7.979569616246021724e+02 -7.999947155684556037e+02 4.852464725674360935e+00 4.285365134477615356e+01
-6.859976361031633587e+02 -6.800000000000000000e+02 9.166702328640015551e+00 4.273857150077819966e+01
-5.996583924893822086e+02 -5.999892905884069023e+02 4.088176233867149012e-01 4.363547674417495870e+01
-4.997108540166660759e+02 -4.998138252597670999e+02 5.443443866289409128e-01 4.285304684638977335e+01
-3.999502520471453408e+02 -4.000000000000000000e+02 2.168462991415098240e-01 4.295712045431137227e+01
-2.977613438847767497e+02 -2.980100818858134062e+02 2.154146842935565243e+00 4.298132634162902832e+01
-1.987393174914612359e+02 -1.990050409429067031e+02 1.314698322901363126e+00 4.294045785665512227e+01
-8.813397723952901686e+01 -1.000000000000000000e+02 2.998788240832058349e+01 4.278107349872588827e+01
1.557865523325809534e+02 1.170693934401635943e+02 6.338113010294723892e+01 4.274125953912734843e+01
2.008997256745645643e+02 2.003828604552418540e+02 9.993377072919331638e-01 4.303277544975280478e+01
3.016450698127963506e+02 3.020227481771768225e+02 7.916833628779156307e-01 4.286213865280151225e+01
4.021709388607758910e+02 4.021973533809372157e+02 8.057520455200753995e-01 4.286381520032882975e+01
5.000219180562887118e+02 5.000148394843512278e+02 2.534582193288788254e-02 4.275380069017410278e+01
6.000276842693242543e+02 6.000194318197550274e+02 1.964475931902936665e-02 4.281645190715789795e+01
7.750000000000000000e+02 8.000000000000000000e+02 4.330127018922193827e+01 4.289918985366821147e+01
8.252812131499433690e+02 8.000000000000000000e+02 4.509606994555822013e+01 4.292739294767379477e+01
1.073687535025102306e+03 1.061671382546683617e+03 1.113117840924185202e+02 4.285187615156173990e+01
1.033676680583158486e+03 1.018952343979664420e+03 3.764603222094878987e+01 4.381430624723434164e+01
1.155395267539316819e+03 1.185731723441461781e+03 4.903357270176456240e+01 4.381105630397796347e+01
1.210341980508745564e+03 1.200435134724740237e+03 2.325382133769298321e+01 4.388101104497909688e+01
1.402001633222244209e+03 1.410275624776028963e+03 6.782646142373098996e+01 4.381199959516525411e+01
1.450000000000000000e+03 1.450000000000000000e+03 5.000000000000000000e+01 4.333687360286712931e+01
