-1.400000000000000000e+03 -1.400000000000000000e+03 0.000000000000000000e+00 2.938096325993537903e+02
9.189437769158373703e+04 7.186500186059056432e+04 6.494248916048997489e+04 3.082851875066756975e+02
1.083401883429290028e+06 -1.199775175118507377e+03 4.519391507656671107e+06 3.063985078930854797e+02
1.314381559387789821e+04 1.287875938361067165e+04 5.072924030635714189e+03 3.085616984009742509e+02
-9.999999995866255631e+02 -9.999999995129895751e+02 2.138801697523979110e-07 3.057316074967384338e+02
-8.906693023482739591e+02 -8.901875771549625824e+02 2.099791444949385522e+00 3.064400280475616682e+02
-7.978311208557596501e+02 -7.999221860176796781e+02 5.731358146955956023e+00 3.010288411974906921e+02
-6.796332936584437903e+02 -6.796191637267454553e+02 1.270902263596557502e-01 3.028754405021667253e+02
-5.960092834924272438e+02 -5.962256951821732400e+02 1.956371590641082125e+00 3.225710874438285600e+02
-4.998933228769909078e+02 -4.999089077430517136e+02 6.298629412105977154e-02 2.960875046968459969e+02
-3.943784830906596426e+02 -3.950252047145335155e+02 2.989431033956864159e+00 2.960896061062812805e+02
-2.882109079795142748e+02 -2.900504119479766132e+02 5.565081622047389764e+00 2.980852709412574768e+02
-1.794958291395185768e+02 -1.807011287806948303e+02 8.386732821152213191e+00 2.967952005982398873e+02
1.096483461127103283e+02 6.683766503610604559e+01 1.147206440132525103e+02 2.956812845110893022e+02
1.017212232631623237e+03 9.792464068020483410e+02 3.043489887106905485e+02 2.978590196967124939e+02
2.006548188262539156e+02 2.005827595440413518e+02 3.446522218045474095e-01 3.073423105955124015e+02
3.137484754098923077e+02 3.144727788446459158e+02 3.326270873653740079e+00 2.956751330018043404e+02
4.185119726281409385e+02 4.185349729852249538e+02 5.058610210315480415e+00 2.993118798494339217e+02
5.006672415926750546e+02 5.006408993004831700e+02 2.492365347431873268e-01 3.043161610484123116e+02
6.033177864711836946e+02 6.035078810254008204e+02 3.770354271999845075e-01 3.078071767568588371e+02
1.000000000000000227e+03 1.000000000000000114e+03 1.245376910231166390e-13 3.005380167484283334e+02
1.114879762223781881e+03 1.097876479143064898e+03 1.420240860088881050e+02 2.987296762585639840e+02
2.085549196773788026e+03 2.085131929069615580e+03 3.245162220128683543e+02 3.016223900437354928e+02
1.214089268869352509e+03 1.213355248605155111e+03 3.538268675237597805e+00 3.248557335019111747e+02
1.310808433726542262e+03 1.310443716282596142e+03 4.032412575594636728e+00 3.229970346927642595e+02
1.422524256592990696e+03 1.400024155539683761e+03 4.502134282845873514e+01 3.257310748457908858e+02
1.816861406611564917e+03 1.817159933236332108e+03 1.783906088001785051e+01 3.229189052462577934e+02
1.700000000000000000e+03 1.700000000000000227e+03 2.096281709166962064e-13 3.030965457916259993e+02
