-1.400000000000000000e+03 -1.400000000000000000e+03 1.016845989170082993e-13 6.834297847509384383e+02
5.241395069960799883e+05 4.967777473617243813e+05 1.770860442219294491e+05 6.677162444472312472e+02
6.376255549163391441e+07 2.368985178437028080e+07 1.745191723030977249e+08 6.708856037020683516e+02
4.902243978140624677e+03 4.129276742202032437e+03 2.216991439607632856e+03 6.810598938584328153e+02
-9.999999998254321554e+02 -9.999999998543639776e+02 1.368279428213889329e-07 6.522590199589728854e+02
-8.787982486910707394e+02 -8.870454166715089741e+02 1.711246828571378131e+01 6.577265232920647122e+02
-7.547500358195941317e+02 -7.603166175994711011e+02 2.283227247482446742e+01 6.719322826504707109e+02
-6.790714630496402151e+02 -6.790648067748941230e+02 7.288361442812300861e-02 5.888396843075752258e+02
-5.799859484777596208e+02 -5.793879889861493666e+02 3.255748866718500611e+00 8.386937778949737776e+02
-4.999602030084913054e+02 -4.999679644386441169e+02 2.312792564589208344e-02 6.825649297475814592e+02
-3.739818405677552846e+02 -3.761209901864896210e+02 7.142067226050428097e+00 6.907919569015502930e+02
-2.167296650959819999e+02 -2.182566724355044130e+02 1.856592362274886199e+01 6.778825135946274258e+02
-4.713327979116739641e+01 -4.774798759044617213e+01 2.241865738165632038e+01 6.261628780007362138e+02
9.870039259111248384e+02 1.008811224844944263e+03 2.698958595082361285e+02 6.726203215003013156e+02
4.028565583639952820e+03 4.055574418491990400e+03 5.768533236654204757e+02 6.641395312428473972e+02
2.003663198241289365e+02 2.002906759434997070e+02 2.223438617398373340e-01 7.239220826506614230e+02
3.571984438917578473e+02 3.556674057474776873e+02 6.988098050585884735e+00 6.691658604025840305e+02
4.872630212375305518e+02 4.873066094474790475e+02 1.875708184541425183e+01 6.698797405004501115e+02
5.029819320813085142e+02 5.029417804212139345e+02 6.157406970312296890e-01 6.598829513430595171e+02
6.129958392984538023e+02 6.127648729740064937e+02 1.165958964417130428e+00 6.660410517454147339e+02
9.986307533081765087e+02 1.000000000005448783e+03 8.424206393624558586e+01 6.788428279995918047e+02
1.886405531853664343e+03 1.869027870703885128e+03 2.410304399473954504e+02 6.817640069007873080e+02
4.961304429903616438e+03 4.876415545767858021e+03 6.227069066699964424e+02 6.847435189962386630e+02
1.267590767226439539e+03 1.264944483640884300e+03 1.081416965070152969e+01 8.514746717572212447e+02
1.376262662268752365e+03 1.373143082692633925e+03 9.731900404248870373e+00 8.515569146513938676e+02
1.528654531423935850e+03 1.550452893502234019e+03 5.464149289145338884e+01 8.585314345002174150e+02
2.156714437075913338e+03 2.156548932692438939e+03 9.994942587760873209e+01 8.563470186591148376e+02
1.806308504369059392e+03 1.700000000020499556e+03 3.192174292670657110e+02 7.021640146970748901e+02
