-1.400000000000000000e+03 -1.400000000000000000e+03 0.000000000000000000e+00 1.294021447539329586e+02
1.512135906726079702e+05 1.087937040685343381e+05 1.164385328897994186e+05 1.499521445035934448e+02
2.542308513724729419e+06 5.922758037694452796e+05 3.403028826872982085e+06 1.488996904015540963e+02
1.604787805352645228e+04 1.411197226533057437e+04 1.011988811076283309e+04 1.466094259977340641e+02
-9.999998900799782859e+02 -9.999998891997753390e+02 2.867086273653737352e-05 1.499528875946998596e+02
-8.906687843462934779e+02 -8.901875658017910382e+02 2.097591093944470853e+00 1.489224461436271554e+02
-7.779497209308370884e+02 -7.783083282089780823e+02 1.473930944152951561e+01 1.467682749509811515e+02
-6.796650985784046952e+02 -6.796702644813993857e+02 8.763627432624544744e-02 1.414585788488388118e+02
-5.932139540653203085e+02 -5.934967198956667289e+02 2.231112133387317620e+00 1.611607196092605534e+02
-4.997636357757396581e+02 -4.997856116825760751e+02 1.515673317745393767e-01 1.333812032461166268e+02
-3.905976513047176581e+02 -3.925378095907097986e+02 6.867891504738952158e+00 1.323327738523483390e+02
-2.858966923200720771e+02 -2.860705832763320586e+02 4.757418559539758895e+00 1.332925684452056885e+02
-1.719950681938750847e+02 -1.723797000392736436e+02 1.385502253927496241e+01 1.343307532906532344e+02
1.447306289008287763e+02 1.644224376698653032e+02 1.323767242670866722e+02 1.318613152980804557e+02
1.345786886915929017e+03 1.214650331788331187e+03 4.657361440420178837e+02 1.372960587978363094e+02
2.012346928775104402e+02 2.013858763209589142e+02 5.513283150891011841e-01 1.438419182538986263e+02
3.166572395064783905e+02 3.167863354492693020e+02 3.680214370948672542e+00 1.343395753502845764e+02
4.274641998394885150e+02 4.214855880362902099e+02 1.200159869451489669e+01 1.410072033524513131e+02
5.006735559528324302e+02 5.006333679007005912e+02 2.185626817644105158e-01 1.497297325491905156e+02
6.037051250600437697e+02 6.036792819272970974e+02 2.468781038149075180e-01 1.491045076012611332e+02
1.000000000000000227e+03 1.000000000000000455e+03 2.503692888415712524e-13 1.351425817489624137e+02
1.218588451196255392e+03 1.154671066138652350e+03 1.975424462185325751e+02 1.355261824965477047e+02
2.212864537257000393e+03 2.278954148939335937e+03 2.887699067049148880e+02 1.389651653409004268e+02
1.216307677727698774e+03 1.216924268853070998e+03 5.304026349905284654e+00 1.630810125589370614e+02
1.319221612152255375e+03 1.317864401451430240e+03 4.866036138626708585e+00 1.635763475418090707e+02
1.400795024939348423e+03 1.400025570221119324e+03 3.354902906886775504e+00 1.647957776069641227e+02
1.837344602735160151e+03 1.836205141634055963e+03 1.948346054891147361e+01 1.600353163957595939e+02
1.721551304350325154e+03 1.700000000000000909e+03 9.393995776455470548e+01 1.385535947084426880e+02
