-1.399999993966850298e+03 -1.399999998071700247e+03 1.093347477291710542e-05 6.677442239522933676e+01
4.332427402461877932e+02 -9.577590513479117362e+01 2.567177869068959808e+03 6.694659695625304607e+01
-1.199965176472650001e+03 -1.199990499288264800e+03 4.872805174072233209e-02 6.682999074459075928e+01
-1.099840219818670221e+03 -1.099962941495539098e+03 2.357230656806594271e-01 6.689629794359207438e+01
-9.999985289644703244e+02 -9.999989208953991238e+02 1.406168991332614046e-03 6.684793614149093344e+01
-8.999999898211866594e+02 -8.999999977475331434e+02 1.579750770121729427e-05 6.676403559446335123e+01
-7.999664816749046850e+02 -7.999836949891378026e+02 5.345040865832308835e-02 6.696773675680159954e+01
-6.939074796436359520e+02 -6.997719782266437960e+02 9.105924035735901256e+00 6.696127849817276001e+01
-5.997075983892244722e+02 -5.999510495077313408e+02 3.468364821114922059e-01 6.790706069469452189e+01
-4.999592262840099579e+02 -4.999680628016346304e+02 2.777756290213263465e-02 6.691677174568175701e+01
-3.999999759245325777e+02 -3.999999941450180359e+02 3.909061314762728899e-05 6.700621730089187622e+01
-2.998004848945262211e+02 -2.999998926310216802e+02 3.987959477558862265e-01 6.699871039390563965e+01
-1.999998199850741969e+02 -1.999999358007290198e+02 2.792932269301576730e-04 6.700105135440826132e+01
-9.999980115158362537e+01 -9.999989618858126050e+01 2.758507134068325338e-04 6.691295315027237223e+01
1.152718946306916479e+02 1.003182461791124638e+02 3.107539483005769299e+01 6.693310055732726482e+01
2.003693144543063340e+02 2.003161494848086193e+02 2.540123180703472983e-01 6.727829558849335001e+01
3.012125236315326902e+02 3.020196415505107552e+02 9.894201215235881586e-01 6.691093965768814655e+01
4.014101454438351766e+02 4.020258282678618116e+02 9.148088644737261133e-01 6.692561049461365030e+01
5.000009887343982200e+02 5.000000000367567736e+02 4.300993633207740932e-03 6.680781024694442749e+01
6.000136462917373592e+02 6.000194318208257300e+02 8.838207745195374859e-03 6.690366994142532064e+01
7.400612397235682920e+02 7.001721459858991921e+02 4.894792663213324602e+01 6.706963155269622234e+01
8.150050964630468116e+02 8.000040563679127672e+02 3.570820936055451966e+01 6.707083640098571209e+01
9.673800354212131651e+02 9.000146970675471039e+02 9.965067567565259310e+01 6.709825935363770100e+01
1.000003248261582826e+03 1.000002384500227663e+03 3.012200386591571723e-03 6.810258255004882244e+01
1.100008870942325757e+03 1.100006526831643669e+03 6.988439881184859391e-03 6.809020835161209106e+01
1.200105612463978559e+03 1.200003307881183900e+03 1.692627545733875749e-01 6.819555929899215130e+01
1.318856497084646207e+03 1.304734555735898539e+03 3.414132702362380911e+01 6.817198749780655476e+01
1.405034476718209589e+03 1.400032930469671101e+03 2.178796978185931721e+01 6.731028579473495199e+01
