-1.400000000000000000e+03 -1.400000000000000000e+03 0.000000000000000000e+00 2.998638221025466919e+02
1.209487182183593104e+05 1.165663184033944417e+05 7.288593332462008402e+04 3.079579185009002913e+02
3.354487656569039822e+07 1.577818916869032942e+07 4.746377256871939451e+07 3.073701990008354414e+02
6.061906901755564832e+03 3.764019190186570086e+03 6.419357774840648744e+03 3.079125471949577104e+02
-9.999999999999621423e+02 -9.999999999999704414e+02 2.197428650758072142e-11 3.050725615978241194e+02
-8.873007259067393306e+02 -8.901875704155484073e+02 1.476052361406819990e+01 3.062548501014709359e+02
-7.426073002240615324e+02 -7.517800448930222501e+02 3.213172599882113900e+01 3.081804893016815186e+02
-6.794868533869438352e+02 -6.794582721626295552e+02 1.372860541999214867e-01 2.995540593504905473e+02
-5.940072091618912964e+02 -5.942144294894814038e+02 1.620806546307947515e+00 3.202438699483871574e+02
-4.995261208597768814e+02 -4.995810905796008683e+02 2.929612021984931980e-01 3.023897200584411848e+02
-3.966171402134467598e+02 -3.970151228287201093e+02 2.658605939728969414e+00 3.021785010933875810e+02
-2.659928717380813055e+02 -2.691563667839006939e+02 1.253925652094178567e+01 3.014697299003601074e+02
-1.491148191172478050e+02 -1.516513516729260118e+02 1.525756466944765499e+01 2.984834105014800798e+02
8.939125279543046076e+01 6.371446166437954162e+01 1.382473735557553312e+02 3.014465619444846993e+02
1.235583730525385363e+03 1.238838756731633111e+03 4.022380945351220589e+02 3.013354797601699602e+02
2.005297803819250078e+02 2.004263227924017770e+02 3.170468200077768417e-01 3.092789079904556502e+02
3.115251555119753561e+02 3.114953264945149840e+02 3.225489507322581328e+00 3.020629727959632760e+02
4.332925420753705339e+02 4.296433355448027100e+02 1.536711378763063429e+01 3.075050551533698808e+02
5.007388317802831921e+02 5.007867557798908251e+02 3.136634559946508416e-01 3.065435655474663008e+02
6.036290335513235732e+02 6.039158528938596646e+02 5.049847746987259356e-01 3.075400164008140678e+02
9.900000000000000000e+02 1.000000000000000114e+03 4.358898943540672377e+01 3.053974414467811584e+02
1.135270761434837141e+03 1.107513477370655437e+03 1.501464708537349964e+02 3.043810710072517622e+02
2.281130464872152515e+03 2.323967371626887598e+03 3.736076023641496704e+02 3.035795799493789673e+02
1.218834495475887707e+03 1.219030370712724107e+03 4.148082323391142801e+00 3.212973305583000183e+02
1.317058888654288239e+03 1.317261046232332319e+03 4.004740529625189005e+00 3.210266761541366805e+02
1.437770163533647974e+03 1.400033857478904338e+03 6.395767433514120626e+01 3.228149670600890886e+02
1.850122122609861663e+03 1.859194598891547230e+03 6.492220291909255536e+01 3.215857436060905457e+02
1.792739002185434856e+03 1.700000000000000000e+03 1.862308667159264814e+02 3.079896904468536150e+02
