-1.399999999995491862e+03 -1.399999999997545046e+03 5.803796300781819492e-09 5.935629994869232462e+01
1.221397085148790666e+03 -6.409647440500351649e+02 3.315891598508793777e+03 5.949480675458907797e+01
-1.199999971605016754e+03 -1.199999992207101059e+03 3.602209305498772155e-05 5.941878039836883829e+01
-1.099999946484105976e+03 -1.099999980822010002e+03 8.322373345883606467e-05 5.942349150180816508e+01
-9.999999828127611181e+02 -9.999999863094233206e+02 1.495976105284219138e-05 5.938749539852142334e+01
-8.999999999933273784e+02 -8.999999999983056114e+02 1.123903907654597679e-08 5.934230685234069824e+01
-7.999991629283347265e+02 -7.999996066805690589e+02 8.628840330918137545e-04 5.950497144460678101e+01
-6.929992450286837311e+02 -6.999988356390856552e+02 9.539173929173701438e+00 5.949350525140762613e+01
-5.997611025489783287e+02 -5.999956201095881170e+02 3.292818472909342931e-01 6.033158285617828653e+01
-4.999754093739473433e+02 -4.999814584129067612e+02 2.163442747072623004e-02 5.942313569784164429e+01
-3.999999999872094349e+02 -3.999999999945131890e+02 2.267327249737550790e-08 5.953198904991150187e+01
-2.999502519508204159e+02 -2.999999999316310095e+02 2.168462810899283166e-01 5.954109065532684042e+01
-1.999999998689123970e+02 -1.999999998931755840e+02 9.950389064989980647e-08 5.954893695116042807e+01
-9.916213871671224922e+01 -9.999999985139515957e+01 3.652151421769768369e+00 5.944844269752502441e+01
1.148780449647777004e+02 1.006243648218044200e+02 2.764841059353655339e+01 5.944358899593353129e+01
2.000127260233298898e+02 2.000112553739778605e+02 7.559033977282894091e-03 5.973364944458008097e+01
3.016179355958354904e+02 3.020196078652916754e+02 8.090239314314788821e-01 5.947767250537872030e+01
4.010221516156557300e+02 4.004485282682626917e+02 9.566489976231972170e-01 5.946399744749069072e+01
5.000098646754228184e+02 5.000000000000005684e+02 1.559741904247639172e-02 5.937083024978637980e+01
6.000145738843300478e+02 6.000194318197731036e+02 8.414191296299611267e-03 5.941509860754013062e+01
7.250011346304761446e+02 7.000012132064638308e+02 4.330071951279548870e+01 5.960031704902648642e+01
8.100001195979282329e+02 8.000001118791398085e+02 2.999997753075478357e+01 5.957446825504302979e+01
1.013871725963475228e+03 9.500003108182750111e+02 1.283100946789646741e+02 5.959247570037841513e+01
1.000000040076937466e+03 1.000000030290574387e+03 2.663315158719361061e-05 6.045760769844055460e+01
1.100000286749615952e+03 1.100000145351369156e+03 3.212779832919314058e-04 6.048913354873657511e+01
1.200363155829978950e+03 1.200435135521737266e+03 2.991187370209292262e-01 6.053339375257492350e+01
1.352482893595720725e+03 1.353665970184944399e+03 5.085437601971749899e+01 6.052879809141158773e+01
1.405001175732798629e+03 1.400000986703430726e+03 2.179430412750521029e+01 5.969668910503387593e+01
