-1.399999761877770879e+03 -1.399999768666747741e+03 6.131546361514507220e-05 1.992477353155612946e+03
1.435580476939953165e+06 1.429522276553131640e+06 3.598486487955333432e+05 2.005671040248870895e+03
6.508855700587062165e+06 -9.391354866007660576e+02 2.212239287146687135e+07 2.008523250794410615e+03
-1.098464828540810686e+03 -1.098896452801589021e+03 1.441836980591280515e+00 1.998893401753902481e+03
-9.999946018127873231e+02 -9.999947263238406094e+02 7.130774812374895315e-04 1.995013897049426987e+03
-8.565525452954700540e+02 -8.565525739089787294e+02 9.082575747954634384e-05 1.996928264009952500e+03
-7.980121700461202181e+02 -7.988249269204641223e+02 2.119298622467996829e+00 2.037944667994976044e+03
-6.788709156329006191e+02 -6.788667135806883834e+02 3.583501665566260486e-02 1.967043473744392486e+03
-5.415008556348029742e+02 -5.396480677030444895e+02 1.346017260547511540e+01 2.374340767049789520e+03
-4.999912494975227446e+02 -4.999906460032397604e+02 5.262270075339930790e-03 2.012337011444568589e+03
-3.518426314967997541e+02 -3.516991858698867190e+02 8.590280669821874326e+00 2.004635528302192597e+03
-1.628153285039112745e+02 -2.452771656693608406e+02 1.251050081325352323e+02 2.018754906845092819e+03
-9.772468312132843726e-01 -4.934839564532535405e+01 9.817146740040939790e+01 2.016106025695800781e+03
1.756096483756812404e+03 1.759794733951237504e+03 3.407146497938709331e+02 1.982155061900615692e+03
1.377489441794010963e+04 1.372038324989274042e+04 4.693508109410756788e+02 1.974869983196258545e+03
2.034043184760924703e+02 2.035087701013024741e+02 2.653212857967817695e-01 2.103539382445812407e+03
3.976211040021204326e+02 3.969540108941726544e+02 7.979078501344084806e+00 1.999687654948234467e+03
7.768959623592476191e+02 7.767018232810887639e+02 1.400693156709036913e+01 2.005645595645904450e+03
5.045768719067152119e+02 5.044786073351763775e+02 5.756926554789127959e-01 1.998383136498928025e+03
6.194462680651166693e+02 6.191938889199100231e+02 1.253811074514208146e+00 1.987971574294567063e+03
1.486855796718960619e+03 1.828263005399005579e+03 4.363047871600334133e+02 2.034456483745575042e+03
2.619818715501752195e+03 2.626477680093793424e+03 3.615146491781948725e+02 2.014897831904888108e+03
1.312522374871524153e+04 1.409895257829836555e+04 2.564569081520693999e+03 2.018439188599586487e+03
1.250264350331810419e+03 1.250883633547330646e+03 8.419179435867159000e+00 2.420242684304714203e+03
1.385982512440710025e+03 1.384138771811247352e+03 1.098345469139465003e+01 2.412675319790840149e+03
1.597626625071316766e+03 1.602221861881626410e+03 3.386269951239025033e+01 2.435065697646140961e+03
2.283975343337721824e+03 2.177638797053649341e+03 2.542165265828539873e+02 2.434955471253394990e+03
3.262077260926475446e+03 3.246770090813846764e+03 1.462027575086778370e+03 2.082014975857734498e+03
