-1.399999999999999773e+03 -1.399999999999999773e+03 0.000000000000000000e+00 1.365651976406574249e+03
8.022194533310257830e+05 7.872932138265508693e+05 2.133493816501781403e+05 1.702010814201831863e+03
2.783827457480129600e+07 4.241300287789570168e+06 5.124902594180870801e+07 1.585355920207500503e+03
7.458330125023229812e+03 7.422329857592813823e+03 1.874513430523383249e+03 1.695990775954723404e+03
-9.999996399919400574e+02 -9.999996426280617925e+02 3.433795671540352770e-05 1.696324811196327119e+03
-8.565526684650382094e+02 -8.565526684650292282e+02 3.636407280034652705e-11 1.461810843551158996e+03
-7.790530521876877401e+02 -7.818032519408659482e+02 9.316284663098585384e+00 1.541230168855190186e+03
-6.788785077052958741e+02 -6.788708660515171687e+02 3.909021986465965881e-02 1.578508173155784561e+03
-5.293452602032135701e+02 -5.275362185593485265e+02 4.222147613649172015e+00 1.988221397399902344e+03
-4.999582320458118261e+02 -4.999580997541661418e+02 1.385738596498943369e-02 1.400893363201618286e+03
-3.449890561203746984e+02 -3.477416241734046025e+02 1.314285179850622676e+01 1.391134212100505920e+03
-2.218729336375493517e+02 -2.328403544178225388e+02 6.365693057207848682e+01 1.445533518302440598e+03
1.001682040689710007e+01 -2.727211752051461247e+01 8.522395566623666241e+01 1.579503307354450271e+03
2.484168280812312332e+03 2.503115076229052647e+03 4.817569246570641326e+02 1.428959675192832947e+03
1.416938308981873342e+04 1.423519871257998966e+04 4.111418918880762021e+02 1.468281101858615784e+03
2.034449807055501935e+02 2.034984053224872582e+02 2.937986802594128033e-01 1.667578573954105423e+03
4.085741705835654329e+02 4.094924648906729772e+02 1.110394302609564932e+01 1.373742689752578826e+03
7.556598993666741535e+02 7.746483123848244077e+02 8.869919417070958900e+01 1.522339389801025391e+03
5.048554671985342566e+02 5.048840383113033567e+02 1.229347774285645567e+00 1.698498758506774948e+03
6.206817073284655635e+02 6.201398746365143779e+02 1.086613537886646386e+00 1.625059061157703354e+03
1.423727119328297249e+03 1.662109728688498762e+03 4.382491980092703443e+02 1.438396578752994628e+03
3.650160151709615548e+03 3.724323459834379719e+03 6.052219722189569211e+02 1.635028927505016327e+03
1.355046786287455689e+04 1.437860957429701739e+04 2.402758281628467557e+03 1.596599895358085632e+03
1.280129597787201874e+03 1.268111258760320652e+03 3.138621849860542667e+01 2.086625446307659331e+03
1.397934102070659947e+03 1.396839800790920890e+03 1.289747539115716357e+01 2.086703544247150603e+03
1.654983250351021979e+03 1.664417892533086160e+03 2.757604992647116049e+01 2.067833433949947448e+03
2.827753173269878516e+03 2.895031647971472921e+03 4.514744399613895780e+02 2.087612744355201812e+03
3.581574566447409779e+03 4.741022489230017527e+03 1.454834492521725679e+03 1.709288628292083786e+03
