-1.400000000000000000e+03 -1.400000000000000000e+03 0.000000000000000000e+00 6.745326504707335857e+01
1.052443111718357159e+03 2.246714583632010545e+02 2.483065558589822558e+03 6.754885385036467937e+01
-1.200000000000000000e+03 -1.200000000000000000e+03 5.084229945850414966e-14 6.745796020030975626e+01
-1.100000000000000000e+03 -1.100000000000000000e+03 0.000000000000000000e+00 6.747324795722961710e+01
-9.999999999906892754e+02 -9.999999999976790832e+02 1.648119959984291633e-08 6.754450024366379068e+01
-9.000000000000000000e+02 -9.000000000000000000e+02 3.595093471822541928e-14 6.747937585115433023e+01
-7.999999998471912477e+02 -7.999999999065009888e+02 1.732142253517302732e-07 6.751338770389557453e+01
-6.949998580955123089e+02 -6.999999998821081135e+02 8.660499340165607407e+00 6.749422755241394611e+01
-5.997750223340929097e+02 -5.999999945331765048e+02 3.436523065567302360e-01 6.823354085683823200e+01
-4.999690521783655868e+02 -4.999728746156017678e+02 2.420590916957203811e-02 6.746050934791564657e+01
-4.000000000000000000e+02 -4.000000000000000000e+02 0.000000000000000000e+00 6.756487280130386353e+01
-2.995522684243079539e+02 -3.000000000000000000e+02 5.865197141094177224e-01 6.755614054203033447e+01
-1.997532330184593548e+02 -2.000000000000000000e+02 7.516624279351038496e-01 6.756182044744491577e+01
-9.990634802320509777e+01 -9.999999999999988631e+01 1.430557575481971322e-01 6.750127085447311970e+01
1.254116983383897548e+02 1.006243465119643474e+02 3.925143459533033052e+01 6.748412734270095825e+01
2.000000039053076648e+02 2.000000015584329560e+02 6.432357033909268606e-06 6.772149670124053955e+01
3.014158517077245278e+02 3.020196068559069431e+02 9.247163574761428917e-01 6.750986870527268024e+01
4.017187305344534707e+02 4.020442929029198922e+02 7.291282506385189377e-01 6.751900690793991089e+01
5.000093749086966568e+02 5.000000000000000000e+02 1.266193871291245061e-02 6.754837589263915731e+01
6.000165170467919324e+02 6.000194318197550274e+02 6.938547500843660586e-03 6.752600696086884113e+01
7.600000001305397745e+02 8.000000000126347004e+02 4.898979474237381027e+01 6.762412970066070272e+01
8.050000000124026656e+02 8.000000000070494934e+02 2.179449471606831068e+01 6.759437270164490030e+01
1.061245093668371283e+03 1.091245093671692075e+03 1.260966800847340039e+02 6.760692924261093140e+01
1.000314000055461065e+03 1.000000000006903974e+03 9.420001208135113657e-01 6.835868095159530355e+01
1.115000000052845508e+03 1.100000000032087200e+03 3.570714212121169595e+01 6.836978229284287067e+01
1.202959642678955106e+03 1.200435134724740237e+03 6.998501725797948936e+00 6.841710914373398111e+01
1.352230149063491808e+03 1.354716843790431312e+03 4.892436094347200992e+01 6.839082850217819498e+01
1.415000000191105755e+03 1.400000000178882374e+03 3.570714210327209059e+01 6.767134505510330200e+01
