-1.400000000000000000e+03 -1.400000000000000000e+03 0.000000000000000000e+00 4.900855180025100566e+01
5.280878912403905815e+03 5.169408009793490237e+03 5.827588839170827669e+03 4.913466540575027608e+01
-1.200000000000000000e+03 -1.200000000000000000e+03 7.190186943645083856e-14 4.901860564947128296e+01
-1.099999999999998863e+03 -1.100000000000000000e+03 4.346050195265299114e-12 4.903500400781631186e+01
-9.999999999943614739e+02 -9.999999999978318783e+02 8.685683729901729708e-09 4.913189079761504985e+01
-8.999740283737895652e+02 -8.999989806696250980e+02 1.001026711870389579e-01 4.899617884159088277e+01
-7.988864017385101306e+02 -7.999998849523069566e+02 4.369323876528941497e+00 4.911940939426422403e+01
-6.880003118738729881e+02 -6.800001204851455441e+02 9.797704654714316064e+00 4.909500579833984091e+01
-5.996394966185055182e+02 -5.999963308286318124e+02 4.130040523431315891e-01 4.983458809852599813e+01
-4.998833573989816728e+02 -4.999334257826544672e+02 1.210582886872977881e-01 4.904123200178146647e+01
-4.000000000000000000e+02 -4.000000000000000000e+02 2.542114972925207483e-14 4.917051490545272685e+01
-2.986568057766993434e+02 -2.990050409429067031e+02 1.673038747694577166e+00 4.914411679506302022e+01
-1.989783642613528230e+02 -1.999999999999998295e+02 1.279179213111884206e+00 4.917488940954208232e+01
-9.985952203480822220e+01 -9.999999999999982947e+01 1.840234204066585333e-01 4.907464894056320048e+01
1.863220305910305683e+02 1.976684863302165809e+02 7.157910766877246544e+01 4.906946659088134766e+01
2.004327537434764395e+02 2.000281481361639635e+02 7.218149726057473403e-01 4.936128829717635824e+01
3.013172831782592311e+02 3.020196068559067726e+02 9.656245465579331722e-01 4.908371769189834311e+01
4.017297182471587007e+02 4.020741736599633782e+02 9.923389411724988785e-01 4.909417539834976196e+01
5.000193073987366006e+02 5.000197293441220268e+02 2.062348353677612156e-02 4.909217574596404887e+01
6.000221826362783304e+02 6.000194318197550274e+02 1.199053123596169508e-02 4.912212630510330058e+01
7.800000000563862841e+02 8.000000000094266852e+02 3.999999998824625891e+01 4.921369775533676005e+01
8.200000000179952622e+02 8.000000000187349087e+02 5.999999999560029806e+01 4.920690454244613932e+01
1.009597034636367994e+03 9.787677526734482853e+02 1.191110176396960014e+02 4.919887950420379497e+01
1.013617869370906874e+03 1.000000000044514309e+03 2.430658690796461485e+01 4.995057619810104654e+01
1.144962173954201262e+03 1.108329744445259166e+03 4.858967965970126102e+01 4.996290414333343222e+01
1.206828394163224175e+03 1.200258041855013971e+03 1.270581620374423970e+01 4.999802590608597086e+01
1.383536849404469194e+03 1.405137812388377370e+03 4.869571283175494614e+01 4.999797855615615561e+01
1.440000000103234697e+03 1.400000000213412022e+03 4.898979479690709127e+01 4.931363505125045776e+01
