-1.400000000000000000e+03 -1.400000000000000000e+03 0.000000000000000000e+00 6.274709304571151591e+01
3.245268534314116096e+03 1.691612951487413966e+03 4.163568447553055194e+03 6.305675324201583720e+01
-1.200000000000000000e+03 -1.200000000000000000e+03 0.000000000000000000e+00 6.276713269948959351e+01
-1.100000000000000000e+03 -1.100000000000000000e+03 0.000000000000000000e+00 6.278926934003830240e+01
-9.999999999999603233e+02 -9.999999999999956799e+02 8.914456000862022765e-11 6.281824190616607950e+01
-8.999999988279356558e+02 -8.999999999997530722e+02 5.054645186637532975e-06 6.293052355051040792e+01
-7.999421288516870163e+02 -7.999990172096453307e+02 1.562988606459129459e-01 6.284973235130310343e+01
-6.872586537836339176e+02 -6.799999261725465658e+02 9.201003107511427359e+00 6.279179519414901733e+01
-5.997662680571910414e+02 -5.999964341302069215e+02 3.308280534571454989e-01 6.351972830295562744e+01
-4.994294621410874129e+02 -4.999038219116816890e+02 1.666445376808675771e+00 6.286044099330901958e+01
-3.992537809590709799e+02 -3.990050409429067031e+02 9.373223829932376683e-01 6.290285174846648886e+01
-2.979603351924135950e+02 -2.980100818858134062e+02 1.491607248407094577e+00 6.291208330392837667e+01
-1.979028191138364718e+02 -1.971206152715606663e+02 1.435539014206149933e+00 6.287871434688567973e+01
-9.514931235031933454e+01 -9.968782674401859367e+01 1.323015113197246428e+01 6.280352439880370952e+01
1.713553770310396658e+02 1.667270639936469365e+02 5.735543851492707290e+01 6.278580334186553813e+01
2.008219496869190266e+02 2.007307725956258651e+02 7.336295504579051219e-01 6.301913859844207622e+01
3.016551217456091081e+02 3.020254966869721329e+02 1.028568312353697500e+00 6.284888174533843852e+01
4.032558866666967674e+02 4.029087721035249388e+02 1.406820252923682180e+00 6.289280074834823608e+01
5.000378229828095868e+02 5.000197293441220268e+02 4.141939809071050471e-02 6.283773299455642558e+01
6.000732724302797578e+02 6.000194318197550274e+02 8.417461320213127929e-02 6.281954720020294047e+01
7.600000000000000000e+02 8.000000000000000000e+02 4.898979485566356118e+01 6.290629560947418497e+01
8.416850282070270168e+02 8.000000000000000000e+02 6.704702935565001098e+01 6.290871490240097330e+01
1.040389285351523995e+03 9.844588072595611266e+02 1.433680375274267078e+02 6.288526179790496684e+01
1.023711940639881846e+03 1.018952192332934146e+03 2.571348550801963029e+01 6.366248691082000732e+01
1.127286339950182537e+03 1.100000000000000000e+03 4.236207759902050896e+01 6.366974225044250346e+01
1.207005268658044997e+03 1.200435134724740237e+03 1.622416927525868147e+01 6.376105965375900553e+01
1.379301201183878447e+03 1.410657301717181781e+03 6.040909732043594005e+01 6.368720579147338867e+01
1.435000000000000000e+03 1.400000000000000000e+03 4.769696007084728251e+01 6.367729045152664469e+01
