-1.400000000000000000e+03 -1.400000000000000000e+03 0.000000000000000000e+00 5.491472774744033813e+01
5.258653858950875474e+03 5.368543099022464958e+03 4.628265180532929662e+03 5.509616625308990479e+01
-1.200000000000000000e+03 -1.200000000000000000e+03 0.000000000000000000e+00 5.494758434295654581e+01
-1.100000000000000000e+03 -1.100000000000000000e+03 0.000000000000000000e+00 5.497605755329131938e+01
-9.999999999999297415e+02 -9.999999999999840838e+02 1.488874204073581718e-10 5.497376850843429708e+01
-8.999303165181436270e+02 -8.999985902833261662e+02 1.657849842983266653e-01 5.497178364992142008e+01
-7.919300767067772995e+02 -7.999983746174190173e+02 1.644118047100812063e+01 5.502489529848098471e+01
-6.880520532568023100e+02 -6.800000000000000000e+02 9.756117798521181328e+00 5.498131489753723145e+01
-5.995846559203864672e+02 -5.995638603949143999e+02 3.970572919966171566e-01 5.585881559848785116e+01
-4.993660832734104815e+02 -4.996966638021493736e+02 9.567139812010553301e-01 5.502407054901122763e+01
-3.998010081885813634e+02 -4.000000000000000000e+02 3.979836228373188067e-01 5.505835355520248697e+01
-2.980100828933772732e+02 -2.980100818858134062e+02 1.407082811409583911e+00 5.510092004537582255e+01
-1.973350561282480555e+02 -1.980100818858134062e+02 4.127196691149134899e+00 5.509305559396743490e+01
-8.814404091738994396e+01 -9.968782674401859367e+01 1.988693343995036855e+01 5.493246710300445557e+01
1.584106027464628426e+02 1.376308803568643953e+02 5.997853785895657808e+01 5.493012065887451456e+01
2.006478767476412202e+02 2.004175481478743279e+02 7.689156132039514091e-01 5.520645664930343344e+01
3.014669084093441143e+02 3.020288736951271176e+02 9.459273909163748995e-01 5.502556909322738932e+01
4.026833169478777563e+02 4.024782149665522297e+02 1.646269284703405722e+00 5.511434534788131856e+01
5.000434992687816020e+02 5.000197293441669331e+02 5.999498445489465787e-02 5.499312114715576172e+01
6.000372824130738536e+02 6.000194318197550274e+02 3.499190541523905518e-02 5.499896725416183330e+01
7.950000000000000000e+02 8.000000000000000000e+02 2.179449471770336899e+01 5.505929285287857056e+01
8.538775240189658007e+02 8.000000000000000000e+02 6.647390717535520821e+01 5.505821870565414144e+01
1.095654326440210525e+03 1.177047210349114266e+03 1.106617865596952441e+02 5.500984405279159262e+01
1.027689998768449641e+03 1.018804729058539579e+03 3.566737651745538074e+01 5.603571825027465536e+01
1.151480392021311673e+03 1.144063736983768194e+03 4.887267027188854485e+01 5.603110940456390665e+01
1.223946037388811419e+03 1.200435134724740237e+03 4.054444448785585564e+01 5.614622685909271382e+01
1.402755441391660270e+03 1.410657301717181554e+03 3.698136053140088109e+01 5.606749079227447652e+01
1.450000000000000000e+03 1.450000000000000000e+03 5.000000000000000000e+01 5.533515706062316752e+01
