-1.399999999999996817e+03 -1.400000000000000000e+03 6.575975323906238365e-12 2.427149935960769511e+01
3.292152916680319322e+03 2.740556097822610354e+03 3.460300458629802051e+03 2.440418579578399516e+01
-1.199999999999999545e+03 -1.200000000000000000e+03 2.083914157517865455e-12 2.422238169908523631e+01
-1.099999999999997272e+03 -1.100000000000000000e+03 9.743167608540707479e-12 2.426582615375518870e+01
-9.999999999744175057e+02 -9.999999999906968924e+02 5.675828895521503930e-08 2.420911509990692068e+01
-8.999999999999994316e+02 -9.000000000000000000e+02 2.081897490945976683e-12 2.430249885320663594e+01
-7.999999963134432619e+02 -7.999999995134205619e+02 8.812043264335695146e-06 2.438121304512024068e+01
-6.929998787840169143e+02 -6.999999943688744679e+02 9.539550781041654659e+00 2.423220864534378194e+01
-5.998874674676349059e+02 -5.999999764644337574e+02 2.677683717795428797e-01 2.487808179855346680e+01
-4.999938363043693244e+02 -4.999926039596635974e+02 3.167178727943925718e-03 2.434842048883438181e+01
-3.999999999999911324e+02 -3.999999999999997726e+02 2.327164639134839644e-11 2.438746899366378784e+01
-2.999999999999961915e+02 -2.999999999999998863e+02 1.029262295710741644e-11 2.440293965339660787e+01
-1.999999999999962483e+02 -2.000000000000000000e+02 9.487752393741263113e-12 2.440500160455703593e+01
-9.987513069757721951e+01 -9.999999999999403144e+01 1.820267239092885070e-01 2.433377404212951589e+01
1.027164956440827126e+02 1.003121732559816905e+02 7.931241568156975674e+00 2.437508450746536326e+01
2.000229295264470011e+02 2.000000037740082917e+02 9.885894640826334290e-02 2.450305933952331472e+01
3.014965248557638233e+02 3.020196854182020161e+02 8.316573586656562656e-01 2.433292124271392964e+01
4.014515428823661978e+02 4.020182268884163932e+02 9.060896032905069175e-01 2.439155914783477641e+01
5.000004960217073631e+02 5.000000000000000000e+02 2.162108496359181446e-03 2.434294060468673848e+01
6.000106875009048508e+02 6.000194318197550274e+02 9.667208224479105494e-03 2.433753340244293284e+01
7.050000368154403532e+02 7.000000135855409553e+02 2.179449350299943333e+01 2.444595398902892924e+01
8.000000036835755282e+02 8.000000003561174253e+02 8.733352904575705788e-06 2.444525029659271098e+01
9.876651761007320829e+02 9.500000009770263887e+02 1.074040501418931655e+02 2.438513414859771800e+01
1.000000000631323019e+03 1.000000000223640768e+03 1.031288654346880645e-06 2.497891094684600688e+01
1.105000004037653298e+03 1.100000002199422397e+03 2.179449379631371997e+01 2.497527459859848165e+01
1.200119406539141437e+03 1.200080948985144914e+03 1.619617840250090479e-01 2.502308949232101298e+01
1.360398682702008500e+03 1.400000000006823029e+03 4.850470415947934555e+01 2.501797854900360107e+01
1.400000011811002196e+03 1.400000007083607443e+03 1.250638958240920832e-05 2.449426409006118632e+01
