-1.400000000000000000e+03 -1.400000000000000000e+03 0.000000000000000000e+00 6.793324269056320475e+01
1.521003469577376109e+03 3.825074215712053274e+02 3.143530510968887938e+03 6.795766654014587971e+01
-1.200000000000000000e+03 -1.200000000000000000e+03 0.000000000000000000e+00 6.789345200061798380e+01
-1.100000000000000000e+03 -1.100000000000000000e+03 0.000000000000000000e+00 6.789791430234909342e+01
-9.999999999999294005e+02 -9.999999999999913598e+02 2.124180227932862508e-10 6.793826254606247517e+01
-9.000000000000000000e+02 -9.000000000000000000e+02 5.084229945850414966e-14 6.790920234918594645e+01
-7.999999999992392077e+02 -7.999999999998115072e+02 1.414032122743997830e-09 6.786855975389480022e+01
-6.939998311966215851e+02 -6.999999999997046416e+02 9.165409241754238323e+00 6.786194884777069092e+01
-5.998747667826817178e+02 -5.999999999998819931e+02 3.017262095764265961e-01 6.860211108922958090e+01
-4.999746001941039140e+02 -4.999913696438024431e+02 2.719643497937224846e-02 6.786586265563964560e+01
-4.000000000000000000e+02 -4.000000000000000000e+02 0.000000000000000000e+00 6.805717995166779133e+01
-2.992537807071800557e+02 -2.990050409429067031e+02 7.626216762648696523e-01 6.799867110252380087e+01
-1.998972022548813641e+02 -2.000000000000000000e+02 4.480849825959485333e-01 6.801648185253142742e+01
-9.984391337200929684e+01 -1.000000000000000000e+02 1.846841888535979415e-01 6.791101459264754681e+01
1.132705787452308215e+02 1.004682598839721663e+02 2.825780787907571678e+01 6.790829750299454304e+01
2.000473314503040569e+02 2.000000000075293940e+02 1.558223937842407592e-01 6.810671489238738729e+01
3.011131292570343021e+02 3.020196068559067726e+02 1.005869687195429352e+00 6.792841190099716187e+01
4.016305845324415600e+02 4.020539558988568274e+02 8.781999034336914756e-01 6.794646495580673218e+01
5.000098674601629796e+02 5.000000000000000000e+02 1.286196449949982001e-02 6.797264645099639324e+01
6.000165170467920461e+02 6.000194318197550274e+02 6.938547500843658851e-03 6.799405770301818563e+01
7.250000000011048087e+02 7.000000000013129693e+02 4.330127018860828514e+01 6.798890719413756756e+01
8.000000000001246008e+02 8.000000000000379714e+02 1.991786826784936623e-10 6.802926864624024006e+01
9.670496193572604398e+02 9.000000000002537490e+02 1.109086539983091200e+02 6.798875244855881306e+01
1.001261613814709904e+03 1.000000000000033310e+03 4.165779155519987675e+00 6.871604524850845053e+01
1.110000000000588216e+03 1.100000000000085947e+03 2.999999999980672172e+01 6.872802280187606527e+01
1.200530022773368955e+03 1.200080948985146279e+03 9.416939866355886757e-01 6.880467565059662149e+01
1.352730002827747285e+03 1.358480733589469764e+03 4.956371480871460022e+01 6.879418770074843792e+01
1.410000000000459067e+03 1.400000000000324690e+03 3.000000000019767654e+01 6.808638064861297323e+01
