-1.400000000000000000e+03 -1.400000000000000000e+03 0.000000000000000000e+00 1.335088453054428044e+02
1.021897422557972459e+05 9.795622167146648280e+04 4.942138395833433606e+04 1.450421304583549613e+02
4.809820076722066733e+05 -1.199005251534681292e+03 1.334048323545855703e+06 1.426182954549789486e+02
1.188930986301833582e+04 8.121889219959500224e+03 7.768657546264127632e+03 1.453101572990417480e+02
-9.999999999549503400e+02 -9.999999999547264906e+02 2.068211585608538997e-08 1.435922264575958138e+02
-8.906692185992127406e+02 -8.901875772039509229e+02 2.099426241035887042e+00 1.439999712467193547e+02
-7.995391606282186103e+02 -7.998637347867964991e+02 9.446080877987703683e-01 1.391278099536895638e+02
-6.796062284532600870e+02 -6.795892747734951627e+02 1.082359087730322550e-01 1.381257160544395504e+02
-5.970621869699017452e+02 -5.974129662192914338e+02 1.624351062636301579e+00 1.576496415495872441e+02
-4.998748289694455025e+02 -4.998904594080389643e+02 6.894839780180840594e-02 1.369016733407974300e+02
-3.953236934392252806e+02 -3.960201637716268124e+02 2.314214197992906286e+00 1.370862236499786491e+02
-2.863435691098106304e+02 -2.865680729032359295e+02 7.178476698451763838e+00 1.369772309899330196e+02
-1.781668110386163164e+02 -1.796474150894882484e+02 9.636232355341871170e+00 1.369005630493164176e+02
1.339713401519028650e+02 1.024291209553709905e+02 1.426847849382790514e+02 1.360629951953887939e+02
1.071855183282316148e+03 1.045574622663878245e+03 4.063020880471383407e+02 1.375714483499527034e+02
2.004823073658952239e+02 2.004491238950931802e+02 3.465431864518136451e-01 1.442201507925987300e+02
3.154791735285871255e+02 3.153648877541145907e+02 2.094134886423770769e+00 1.366432686567306405e+02
4.173500458529323396e+02 4.180453506237389547e+02 4.289842804834397505e+00 1.388287171006202811e+02
5.007073272369835877e+02 5.007080990808178740e+02 2.313035911579464921e-01 1.432050778985023385e+02
6.034866254363776079e+02 6.035088332120781160e+02 3.886430252266153684e-01 1.445986250996589604e+02
1.000000000000000000e+03 1.000000000000000114e+03 9.845568954283846740e-14 1.396143768548965340e+02
1.142451275838741822e+03 1.112498466763589931e+03 1.589659881275575515e+02 1.387515861511230355e+02
1.835676492018362524e+03 1.871344557054553206e+03 3.687712894092390457e+02 1.401177972555160522e+02
1.209023831391131125e+03 1.213179019917833557e+03 2.225222238450720980e+01 1.580795747399330082e+02
1.313816070968796339e+03 1.313439674969897624e+03 4.239900969972732803e+00 1.586501793503761348e+02
1.413392375974735614e+03 1.400024381427485423e+03 5.637765597588408895e+01 1.599362048506736755e+02
1.808506564099205207e+03 1.815668688201369150e+03 5.059414689875426774e+01 1.575688464999198857e+02
1.690000000000000000e+03 1.700000000000000000e+03 4.358898943540670956e+01 1.419024992465973014e+02
