-1.399999479429484836e+03 -1.399999805897676197e+03 7.690515425127659186e-04 5.607630414962768839e+01
-1.242161082695572304e+03 -1.296572076702828099e+03 2.196518000966103159e+02 5.619342654943466187e+01
-1.199888332388262597e+03 -1.199972201875180872e+03 1.941815001596630952e-01 5.603914890289306783e+01
-1.099896608058923221e+03 -1.099953788823183004e+03 1.597620506906990145e-01 5.607582430839538290e+01
-9.999959773569407844e+02 -9.999974182500257029e+02 4.327119511059747403e-03 5.612275995016098307e+01
-8.999999857001064356e+02 -8.999999903999392927e+02 1.552984708318232528e-05 5.607792694568634317e+01
-7.999516808614204137e+02 -7.999633768592266279e+02 2.792818257021831285e-02 5.616783045530318930e+01
-6.958722271575627474e+02 -6.998616547728186106e+02 7.938142273414403149e+00 5.617170834541320801e+01
-5.998920119831749389e+02 -5.999650979577737644e+02 2.213090972631071573e-01 5.684993355274200155e+01
-4.999550763628911341e+02 -4.999537663374100589e+02 1.748143920157699260e-02 5.615586260557174825e+01
-3.999995304911088283e+02 -3.999997947918893715e+02 5.960668010592690700e-04 5.623529429435730265e+01
-2.999988113498343978e+02 -2.999988575939778457e+02 7.270325310782427579e-04 5.623225040435791300e+01
-1.999985077253969337e+02 -1.999992504858486484e+02 1.842393815387919406e-03 5.623854544162750102e+01
-9.996998286911532716e+01 -9.999264942463480565e+01 7.125195548324407546e-02 5.617753255367279053e+01
1.003224435221170125e+02 1.003208446476191966e+02 2.077072166195235992e-01 5.619024864435196065e+01
2.001835457077551723e+02 2.001652108897598055e+02 1.145393518975222624e-01 5.635759289264679239e+01
3.005178904357831584e+02 3.000167935397775523e+02 8.699264297091841014e-01 5.616193810701370381e+01
4.010591823465140919e+02 4.011037908814465709e+02 9.828035879941604547e-01 5.617527229785919474e+01
5.000010869178267967e+02 5.000000000242969236e+02 4.728443564354077935e-03 5.608669871091842651e+01
6.000070508587261884e+02 6.000036703230368857e+02 7.569451159451096901e-03 5.615874500274658487e+01
7.005772684684558271e+02 7.005045532516933235e+02 3.649341871149259231e-01 5.629786090850829794e+01
8.000517071980423225e+02 8.000407065986923953e+02 3.757423496725672413e-02 5.628687319755554341e+01
9.051385623904203612e+02 9.000762922287503898e+02 2.180978886946831707e+01 5.628073279857635214e+01
1.000030880697474117e+03 1.000020236285636770e+03 2.913548646759574548e-02 5.696296390295028544e+01
1.100089115801390562e+03 1.100079365411233994e+03 5.239285812263410474e-02 5.699415885210036947e+01
1.200091242554650762e+03 1.200017362677608617e+03 1.523868087244076852e-01 5.701552710533142232e+01
1.308615366005722990e+03 1.303435141145678017e+03 2.108440632389604019e+01 5.700147475004196451e+01
1.400367538018446794e+03 1.400329776671584568e+03 2.698774225372944646e-01 5.636068674325942851e+01
