-1.400000000000000000e+03 -1.400000000000000000e+03 0.000000000000000000e+00 4.546494615077972412e+01
3.362082981960468260e+03 2.718253186186308540e+03 3.859593329888263270e+03 4.547961100339889384e+01
-1.200000000000000000e+03 -1.200000000000000000e+03 0.000000000000000000e+00 4.545650125741958902e+01
-1.100000000000000000e+03 -1.100000000000000000e+03 0.000000000000000000e+00 4.545590660572052144e+01
-9.999999999999830607e+02 -9.999999999999859028e+02 1.440959926290763312e-11 4.549250434637069418e+01
-8.999999999999996589e+02 -9.000000000000000000e+02 7.086074239053878914e-13 4.545848499536513998e+01
-7.999999494215990126e+02 -8.000000000000000000e+02 2.139557830783517223e-04 4.546809120178222940e+01
-6.919995917239600658e+02 -7.000000000000000000e+02 9.798459038237247398e+00 4.543166095018386841e+01
-5.998125223390486553e+02 -6.000000000000000000e+02 3.247208340519859848e-01 4.589816024303436137e+01
-4.999080166152692755e+02 -4.999654785752962880e+02 1.009487116347478480e-01 4.548855379819870137e+01
-4.000000000000000000e+02 -4.000000000000000000e+02 0.000000000000000000e+00 4.554379090070724345e+01
-2.990547893995433242e+02 -2.990050409429067031e+02 1.315265278044380759e+00 4.555012800693511821e+01
-1.996537371127500933e+02 -2.000000000000000000e+02 8.390357958512369985e-01 4.554160940647125244e+01
-9.900605236280019028e+01 -1.000000000000000000e+02 3.622223903734842043e+00 4.547024095058441162e+01
1.483769621834950954e+02 1.252919169042639851e+02 6.260907452524533312e+01 4.544006509780884073e+01
2.000823126136614860e+02 2.000000000000009663e+02 1.993352736666558767e-01 4.559288159608841084e+01
3.017381086284232197e+02 3.020225124902920015e+02 7.278662985198109947e-01 4.550790300369262553e+01
4.020841862279114025e+02 4.021059570464718718e+02 4.471695885818477989e-01 4.551294169425964498e+01
5.000194183244617534e+02 5.000099204341481709e+02 3.149468771216034496e-02 4.549693844318390035e+01
6.000192678633150081e+02 6.000194318197550274e+02 1.442055102963267325e-02 4.550000230073928975e+01
7.550000000000000000e+02 8.000000000000000000e+02 4.974937185533099893e+01 4.551473959684371806e+01
8.212633555888151022e+02 8.000000000000000000e+02 3.748656254232923146e+01 4.552183784246444986e+01
1.016333776074524167e+03 9.419285391739412034e+02 1.285216016469132398e+02 4.552134644985198975e+01
1.006338454751654353e+03 1.000000000000000000e+03 1.213882667551039773e+01 4.596686069965362265e+01
1.130627832057698470e+03 1.100000000000000000e+03 4.679254987290742918e+01 4.597204060554504679e+01
1.204629378856158155e+03 1.200435134724740237e+03 9.604287639160121515e+00 4.604195014238357686e+01
1.365716153230514919e+03 1.400000000000000000e+03 5.435474088882718746e+01 4.600523699522018717e+01
1.445000000000000000e+03 1.400000000000000000e+03 4.974937185533099182e+01 4.562812039852142476e+01
