-1.400000000000000000e+03 -1.400000000000000000e+03 0.000000000000000000e+00 5.081646599769592143e+01
4.907855139165726541e+03 4.492523007283863080e+03 5.287089928028109171e+03 5.083644560575485372e+01
-1.200000000000000000e+03 -1.200000000000000000e+03 0.000000000000000000e+00 5.077230789661407329e+01
-1.100000000000000000e+03 -1.100000000000000000e+03 0.000000000000000000e+00 5.081200914382934286e+01
-9.999999999999866986e+02 -9.999999999999951115e+02 1.688724125577509853e-11 5.086381024122238159e+01
-8.999999987982367884e+02 -8.999999999999994316e+02 5.234343763052632559e-06 5.073167829513549520e+01
-7.999999856478955280e+02 -8.000000000000000000e+02 5.010031015821988571e-05 5.078498615026474283e+01
-6.919996857464371942e+02 -6.999999999999997726e+02 9.798343859695700431e+00 5.079285894632339193e+01
-5.996663916348097700e+02 -6.000000000000000000e+02 4.030383911576553291e-01 5.160716849565505981e+01
-4.998609125611931745e+02 -4.999506815673747724e+02 1.928837449098247947e-01 5.087798855304718160e+01
-4.000000000000000000e+02 -4.000000000000000000e+02 0.000000000000000000e+00 5.096582899093628072e+01
-2.992040327543253966e+02 -2.990050409429067031e+02 7.445591811021540218e-01 5.098437865972518779e+01
-1.995097678763281124e+02 -2.000000000000000000e+02 9.990467153466864314e-01 5.094839245080947876e+01
-9.899044370000112281e+01 -9.968782674401859367e+01 3.617231176511701563e+00 5.082850840091705180e+01
1.458256505193003818e+02 1.169133068121728911e+02 5.328857976277892305e+01 5.073250559568405293e+01
2.000834053967843431e+02 2.000000000000064801e+02 2.527712339078552195e-01 5.105308710336684896e+01
3.019310878889665446e+02 3.020227481771768225e+02 4.410828625416772786e-01 5.087645519971847818e+01
4.019398580252402553e+02 4.021149675412640363e+02 9.503336870782514989e-01 5.089040335416793681e+01
5.000139850732959417e+02 5.000000000000000000e+02 2.756224663209218273e-02 5.085711610317230225e+01
6.000174886377798202e+02 6.000194318197550274e+02 5.829545926508218449e-03 5.089316204786300801e+01
7.550000000000000000e+02 8.000000000000000000e+02 4.974937185533100603e+01 5.090919730663299703e+01
8.473922368879959777e+02 8.000000000000000000e+02 9.901400891851309893e+01 5.089921795129775717e+01
1.061616607137603978e+03 1.102916476195652876e+03 1.261187075449947628e+02 5.089659610986709737e+01
1.008850667708659785e+03 1.000000000000000000e+03 1.963297304813709943e+01 5.172531414031982422e+01
1.131041022240329312e+03 1.100000000000000000e+03 4.574718931835307956e+01 5.175078735351562642e+01
1.205370101549464835e+03 1.200435134724740237e+03 1.090374458162285798e+01 5.183930840492248393e+01
1.363825375365386208e+03 1.400000000000000000e+03 5.457776763975788015e+01 5.178839495182037211e+01
1.425000000000000000e+03 1.400000000000000000e+03 4.330127018922195958e+01 5.115178505182266377e+01
