-1.400000000000000000e+03 -1.400000000000000000e+03 0.000000000000000000e+00 5.449283639192581319e+01
2.059210296219494921e+03 8.898381366111860871e+02 3.461864532341257018e+03 5.496536359786987447e+01
-1.200000000000000000e+03 -1.200000000000000000e+03 0.000000000000000000e+00 5.451212785243988179e+01
-1.100000000000000000e+03 -1.100000000000000000e+03 0.000000000000000000e+00 5.460736684799194052e+01
-9.999999999747660695e+02 -9.999999999999965894e+02 6.916288756757460525e-08 5.469229434728622152e+01
-8.999999999999994316e+02 -9.000000000000000000e+02 1.810621277930569787e-12 5.467873095273971273e+01
-7.999999985611167403e+02 -8.000000000000000000e+02 6.271946918596794196e-06 5.474018775224685385e+01
-6.931729511013905949e+02 -7.000000000000000000e+02 9.330176559287721716e+00 5.464403845071792887e+01
-5.998875021065657620e+02 -6.000000000000000000e+02 2.677669183808789044e-01 5.533733565807342814e+01
-4.999731219715578163e+02 -4.999728746156046100e+02 2.139749343128097281e-02 5.467765405178069926e+01
-3.998507561414360225e+02 -4.000000000000000000e+02 3.552714447781128992e-01 5.465700069665908956e+01
-2.996020163771626699e+02 -3.000000000000000000e+02 6.599811748288523239e-01 5.466212735176086568e+01
-1.982184631207700818e+02 -1.975323301845940591e+02 1.349301711625136679e+00 5.468157010078429892e+01
-9.899044370000112281e+01 -9.984391337200929684e+01 3.688831384454644979e+00 5.462370060682296469e+01
1.102738890409862478e+02 1.004682598839721095e+02 1.833480791545077082e+01 5.460392985343933248e+01
2.000917341812185555e+02 2.000000000000000000e+02 2.389278401153773490e-01 5.493969429731369303e+01
3.019142632609861039e+02 3.020329964598200831e+02 6.754994783880546860e-01 5.467334995269775533e+01
4.021883295823644744e+02 4.020737423438310998e+02 2.672303813973853082e-01 5.467379460334777974e+01
5.000064176130459828e+02 5.000000000000000000e+02 1.219354298118956355e-02 5.448692950010299541e+01
6.000165170467920461e+02 6.000194318197550274e+02 6.938547500843658851e-03 5.450951615571975850e+01
7.300000000000000000e+02 7.000000000000000000e+02 4.582575694955839651e+01 5.477018479108810567e+01
8.130316959533120098e+02 8.000000000000000000e+02 4.025341846737259743e+01 5.477404199838638021e+01
9.831021573733563628e+02 9.000000000000000000e+02 1.103341651978893196e+02 5.477018409967422485e+01
1.009089694910328603e+03 1.000000000000000000e+03 2.212789752843914570e+01 5.544621285200118876e+01
1.105236093938131489e+03 1.100000000000000000e+03 2.282360433520093679e+01 5.543149590492248535e+01
1.200871909563908048e+03 1.200040474492571320e+03 3.232133991565399711e+00 5.544653029441833780e+01
1.387858238780259171e+03 1.400000000000000000e+03 5.188295139775355125e+01 5.547017694711685465e+01
1.410000000000000000e+03 1.400000000000000000e+03 3.000000000000000000e+01 5.484382489919662618e+01
