-1.399999999999844249e+03 -1.399999999999958618e+03 3.603968617250205836e-10 6.162576904296874858e+01
3.398701044489725064e+03 1.698624589687132129e+03 4.307823637739200421e+03 6.177516620159148886e+01
-1.199999999194023303e+03 -1.199999999904012839e+03 1.626286624768181349e-06 6.165391825437545492e+01
-1.099999997754242486e+03 -1.099999999792377366e+03 5.569800427111272580e-06 6.168648420572280600e+01
-9.999999952291555019e+02 -9.999999961728792641e+02 3.717195191740944809e-06 6.167955474853515341e+01
-8.999982797629975266e+02 -8.999999999942666591e+02 6.430544378330977501e-03 6.164166665077209473e+01
-7.999996727028569694e+02 -7.999999291147968279e+02 6.797021922574258187e-04 6.175042879581451416e+01
-6.919995356857878051e+02 -6.999996103157018297e+02 9.798223990549294271e+00 6.175329869985580444e+01
-5.997614001868303149e+02 -5.999989238617129104e+02 3.668884285682391111e-01 6.245341060161590718e+01
-4.999525034779556449e+02 -4.999716208515960716e+02 3.719361423235026387e-02 6.169142580032348633e+01
-3.999999999993624442e+02 -3.999999999998106546e+02 1.426878073648237516e-09 6.177329294681548788e+01
-2.988557971021217554e+02 -2.990050409082139140e+02 1.102340104198682891e+00 6.178548300266265869e+01
-1.998560307453969358e+02 -1.999999999914281830e+02 6.275473483737006308e-01 6.177800635099411153e+01
-9.998439132522862849e+01 -9.999999999634638925e+01 6.803658200756151908e-02 6.168900790214538432e+01
1.450836686048519937e+02 1.170693956070268200e+02 4.830956630242521044e+01 6.171500414609909058e+01
2.000042033805310666e+02 2.000035985443888649e+02 4.683145922811291460e-03 6.196277494430542276e+01
3.015163321121650597e+02 3.020196068672801175e+02 8.743119584190672811e-01 6.171113150119781210e+01
4.012225868648325786e+02 4.020239975964881864e+02 1.041732400565371863e+00 6.172950450181961202e+01
5.000103585964519084e+02 5.000000000000000000e+02 1.804856104873977726e-02 6.166482659578323222e+01
6.000165170468477527e+02 6.000194318197561643e+02 6.938547375783700802e-03 6.169369989633560181e+01
7.650001181988639019e+02 8.000000157904444222e+02 4.769686110743619878e+01 6.183914750814437866e+01
8.040656308339868019e+02 8.000000185570775102e+02 1.772156657766322496e+01 6.184312174320221089e+01
1.035396913333843713e+03 1.032693566141938391e+03 1.304803985498859618e+02 6.185655460357666158e+01
1.010240378887222164e+03 1.000000027407670245e+03 2.115609198861670848e+01 6.257125120162963583e+01
1.115000035409567317e+03 1.100000031761856462e+03 3.570712873580497870e+01 6.257603645324707031e+01
1.201723439414148515e+03 1.200040474842258845e+03 5.663539285767309472e+00 6.262775684595108316e+01
1.385056683261151193e+03 1.400000010388869896e+03 5.002765463948306746e+01 6.262206615209579752e+01
1.435000105819154896e+03 1.400000204559475151e+03 4.769690504695071809e+01 6.191177015304565145e+01
