-1.400000000000000000e+03 -1.400000000000000000e+03 0.000000000000000000e+00 2.266738740205764913e+01
4.305512001329154373e+03 3.018185461749578280e+03 4.811979337321210551e+03 2.267084034681320048e+01
6.622338053957714885e+07 -1.200000000000000000e+03 1.986815523128849566e+08 2.263320165872573853e+01
-1.100000000000000000e+03 -1.100000000000000000e+03 0.000000000000000000e+00 2.267486145496368266e+01
-9.999999999996891802e+02 -9.999999999997864961e+02 2.853749226390958748e-10 2.265873450040817261e+01
-8.987582426066628614e+02 -8.999063377935398194e+02 2.231465107736648079e+00 2.250534625053405691e+01
-7.721134889657304257e+02 -7.789642601061468667e+02 2.653588125229479289e+01 2.274028830528259348e+01
-6.828370651095756330e+02 -6.799791384720899714e+02 6.864795387025508511e+00 2.261991355419159078e+01
-5.992328269450583775e+02 -5.992264420884453102e+02 4.024211448796818913e-01 2.335795320272445608e+01
-4.828125121590252888e+02 -4.904534347919487800e+02 1.968784007100549616e+01 2.263734074831008769e+01
-3.977613443908306294e+02 -3.980100818858134062e+02 2.222007280731468803e+00 2.281126090288162089e+01
-2.941794986895730517e+02 -2.950252097523525663e+02 4.340034772077823177e+00 2.276112838983535624e+01
-1.921900319192146469e+02 -1.931100512817871504e+02 7.140182077796602300e+00 2.285164051055908274e+01
-8.214634082008842597e-02 -3.327293600635306348e+01 1.258145513429123952e+02 2.263698074817657613e+01
2.810458558037120156e+02 2.902634590382528472e+02 1.466392344196831914e+02 2.264219535589218069e+01
2.020331452087052355e+02 2.023045354127613393e+02 1.354083532755894215e+00 2.285924729108810283e+01
3.024013062188948311e+02 3.024175134434541405e+02 1.299491720537913286e+00 2.274266369342803884e+01
4.055647702932464540e+02 4.047774893732129158e+02 4.133228015136748645e+00 2.267350814342498921e+01
5.001479811156555115e+02 5.001276443674222492e+02 1.280322767701648767e-01 2.262233104705810405e+01
6.002547111660776409e+02 6.001563783642867520e+02 2.639005970600278861e-01 2.273409440517425395e+01
7.900000000000000000e+02 8.000000000000000000e+02 3.000000000000001066e+01 2.274073715209960866e+01
1.019634458204329917e+03 1.000000000000000000e+03 1.441489707386434986e+02 2.276137994527816844e+01
1.112866395556185580e+03 1.125969208169505691e+03 1.705595149353868578e+02 2.271387634277343892e+01
1.066832144593829526e+03 1.071430969559206460e+03 3.429248249501080892e+01 2.349299094676971578e+01
1.193317991545168070e+03 1.202800018851578898e+03 3.069395684653537160e+01 2.347468029260635447e+01
1.262794431535992317e+03 1.287184173621797527e+03 4.568637848535719570e+01 2.354654314517974711e+01
1.499925227829348387e+03 1.450290901641066739e+03 1.012012405473921319e+02 2.350052779912948608e+01
1.500000000000000000e+03 1.500000000000000000e+03 7.745966692414832266e+01 2.352916305065155100e+01
