-1.400000000000000000e+03 -1.400000000000000000e+03 0.000000000000000000e+00 6.532485830783843994e+01
1.472131512141560506e+03 -8.561003442378237196e+02 4.432298120206645763e+03 6.532242054939270304e+01
-1.200000000000000000e+03 -1.200000000000000000e+03 0.000000000000000000e+00 6.526628434658050537e+01
-1.100000000000000000e+03 -1.100000000000000000e+03 0.000000000000000000e+00 6.534308315515518473e+01
-9.999999999999769216e+02 -9.999999999999838565e+02 2.602794292865920180e-11 6.537756329774856567e+01
-8.999703294498756350e+02 -8.999999602471092430e+02 8.668526397719940324e-02 6.522376954555511475e+01
-7.999991074344859499e+02 -7.999999999970334557e+02 3.553336755417731661e-03 6.533624725341796591e+01
-6.869998380709253070e+02 -6.799999808574577855e+02 9.539510839108485740e+00 6.530857645273208334e+01
-5.996328957662987023e+02 -5.997375812072668850e+02 3.892308348517564132e-01 6.619429874420166016e+01
-4.998510464104463722e+02 -4.998914984633685776e+02 1.542855994019018961e-01 6.529883915185928345e+01
-4.000000000000000000e+02 -4.000000000000000000e+02 0.000000000000000000e+00 6.545480769872665405e+01
-2.985573098709966189e+02 -2.990050409429067031e+02 1.197054800451479384e+00 6.542247174978255941e+01
-1.989559350327567131e+02 -2.000000000000000000e+02 1.342925615888353130e+00 6.547816820144653605e+01
-9.989073936040651347e+01 -1.000000000000000000e+02 1.786493112864857291e-01 6.532996000051498697e+01
1.408797560562369995e+02 1.335144403683643759e+02 4.144810018851381983e+01 6.530413429737090780e+01
2.001305582741472051e+02 2.000005915740834439e+02 3.148639129963165528e-01 6.560487384796142862e+01
3.018245352524601230e+02 3.020197639804966911e+02 6.066632311341376704e-01 6.538091830015181927e+01
4.018296731812573626e+02 4.021883639278264582e+02 8.873101836250845142e-01 6.534249895811080933e+01
5.000411444981734235e+02 5.000197293441220836e+02 4.297859820555730709e-02 6.530512310266495035e+01
6.000212110452905563e+02 6.000194318197550274e+02 1.292493591117913933e-02 6.540322844982146933e+01
7.750000000006389200e+02 8.000000000000134150e+02 4.330127018908589775e+01 6.543721444606781290e+01
8.490656074332628123e+02 8.000000000001791705e+02 6.650676238719019295e+01 6.545444625616073608e+01
1.099427052245807772e+03 1.182490187298220917e+03 1.026398145485124331e+02 6.546545599699020102e+01
1.012393383847360610e+03 1.003140002031759764e+03 1.551680884294538565e+01 6.635375609397888752e+01
1.131399057532902589e+03 1.100000000000785803e+03 4.631647984539171858e+01 6.637490190267563150e+01
1.203940993908579230e+03 1.200080948985142641e+03 9.916817036689076659e+00 6.644072749614716145e+01
1.394166374839592663e+03 1.410466463650343485e+03 4.759011549024435794e+01 6.641480569839477255e+01
1.430000000000515456e+03 1.400000000000996124e+03 4.582575694941606770e+01 6.554673284292221069e+01
