-1.400000000000000000e+03 -1.400000000000000000e+03 0.000000000000000000e+00 4.663495682001113778e+02
1.711611609674502106e+05 1.510611960416698712e+05 1.296953362246077450e+05 4.705723162531852495e+02
8.490360090303792059e+07 1.107681245046983007e+06 3.269596541757690907e+08 4.703847709059715498e+02
5.055013277791063956e+03 3.597835162570627290e+03 4.669987346111418447e+03 4.706188879489898795e+02
-9.999999999999605507e+02 -9.999999999999611191e+02 2.189690836240379028e-11 4.688261067509650957e+02
-8.918549194751680034e+02 -8.901875712401460987e+02 3.468968010329894103e+00 4.700134197473526001e+02
-7.342180848005530152e+02 -7.394161032230321098e+02 3.722665336895198607e+01 4.706042956471443404e+02
-6.795179023859144536e+02 -6.795245365950717087e+02 1.262616983168073914e-01 4.674187955498695146e+02
-5.942657917507563070e+02 -5.941502438965906094e+02 1.700396401446734540e+00 4.824935794472694397e+02
-4.993581185536842213e+02 -4.993179508421557102e+02 2.763798967672707607e-01 4.676782403469085807e+02
-3.972638628448844429e+02 -3.975126023572667577e+02 1.690698021233156600e+00 4.673484869003295898e+02
-2.696652168460669827e+02 -2.746285894299309120e+02 1.491943255861691320e+01 4.670927749514579546e+02
-1.502301066350748897e+02 -1.526946230484016382e+02 1.552262459642221337e+01 4.647350949048995972e+02
1.513820453242904023e+02 1.113734037618605726e+02 1.513608796621514330e+02 4.669466032028198015e+02
1.271707861289237826e+03 1.259732070238304004e+03 3.430411699957069231e+02 4.668944190979003679e+02
2.005072719580994942e+02 2.004807360489630810e+02 3.275849531577929019e-01 4.707752681493759042e+02
3.129978403495175598e+02 3.126560421805360193e+02 5.718581344814563039e+00 4.674311170458793754e+02
4.337482341392489502e+02 4.299480042022228190e+02 1.160796133397300700e+01 4.702388137459755058e+02
5.006789784729423332e+02 5.006081306488422342e+02 2.940798477021440704e-01 4.700421949028968811e+02
6.039016563654587344e+02 6.039364069267458035e+02 2.738991784964027731e-01 4.704582420945167769e+02
1.000000000000000000e+03 1.000000000000000114e+03 1.108082226984261449e-13 4.687890254974365121e+02
1.107481996839619569e+03 1.086882041036062219e+03 1.661417522277204739e+02 4.679831762552261125e+02
2.167499983164750120e+03 2.219138949746180970e+03 3.036899606566064449e+02 4.678722157001495248e+02
1.219816345727282851e+03 1.220432900931667064e+03 3.257292946422725599e+00 4.834904839515685921e+02
1.318497233969996842e+03 1.318799120287726964e+03 4.669850979439932992e+00 4.834132317423820382e+02
1.446166431652408392e+03 1.400028947298158073e+03 5.655917495527543792e+01 4.851122115492820512e+02
1.848051753363019770e+03 1.849701926076852260e+03 4.022931426319816239e+01 4.832480488538741952e+02
1.731686724209070917e+03 1.700000000000000000e+03 9.620493510009102067e+01 4.701798567056655997e+02
