-1.400000000000000000e+03 -1.400000000000000000e+03 0.000000000000000000e+00 5.199437960386276103e+01
3.235076194939618745e+03 2.403843959417802580e+03 3.628017909211929236e+03 5.227553290128707886e+01
-1.200000000000000000e+03 -1.200000000000000000e+03 0.000000000000000000e+00 5.201712279319762899e+01
-1.100000000000000000e+03 -1.100000000000000000e+03 0.000000000000000000e+00 5.201311014890670492e+01
-9.999999998899004368e+02 -9.999999999999420197e+02 2.783481897648228372e-07 5.204869759082794189e+01
-9.000000000000000000e+02 -9.000000000000000000e+02 5.684341886080801487e-14 5.201848930120468140e+01
-7.999999999999101874e+02 -8.000000000000000000e+02 3.671013749302989987e-10 5.224942114353179790e+01
-6.899994315019765736e+02 -6.899999874712925703e+02 1.000056853203006035e+01 5.197150124311447428e+01
-5.999250089356124818e+02 -6.000000000000000000e+02 2.249731931393531004e-01 5.298445855379104330e+01
-4.999848351608987969e+02 -4.999926039596658711e+02 1.446891790535322769e-02 5.211400279998779439e+01
-3.999502520471453408e+02 -4.000000000000000000e+02 2.168462991415098240e-01 5.219571570158004903e+01
-2.999005040942906817e+02 -3.000000000000000000e+02 2.984877171279891050e-01 5.217843060493468954e+01
-1.997977063491720457e+02 -2.000000000000000000e+02 6.069707669423453078e-01 5.219027506113052084e+01
-9.685625169433568260e+01 -9.968782674401859367e+01 1.270249431651320471e+01 5.209296864271163940e+01
1.048506876496806797e+02 1.003121732559814063e+02 1.323015113197249271e+01 5.213247414827346660e+01
2.000699560375983879e+02 2.000000000000098908e+02 1.656552193646244620e-01 5.239177154302596762e+01
3.013925719445829827e+02 3.020196068559067726e+02 8.821897642422026342e-01 5.211969339847564697e+01
4.015958023925934981e+02 4.020449463645542778e+02 7.940694788193516374e-01 5.209979134798049927e+01
5.000009864672060758e+02 5.000000000000000000e+02 4.299910862512639972e-03 5.190975785255432129e+01
6.000145738648163842e+02 6.000194318197550274e+02 8.414224774807013349e-03 5.196822109222411967e+01
7.350000000006540404e+02 7.000000000001116405e+02 4.769696007036817775e+01 5.232500045299529745e+01
8.050000000000005684e+02 8.000000000000002274e+02 2.179449471770358215e+01 5.231777930259704590e+01
1.009597541646803847e+03 9.787674170230237678e+02 1.196775057101728663e+02 5.215292384624481059e+01
1.000000000000003411e+03 1.000000000000000000e+03 1.014940795770116711e-11 5.314807710647583150e+01
1.100000000000033424e+03 1.100000000000000227e+03 1.061024584137956000e-10 5.313544249534606934e+01
1.200153305623013011e+03 1.200080948985142413e+03 1.656410248964324539e-01 5.314848204851150371e+01
1.376394006611942359e+03 1.400000000000000000e+03 4.341899330294302928e+01 5.317938625812530518e+01
1.415000000000815589e+03 1.400000000000137561e+03 3.570714214237562345e+01 5.251981215476989462e+01
