-1.400000000000000000e+03 -1.400000000000000000e+03 0.000000000000000000e+00 5.079898464679718018e+01
1.807224642053439993e+03 -3.474782498177766001e+02 3.576890902392131011e+03 5.122304819822311117e+01
-1.200000000000000000e+03 -1.200000000000000000e+03 0.000000000000000000e+00 5.078797415494918965e+01
-1.100000000000000000e+03 -1.100000000000000000e+03 0.000000000000000000e+00 5.085519219636917398e+01
-9.999999999999942020e+02 -9.999999999999965894e+02 8.383546769596475681e-12 5.085777354240417480e+01
-8.999999999999987494e+02 -8.999999999999997726e+02 3.520163819619264436e-12 5.094405235052109049e+01
-7.999998468259135507e+02 -8.000000000000000000e+02 3.486902095657921528e-04 5.099516829252242900e+01
-6.909990138945443050e+02 -7.000000000000000000e+02 9.950964734564259118e+00 5.086601635217666484e+01
-5.997179326179259533e+02 -5.999981925018877291e+02 3.808970938426547437e-01 5.189566564559936523e+01
-4.999542541849563122e+02 -4.999728746156046100e+02 5.518674055120890987e-02 5.093646245002746298e+01
-3.997015122828720450e+02 -4.000000000000000000e+02 5.539697580559018730e-01 5.105062824487686157e+01
-2.981095787990866484e+02 -2.980100818858134062e+02 1.331162724312239920e+00 5.103410475254058554e+01
-1.976996675297546631e+02 -1.971206152715606663e+02 1.422607428033043853e+00 5.100730715990066244e+01
-9.715863505359219232e+01 -9.968782674401859367e+01 5.980610930502000322e+00 5.088998841047286703e+01
1.374272679395824923e+02 1.004682598839721095e+02 5.096867847261496109e+01 5.086831964254379557e+01
2.001427555968584215e+02 2.000000000000012506e+02 4.895220704358407837e-01 5.134148130416870259e+01
3.020075882907065079e+02 3.020839863305428707e+02 8.481919579345633675e-01 5.096172925233840800e+01
4.020475478509447953e+02 4.021901213707942588e+02 1.198533389738563937e+00 5.096257274150848104e+01
5.000284508622278850e+02 5.000197293441220268e+02 3.815767496280269427e-02 5.087637100219726705e+01
6.000484674628544326e+02 6.000194318197550274e+02 7.927287645983613351e-02 5.086888275146484517e+01
7.500000000000000000e+02 7.500000000000000000e+02 5.000000000000000000e+01 5.110616410970688150e+01
8.225461844191079308e+02 8.059532243253694332e+02 3.430002825531968114e+01 5.107428056001663208e+01
1.037339426517541597e+03 1.000000000000000000e+03 1.062643844867333769e+02 5.116803585290908529e+01
1.009801572123112237e+03 1.000000000000000000e+03 1.585116911904123072e+01 5.208505235910415365e+01
1.118831839250945677e+03 1.100000000000000000e+03 3.812852731458842470e+01 5.208183588981628276e+01
1.202984997828002861e+03 1.200435134724740237e+03 7.706310955793009398e+00 5.217598764896392538e+01
1.356831411252183898e+03 1.305794655432245690e+03 6.445542809266241591e+01 5.215109639167785360e+01
1.415000000000000000e+03 1.400000000000000000e+03 3.570714214271424680e+01 5.121354444026947306e+01
