-1.399999999999987722e+03 -1.399999999999995680e+03 2.323354015721220398e-11 7.050220644474029541e+01
3.726383307183175020e+03 2.707379234523071318e+03 4.651852553363302832e+03 7.064029874801636311e+01
-1.199999999976475920e+03 -1.199999999996566658e+03 4.939939640671874322e-08 7.056139380931854532e+01
-1.099999999936245104e+03 -1.099999999975337460e+03 1.463048830580583228e-07 7.059091119766235067e+01
-9.999999991317802142e+02 -9.999999995326866156e+02 1.233794423191685610e-06 7.058621109724045084e+01
-8.999958784854436544e+02 -8.999998592458750863e+02 1.590463256628609975e-02 7.048048504590988728e+01
-7.994184645976879438e+02 -7.999999704601677877e+02 2.534586388804644930e+00 7.062354135513305664e+01
-6.879996101397844086e+02 -6.800000000059753802e+02 9.798197138182350940e+00 7.062350630760192871e+01
-5.995348931567990576e+02 -5.993952293098772088e+02 3.903949138136127428e-01 7.136011641025542929e+01
-4.998898874165946609e+02 -4.999334150108888934e+02 1.391237495034045868e-01 7.056771980524062826e+01
-3.999999999999562874e+02 -3.999999999999942020e+02 1.378638116575514200e-10 7.065134795904160114e+01
-2.987065539755134296e+02 -2.990050409425563203e+02 1.544590187438984019e+00 7.064234745502471924e+01
-1.989938046801518396e+02 -1.999999999996521751e+02 1.300482753356880350e+00 7.070121340751647665e+01
-9.990634802267602765e+01 -9.999999999956799002e+01 1.738107130059226846e-01 7.059577735662460896e+01
1.562914080311070961e+02 1.170693934427703198e+02 5.761829163938533327e+01 7.058565670251846313e+01
2.000598916006730406e+02 2.000020817711182701e+02 1.367728204206472842e-01 7.085064569711684612e+01
3.016164171605197453e+02 3.020196068566187932e+02 8.069612845079545682e-01 7.061401884555816366e+01
4.018933027111578440e+02 4.020729111460540253e+02 6.842135502939461489e-01 7.062105795145035358e+01
5.000238582071627320e+02 5.000099212473051011e+02 3.206977836315347274e-02 7.056994900703429607e+01
6.000165170468756060e+02 6.000194318197550274e+02 6.938547302386782918e-03 7.058144434690476032e+01
7.400000577651447884e+02 7.000001432093206404e+02 4.898976122835729541e+01 7.071859449148178101e+01
8.250000060522318108e+02 8.000000072323352924e+02 5.361902550937949741e+01 7.072352104187011435e+01
1.097061110412081234e+03 1.180920295556054953e+03 1.078091643306486276e+02 7.074914134740829752e+01
1.004959374602934759e+03 1.000000003489802793e+03 1.152714951817550926e+01 7.152294490337371258e+01
1.120832984292185301e+03 1.100000013494689483e+03 3.974750050554937530e+01 7.151094455718994425e+01
1.207202429868963236e+03 1.200675870670342420e+03 1.235781266672132972e+01 7.157773025035858439e+01
1.386308400763262625e+03 1.410275625351257986e+03 4.825368477728050465e+01 7.156690599918366047e+01
1.415000044817298203e+03 1.400000030125263947e+03 3.570712858030532288e+01 7.082403949499129681e+01
