-1.399999999999772172e+03 -1.399999999999883130e+03 3.321384886245398795e-10 3.127137899398803711e+02
1.284223003290855995e+05 1.055900635590799502e+05 8.599065295257614343e+04 3.157257067561149597e+02
6.993644345127856359e+06 7.168198426931493450e+05 1.169779889757298678e+07 3.150867779493331682e+02
1.810339880697583112e+03 4.245576660586956450e+02 4.244290617860732709e+03 3.156244883418083305e+02
-9.999999873178372809e+02 -9.999999912972270977e+02 9.409510212515605535e-06 3.140222048044204826e+02
-8.911082676977373467e+02 -8.901871399893996113e+02 2.798773888352218187e+00 3.137017016530036813e+02
-7.828086909157692617e+02 -7.833390595565902004e+02 1.221921255498734205e+01 3.162886698007583846e+02
-6.796738921035475869e+02 -6.796769033949578898e+02 8.992570577665551235e-02 3.144993528485298384e+02
-5.946455704214814659e+02 -5.943783716089349127e+02 2.116643794329991835e+00 3.342705615520477522e+02
-4.993443991293565887e+02 -4.994741244841416687e+02 3.981670287100699257e-01 3.145260606050491106e+02
-3.999005040941424340e+02 -3.999999999999308784e+02 2.984877170944258973e-01 3.150420086503028756e+02
-2.763921725918635275e+02 -2.716437273939374109e+02 1.093873842076742164e+01 3.153779531955718767e+02
-1.622561306831877914e+02 -1.606804141651533655e+02 1.103366871238684510e+01 3.149018589973449593e+02
-3.194273351953415663e+00 -2.972215269393245762e+00 8.929358070520473234e+01 3.144468567490577584e+02
1.132413085960964509e+03 1.139348652298975367e+03 2.434545745584169367e+02 3.149381980061531294e+02
2.004030677211789850e+02 2.004123339343175871e+02 1.844771033360992352e-01 3.227459907054901009e+02
3.099040037984121909e+02 3.103540744433979626e+02 2.204232440932251347e+00 3.141713034987449760e+02
4.312913912077481768e+02 4.291836331401505049e+02 1.051070606484220882e+01 3.153187076449394226e+02
5.005080615166116331e+02 5.005348694513984356e+02 1.475913578928565728e-01 3.140790773987770308e+02
6.033918499885190840e+02 6.034842062467399728e+02 3.132410396050732682e-01 3.146811686038971061e+02
1.000000136598064501e+03 1.000000084519371853e+03 1.490073700749217891e-04 3.161454792976379622e+02
9.535107008343723010e+02 9.273859425630162150e+02 8.809679932317382622e+01 3.177279466986656189e+02
2.087477115984750526e+03 2.110144543976130535e+03 2.909956874897981720e+02 3.180901234984397661e+02
1.217439447705015937e+03 1.218806416081893531e+03 4.260271331572068831e+00 3.357547324538230669e+02
1.316188366357875111e+03 1.316751702456239400e+03 5.049568463763632664e+00 3.357639185428619157e+02
1.403810388863506660e+03 1.400030726205925930e+03 5.517912904629496751e+01 3.368862953066825980e+02
1.841182237468266976e+03 1.838768962602023294e+03 2.738741946491534307e+01 3.362049857497215157e+02
1.719015120413769637e+03 1.700000229404681477e+03 8.288387157032720154e+01 3.191030651926994324e+02
