-1.399999826081424544e+03 -1.399999962423579291e+03 2.017553798649653789e-04 2.710636775493621897e+01
4.666403877722694233e+03 3.053264999760158389e+03 5.254332308593810012e+03 2.723856215476989817e+01
-1.198721813914095264e+03 -1.199650371472653205e+03 1.923593799704811591e+00 2.714695984125137329e+01
-1.092412767086590748e+03 -1.097985319216598555e+03 1.106348181967685740e+01 2.722705910205841207e+01
-9.999939758943380639e+02 -9.999958249459127728e+02 5.830059067375311342e-03 2.716047240495681692e+01
-8.997576749958258233e+02 -8.999084938758439876e+02 3.112081640843568642e-01 2.702715409994125295e+01
-7.966951867457622711e+02 -7.998769631658474282e+02 1.112642949876309117e+01 2.725009154081344676e+01
-6.876047555653062773e+02 -6.799999201840829528e+02 9.367421145686934736e+00 2.723862661123275686e+01
-5.994970852045112224e+02 -5.994780787975291787e+02 4.285844733359209791e-01 2.804432115554809712e+01
-4.985364700880154487e+02 -4.989403951126879520e+02 1.712449575126519186e+00 2.718659970760345601e+01
-3.999995972377009821e+02 -3.999998295429215887e+02 6.449699560351478686e-04 2.726676069498062205e+01
-2.974859550443941885e+02 -2.980098692180442868e+02 2.020696611509347207e+00 2.730113264322280742e+01
-1.980361232892433350e+02 -1.979909596284168174e+02 2.577852367490352403e+00 2.729441715478897024e+01
-9.991440949196071131e+01 -9.998968525711450184e+01 1.355470185163157038e-01 2.720379034280777120e+01
1.671836162309049314e+02 1.583793325624653789e+02 6.593380458502475960e+01 2.719967230558395244e+01
2.006186456330187866e+02 2.005259137475780449e+02 3.889633735623145294e-01 2.749295834302902364e+01
3.016223384696203311e+02 3.020233666821639531e+02 8.094534996316808950e-01 2.720350699424743723e+01
4.019978883639757896e+02 4.022089432096883002e+02 6.399423452547103874e-01 2.718884904384612966e+01
5.000300794976866428e+02 5.000245550279593090e+02 2.527349156903442237e-02 2.711396385431289602e+01
6.000440021027800412e+02 6.000194326676557921e+02 7.874798433447170731e-02 2.716668230295181274e+01
7.850567733629202394e+02 8.000239160401558820e+02 3.564450272438450895e+01 2.734401625394821167e+01
8.200311727453045023e+02 8.000204370567896603e+02 5.099123260953135173e+01 2.734041318893432759e+01
1.109522297471502725e+03 1.182490373953547532e+03 1.284275740346258203e+02 2.733348909616470479e+01
1.026883712697107740e+03 1.018900926072280072e+03 3.145860424383366549e+01 2.822227109670638967e+01
1.155616510248188661e+03 1.185751324615602243e+03 4.920616328511079018e+01 2.822023524045944143e+01
1.218345926762485760e+03 1.204331188592586386e+03 2.689781545576858335e+01 2.826751294136047221e+01
1.400579855685095936e+03 1.410658368662628163e+03 4.307361203236615665e+01 2.826671150922775411e+01
1.460068080994729826e+03 1.500012685788222370e+03 4.895347088845932149e+01 2.742138879299163889e+01
