-1.399743050917671781e+03 -1.399732877618957900e+03 9.350961460203940923e-02 4.693851216435432434e+02
3.920867174916036893e+05 3.183839435422613169e+05 2.412925541409522120e+05 4.694517868995666277e+02
8.532662900716960430e+06 1.505736274211253040e+06 2.133714512744075060e+07 4.697222408890723955e+02
-9.655498063180942836e+02 -1.047623446949125309e+03 1.731167147588389525e+02 4.704173548936843758e+02
-9.997326897135523041e+02 -9.997259130946067671e+02 7.150228284107451593e-02 4.694817500948905717e+02
-8.904846299122516484e+02 -8.900010322399485858e+02 2.090862495375238606e+00 4.682632964491843950e+02
-7.926599079156907237e+02 -7.987166579562451716e+02 1.213237776250632827e+01 4.700732421994209176e+02
-6.796283160476235707e+02 -6.796214444439265208e+02 5.441387486142739566e-02 4.673111153483390581e+02
-5.960327132482040042e+02 -5.959831749089773894e+02 1.563066026360000693e+00 4.773883129596709978e+02
-4.989513639064315385e+02 -4.989541890259204138e+02 1.133186925844421877e-01 4.700209496021270752e+02
-3.987322003126952268e+02 -3.987820041366222767e+02 7.200398518337809417e-01 4.697915136575699080e+02
-2.809427304893389419e+02 -2.807845019838096050e+02 7.102022905711786294e+00 4.697515020608901750e+02
-1.782228164210514194e+02 -1.788240901404625163e+02 7.008154717633592767e+00 4.697932330965995789e+02
3.864142466647113139e+01 4.702928969022400452e+01 6.693995591161106518e+01 4.694095890402793998e+02
9.341343589938729792e+02 9.438599501194710228e+02 3.646680685504115900e+02 4.685732863426208610e+02
2.006856313617999490e+02 2.006782283375155487e+02 1.800287572154334048e-01 4.712974235892295951e+02
3.117011069437591004e+02 3.119907886651012632e+02 2.206322012153754120e+00 4.697083026528358687e+02
4.308353661321346522e+02 4.305229979659980586e+02 4.719135999303133211e+00 4.696868813037872314e+02
5.006278829677175963e+02 5.006552950831899125e+02 1.585820764391595306e-01 4.689126780986786116e+02
6.028381282089327442e+02 6.028581692425207166e+02 4.474088021666667303e-01 4.675025536537170296e+02
1.004947459176572693e+03 1.004902630053847588e+03 1.021073900361731068e+00 4.702444056510925066e+02
9.884806707405748512e+02 9.720647672567857853e+02 1.060794154299538974e+02 4.700031212449073905e+02
1.677549324907303571e+03 1.681059991713182626e+03 2.856944670610490107e+02 4.697036689043044930e+02
1.214563666509647646e+03 1.214980047230324999e+03 4.240708294557259173e+00 4.778090513467788583e+02
1.315026275322466518e+03 1.315670979064269659e+03 3.431356250582633383e+00 4.777943500041961897e+02
1.408088154883159859e+03 1.400036879487823626e+03 7.079647254898725350e+01 4.787114776015281450e+02
1.838004332808289519e+03 1.836186324534930463e+03 1.687936106030540273e+01 4.779971544504165877e+02
1.702211163229383146e+03 1.712127669441649459e+03 4.531405057172175077e+01 4.711270260453223955e+02
