-1.400000000000000000e+03 -1.400000000000000000e+03 0.000000000000000000e+00 4.830974667549133414e+02
5.840138819029227307e+04 4.391556175665906630e+04 4.801010420706480363e+04 4.831157692432403792e+02
3.549598024387190817e+05 7.720836239470826285e+02 7.011479751254752045e+05 4.826019520998000871e+02
1.019240092868949978e+04 9.987330810496241611e+03 4.843411779561387448e+03 4.836623174548149109e+02
-9.999999999376074129e+02 -9.999999999632887011e+02 7.498371259263307918e-08 4.807153777003288155e+02
-8.906710139473892696e+02 -8.901875769065037503e+02 2.107253684130705462e+00 4.811842165946960677e+02
-7.964935906412640634e+02 -7.998464011837505723e+02 6.556322535780846117e+00 4.829921275019645464e+02
-6.796716360098771474e+02 -6.796324307786443342e+02 1.122256423863493419e-01 4.782534845948219413e+02
-5.964417040728186521e+02 -5.962715766844290783e+02 1.236951013399723243e+00 4.913574838042259216e+02
-4.998789551607349608e+02 -4.999003400991688295e+02 6.285536044492551211e-02 4.831650681495666504e+02
-3.957714250149173267e+02 -3.960201637716268124e+02 2.011562983979672037e+00 4.834345857024192696e+02
-2.871019875636428651e+02 -2.890554604476119493e+02 6.914756925362066653e+00 4.835644469022751082e+02
-1.772009852958620684e+02 -1.791455454261081286e+02 9.678095662765002771e+00 4.816485174536704790e+02
5.761521338314442175e+01 6.930483544368553339e+01 1.069335388305025702e+02 4.824828384995460624e+02
9.402551212168187931e+02 8.987354029829298270e+02 3.388146684567937541e+02 4.815169137954711687e+02
2.002205333927715856e+02 2.001883134768122261e+02 1.518740730461712318e-01 4.848846855998039018e+02
3.135463228660513550e+02 3.127915140200573205e+02 2.282480631508167601e+00 4.827687987446785201e+02
4.184185044409429679e+02 4.193614523870332960e+02 5.180701541191402804e+00 4.832036215424537886e+02
5.006288213026343215e+02 5.006416645342513903e+02 1.887617844671193590e-01 4.819682249546050912e+02
6.033072601102402359e+02 6.034834560525609959e+02 3.308371588924615692e-01 4.824343876481055986e+02
1.000000000004585331e+03 1.000000000002851948e+03 4.856811254424381772e-09 4.824530270934104692e+02
1.110789407807098996e+03 1.090469028093028101e+03 1.659471762286969181e+02 4.825782021522521745e+02
1.803878913926647783e+03 1.785594014726716068e+03 3.023646094732769143e+02 4.824628296494483948e+02
1.214731385654050882e+03 1.215999520897691582e+03 4.838580542398757345e+00 4.920887441992759932e+02
1.313374517639348142e+03 1.313777766515254370e+03 4.560895876385449910e+00 4.920474858999252206e+02
1.397249797491320123e+03 1.400022702214474066e+03 3.681570874633339230e+01 4.934262818574905509e+02
1.822713333362687990e+03 1.821445512016668317e+03 2.438729764927136401e+01 4.923448138594627608e+02
1.700000000027904434e+03 1.700000000018887476e+03 2.810364305765871732e-08 4.835539174556732291e+02
