-1.400000000000000000e+03 -1.400000000000000000e+03 0.000000000000000000e+00 5.135328465700149536e+01
5.750790666894351489e+03 3.652425453343677873e+03 5.381660343070522686e+03 5.133993315696716309e+01
-1.200000000000000000e+03 -1.200000000000000000e+03 0.000000000000000000e+00 5.135057870149612569e+01
-1.100000000000000000e+03 -1.100000000000000000e+03 0.000000000000000000e+00 5.139844759702682353e+01
-9.999999999999192823e+02 -9.999999999999799911e+02 1.231534125100991626e-10 5.135615305900573446e+01
-8.997672429982525273e+02 -8.999768568553215573e+02 8.122286918125468658e-01 5.108423105478286885e+01
-7.975295457157612873e+02 -7.999552361661360464e+02 5.223824822953950786e+00 5.145824289321899414e+01
-6.826459051491624450e+02 -6.799976577267175344e+02 6.116687505199298158e+00 5.131991819143295430e+01
-5.994909444931001872e+02 -5.993432402173243645e+02 3.795803558087709750e-01 5.237730004787444926e+01
-4.948717526537845401e+02 -4.967570018528208493e+02 4.969850306875513546e+00 5.124378370046615316e+01
-3.994527725185987492e+02 -4.000000000000000000e+02 6.655822470350019060e-01 5.158002696037292623e+01
-2.965673962934221208e+02 -2.980100818858134062e+02 3.276942503459948863e+00 5.151710690259933756e+01
-1.972027206659614080e+02 -1.971206152715606663e+02 2.273306134770599840e+00 5.160631730556487895e+01
-7.174697578984938673e+01 -9.953174011602789051e+01 5.823803345183405611e+01 5.131690959930419638e+01
1.670696045493906468e+02 1.585045405295466594e+02 4.956292843674433612e+01 5.129315659999847554e+01
2.018681626003713347e+02 2.016681262290585153e+02 1.270904742276184551e+00 5.164894254207611368e+01
3.019212739501759870e+02 3.020567744448300687e+02 6.444878777952695037e-01 5.146374469995498657e+01
4.029549874291591323e+02 4.025045392157026072e+02 2.029823604077864108e+00 5.135379965305328653e+01
5.000655814165749575e+02 5.000204553606706668e+02 8.628502067900797878e-02 5.134410240650176860e+01
6.002667252612787934e+02 6.001563783642867520e+02 2.722053921859964309e-01 5.141482129096984721e+01
7.800000000000000000e+02 8.000000000000000000e+02 5.099019513592772768e+01 5.147654055356979086e+01
9.333018939205152265e+02 8.757522349526193466e+02 1.409037100675625140e+02 5.150642025470733643e+01
1.088862873895592656e+03 1.116166022826543667e+03 1.104967960459245546e+02 5.145531309843063639e+01
1.061683401636033068e+03 1.078462894869311185e+03 4.229181256511616027e+01 5.259645954370498799e+01
1.186318146469817066e+03 1.200000000000000000e+03 3.328160086313579313e+01 5.261156414747237875e+01
1.260457022040358197e+03 1.281067908768396137e+03 4.412853126932674286e+01 5.272486280202865316e+01
1.451313423005465665e+03 1.443100775140050700e+03 1.028257802954082223e+02 5.268132205009460733e+01
1.460000000000000227e+03 1.500000000000000000e+03 4.898979485566336933e+01 5.176113414764404297e+01
