-1.400000000000000000e+03 -1.400000000000000000e+03 0.000000000000000000e+00 5.900276879072189473e+01
2.180011493811437958e+03 5.726280840620759136e+02 3.684754243973203302e+03 5.918370540142059610e+01
-1.200000000000000000e+03 -1.200000000000000000e+03 0.000000000000000000e+00 5.893962600231170512e+01
-1.100000000000000000e+03 -1.100000000000000000e+03 0.000000000000000000e+00 5.895894355773926065e+01
-9.999999999999848797e+02 -9.999999999999898819e+02 1.698370632842952196e-11 5.907547999620437906e+01
-9.000000000000000000e+02 -9.000000000000000000e+02 5.084229945850414966e-14 5.903209915161132670e+01
-8.000000000000000000e+02 -8.000000000000000000e+02 1.016845989170082993e-13 5.909994544982910014e+01
-6.970001931117755021e+02 -7.000000000000000000e+02 7.140968812408481803e+00 5.904098999500274658e+01
-5.998372712563356117e+02 -6.000000000000000000e+02 3.291803744617559646e-01 5.982764290571212484e+01
-4.999464858789680193e+02 -4.999728746156046100e+02 5.443492502972881869e-02 5.907816375494003580e+01
-3.999502520471453408e+02 -4.000000000000000000e+02 2.168462991415098517e-01 5.912142875194549418e+01
-2.995025204714533515e+02 -3.000000000000000000e+02 5.886257162681508559e-01 5.914986525774001791e+01
-2.000000000000000000e+02 -2.000000000000000000e+02 0.000000000000000000e+00 5.917164105176925659e+01
-9.900605236280019028e+01 -1.000000000000000000e+02 3.622223903734841599e+00 5.900404770374298380e+01
1.265040810671600013e+02 1.167572201841821879e+02 3.620624826921275030e+01 5.900842034816741943e+01
2.000001154788453164e+02 2.000000000000006253e+02 5.033606052126030203e-04 5.929847124814987325e+01
3.015399792210591841e+02 3.020284808836523212e+02 8.690206914970757257e-01 5.909532250165939615e+01
4.013538954536336973e+02 4.020028016568802514e+02 1.088554539650296027e+00 5.911205140352249288e+01
5.000123308400592350e+02 5.000000000000000000e+02 2.352574341296850488e-02 5.905711954832077026e+01
6.000174886377798202e+02 6.000194318197550274e+02 5.829545926508218449e-03 5.901057965755462931e+01
7.450000000000045475e+02 7.000000000000384262e+02 4.974937185532694173e+01 5.914962350130080893e+01
8.031321407224018003e+02 8.000000000000000000e+02 1.365268488589768303e+01 5.917675825357436992e+01
1.013580554177535987e+03 1.000000000000000000e+03 1.200196153244268515e+02 5.915928299427032755e+01
1.001097244051095345e+03 1.000000000000000000e+03 4.119491784265430390e+00 5.997645128965378092e+01
1.110000000000000000e+03 1.100000000000000000e+03 2.999999999999999289e+01 5.997243860960006856e+01
1.200224729032125424e+03 1.200080948985142413e+03 2.877759514394320206e-01 6.005245400667190836e+01
1.358325837773079684e+03 1.400000000000000000e+03 4.839022158976771237e+01 6.002436635494232320e+01
1.425000000000000227e+03 1.400000000000000227e+03 4.330127018922196669e+01 5.961921244859695435e+01
