-1.399999999999999545e+03 -1.399999999999999318e+03 5.950938579327340112e-13 4.637354138016700631e+02
2.658637426386498846e+05 2.525971880180664884e+05 1.393252073970708589e+05 4.685702007532119637e+02
1.271966964054570645e+08 1.906251222247040272e+07 3.407111628725589514e+08 4.684673269510269051e+02
8.906038317974209349e+03 6.166795581543670778e+03 8.939517478962960013e+03 4.683040372967719804e+02
-9.999999999999739657e+02 -9.999999999999843112e+02 2.384791102553860656e-11 4.650053720593452340e+02
-8.818919330292786753e+02 -8.901875111290421501e+02 2.541589921346493242e+01 4.682673346042632829e+02
-7.144946348167251244e+02 -7.264651412883106332e+02 4.792513886855414995e+01 4.685938925504684676e+02
-6.794468903176930326e+02 -6.794383753256977343e+02 1.722438440305033569e-01 4.663482819080352897e+02
-5.926692492600120659e+02 -5.929652308016638926e+02 1.173193955907544384e+00 4.781249204397201424e+02
-4.988398371940826905e+02 -4.990805546384381159e+02 8.002654070331912672e-01 4.655884625554084550e+02
-3.954231888411526370e+02 -3.950252047145335155e+02 2.320621761340280198e+00 4.649834977507591134e+02
-2.552434715113084280e+02 -2.579377811864764567e+02 2.014150014769048624e+01 4.651454740524292220e+02
-1.202883114593948903e+02 -1.194507428297945353e+02 2.442825690588236753e+01 4.631344673514366264e+02
-3.623330200728146622e+01 -7.561315417884134149e+01 8.186186671335430276e+01 4.646591281533241045e+02
1.277186666900830005e+03 1.308179529240014517e+03 2.938691597380763483e+02 4.650169180512428397e+02
2.007413542958191215e+02 2.007243797544824133e+02 3.459865551956614604e-01 4.682244902014732588e+02
3.147200897423234665e+02 3.149939125388560797e+02 2.198516717792934561e+00 4.650560637950896989e+02
4.494827868742028727e+02 4.485512726943871371e+02 1.968375035221428604e+01 4.688674844503402710e+02
5.011511581657174474e+02 5.008871753231073853e+02 7.651901395950315710e-01 4.683875688433647042e+02
6.039201473728732026e+02 6.039202427478526261e+02 3.041119388161498960e-01 4.682585958480834734e+02
1.000000000000000227e+03 1.000000000000000455e+03 2.887287587145759630e-13 4.659589527487754594e+02
9.591521335463590958e+02 9.442480713854595251e+02 9.700365720153837401e+01 4.656585406541824455e+02
2.501706246855933387e+03 2.462991420752194244e+03 3.748323632995752064e+02 4.660624058008194197e+02
1.222992201654315522e+03 1.222249905375495473e+03 3.426580767192453081e+00 4.785310925960540658e+02
1.323678400516829015e+03 1.324742608912589731e+03 3.469875485556968009e+00 4.782696457028388863e+02
1.431440046952750663e+03 1.400043086394875900e+03 6.285183637369530629e+01 4.797105138421058541e+02
1.892963201702670176e+03 1.890624766823121718e+03 3.223938889066566560e+01 4.778798065543174971e+02
2.018434871316977024e+03 2.083698066319877853e+03 2.241509830394134895e+02 4.675490803480148543e+02
