-1.400000000000000000e+03 -1.400000000000000000e+03 0.000000000000000000e+00 5.830898745059967325e+01
3.508857632552814266e+03 3.170365358102880236e+03 4.830818967329982115e+03 5.846672309637069986e+01
-1.200000000000000000e+03 -1.200000000000000000e+03 0.000000000000000000e+00 5.832378405332565308e+01
-1.100000000000000000e+03 -1.100000000000000000e+03 0.000000000000000000e+00 5.832211830615997172e+01
-9.999999999999669171e+02 -9.999999999999877218e+02 4.671064840878617572e-11 5.836066504716873027e+01
-8.999757455927659748e+02 -8.999999426700383083e+02 8.854276125024249100e-02 5.830846774578094482e+01
-7.992343865308680506e+02 -7.999998708677885588e+02 3.050557894611848564e+00 5.839977480173111246e+01
-6.890607213126147599e+02 -6.806587155819240706e+02 9.899013583841904662e+00 5.833530720472335673e+01
-5.996711435472850553e+02 -5.999694967162477042e+02 3.710005010500699862e-01 5.910885484218597696e+01
-4.995293455640273237e+02 -4.998779456264632017e+02 1.021681593392544274e+00 5.838443174362182475e+01
-3.997512602357267042e+02 -4.000000000000000000e+02 4.308299095841033877e-01 5.844329854249954082e+01
-2.982090747047959098e+02 -2.985075614143600546e+02 1.528483335295314882e+00 5.843871965408325053e+01
-1.980385171735428003e+02 -1.979770634917204291e+02 1.768616786175412070e+00 5.840176219940185831e+01
-9.355163364589645880e+01 -9.968782674401859367e+01 1.364971519325906257e+01 5.833117150068282797e+01
1.566545787532497229e+02 1.252919169042639851e+02 5.822646637536904990e+01 5.830967344045639322e+01
2.005431495502302255e+02 2.003684592744390898e+02 5.092548154057173759e-01 5.854906624555587769e+01
3.016576835346194798e+02 3.020229838640617004e+02 8.073675602341240376e-01 5.839286359548568583e+01
4.024154491372245275e+02 4.024861811210487303e+02 1.057610839765863897e+00 5.842981970310211182e+01
5.000263368102819186e+02 5.000148296839063278e+02 3.410788223556079218e-02 5.836144080162048198e+01
6.000317807800278160e+02 6.000194318197550274e+02 3.298333889818898246e-02 5.833363724946975992e+01
7.850000000000000000e+02 8.000000000000000000e+02 4.769696007084728251e+01 5.840668214559555338e+01
8.381321407224016866e+02 8.000000000000000000e+02 6.513175841343065997e+01 5.843780249357223511e+01
1.078847458607425096e+03 1.182490187298220917e+03 1.191890378077674342e+02 5.840499835014342978e+01
1.037058631040223872e+03 1.018952326387297489e+03 3.662770711751179675e+01 5.927517504692077921e+01
1.155601764748791311e+03 1.185730515074945288e+03 4.923022991927682313e+01 5.925880520343780233e+01
1.217326184266068367e+03 1.200916606553978454e+03 3.052084956159731988e+01 5.937199230194092081e+01
1.376751608882303799e+03 1.405137812343155701e+03 5.563155716869832190e+01 5.930927574634552002e+01
1.435000000000000000e+03 1.400000000000000000e+03 4.769696007084728251e+01 6.015593029260635660e+01
