-1.399999999999999773e+03 -1.399999999999999773e+03 0.000000000000000000e+00 1.767176174247264953e+03
8.674053678064791020e+05 8.618949960576854646e+05 2.167129791268319823e+05 1.778624900746345475e+03
3.325962405937072355e+06 9.159523413546578377e+04 9.790371040591919795e+06 1.779470669400692032e+03
9.800983904200769530e+02 9.426617832465216225e+02 7.526451809829292188e+02 1.774146892392635436e+03
-9.999994960919041205e+02 -9.999994911453603663e+02 4.827011282686733914e-05 1.761169828498363586e+03
-8.565526684650287734e+02 -8.565526684650290008e+02 2.080810784005180639e-13 1.767577199244499297e+03
-7.950835149326919691e+02 -7.948327403667864246e+02 2.760821138365854743e+00 1.804347703695297241e+03
-6.788627689471687745e+02 -6.788640044123875441e+02 2.425949475976013278e-02 1.745391899299621628e+03
-5.451748726743958287e+02 -5.383368906474868254e+02 1.303547110952038679e+01 2.087772330808639708e+03
-4.999786872086747280e+02 -4.999753604715276651e+02 8.923701956404591837e-03 1.780744697296619506e+03
-3.472869334856449655e+02 -3.472672052387890744e+02 6.972851353717022249e+00 1.780946167457103684e+03
-2.476885460949775393e+02 -2.472672178560559075e+02 1.209692863370658777e+01 1.795942781996727035e+03
-3.548271862818891265e+01 -5.246764660979957284e+01 5.225492192927011814e+01 1.795715731799602509e+03
1.909052705175345864e+03 1.876194464115700612e+03 4.534550820187337763e+02 1.749825627553462937e+03
1.202326871074847622e+04 1.309222037072778039e+04 2.714788833176634398e+03 1.765713557302951813e+03
2.032869600491698066e+02 2.032993580121231503e+02 2.295107032265498170e-01 1.882322357857227416e+03
4.000762221433967625e+02 4.024549938495816264e+02 1.117591294431824345e+01 1.764092912805080459e+03
7.233574698576530864e+02 7.567255376142749128e+02 9.500871660286922804e+01 1.773756324052810669e+03
5.046043777772526369e+02 5.048074260678607743e+02 8.215645851684894030e-01 1.768414288258552460e+03
6.193618749555229215e+02 6.194539546224012838e+02 9.435330696597076239e-01 1.778106393444538071e+03
1.393929293516723874e+03 1.662109728688500127e+03 4.523583747346526707e+02 1.798736441504955337e+03
2.940486307211584062e+03 3.021441775567353488e+03 4.368767786852939139e+02 1.787532826101779847e+03
1.242751759427892648e+04 1.407018973745587573e+04 2.702475135216758190e+03 1.804999700546264648e+03
1.254793066770155747e+03 1.254439506962746009e+03 1.093481418524886450e+01 2.117200307047367005e+03
1.385338802520004265e+03 1.383299357278758180e+03 1.007148321692599602e+01 2.114812988448143187e+03
1.594155005343696985e+03 1.590308595149956773e+03 3.692008599224645593e+01 2.130867518198489961e+03
2.363341848718696383e+03 2.279378247347826800e+03 3.042391042361671225e+02 2.129647503948211579e+03
2.680735085800851266e+03 1.800000000268310487e+03 1.345424654980403830e+03 1.850767676746845154e+03
