-1.400000000000000000e+03 -1.400000000000000000e+03 0.000000000000000000e+00 5.618562039136886455e+01
2.896424372846110145e+03 4.851240548378065114e+02 4.748949217795445293e+03 5.639455524682998799e+01
-1.200000000000000000e+03 -1.200000000000000000e+03 0.000000000000000000e+00 5.617198998928070353e+01
-1.100000000000000000e+03 -1.100000000000000000e+03 0.000000000000000000e+00 5.620599340200423910e+01
-9.999999999999799911e+02 -9.999999999999898819e+02 2.735900382076038173e-11 5.625562194585800313e+01
-8.999999999997482973e+02 -8.999999999999998863e+02 1.095186907478076142e-09 5.629740929603576660e+01
-7.999996068297781449e+02 -8.000000000000000000e+02 1.642095105625978116e-03 5.626893659830093242e+01
-6.910006002448661775e+02 -7.000000000000000000e+02 9.949211573987144064e+00 5.623728584051131918e+01
-5.998385122938332188e+02 -6.000000000000000000e+02 2.868594363995699559e-01 5.706269159317016459e+01
-4.999363802571004953e+02 -4.999704158387879147e+02 7.290321670953449351e-02 5.624986000061035440e+01
-4.000000000000000000e+02 -4.000000000000000000e+02 0.000000000000000000e+00 5.636047984361648844e+01
-2.988060496352699715e+02 -2.990050409429067031e+02 1.281913781729215884e+00 5.637433885335921957e+01
-1.989277600585958794e+02 -2.000000000000000000e+02 1.239740553202276496e+00 5.638226200342178629e+01
-9.612765132472007679e+01 -1.000000000000000000e+02 1.304752079740614690e+01 5.620272520780563497e+01
1.314031002887440991e+02 1.006243465119628127e+02 4.528886267899321183e+01 5.620741615295410298e+01
2.001102834993887996e+02 2.000000000000002842e+02 2.456088241278301110e-01 5.650882414579391622e+01
3.018295107068352081e+02 3.020225124902920015e+02 6.084021216192649906e-01 5.628810925483703897e+01
4.019466087088901531e+02 4.021153167088942837e+02 7.274963779265469777e-01 5.628434710502624228e+01
5.000325737848365861e+02 5.000197293441220268e+02 3.479719658311834080e-02 5.628802409172057963e+01
6.000212110452905563e+02 6.000194318197550274e+02 1.292493591117913933e-02 5.622090829610824869e+01
7.550000000000000000e+02 8.000000000000000000e+02 4.974937185533099893e+01 5.637258290052413656e+01
8.212633555888148749e+02 8.000000000000000000e+02 4.904327039706836189e+01 5.634583705663681030e+01
1.068788402571957249e+03 1.123258535304812995e+03 1.228543811248606374e+02 5.632703394889831827e+01
1.004652721540621656e+03 1.000000000000000000e+03 1.162383231124630889e+01 5.723809665441513062e+01
1.124347143999170839e+03 1.100000000000000000e+03 4.268791294575224526e+01 5.722041715383529947e+01
1.201465932092254207e+03 1.200435134724740237e+03 3.324009626481438495e+00 5.730272879600524760e+01
1.366382264984556514e+03 1.400000000000000000e+03 5.273226409702385808e+01 5.727383835315704630e+01
1.445000000000000000e+03 1.400000000000000000e+03 4.974937185533099893e+01 5.653280659914016582e+01
