-1.400000000000000000e+03 -1.400000000000000000e+03 0.000000000000000000e+00 2.826345088005065804e+02
9.402240892933892610e+04 7.253659380009642337e+04 7.331713434858863184e+04 3.029739295005798567e+02
2.574710123690568435e+05 1.768918593862296257e+04 4.583696266747569898e+05 3.008009920477867354e+02
1.754483392319044287e+04 1.564577128462461405e+04 9.816881488711927886e+03 3.003044550061225664e+02
-9.999998760087189567e+02 -9.999998699800732993e+02 3.557655566922313139e-05 3.028355837583541756e+02
-8.916418914067662627e+02 -8.901875738522894608e+02 3.462179275483884933e+00 3.018386779904365653e+02
-7.872849045512468820e+02 -7.853235118256882288e+02 9.278662438474974294e+00 3.015084299087524187e+02
-6.796300674861104198e+02 -6.796152955772972746e+02 6.327356324700633694e-02 2.943876139521598816e+02
-5.930190099035042977e+02 -5.926046542655219582e+02 2.478507917287529505e+00 3.149134508490562325e+02
-4.997455713527052694e+02 -4.997547562631380060e+02 1.096671051016765708e-01 2.859355168104171980e+02
-3.935825188722201915e+02 -3.940302506952593262e+02 3.153793060764708667e+00 2.847520030021667594e+02
-2.877379450767901972e+02 -2.885579784001557755e+02 4.759264898974814528e+00 2.860428562998771440e+02
-1.776221466175124988e+02 -1.799423495054259092e+02 1.172110277771636255e+01 2.868548581480980033e+02
1.992042817246831987e+02 1.678117020335046163e+02 1.818574847184821124e+02 2.845333304047584306e+02
1.361909856538430176e+03 1.293775660832687208e+03 4.084762472172913021e+02 2.888906937003135909e+02
2.012313580386499154e+02 2.013622771528801536e+02 3.509029107075534171e-01 2.972538696408271903e+02
3.157993800359843135e+02 3.153950426228391279e+02 2.740556767699774188e+00 2.861120735526084786e+02
4.241965832214086731e+02 4.189757039939538572e+02 1.246831760052825544e+01 2.924862261414527893e+02
5.006645712435989708e+02 5.006836225511731300e+02 1.872570264691832964e-01 3.025645963907242049e+02
6.035716911463071028e+02 6.035370360326201080e+02 3.376609064604279564e-01 3.024565087080001717e+02
1.000000000000000227e+03 1.000000000000000227e+03 6.725804022493793931e-14 2.870006297469138872e+02
1.172617491641382003e+03 1.109811612967843303e+03 1.809580903613515659e+02 2.869167885541916121e+02
2.037542747676923682e+03 1.955819269732470275e+03 3.984184794427925453e+02 2.904753772974014510e+02
1.213998012067494301e+03 1.213733815866868326e+03 4.652475822612752943e+00 3.171294751048088187e+02
1.315474811927350402e+03 1.315429023429962626e+03 5.341678054973454159e+00 3.154814413428306352e+02
1.428616415857403581e+03 1.400024053541365674e+03 4.952911417909345460e+01 3.177727424502372742e+02
1.821973635002826995e+03 1.817502603509344681e+03 2.109353574150451749e+01 3.144279466509818803e+02
1.715411912763534474e+03 1.700000000000000455e+03 6.717897026291016971e+01 2.898449664473533858e+02
