-1.400000000000000000e+03 -1.400000000000000000e+03 0.000000000000000000e+00 5.495760614871979044e+01
3.602453922901243459e+03 3.720347368246757924e+03 4.237019421250342930e+03 5.519716899394988729e+01
-1.200000000000000000e+03 -1.200000000000000000e+03 0.000000000000000000e+00 5.496594120264053629e+01
-1.100000000000000000e+03 -1.100000000000000000e+03 0.000000000000000000e+00 5.500745580196380757e+01
-9.999999999999893134e+02 -9.999999999999996589e+02 1.825181900879559715e-11 5.501830035448074341e+01
-8.999999999999896545e+02 -8.999999999999995453e+02 4.150471965328810865e-11 5.505006558895111368e+01
-7.999736860568351631e+02 -8.000000000000000000e+02 1.145945438756069829e-01 5.504158099889755107e+01
-6.929995737882536559e+02 -7.000000000000000000e+02 9.539972860471076288e+00 5.500638040304183818e+01
-5.997442016986140061e+02 -6.000000000000000000e+02 3.704791006735381198e-01 5.564882194995880127e+01
-4.999129499371136944e+02 -4.999506815673747724e+02 1.506142404293105697e-01 5.501895694732665731e+01
-3.996517643300173859e+02 -4.000000000000000000e+02 4.745652241830685125e-01 5.512042380571365641e+01
-2.991045371005070024e+02 -2.990050409429067031e+02 1.038767004057263854e+00 5.511147664785384848e+01
-1.988448627442195118e+02 -2.000000000000000000e+02 1.944334424323981070e+00 5.510545024871826314e+01
-9.895922637440297365e+01 -9.968782674401859367e+01 3.612421792922623887e+00 5.497480266094207479e+01
1.343180724698127619e+02 1.167572201841821879e+02 4.269456793437490205e+01 5.499593864679336264e+01
2.002725059358575663e+02 2.000000000000023306e+02 5.871196968785319381e-01 5.524451274871826456e+01
3.014357319016257861e+02 3.020229838640617004e+02 8.803392271951185899e-01 5.503975980281829550e+01
4.022796002333401475e+02 4.022235664914753102e+02 7.899455772475992843e-01 5.508304539918899678e+01
5.000219327350209824e+02 5.000148248891350136e+02 2.879476399346561979e-02 5.499555894136428691e+01
6.000221826362783304e+02 6.000194318197550274e+02 1.199053123596169508e-02 5.499848195314407207e+01
7.550000000000000000e+02 8.000000000000000000e+02 4.974937185533099893e+01 5.511718400716781474e+01
8.374144952056789180e+02 8.000000000000000000e+02 8.695737148881937628e+01 5.513681644201278687e+01
1.055711793018657318e+03 1.049142492895473879e+03 1.160345206285167450e+02 5.506130150556564473e+01
1.005489369739950803e+03 1.003140000283507561e+03 1.164139680547311961e+01 5.575246120691299723e+01
1.112498935865387011e+03 1.100000000000000000e+03 2.975580288442129273e+01 5.578037799596786783e+01
1.204730129158441741e+03 1.200080948985142413e+03 1.083416743024461582e+01 5.581442580223083638e+01
1.354190276235117608e+03 1.325048886782131376e+03 5.328562161235505812e+01 5.579732445478439473e+01
1.440000000000000000e+03 1.400000000000000000e+03 4.898979485566356118e+01 5.525798100233078003e+01
