-1.400000000000000000e+03 -1.400000000000000000e+03 7.190186943645083856e-14 5.940666530132293843e+01
4.187439183789347226e+03 1.922800807694506602e+03 5.236170381421499769e+03 5.950614650249481485e+01
-1.199999999999776264e+03 -1.199999999999992269e+03 8.727344921025036809e-10 5.942415344715118408e+01
-1.099999999999950887e+03 -1.099999999999991815e+03 1.436848539160992117e-10 5.947695850133895590e+01
-9.999999999527435648e+02 -9.999999999785911768e+02 8.225078345956253652e-08 5.953533390760421895e+01
-8.999312844170706285e+02 -8.999927499728894418e+02 1.582560391382779874e-01 5.939674885272980021e+01
-7.925856389394842836e+02 -7.998427017537811707e+02 1.717347391702874759e+01 5.950898369550704814e+01
-6.869413802680602430e+02 -6.799999758605549687e+02 9.462620886364719652e+00 5.947202990055084371e+01
-5.995054426086423973e+02 -5.993633896566983594e+02 4.264575674183160303e-01 6.030993865728378012e+01
-4.988188409424204224e+02 -4.995413124708407508e+02 1.787403951263751400e+00 5.944611665010452128e+01
-3.999502520471453408e+02 -4.000000000000000000e+02 2.168462991415091579e-01 5.955437591075897075e+01
-2.980598323593952728e+02 -2.990050409428694138e+02 2.446764008657364986e+00 5.954997309446334697e+01
-1.985207254840716757e+02 -1.980100818858034586e+02 1.400805146081831154e+00 5.962867004871368692e+01
-9.104359560320676792e+01 -9.999999999999840838e+01 2.811638458460024736e+01 5.948880100250244141e+01
1.740863980058972516e+02 1.583484539034607224e+02 6.971147050401206968e+01 5.948881859779358194e+01
2.007558352102919912e+02 2.005830678524928885e+02 6.809903642287112868e-01 5.979341849088668681e+01
3.014336178156452775e+02 3.020196068559087621e+02 9.300906494430034588e-01 5.950917744636535645e+01
4.019527863183982959e+02 4.022072700116067949e+02 9.270417605916532189e-01 5.951005409955978109e+01
5.000271883305787810e+02 5.000150238925298254e+02 3.529331804466530331e-02 5.946306229829788492e+01
6.000221826362783304e+02 6.000194318197550274e+02 1.199053123596169161e-02 5.942922494411468648e+01
7.900000019044603050e+02 8.000000004105329481e+02 4.358898842311385380e+01 5.963886089324951456e+01
8.450000002890349151e+02 8.000000001697728749e+02 6.689544076903395364e+01 5.962470965385436728e+01
1.074889953270095702e+03 1.097003751654253847e+03 1.029748926115170065e+02 5.966320565938949727e+01
1.033581771349635801e+03 1.018952254818095867e+03 3.859052475284271821e+01 6.046349509954452373e+01
1.157447183382074172e+03 1.200000000001259195e+03 4.887546499764277286e+01 6.047483769655227803e+01
1.213757346274021074e+03 1.204307273605979844e+03 2.334645181834172334e+01 6.051439094543457031e+01
1.388013137780247689e+03 1.410275625148840845e+03 4.128704662270219217e+01 6.052655675411224223e+01
1.440000001138361995e+03 1.400000003225771252e+03 4.898979405788680452e+01 5.970514904260635092e+01
