-1.399999932316190552e+03 -1.399999965058348153e+03 1.338731597605174344e-04 6.281585429906844809e+01
-1.023132663563156370e+03 -1.221991815629559142e+03 5.090380909509536309e+02 6.304524095058441446e+01
-1.198781012096575751e+03 -1.199486271058470493e+03 1.832172645146409096e+00 6.293634629249572754e+01
-1.098010078233645345e+03 -1.099639346788162356e+03 4.241183343171542219e+00 6.297338680028915547e+01
-9.999935695980144601e+02 -9.999947761803261983e+02 4.521739489889534634e-03 6.289565165042877481e+01
-8.999999379251436267e+02 -8.999999452718506063e+02 5.206804087935272904e-05 6.281287274360656880e+01
-7.997991770505518616e+02 -7.999481677155365560e+02 2.744382667851373303e-01 6.305214010477065756e+01
-6.965789912247980737e+02 -6.996939167471925884e+02 6.994361928470910428e+00 6.304094405174255655e+01
-5.997534296602259474e+02 -5.999443032444866049e+02 3.052910313693321109e-01 6.396682770252228067e+01
-4.999025922029768481e+02 -4.999114176311787787e+02 5.254503020045612344e-02 6.296297880411147929e+01
-3.999997176542154875e+02 -3.999998706994514350e+02 4.365617025745160040e-04 6.308212050199508525e+01
-2.999981312445943331e+02 -2.999991465983277976e+02 3.933484238149867994e-03 6.307585459947586060e+01
-1.999986442751750531e+02 -1.999991946455006087e+02 1.485192783839975111e-03 6.307502624988556050e+01
-9.999699655021356648e+01 -9.999868737575400246e+01 3.567823951113740198e-03 6.302586635351180888e+01
1.109717791105805418e+02 1.003965214217497532e+02 2.844013902141553274e+01 6.297714309692382528e+01
2.003205307348788438e+02 2.002382349722952881e+02 2.300786333308419140e-01 6.334086220264434530e+01
3.013183053603224266e+02 3.020200819602412139e+02 9.591408799306175847e-01 6.301836525201797201e+01
4.007431423389278393e+02 4.003884336738213392e+02 7.184877441812680399e-01 6.302072024345397949e+01
5.000005869504716429e+02 5.000000007467119190e+02 2.186086085299809162e-03 6.287226990461349629e+01
6.000156687360140495e+02 6.000194318671481142e+02 7.537452226864103065e-03 6.295199180841446207e+01
7.002278500907415264e+02 7.002050278938355632e+02 1.144559627004252261e-01 6.314665964841842793e+01
8.000227627954784566e+02 8.000165176921968850e+02 2.208921690290159556e-02 6.314505754709243490e+01
9.100982876121119034e+02 9.000892071482071515e+02 2.998273189920208281e+01 6.317572810649871684e+01
1.000037027042746899e+03 1.000025437218122988e+03 3.819806444306800969e-02 6.413539835214615437e+01
1.100035202979575160e+03 1.100023221210180509e+03 2.684649273795441243e-02 6.410158685445784954e+01
1.200178565294951113e+03 1.200091006500374078e+03 2.459853614425561719e-01 6.417571159601212116e+01
1.326978568746150358e+03 1.310148824097160514e+03 3.679389742247317940e+01 6.415480400323868082e+01
1.400114084123818429e+03 1.400103528470756828e+03 7.628012948225849910e-02 6.336560590267181681e+01
