-1.399999999999999773e+03 -1.399999999999999773e+03 0.000000000000000000e+00 1.970829877352714448e+03
7.005337390242849942e+05 6.642397944373320788e+05 1.834082798060275381e+05 2.188357143306732269e+03
1.058609092323032580e+07 1.330357079559391364e+06 2.176348040035575628e+07 2.128987014305591401e+03
5.243496503921361182e+03 4.903614692612449289e+03 1.480556621805790428e+03 2.179695648193359375e+03
-9.999996189533773077e+02 -9.999996191189127330e+02 3.120367929397361618e-05 2.182296839857101531e+03
-8.565526684650305924e+02 -8.565526684650296829e+02 1.676639977148695949e-12 2.048625022900104341e+03
-7.864883370440564931e+02 -7.867572471276200758e+02 7.610915739826605630e+00 2.084268558204174042e+03
-6.788716811643027995e+02 -6.788736802310156691e+02 3.576291244433955907e-02 2.079162843942642212e+03
-5.296456949035911066e+02 -5.264931946333550741e+02 5.776582461178942474e+00 2.519343299353122802e+03
-4.999707975695972095e+02 -4.999691889050177451e+02 1.525482898338816236e-02 1.998334771442413285e+03
-3.437920545207108489e+02 -3.417957018942510103e+02 9.894635820421688877e+00 2.044965115499496505e+03
-2.261921156332562646e+02 -2.388100810069392423e+02 6.107851659772895658e+01 2.083402246201038452e+03
3.037063847578216347e+00 -2.731669719963856835e+01 8.163523871298595225e+01 2.118294433057308197e+03
2.087728953666696725e+03 2.133636317650893034e+03 5.371772890240674769e+02 2.040515384995937438e+03
1.411756549252104560e+04 1.408262559043165675e+04 3.561504404692641401e+02 2.052315800201892671e+03
2.032043269021618812e+02 2.032747929413362158e+02 3.977382285815532770e-01 2.229257391059398742e+03
4.034750038619837369e+02 4.041722793070202897e+02 1.025007858685385997e+01 1.981792040252685638e+03
7.889434657614998514e+02 7.872648647406579130e+02 1.674374187603701358e+01 2.090898084855079560e+03
5.051113897023698769e+02 5.050913255697614659e+02 9.745349702867902586e-01 2.185273953247070494e+03
6.204464056428470258e+02 6.203331348071507136e+02 8.445486779009380163e-01 2.109985515201091857e+03
1.735436640578843480e+03 1.828262933976492604e+03 2.784788801929477131e+02 2.012686758506298020e+03
3.474018323646961562e+03 3.390657756422752300e+03 6.250935469492198990e+02 2.146826303648948851e+03
1.349048302497226177e+04 1.447815472850339211e+04 2.654142404875350621e+03 2.114545195353030977e+03
1.265455118897910552e+03 1.260519744086125684e+03 2.333998982219878826e+01 2.618325006198882875e+03
1.399241833705761110e+03 1.394341744839257899e+03 1.889230324202836897e+01 2.616960258495807466e+03
1.655790350672853947e+03 1.658750393185124267e+03 1.807657514827826262e+01 2.626603154003620148e+03
2.866331397486167589e+03 2.908888993348100939e+03 3.449218548042496195e+02 2.630861648595333008e+03
3.568433570577466071e+03 4.730034395419478642e+03 1.444007028731304899e+03 2.221911268699169341e+03
