-1.400000000000000000e+03 -1.400000000000000000e+03 0.000000000000000000e+00 6.272750895023345663e+01
3.745207968522003739e+03 4.053032572914293269e+03 3.565035931287750827e+03 6.301990189552306987e+01
-1.200000000000000000e+03 -1.200000000000000000e+03 0.000000000000000000e+00 6.270722784996032573e+01
-1.100000000000000000e+03 -1.100000000000000000e+03 0.000000000000000000e+00 6.274467409849167154e+01
-9.999999999999909051e+02 -9.999999999999965894e+02 1.318985362660407492e-11 6.282078936100005961e+01
-8.999999999999996589e+02 -9.000000000000000000e+02 5.802485318406454656e-13 6.280944850444793559e+01
-7.999999508604822722e+02 -8.000000000000000000e+02 2.141941919344999125e-04 6.288290234804153300e+01
-6.899989539145460640e+02 -6.899999920857690086e+02 1.000104626334488778e+01 6.276060960292816304e+01
-5.998500178712388333e+02 -6.000000000000000000e+02 2.999642575222423724e-01 6.354946315288543701e+01
-4.999043210585882662e+02 -4.999223169396608455e+02 7.467160160184210804e-02 6.280856471061706259e+01
-3.999005040942906817e+02 -4.000000000000000000e+02 2.984877171279891050e-01 6.287193720340728476e+01
-2.993035289119256959e+02 -3.000000000000000000e+02 1.138781745020304603e+00 6.288514109849929667e+01
-1.984342227288117044e+02 -1.989720225488137260e+02 1.601769115825973255e+00 6.285223870277404501e+01
-9.729911301878382801e+01 -9.968782674401859367e+01 5.995837445302378832e+00 6.280619800090789795e+01
1.265879633130426356e+02 1.086907833480725003e+02 3.672554085316073014e+01 6.279458600282669067e+01
2.002114862943033415e+02 2.000000000000003126e+02 5.676318740671948415e-01 6.305987474918365621e+01
3.014685798946784985e+02 3.020257323738570108e+02 9.186521551079450676e-01 6.284742785692215250e+01
4.020379354811112762e+02 4.022176726759769281e+02 8.068362138015106044e-01 6.283824479579925537e+01
5.000148060545316184e+02 5.000098993744718427e+02 1.858407605292482570e-02 6.275943434238433838e+01
6.000165170467920461e+02 6.000194318197550274e+02 6.938547500843658851e-03 6.272840375900268839e+01
7.300000000000000000e+02 7.000000000000000000e+02 4.582575694955839651e+01 6.296144500970840596e+01
8.380316959533120098e+02 8.000000000000000000e+02 6.959707537421246570e+01 6.292365534305572794e+01
1.031393302770907894e+03 9.919285391739410898e+02 1.279551244775709904e+02 6.297111940383911133e+01
1.004097085485106049e+03 1.000000000000000000e+03 7.467217899561013006e+00 6.370887025594711162e+01
1.100000000000000000e+03 1.100000000000000000e+03 0.000000000000000000e+00 6.369696954488754415e+01
1.203134870902579451e+03 1.200435134724740237e+03 7.700020424238155137e+00 6.374656065702438212e+01
1.358740814256260592e+03 1.307632231615627006e+03 6.214961506525532542e+01 6.374240170717239096e+01
1.415000000000000000e+03 1.400000000000000000e+03 3.570714214271424680e+01 6.300087924003601358e+01
