-1.400000000000000000e+03 -1.400000000000000000e+03 0.000000000000000000e+00 4.613167356967925912e+02
1.202411793652135239e+05 1.016879775970651244e+05 7.777835723575802695e+04 4.702193629980087053e+02
1.848792006642022898e+04 -1.192030620983433892e+03 5.973003397379110538e+04 4.692572397470474357e+02
1.351115413152864130e+04 1.331168659487122022e+04 6.920887561055075821e+03 4.702267802476882821e+02
-9.999999984636440331e+02 -9.999999983159070780e+02 6.361273109036675838e-07 4.693253230571746712e+02
-8.906431833059232304e+02 -8.901875770252800066e+02 1.985941820449231399e+00 4.697426349997520560e+02
-7.949398095135854874e+02 -7.983581503662053365e+02 6.400900494447445688e+00 4.664821805477142220e+02
-6.796093231252139049e+02 -6.796001846323781592e+02 1.257943565911503192e-01 4.688825455069542159e+02
-5.955341924103526026e+02 -5.957939852375293412e+02 1.767725211943849128e+00 4.764857351064682121e+02
-4.998566651794893687e+02 -4.998830130512908454e+02 7.506767610027943738e-02 4.633061225533485299e+02
-3.945774764156957417e+02 -3.955226867619896893e+02 3.025635315458441443e+00 4.625616502523422469e+02
-2.894008071822805732e+02 -2.890554554097928417e+02 2.344575433006243159e+00 4.629443991541862715e+02
-1.734712591961188366e+02 -1.748049894822945021e+02 1.146320224227739715e+01 4.627214570045471191e+02
1.705309850451602358e+02 1.592226850720369384e+02 1.856442086813187302e+02 4.622109290957450867e+02
1.204284902495927554e+03 1.122171959315986896e+03 2.642750401318548938e+02 4.635103320002555733e+02
2.007666040305687432e+02 2.007278919292305375e+02 3.733069912997828976e-01 4.680451450586318742e+02
3.150832714864773152e+02 3.153415440266081760e+02 3.042998432676164988e+00 4.626228573918342590e+02
4.195637933447161458e+02 4.191165733518977277e+02 5.023013967423239023e+00 4.660983436465263594e+02
5.007404010173571578e+02 5.006403047225975342e+02 3.103194244530751988e-01 4.687976930975913774e+02
6.035751728756310968e+02 6.035825211242761270e+02 3.374534252038930426e-01 4.699520056486129533e+02
1.000000000000000000e+03 1.000000000000000114e+03 1.136868377216160297e-13 4.643918762922286874e+02
1.195589097625838576e+03 1.211624531445531147e+03 1.563795557164580146e+02 4.637325765013694649e+02
1.997035832841587307e+03 1.982777619237654108e+03 2.928950477992614196e+02 4.644694962978363151e+02
1.214906700376073559e+03 1.215427035760268609e+03 3.550837253864712384e+00 4.765100160479545366e+02
1.313638675102852631e+03 1.312288051626230754e+03 4.065475524737818702e+00 4.756085216999053955e+02
1.416482983261873869e+03 1.400023221281704537e+03 3.918761914842953331e+01 4.783512665033340454e+02
1.826716439379655185e+03 1.826824029779676493e+03 2.511895230585265537e+01 4.753811364054679984e+02
1.700000000000000000e+03 1.700000000000000000e+03 2.096281709166962064e-13 4.658599323034286499e+02
