-1.399999999913525699e+03 -1.399999999990763627e+03 2.395730380609536848e-07 5.379354094266891195e+01
-1.481279355116304828e+02 -1.175919107021290074e+03 1.802686732615529763e+03 5.403583025932312012e+01
-1.199999996260307626e+03 -1.199999999855935584e+03 1.155381728401762574e-05 5.368780999183654501e+01
-1.099999997480603042e+03 -1.099999999745258719e+03 4.768820377608082935e-06 5.373701421022415303e+01
-9.999999834087811905e+02 -9.999999953740260707e+02 3.154341349168765963e-05 5.380566619634628012e+01
-8.999999999987094270e+02 -8.999999999997345412e+02 2.508150922335609633e-09 5.385689719915389873e+01
-7.999995689147947360e+02 -7.999997591485673638e+02 3.904781052559138863e-04 5.394185919761657999e+01
-6.929993533882848169e+02 -6.999985787184255059e+02 9.539169490102151983e+00 5.385780005455016806e+01
-5.998108051660193496e+02 -5.999979510495517161e+02 3.243522183105704282e-01 5.487337670326233052e+01
-4.999951829395245113e+02 -4.999962825927119070e+02 6.355611102816266511e-03 5.394018175601959086e+01
-3.999999996117176693e+02 -3.999999999762660536e+02 1.536194536103062612e-06 5.394582924842834615e+01
-2.999999995383649321e+02 -2.999999999746278263e+02 9.729043208675913209e-07 5.403963389396667338e+01
-1.999999998823693375e+02 -1.999999999568140083e+02 1.809570410980627912e-07 5.400900560617446899e+01
-9.992195412460745274e+01 -9.999999892488733622e+01 1.351775162770929017e-01 5.391490614414215088e+01
1.009783418231084369e+02 1.000000097127510230e+02 3.694596735237829499e+00 5.393874114751815796e+01
2.000751868444247066e+02 2.000028357413829667e+02 1.678635320553288068e-01 5.414720975160598471e+01
3.010639895863479865e+02 3.015122827196390745e+02 9.858119080365814746e-01 5.392576065063476420e+01
4.007105494971873441e+02 4.000503600913277751e+02 9.108454288636668172e-01 5.400094484090804769e+01
5.000000000000000000e+02 5.000000000000000000e+02 1.973211846883462179e-13 5.388149909973144247e+01
6.000068015568015198e+02 6.000000001545720352e+02 9.268079346472158503e-03 5.389976209402084351e+01
7.000045687575702686e+02 7.000028077282303229e+02 4.719283501014621615e-03 5.409780499935150289e+01
8.000005823792585034e+02 8.000002996792753720e+02 7.216532940709492836e-04 5.410416790246963359e+01
9.541247993846940290e+02 9.000008906583009320e+02 7.113764571894809308e+01 5.406347290277481221e+01
1.000000115806447866e+03 1.000000086410108906e+03 9.823314512739915883e-05 5.505953129529952861e+01
1.100000881512553860e+03 1.100000376447444978e+03 1.182955119909003157e-03 5.506842614412308023e+01
1.200089555304483156e+03 1.200000001615744168e+03 1.494892561920757590e-01 5.515485999584198140e+01
1.350348238715461775e+03 1.350612133739944284e+03 4.965344243374321564e+01 5.511004315614700033e+01
1.400005428402799907e+03 1.400002942614068161e+03 5.242082411736057913e-03 5.418731420040130331e+01
