-1.399999999999999773e+03 -1.399999999999999773e+03 0.000000000000000000e+00 1.546510044145584061e+03
8.214091588538016658e+05 7.545978767273679841e+05 3.212750950920594623e+05 1.907899144494533630e+03
2.685334819450351596e+07 1.787892333246535808e+07 2.228855411506551877e+07 1.833328429102897644e+03
1.016681395533006616e+04 1.008784465401501984e+04 2.427472883302751143e+03 1.904234820592403366e+03
-9.999996493286893156e+02 -9.999996482746682886e+02 2.207831242052145102e-05 1.901055213403701828e+03
-8.565526684650288871e+02 -8.565526684650287734e+02 6.510991198991338256e-13 1.680420846557617097e+03
-7.709023933655369092e+02 -7.730985575619864676e+02 1.226797456320710467e+01 1.726178280854225250e+03
-6.788866028831417907e+02 -6.788733738708310739e+02 4.267359577616424565e-02 1.810888470852375121e+03
-5.311464010989442386e+02 -5.309842000896699119e+02 3.371629190443817592e+00 2.136126980102062134e+03
-4.999399876966477905e+02 -4.999396133620545015e+02 2.032292914898847433e-02 1.604735582995414688e+03
-3.305058202608530564e+02 -3.260342834630203015e+02 1.800516694369576953e+01 1.571134726548194976e+03
-2.343858807660535035e+02 -2.333378339463691873e+02 1.166266933502601866e+01 1.605680469202995255e+03
-8.993798242514793984e+00 -2.099631456511843908e+01 6.103321273086338294e+01 1.753138336658477783e+03
2.931261637782680282e+03 2.730021453495915921e+03 6.750099852601564407e+02 1.561273711192607834e+03
1.401810573027158352e+04 1.391745070795655010e+04 4.247738354011236765e+02 1.550146424806117921e+03
2.031340612944537156e+02 2.031238850867035239e+02 4.701757532423883612e-01 1.760927769899368286e+03
4.108743104009088825e+02 4.147153480127274179e+02 1.773855946095890701e+01 1.575669710946083114e+03
7.446395160762888281e+02 7.853731876933663898e+02 9.633500671355389500e+01 1.568230233395099731e+03
5.050447541019271966e+02 5.048746393816878140e+02 1.027782231231854526e+00 1.903603017997741745e+03
6.220136629258096264e+02 6.216467786404034541e+02 1.716764544961322247e+00 1.691346284794807389e+03
1.410544613687071205e+03 1.828262933976492377e+03 4.618049788191709695e+02 1.631373870098590942e+03
4.075504071732847478e+03 4.083091793066197170e+03 6.287068067948902126e+02 1.626179401803016617e+03
1.330844425680122185e+04 1.458809718334657373e+04 2.742980128928270915e+03 1.574534408605098633e+03
1.279543978908214285e+03 1.277835144678665529e+03 1.621819049840009797e+01 2.274596995997429076e+03
1.421214078128543861e+03 1.416807649857413253e+03 2.826521228058934199e+01 2.273456413650512786e+03
1.641850601708089698e+03 1.663909292503956067e+03 3.845807132743149737e+01 2.265338689303398041e+03
3.050289569374497205e+03 3.191001922871974784e+03 4.036129838542866537e+02 2.262515357089042482e+03
3.443915434798339447e+03 4.740838406561126249e+03 1.487217497258411413e+03 1.824900902700424240e+03
