-1.400000000000000000e+03 -1.400000000000000000e+03 0.000000000000000000e+00 2.308747134208679341e+01
2.736290258872479171e+03 3.008522977068849968e+02 4.538143613959654431e+03 2.337848714590072774e+01
-1.200000000000000000e+03 -1.200000000000000000e+03 0.000000000000000000e+00 2.308665015697479106e+01
-1.100000000000000000e+03 -1.100000000000000000e+03 0.000000000000000000e+00 2.311557719707489156e+01
-9.999999999999851070e+02 -9.999999999999971578e+02 2.368540510688889075e-11 2.316200140714645528e+01
-8.999999999999979536e+02 -8.999999999999988631e+02 2.514767241099923365e-12 2.323920674324035573e+01
-7.999625024575609586e+02 -8.000000000000000000e+02 1.617597545121992608e-01 2.317800835371017598e+01
-6.909945388773941204e+02 -6.999999999999995453e+02 9.955926819587707755e+00 2.314843920469284200e+01
-5.999042749414229547e+02 -6.000000000000000000e+02 2.700353360839368166e-01 2.388881939649581909e+01
-4.998621444135911815e+02 -4.999334159275791762e+02 1.883283981965682419e-01 2.317428425550460958e+01
-3.997015122828720450e+02 -4.000000000000000000e+02 5.539697580559018730e-01 2.321593545675277781e+01
-2.985573096191057516e+02 -2.990050409429067031e+02 1.018314324427446182e+00 2.324445984363556050e+01
-1.978070978543106833e+02 -1.980100818858134062e+02 1.264157553460627081e+00 2.320378969907760691e+01
-9.276059862508455467e+01 -9.968782674401859367e+01 1.475071260774988247e+01 2.314164644479751587e+01
1.496602734332147691e+02 1.581923672735651394e+02 4.404843192608271352e+01 2.315919395685195781e+01
2.004726420560654674e+02 2.000017789480750139e+02 8.081609138920824442e-01 2.344553689956665110e+01
3.015412695807391970e+02 3.020257323738570108e+02 8.834710414930928568e-01 2.315991845130920268e+01
4.022209141361368552e+02 4.024643377426953066e+02 1.037914073618829258e+00 2.319896029233932566e+01
5.000451247624073403e+02 5.000197293441220268e+02 5.411932185446349797e-02 2.315392465591430593e+01
6.000174886377797066e+02 6.000194318197550274e+02 5.829545926508217582e-03 2.311393905878066946e+01
7.550000000000000000e+02 8.000000000000000000e+02 4.974937185533099893e+01 2.325384584665298604e+01
8.236738966392264274e+02 8.000000000000000000e+02 5.180077735324966426e+01 2.323215454816818237e+01
1.002034445195414946e+03 9.813122937961018124e+02 1.062337729309574996e+02 2.331260745525360178e+01
1.023289347893518197e+03 1.018952181840667890e+03 3.081984957501483535e+01 2.405361545085906982e+01
1.129498660095827972e+03 1.100000000000000000e+03 4.114952452526335946e+01 2.403189790248870850e+01
1.206538156136617999e+03 1.200675870639359346e+03 1.427343235312124747e+01 2.411155860424041819e+01
1.373013117535829224e+03 1.400000000000000000e+03 5.823662699665838005e+01 2.408632215261459208e+01
1.415000000000000000e+03 1.400000000000000000e+03 3.570714214271424680e+01 2.336750525236129761e+01
