-1.399999529169116158e+03 -1.399999783447706250e+03 6.963419579593016799e-04 4.830831924676895284e+01
-1.220477631707374940e+03 -1.268171311860686728e+03 1.549359429864856281e+02 4.840911411046981527e+01
-1.198393503145917748e+03 -1.199669852268786599e+03 3.163085887869898638e+00 4.834633374214172363e+01
-1.098985030102927794e+03 -1.099661338826473411e+03 1.644404790187287801e+00 4.836671365499496744e+01
-9.999884276341797431e+02 -9.999864964079372385e+02 7.847390053347962427e-03 4.835827770233154155e+01
-8.999999284854063717e+02 -8.999999476571679224e+02 8.129882963875489194e-05 4.828345460891723917e+01
-7.998385118370598548e+02 -7.999017900967869537e+02 1.732957276946100189e-01 4.843147525787353658e+01
-6.972662775844531780e+02 -6.996676600035301590e+02 5.810630367543602404e+00 4.843485269546508931e+01
-5.997623010275761999e+02 -5.999428758454821491e+02 3.192096331086962113e-01 4.915055398941039755e+01
-4.998874059187522789e+02 -4.999004115146753975e+02 5.336604387979980435e-02 4.841428990364074991e+01
-3.999992514989897927e+02 -3.999996383669609372e+02 7.865147341605055941e-04 4.847589850425720215e+01
-2.999971808978668264e+02 -2.999982929428750822e+02 3.021669516655499030e-03 4.849042680263519145e+01
-1.999953414238089522e+02 -1.999979382983748337e+02 6.049622219979712556e-03 4.849326785802841044e+01
-9.997501036967774724e+01 -9.999061497183049596e+01 3.038191528719243195e-02 4.840401149988174723e+01
1.003906822239140411e+02 1.003425081090674098e+02 3.190089638578437747e-01 4.840914760828017904e+01
2.002576274125842701e+02 2.002553163686596918e+02 1.556037986962920394e-01 4.864996764659881734e+01
3.005228809924748248e+02 3.000281931049103150e+02 8.688771905623450253e-01 4.841628904342651651e+01
4.007949189801155399e+02 4.003223610927824438e+02 8.561675495446680051e-01 4.844500139951706075e+01
5.000010937526329826e+02 5.000000046328010512e+02 4.458344300225249544e-03 4.833558410406112671e+01
6.000163290967108196e+02 6.000194318645416161e+02 6.401237871178324518e-03 4.838795570135116719e+01
7.006058031342422510e+02 7.005239958289976130e+02 3.005798763492935621e-01 4.856668719053268291e+01
8.000546812166223845e+02 8.000334515521306002e+02 4.359734546369953972e-02 4.853277075290679932e+01
9.053753773837892140e+02 9.001619917382085987e+02 2.187929753867891236e+01 4.855465079545975016e+01
1.000129704882153760e+03 1.000075829690580917e+03 1.525756064629259223e-01 4.927055690288543843e+01
1.100106350063641457e+03 1.100054783987809060e+03 1.418072272741645601e-01 4.927714924812316610e+01
1.200075945176634832e+03 1.200072451354382338e+03 6.119527573074939886e-02 4.932249485254287436e+01
1.313939458231554909e+03 1.310142396924752575e+03 2.014281158978913666e+01 4.929350289106368876e+01
1.400211301514250636e+03 1.400206456190668177e+03 1.041377235468067680e-01 4.862542965412139750e+01
