-1.399999999998617113e+03 -1.399999999999208967e+03 1.577743178151516104e-09 2.275544705390930034e+01
3.763595938695896621e+03 4.676633933344603065e+03 4.181233244314098556e+03 2.288769274950027466e+01
-1.199999992500978124e+03 -1.199999997378999069e+03 1.313932127213223350e-05 2.277639799118042063e+01
-1.099999980041003482e+03 -1.099999993094043475e+03 2.668093710957571775e-05 2.283364219665527273e+01
-9.999999822088051360e+02 -9.999999849024877676e+02 1.361233097588452804e-05 2.281574195623397827e+01
-8.999999999979590939e+02 -8.999999999994283826e+02 2.940236776580362452e-09 2.273363214731216431e+01
-7.999993345666522373e+02 -7.999996073962684022e+02 6.765187687939555562e-04 2.287993030548095774e+01
-6.949990718965010501e+02 -6.999992181815875938e+02 8.659913301877663727e+00 2.287288479804992747e+01
-5.997752036549693457e+02 -5.999987620762899496e+02 3.527359140313302555e-01 2.346902714967727732e+01
-4.999764816941536196e+02 -4.999814959347879153e+02 2.348623771564226428e-02 2.280806224346160960e+01
-3.999999999903271828e+02 -3.999999999985770955e+02 1.733041132611681907e-08 2.289964870214462422e+01
-2.996517642954791540e+02 -2.999999999312502723e+02 5.693913423832812626e-01 2.292911934852600098e+01
-1.999999999733778964e+02 -1.999999999836203699e+02 3.529157938690860046e-08 2.291242110729217529e+01
-9.999999981994334064e+01 -9.999999996197374230e+01 3.130928351181054238e-07 2.285667290687560893e+01
1.247287610012346306e+02 1.167572217030792103e+02 3.836357522983313117e+01 2.285261920690536641e+01
2.000434438192611992e+02 2.000168925602706622e+02 7.541070076414607692e-02 2.307160725593566752e+01
3.015149294008520542e+02 3.020196076485461845e+02 8.746450002965230341e-01 2.286250874996185445e+01
4.018159487211986516e+02 4.020438817998932564e+02 7.152609457308872765e-01 2.287354419231414937e+01
5.000059188555906076e+02 5.000000000000000000e+02 9.041201258570344401e-03 2.278663455247879099e+01
6.000165170510827011e+02 6.000194318197561643e+02 6.938537338361496637e-03 2.281982460021972514e+01
7.350008086455890179e+02 7.000017983720751999e+02 4.769648250051086080e+01 2.296128580570221089e+01
8.200000612402642446e+02 8.000000593310302293e+02 5.099019412286987318e+01 2.298493289947509766e+01
1.015914271126095969e+03 1.000000063672625629e+03 1.173233555306690761e+02 2.297475110292434763e+01
1.000000031883073234e+03 1.000000019192114337e+03 2.832146977391567582e-05 2.354836535453796387e+01
1.105000142201260132e+03 1.100000120803892969e+03 2.179446509773264040e+01 2.356010254621505595e+01
1.200362892684631788e+03 1.200080949281111089e+03 9.323623750724205905e-01 2.361805804967880107e+01
1.342336432534724736e+03 1.303046951377870300e+03 5.037983705321438066e+01 2.359493304491043020e+01
1.415000550849730871e+03 1.400000727697370166e+03 3.570692176211805702e+01 2.303690419197082662e+01
