-1.400000000000000000e+03 -1.400000000000000000e+03 7.190186943645083856e-14 4.978661079406738565e+01
1.742985288388223807e+03 9.423603086416437691e+02 3.038774185258725083e+03 4.999604560136795328e+01
-1.200000000000000000e+03 -1.200000000000000000e+03 0.000000000000000000e+00 4.977805645465851114e+01
-1.100000000000000000e+03 -1.100000000000000000e+03 0.000000000000000000e+00 4.979482480287551738e+01
-9.999999999374438175e+02 -9.999999999985304839e+02 2.145658271977172081e-07 4.987405664920807169e+01
-9.000000000000000000e+02 -9.000000000000000000e+02 0.000000000000000000e+00 4.981332874298095703e+01
-7.999999998721377779e+02 -7.999999999451955546e+02 1.570251367749539195e-07 4.983829019069671773e+01
-6.919998688909093971e+02 -6.999999995348896391e+02 9.798119097012538248e+00 4.979543814659118794e+01
-5.998875056970994137e+02 -5.999999954743608441e+02 2.677684585770677694e-01 5.072054224014281942e+01
-4.999810117381742316e+02 -4.999901353279390150e+02 2.211451510796159578e-02 4.982893635034561441e+01
-4.000000000000000000e+02 -4.000000000000000000e+02 4.019436694230464427e-14 4.993467525243759297e+01
-2.997512602357254536e+02 -3.000000000000000000e+02 4.308299095858099670e-01 4.992485110759734823e+01
-1.999999999999996021e+02 -2.000000000000000000e+02 1.614568245659642826e-12 4.992234519720077657e+01
-9.906848701399613333e+01 -9.999999999999977263e+01 3.633419961205905935e+00 4.984411115646362589e+01
1.147967947718893527e+02 1.006243465119630400e+02 2.208504159963554514e+01 4.984582719802856587e+01
2.000000007418924497e+02 2.000000004573157071e+02 9.258754838133506846e-07 5.012344609498977377e+01
3.013158225048377972e+02 3.020196068559082505e+02 9.645502637468493790e-01 4.985496025085448935e+01
4.010418334279743817e+02 4.010106252839061654e+02 9.865840111967827397e-01 4.988007999658584879e+01
5.000039458688244167e+02 5.000000000000000000e+02 7.891737648810704178e-03 4.992966439723968364e+01
6.000116590918531756e+02 6.000194318197550274e+02 9.519608634710224199e-03 4.986657805442810343e+01
7.250000029520249427e+02 7.000000006084339930e+02 4.330126850945644179e+01 4.998928500413894938e+01
8.000000000574641490e+02 8.000000000108352651e+02 1.077553789197542950e-07 5.001210650205612041e+01
1.076626831810036265e+03 1.142402448099470348e+03 1.153451039129288631e+02 4.992846815586089804e+01
1.000000000031141781e+03 1.000000000013329782e+03 4.470668052665761938e-08 5.087561659812926962e+01
1.100000000077529421e+03 1.100000000020397692e+03 1.476378040280104187e-07 5.086363375186920166e+01
1.200188513092939274e+03 1.200040474492809381e+03 2.534891947647385235e-01 5.095450739860534384e+01
1.352841459946121631e+03 1.352170893009698830e+03 5.147948118590498723e+01 5.093503919839859151e+01
1.400000000890651791e+03 1.400000000254075758e+03 1.222431549741887918e-06 5.007040379047393941e+01
