-1.399999999999999318e+03 -1.399999999999999318e+03 2.784747428885541332e-13 7.344004467964172136e+02
1.285931596063344507e+06 1.240951448600736447e+06 3.741345836725755362e+05 1.208101275396347091e+03
1.007139552766304016e+09 5.183385232578222752e+08 1.774734273148397684e+09 1.201076833653449967e+03
-1.287534020562588069e+02 -2.484601009071627686e+02 5.641487470433282851e+02 1.189966774547100158e+03
-9.999999965364692116e+02 -9.999999968128730643e+02 1.064055804711132320e-06 1.168687228596210389e+03
-8.567918163613719571e+02 -8.565526684650202469e+02 4.026451589940155174e+00 1.085570632898807617e+03
-6.611181251821548130e+02 -6.646859268209707352e+02 2.304896406185581981e+01 1.220984992051124664e+03
-6.788515552638175450e+02 -6.788485387379612348e+02 4.491894064766448202e-02 1.075755320751667114e+03
-5.538835831240163543e+02 -5.526967756411393111e+02 5.509046628569837623e+00 1.417282553243637039e+03
-4.998378512873413229e+02 -4.998533307014885168e+02 5.854650395326779777e-02 8.583263346076012112e+02
-2.352392322978645041e+02 -2.418613453406994722e+02 3.406551959361812010e+01 7.816986925959587325e+02
2.339369126061894377e+01 9.405659490932578137e+00 8.503666812333905511e+01 8.211606465578079224e+02
2.925233732367285029e+02 2.916417253462266217e+02 7.275707773071400197e+01 8.055283342480659030e+02
3.915334174148950297e+03 3.912407797743481751e+03 7.971167744514968945e+02 7.910749455928802263e+02
9.236225605450317744e+03 8.727726323047481856e+03 1.917265944291066489e+03 9.380988685965537570e+02
2.018472506741579764e+02 2.016585762579451284e+02 1.087523909038225822e+00 1.034622725307941437e+03
4.520138886237098745e+02 4.498727842573757698e+02 2.439366792825885000e+01 8.291938021540642012e+02
6.184841476819713080e+02 6.249106577021041176e+02 2.867430917236193011e+01 1.021154725658893540e+03
5.101688847115504473e+02 5.099222091259968579e+02 2.726982932000331150e+00 1.207654329597949982e+03
6.242407479765971630e+02 6.245097159098686461e+02 9.738443089491323201e-01 9.698258888959884416e+02
1.516553412725950011e+03 1.828262933976497607e+03 4.151885737723764009e+02 8.539451820492744218e+02
5.869699145589717773e+03 5.704487467990218647e+03 9.383448927173700440e+02 8.487131053090095065e+02
1.004969944013999338e+04 9.793605545656080722e+03 1.627494084837236187e+03 9.538513517498970486e+02
1.342645701164517504e+03 1.344085965686870395e+03 1.175338123547095392e+01 1.438295622897148178e+03
1.460934942685249325e+03 1.461319995900060803e+03 9.383455581328172812e+00 1.430609145998954773e+03
1.589700805233242590e+03 1.615423067791422909e+03 8.105148642939099091e+01 1.443445200753212021e+03
2.926722090598713294e+03 2.940401837768500627e+03 1.365477275648362934e+02 1.449203739893436477e+03
3.572492041371203413e+03 4.942703581247091279e+03 1.604177182533967652e+03 1.155095504748821213e+03
