-1.400000000000000000e+03 -1.399999999999999773e+03 1.902344653294848201e-13 9.063113905549049605e+02
3.492580647960884962e+05 3.357982637946048053e+05 1.406561085532150173e+05 9.764220518946647189e+02
6.913505843639296480e+06 1.190191220806831727e+06 9.062912298723630607e+06 9.606277140021323930e+02
1.427457523488633160e+04 1.466334098210902812e+04 3.856231746924476738e+03 9.766318151950836182e+02
-9.999997674736645195e+02 -9.999997653405614528e+02 3.033027282643413600e-05 9.728562149047851335e+02
-8.845642451537839861e+02 -8.907885263545618955e+02 1.376695919725316841e+01 9.715145864486694336e+02
-7.945965429482963600e+02 -7.970845466670700716e+02 5.021764608902192784e+00 9.207363676071166765e+02
-6.790814917983386749e+02 -6.790856404801766075e+02 5.809671855731069617e-02 9.564884388566017606e+02
-5.720125889730909421e+02 -5.701279236726458066e+02 8.658197453617260564e+00 1.063857533192634492e+03
-4.999812668442288555e+02 -4.999852275922771696e+02 1.534117958260972428e-02 9.169562986493110657e+02
-3.674648684992047265e+02 -3.666689068748273712e+02 7.822289546843276042e+00 9.114860149502753757e+02
-2.611824941231658386e+02 -2.656739478177340743e+02 1.145538367852697625e+01 9.216497308015823364e+02
-9.733801825955735865e+01 -9.903524921332740405e+01 2.316235359639934188e+01 9.544757874488830112e+02
1.535405250940519636e+03 1.535880413684092673e+03 3.830456587702500997e+02 9.004069776058197476e+02
4.836761078140671998e+03 4.432587276532047326e+03 1.406754135163846286e+03 9.243381743073463213e+02
2.021291010248230577e+02 2.021102302023066386e+02 3.227101812439890360e-01 9.585994862556457292e+02
3.526454190468755883e+02 3.561071330374364834e+02 1.346915880689659950e+01 9.063613159060478210e+02
4.884449861030900024e+02 4.622456996253469015e+02 5.387431032997964309e+01 9.424294736504555203e+02
5.024535040159886421e+02 5.022114130872281521e+02 6.327467736341096938e-01 9.736163724899291765e+02
6.124259852203056198e+02 6.116585412493014928e+02 1.983712885779162161e+00 9.457472136497497104e+02
9.850000000000002274e+02 1.000000000000000227e+03 3.570714214271426101e+01 9.463169333577155840e+02
2.312965348759277276e+03 2.331344637031668299e+03 3.996225923010645715e+02 9.325207010030746915e+02
4.730050094128762794e+03 4.612251961129377378e+03 7.840935608082228327e+02 9.334932941555977095e+02
1.239826326509372620e+03 1.236945663561647052e+03 8.266861394104740413e+00 1.073546653699874923e+03
1.350377319376277228e+03 1.349648498456399921e+03 6.389527569824167585e+00 1.071116230499744461e+03
1.511712348747101487e+03 1.528410043416229655e+03 5.825034156374992733e+01 1.077126282894611450e+03
2.079012211139625379e+03 2.025336938916888812e+03 1.906223301829659533e+02 1.077394386494159789e+03
1.700000000000000455e+03 1.700000000000000455e+03 1.833145176601317471e-13 9.580435306429862976e+02
