-1.399999688197862724e+03 -1.399999733663311417e+03 2.013976333598353047e-04 6.555520135164260864e+01
-1.235444430962324304e+03 -1.254153853710062322e+03 6.574292739842464073e+01 6.562737854719162556e+01
-1.197982213466066469e+03 -1.199750897716008012e+03 3.986566293121981630e+00 6.557415570020675943e+01
-1.097741392264212209e+03 -1.099342996299767037e+03 2.848354421168459716e+00 6.559489909410476116e+01
-9.999927283938684468e+02 -9.999952069082905837e+02 6.618784330365114557e-03 6.556478235721587566e+01
-8.999998260832833239e+02 -8.999999417493611418e+02 2.421488680699622931e-04 6.554090225696563721e+01
-7.998046105360620004e+02 -7.998430044351765673e+02 1.481634413360211622e-01 6.562260489463805868e+01
-6.975569780204211838e+02 -6.997835554529979163e+02 5.886020151680647849e+00 6.562084239721298218e+01
-5.998740527915823577e+02 -5.999392040651198386e+02 2.199550278121566171e-01 6.616025854349136637e+01
-4.998897765354390685e+02 -4.999097224482157458e+02 7.025738009409079887e-02 6.560640209913253784e+01
-3.999992659300597779e+02 -3.999994572743496519e+02 6.205506530842039986e-04 6.564988545179366497e+01
-2.999972524148400908e+02 -2.999985072681744214e+02 3.713623739245728965e-03 6.565381399393081097e+01
-1.999952152300693626e+02 -1.999966011706549693e+02 4.525962375189485076e-03 6.567789314985274984e+01
-9.998332237732853400e+01 -9.999222952244565477e+01 2.569589897969879258e-02 6.561428534984588623e+01
1.020084300510508086e+02 1.003841524436952000e+02 4.971879452962740586e+00 6.561392029523850056e+01
2.003002248757653661e+02 2.002590609543894971e+02 1.744301291494374795e-01 6.576544849872588827e+01
3.006210206714896458e+02 3.000158391559338042e+02 9.226138121357775335e-01 6.560908604860306070e+01
4.005776824973157204e+02 4.002279682317623610e+02 7.773027036571766857e-01 6.560203659534454346e+01
5.000034137719826504e+02 5.000000077514450822e+02 1.137808098296829405e-02 6.556427865028381063e+01
6.000144481316311840e+02 6.000194318280379093e+02 7.674723067260406061e-03 6.559165254831313518e+01
7.003262813735644841e+02 7.003197385420559158e+02 2.081718156827622734e-01 6.570259280204773233e+01
8.000898089608901955e+02 8.000253406250582202e+02 1.862136172032160253e-01 6.570080289840697674e+01
9.002172528436783523e+02 9.000890669977425205e+02 2.720947934917623545e-01 6.571320555210112957e+01
1.000115100626079766e+03 1.000056980686342627e+03 1.361055909162906807e-01 6.624546699523925497e+01
1.100079608638554873e+03 1.100070812471456975e+03 4.431310958986174608e-02 6.625145734548569010e+01
1.200143467671492772e+03 1.200093541266494412e+03 1.527329723123984906e-01 6.627771415710449787e+01
1.317904984011944634e+03 1.309599730905299566e+03 2.760715098866171147e+01 6.626148644685744671e+01
1.400267162733649911e+03 1.400243985172883185e+03 1.467608044054639904e-01 6.575731680393218426e+01
