-1.399999999999922011e+03 -1.399999999999975444e+03 1.515138057981993524e-10 6.599821500778197958e+01
3.540250656164566408e+03 1.952108717240880878e+03 4.415748091447198021e+03 6.612896984815597534e+01
-1.199999999472878926e+03 -1.199999999815052661e+03 8.688758630722890313e-07 6.606764609813690470e+01
-1.099999998279096417e+03 -1.099999999431881179e+03 2.175923345824557434e-06 6.610282089710236164e+01
-9.999999958217961193e+02 -9.999999976247256654e+02 4.636077661198462922e-06 6.611445435285568806e+01
-8.998522213991840317e+02 -8.999622484273113514e+02 2.376747298105101880e-01 6.600724090337753580e+01
-7.926953390415119429e+02 -7.987044219652916581e+02 1.289464454224188650e+01 6.615480649471282959e+01
-6.853991328857580356e+02 -6.799992421796981716e+02 8.358762817231404796e+00 6.613516010046005533e+01
-5.990988960493131117e+02 -5.989899891256015962e+02 5.926329685975426642e-01 6.690905524492264078e+01
-4.911782846620075134e+02 -4.925477937861513738e+02 8.074535859073321831e+00 6.609885159730910686e+01
-3.998507561408678157e+02 -3.999999999998044586e+02 3.552714445918880859e-01 6.618741885423659710e+01
-2.977613431957862531e+02 -2.980100818847577102e+02 1.600460011610170152e+00 6.618622220754623697e+01
-1.973885424103362993e+02 -1.971206152715602684e+02 2.085845250326903599e+00 6.624339859485625936e+01
-7.324004735009202705e+01 -9.968782673943229611e+01 4.739305872762081862e+01 6.611464924812317179e+01
2.142757335982811639e+02 2.179116854934316052e+02 9.075257056798487554e+01 6.613388165235519978e+01
2.011984308767665937e+02 2.011331332195524055e+02 1.029221001314313932e+00 6.637477459907532307e+01
3.015338939939269949e+02 3.020257323743697953e+02 8.766349473906217549e-01 6.612700225114822672e+01
4.023206420829087051e+02 4.024652935880729956e+02 1.165062278604761969e+00 6.616153044700622843e+01
5.000761300705729582e+02 5.000524710636136660e+02 5.970330993595274194e-02 6.605374699831008911e+01
6.001527524120627959e+02 6.000194318197561643e+02 2.549810349405030041e-01 6.609026525020598797e+01
8.050001320491262504e+02 8.000000354118949417e+02 8.046728634451132223e+01 6.624472244977951618e+01
9.399467345705965045e+02 8.906560774853799103e+02 1.328470733846222629e+02 6.625424129962921427e+01
1.109377314488159300e+03 1.146566425119325686e+03 9.878378260335718153e+01 6.624397244453430744e+01
1.053324429481984907e+03 1.051160115730613825e+03 4.093720183454494332e+01 6.707595005035400959e+01
1.193027377952442293e+03 1.200000002944097560e+03 2.372434537453324666e+01 6.708200939893723103e+01
1.235298410552251880e+03 1.209622997688187297e+03 4.437988585689438281e+01 6.715414584875107096e+01
1.422853114337962779e+03 1.424971052637208686e+03 6.973687560796736307e+01 6.710897920131682781e+01
1.520000077912580537e+03 1.500000028027375720e+03 1.122496881595844513e+02 6.633454239368438721e+01
