-1.400000000000000000e+03 -1.400000000000000000e+03 0.000000000000000000e+00 2.834842230081558156e+01
3.813592613745373910e+03 1.932852561230088668e+03 4.922152714767366888e+03 2.852487710714340352e+01
-1.200000000000000000e+03 -1.200000000000000000e+03 0.000000000000000000e+00 2.830732599496841573e+01
-1.100000000000000000e+03 -1.100000000000000000e+03 0.000000000000000000e+00 2.834681255817413259e+01
-9.999999999999809006e+02 -9.999999999999862439e+02 1.897725860417380419e-11 2.845640195608138967e+01
-8.999999999976951131e+02 -8.999999999999938609e+02 5.776992670666349432e-09 2.836333204507827688e+01
-7.999987777604238772e+02 -8.000000000000000000e+02 3.837845099000881596e-03 2.839607969522476338e+01
-6.898199159360904105e+02 -6.882127740715449136e+02 9.851862488416953667e+00 2.833406295776367045e+01
-5.997247846597648504e+02 -6.000000000000000000e+02 3.787502811860537499e-01 2.927040159702301025e+01
-4.998437757728360111e+02 -4.998914984633685776e+02 1.224889387555212761e-01 2.839704774618148875e+01
-4.000000000000000000e+02 -4.000000000000000000e+02 0.000000000000000000e+00 2.855827524662017680e+01
-2.988557973362337066e+02 -2.990050409429067031e+02 1.056484450895881499e+00 2.857999989986419820e+01
-1.982579221122686590e+02 -1.979440450976274519e+02 1.253675227200764963e+00 2.852738074064254903e+01
-9.685625169433568260e+01 -9.968782674401859367e+01 1.263040009541940023e+01 2.835761985778808736e+01
1.548621822545837858e+02 1.170693934401636511e+02 6.410065186651965519e+01 2.834304299354553081e+01
2.003475301215848958e+02 2.000283344705063939e+02 5.559688807068507987e-01 2.864682700634002543e+01
3.017546969933098922e+02 3.020284808836523212e+02 7.417784662900100967e-01 2.842726520299911641e+01
4.020896508729961170e+02 4.023073914094558177e+02 7.386402824952481572e-01 2.845410659313201762e+01
5.000264692431875915e+02 5.000197293441220268e+02 3.214140159531148067e-02 2.842703495025634908e+01
6.000212110452905563e+02 6.000194318197550274e+02 1.292493591117913933e-02 2.834041450023651265e+01
7.500000000000002274e+02 7.500000000000014779e+02 4.999999999999985079e+01 2.848919169902801585e+01
8.281321407224016866e+02 8.000000000000000000e+02 5.389609233027505297e+01 2.851922320127487254e+01
1.036784092849671879e+03 9.919285391739410898e+02 1.277722436964605492e+02 2.845833375453948833e+01
1.014545771588196430e+03 1.003140000565678292e+03 2.316108030514262239e+01 2.941480089426040578e+01
1.127986844058330234e+03 1.100000000000000000e+03 4.309984548956752093e+01 2.941480129957199097e+01
1.203759928831642810e+03 1.200435134724740237e+03 8.128832339760952763e+00 2.951306730508804321e+01
1.371763970346697533e+03 1.400000000000000000e+03 5.624564994176228083e+01 2.945646349191665792e+01
1.445000000000000000e+03 1.400000000000000000e+03 4.974937185533099893e+01 3.201476819515228556e+01
