-1.400000000000000000e+03 -1.400000000000000000e+03 5.084229945850414966e-14 2.339617199063301030e+02
1.206639720838566136e+05 1.149627804023517820e+05 6.761006431416279520e+04 2.499483151555061227e+02
1.011441833063929155e+07 3.023275125905903988e+06 1.510672878112181462e+07 2.492820773005485648e+02
5.184519711883875971e+03 2.654200987240597897e+03 6.405521149599664568e+03 2.496381097555160409e+02
-9.999999999999305373e+02 -9.999999999999332658e+02 4.579938847143676070e-11 2.405373909950256461e+02
-8.916433865689228924e+02 -8.901875734792728281e+02 3.466029413253051139e+00 2.490645970463752690e+02
-7.584158125884662240e+02 -7.620031221869835463e+02 2.215060441982832984e+01 2.483574033975601196e+02
-6.795236910720510650e+02 -6.794875818058293362e+02 1.491563362236426049e-01 2.389750971078872794e+02
-5.945657981502955636e+02 -5.944445570649031652e+02 1.582666181768166203e+00 2.630651345491409074e+02
-4.997000265287533693e+02 -4.997572803401180863e+02 1.353470283418037878e-01 2.376646362066268807e+02
-3.939307578327458259e+02 -3.950252072334430977e+02 4.993642993064274727e+00 2.373822147488594112e+02
-2.730737198687423870e+02 -2.748935357303033129e+02 1.047510374809931122e+01 2.377750865936279183e+02
-1.618289916696376167e+02 -1.627367069636789552e+02 1.249736011016860004e+01 2.351528783559799081e+02
1.469939390213078525e+02 7.381355144123426726e+01 1.745430394996328687e+02 2.365540445446968079e+02
1.258139716077473622e+03 1.248369268072633304e+03 3.146479393098734931e+02 2.363825739979743901e+02
2.006734852062259904e+02 2.006649243525519921e+02 3.737589237973295009e-01 2.486273437023162955e+02
3.141607242593032652e+02 3.139915340564252233e+02 3.695151399689025506e+00 2.365443336009979305e+02
4.247977825569080892e+02 4.245934070996603396e+02 9.677188936018689347e+00 2.445359002470970040e+02
5.007227491938607500e+02 5.007355938855966997e+02 2.294817077211145917e-01 2.476641849994659310e+02
6.036902419555472079e+02 6.038222342636229314e+02 3.397861723076979201e-01 2.494933615922927856e+02
9.900000000000002274e+02 1.000000000000000227e+03 4.358898943540673798e+01 2.403082685470581055e+02
1.161403529390380299e+03 1.188179896287890188e+03 1.576954931521220828e+02 2.405409322023391780e+02
2.184875875316688507e+03 2.080487284473622367e+03 4.403485602924441764e+02 2.423864659547805900e+02
1.218861933477799994e+03 1.219294630934304223e+03 3.370833940586682953e+00 2.637610047459602356e+02
1.317244303422244457e+03 1.316387729905073229e+03 4.283222682677601867e+00 2.642485109090804940e+02
1.405706904340934216e+03 1.400024990364211590e+03 2.476605083029645016e+01 2.666883563995361328e+02
1.861226359723067389e+03 1.860932296797872368e+03 3.217181516872588531e+01 2.631197154521942139e+02
1.714100055871499762e+03 1.700000000000000227e+03 6.146071864214402325e+01 2.443535351991653499e+02
