-1.400000000000000000e+03 -1.400000000000000000e+03 0.000000000000000000e+00 2.454585599899291992e+01
2.439352306471132579e+03 5.923418722507551593e+02 4.123941433711947866e+03 2.463151364326477122e+01
-1.200000000000000000e+03 -1.200000000000000000e+03 0.000000000000000000e+00 2.452584240436554097e+01
-1.100000000000000000e+03 -1.100000000000000000e+03 0.000000000000000000e+00 2.454477449655532695e+01
-9.999999999999776037e+02 -9.999999999999847660e+02 2.167060199142582676e-11 2.460700734853744365e+01
-8.999666601703800097e+02 -8.999999345661901771e+02 9.171600213799577239e-02 2.453074569702148366e+01
-7.992193029444226795e+02 -7.999997705132433339e+02 2.582795777115831637e+00 2.460983564853668071e+01
-6.862064601827124761e+02 -6.799999764645724554e+02 9.073464585041728370e+00 2.454651894569396831e+01
-5.995689279988107501e+02 -5.993655782241669385e+02 3.997349895747041026e-01 2.526459025144577097e+01
-4.996737375634828595e+02 -4.998052047591893370e+02 3.647281405148385391e-01 2.459569630622863912e+01
-3.999502520471453408e+02 -4.000000000000000000e+02 2.168462991415098517e-01 2.466017334461212229e+01
-2.987563019343062365e+02 -2.990050409429067031e+02 1.402678908385337708e+00 2.466023019552230977e+01
-1.980219152155068798e+02 -1.975323301845940591e+02 1.382516957519003942e+00 2.467623029947280955e+01
-9.239578061463177505e+01 -1.000000000000000000e+02 1.762815687472030390e+01 2.454803255796432637e+01
1.906855429790605569e+02 1.966939610360926736e+02 7.553246260572056769e+01 2.454012119770050049e+01
2.007950860694048174e+02 2.003250246846998550e+02 8.382815775413972048e-01 2.471881735324859619e+01
3.015423550773498960e+02 3.020288736951271176e+02 8.897228363696666475e-01 2.459622974395751882e+01
4.022496812676129139e+02 4.021876421846330345e+02 8.483707239184212767e-01 2.461843049526214600e+01
5.000207660368727147e+02 5.000099210726976366e+02 3.678320712531084336e-02 2.460087014436721731e+01
6.000427246179580152e+02 6.000194318197550274e+02 4.921319733187889955e-02 2.459041099548339915e+01
7.800000000000000000e+02 8.000000000000000000e+02 4.000000000000000000e+01 2.460770854949951314e+01
8.370652687484914622e+02 8.000000000000000000e+02 5.500069960571858729e+01 2.463312793970107961e+01
1.059592385961759192e+03 1.003599921720624707e+03 1.146429041477907020e+02 2.462484724521636892e+01
1.027255771486181857e+03 1.018804833182303469e+03 3.319318118661886530e+01 2.540038959980011057e+01
1.159392094800468385e+03 1.200000000000000000e+03 4.732654922004257969e+01 2.540069489479065012e+01
1.210496887415448327e+03 1.200258041854945759e+03 2.283525536561503699e+01 2.547274849414825582e+01
1.399835819788545905e+03 1.410657315911768592e+03 5.295034423447896899e+01 2.544145565032959055e+01
1.440000000000000000e+03 1.400000000000000000e+03 4.898979485566356118e+01 2.534479845762252737e+01
