-1.399999999999994998e+03 -1.399999999999999773e+03 1.061727944979682968e-11 6.341643995046615601e+01
1.070949765258965726e+03 -5.732628265723626555e+02 3.299844119104523543e+03 6.359639164209365703e+01
-1.199999999995462758e+03 -1.200000000000000000e+03 1.973337588001225695e-08 6.338236540555953979e+01
-1.099999999999985903e+03 -1.100000000000000000e+03 3.657173221070774415e-11 6.344601550102233745e+01
-9.999999989559564710e+02 -9.999999999832954245e+02 3.573412233685194777e-06 6.338973035812377788e+01
-8.999999999999997726e+02 -9.000000000000000000e+02 6.015741999055059560e-13 6.346392534971236898e+01
-7.999999979304785711e+02 -7.999999994946566630e+02 6.165146074880730153e-06 6.355879000425338887e+01
-6.919997243108813336e+02 -6.999999934344826897e+02 9.798293795425520258e+00 6.340705909729003764e+01
-5.999249478535137996e+02 -5.999999678411795685e+02 2.249565929470090375e-01 6.432711044549941448e+01
-4.999849585923819859e+02 -4.999901353279382192e+02 1.706331691592872374e-02 6.353145045042037964e+01
-3.999999999999878355e+02 -3.999999999999998863e+02 3.359669669818384270e-11 6.357061154842376993e+01
-2.999999999999919851e+02 -2.999999999999998863e+02 2.169193573343918753e-11 6.358936359882354594e+01
-1.999999999999988916e+02 -1.999999999999999432e+02 2.120600480409215080e-12 6.361116739511489726e+01
-9.979708738360307052e+01 -9.968782674401813892e+01 2.041097513554048781e-01 6.349032535552978374e+01
1.011032082770391867e+02 1.003121732559853854e+02 3.597911628956789176e+00 6.356822019815444946e+01
2.000227108198528754e+02 2.000000048971388651e+02 9.889891881179535549e-02 6.377816215753555440e+01
3.010272762192889786e+02 3.010949539913219724e+02 9.543783068056348462e-01 6.347534879446029521e+01
4.013745142134459911e+02 4.020098187676006205e+02 9.220203507632935835e-01 6.359373924732208394e+01
5.000004960217073631e+02 5.000000000000000000e+02 2.162108496371570408e-03 6.350443226099014282e+01
6.000097159098778548e+02 6.000097159098780821e+02 9.715909877377269799e-03 6.350465379953384115e+01
7.050000770820199705e+02 7.000000344494951605e+02 2.179447706633742499e+01 6.365854594707489156e+01
8.062642836849705645e+02 8.000000014276822640e+02 1.879284358769362129e+01 6.365369079113006734e+01
9.848154012743398198e+02 9.000000012979971871e+02 1.187776269822028468e+02 6.360134404897689819e+01
1.000000000205829792e+03 1.000000000077644017e+03 2.805320422828544572e-07 6.449168720245361897e+01
1.105000003486444712e+03 1.100000001162472017e+03 2.179449394459939526e+01 6.447487299442290976e+01
1.200170803805992819e+03 1.200040474492700923e+03 2.479527039879876049e-01 6.456990854740142538e+01
1.360321370228334217e+03 1.400000000008078587e+03 4.859971473358924499e+01 6.452799564599990845e+01
1.400000042510336243e+03 1.400000007164931731e+03 7.064568649652897415e-05 6.374715654850005819e+01
