-1.400000000000000000e+03 -1.400000000000000000e+03 0.000000000000000000e+00 2.441492428421974239e+02
1.232457575945813442e+05 8.998280041578864621e+04 8.423784195132247987e+04 2.657810295462608110e+02
8.930339420900918776e+05 8.169771899686145844e+03 1.500270777287913952e+06 2.629147125005721932e+02
1.246343828433168528e+04 9.818918763205807409e+03 8.118163968140828729e+03 2.652682461977004778e+02
-9.999999993102812823e+02 -9.999999993613548668e+02 3.781243591476142683e-07 2.628405965447425956e+02
-8.901875760084154763e+02 -8.901875763701826827e+02 1.373206808632682962e-06 2.646209447979927063e+02
-7.784692140127920084e+02 -7.782369249911441784e+02 1.328203075727449622e+01 2.611626271486282462e+02
-6.795697109213449494e+02 -6.795822620886235654e+02 8.957304673813314133e-02 2.552427734017372245e+02
-5.947481077458600112e+02 -5.947541916904403934e+02 1.955761018473655355e+00 2.831268870472907793e+02
-4.996841257315971347e+02 -4.997670627514505668e+02 1.686249582943454284e-01 2.480161285519599801e+02
-3.944779797520417333e+02 -3.950252047145335155e+02 2.565274799653990634e+00 2.474018364548683167e+02
-2.876127730984966888e+02 -2.875630193430624786e+02 5.250459914491990787e+00 2.485788323998451119e+02
-1.711099647136210820e+02 -1.724097627346351089e+02 1.281431842839261748e+01 2.483575356960296574e+02
1.654048411472243174e+02 1.345016148386305304e+02 1.804370031574306665e+02 2.472549412012100163e+02
1.188897121100410686e+03 1.147472484458862937e+03 2.879464183103751225e+02 2.498253137469291687e+02
2.006551501943482094e+02 2.006020431757007714e+02 3.498962164965263022e-01 2.607367703080177535e+02
3.144776901187784119e+02 3.134049333385803493e+02 2.585832428870156185e+00 2.475374574422836247e+02
4.185655410993163059e+02 4.179649717467209484e+02 4.480984811772296794e+00 2.555277393579482919e+02
5.008194800657386736e+02 5.008072704055866780e+02 2.811479257885727279e-01 2.635449506998062361e+02
6.035930695414277807e+02 6.035460289554112023e+02 3.090633768582539131e-01 2.652553901910781633e+02
1.000000000000000227e+03 1.000000000000000227e+03 5.084229945850414966e-14 2.500677243471145630e+02
1.182671553506914734e+03 1.110521782652446063e+03 1.764736322101558983e+02 2.505409181594848746e+02
2.095329812948254585e+03 2.145945306996385625e+03 3.208537803183020856e+02 2.542179286003112679e+02
1.214325901837448328e+03 1.213753363172787203e+03 3.691916978964386864e+00 2.826201155424117815e+02
1.315675307907368051e+03 1.315102680087963108e+03 4.501424186080748235e+00 2.817884103536605949e+02
1.391267149287177972e+03 1.400025559580818481e+03 2.628095952844432048e+01 2.853217064023017997e+02
1.837058321625395138e+03 1.838465315611875894e+03 2.279372522441947169e+01 2.798190897464752425e+02
1.734262118961413535e+03 1.700000000000000455e+03 1.034660620371358846e+02 2.541341134548187313e+02
