-1.400000000000000000e+03 -1.400000000000000000e+03 0.000000000000000000e+00 6.311062555313110067e+01
3.560609452322615198e+03 2.653950287864048732e+03 4.106610636307505047e+03 6.324018355607986308e+01
-1.200000000000000000e+03 -1.200000000000000000e+03 0.000000000000000000e+00 6.306384814977646158e+01
-1.100000000000000000e+03 -1.100000000000000000e+03 0.000000000000000000e+00 6.311229455471038818e+01
-9.999999999999851070e+02 -9.999999999999909051e+02 1.564309818489232041e-11 6.319654914140701152e+01
-9.000000000000000000e+02 -9.000000000000000000e+02 1.078528041546762515e-13 6.315475945472717001e+01
-7.999999999999920419e+02 -7.999999999999997726e+02 3.023358188427543064e-11 6.317110735177993774e+01
-6.939996688235202100e+02 -6.999999999999995453e+02 9.165657302504030213e+00 6.306114150285721109e+01
-5.998875134034291250e+02 -6.000000000000000000e+02 2.677716595270112632e-01 6.390585330724716329e+01
-4.999829846725832567e+02 -4.999901353279390150e+02 1.911703403015577521e-02 6.318585859537124350e+01
-3.999502520471453408e+02 -4.000000000000000000e+02 2.168462991415098240e-01 6.329210699796676920e+01
-2.996020163771627267e+02 -3.000000000000000000e+02 5.801558399251653952e-01 6.328671964406967021e+01
-1.996202858330956929e+02 -2.000000000000000000e+02 9.458933211711216815e-01 6.331109520196914531e+01
-9.812136536519386709e+01 -9.968782674401859367e+01 5.015687854932762590e+00 6.317676479816437052e+01
1.147978819431644695e+02 1.003121732559814063e+02 4.132797084280716149e+01 6.317196500301361084e+01
2.000431898631675551e+02 2.000000000000010800e+02 1.882602489237349408e-01 6.338819169998168945e+01
3.017226639431854096e+02 3.020197639804966911e+02 7.239177027693639577e-01 6.322167689800262735e+01
4.020175373824926623e+02 4.021513939163378950e+02 6.691738534972302421e-01 6.323697780370711996e+01
5.000064148249440450e+02 5.000000000000000000e+02 8.974679797497968001e-03 6.318483815193176412e+01
6.000106875008654015e+02 6.000194318197550274e+02 9.667208268186245831e-03 6.317373365163803101e+01
7.550000000000029559e+02 8.000000000000000000e+02 4.974937185532785122e+01 6.326434429883956767e+01
8.000000000000000000e+02 8.000000000000000000e+02 2.654045949823001292e-13 6.327631469964980937e+01
9.847540148889399916e+02 9.000000000000006821e+02 1.222072322750754410e+02 6.324144895076751993e+01
1.002450864749680250e+03 1.000000000000000000e+03 1.068307176814240833e+01 6.403242934942245768e+01
1.105000000000010459e+03 1.100000000000000000e+03 2.179449471770094959e+01 6.404086124897003174e+01
1.200220681582868338e+03 1.200080948985142413e+03 2.903276393660491062e-01 6.414153599739074707e+01
1.343378207304027910e+03 1.308506705075673608e+03 4.742886302324338033e+01 6.410169790983199789e+01
1.405000000000001364e+03 1.400000000000000227e+03 2.179449471770300661e+01 6.336398195028304769e+01
