-1.399999980494106012e+03 -1.399999990650824657e+03 2.074075299422303316e-05 5.170999985933303833e+01
-1.199762732610886133e+03 -1.297481061614128976e+03 2.471092710168109079e+02 5.185422965288162089e+01
-1.199957196428271573e+03 -1.199989608553816652e+03 8.179358627466214171e-02 5.177879260778426840e+01
-1.099716202552473987e+03 -1.099827708767990771e+03 2.921598808408568115e-01 5.179112144708633281e+01
-9.999984334546554692e+02 -9.999988953662420954e+02 1.562087392362432022e-03 5.177029064893722676e+01
-8.999999900342565979e+02 -8.999999954625002374e+02 1.295245027655368057e-05 5.172443414926529215e+01
-7.999671921809317610e+02 -7.999824719096288845e+02 3.217387732390593336e-02 5.188672829866409586e+01
-6.949340808573022059e+02 -6.999264567429925137e+02 8.623127029237732444e+00 5.186435494422912740e+01
-5.997381235578204723e+02 -5.999661673108456625e+02 3.619413906701334227e-01 5.268175179958343790e+01
-4.999661457492379668e+02 -4.999730350262622096e+02 2.178594420841106424e-02 5.180831038951873779e+01
-3.999999705736721012e+02 -3.999999819229477112e+02 2.808330199630335315e-05 5.188674414157867432e+01
-2.999996815597362456e+02 -2.999999320240568750e+02 5.414995096337536827e-04 5.191735745668411539e+01
-1.999998196494283320e+02 -1.999999312222851131e+02 2.357942911383462321e-04 5.189012969732284830e+01
-9.999926812773746576e+01 -9.999985144376728385e+01 1.782955652256162839e-03 5.180389136075973511e+01
1.019375127011092701e+02 1.003171781296319409e+02 4.996814306937217509e+00 5.182076575756072856e+01
2.003027429346544750e+02 2.002649208213857435e+02 1.635735118666533650e-01 5.209644919633865356e+01
3.008098350270636843e+02 3.000064258789271889e+02 9.884443635089085189e-01 5.185013659000397013e+01
4.012774922983177248e+02 4.020054921496291627e+02 9.321365194120184716e-01 5.181696069240570068e+01
5.000009959092001850e+02 5.000000000148079380e+02 4.339283137068104465e-03 5.173898509740829610e+01
6.000085775144395939e+02 6.000012138225256422e+02 9.114954892722775676e-03 5.178705745935440063e+01
7.051064978588840404e+02 7.000823762498780525e+02 2.177667511500847652e+01 5.196026315689086772e+01
8.050068772597587667e+02 8.000051763453824378e+02 2.179456521502464383e+01 5.197110176086425781e+01
9.241345916540224152e+02 9.000115601549364328e+02 6.639099704809781599e+01 5.195795644521713541e+01
1.000003618652800242e+03 1.000003214831754349e+03 2.418903112673257902e-03 5.283511914014816568e+01
1.100014215208939731e+03 1.100010408094648483e+03 1.201243433192866403e-02 5.281764905452727987e+01
1.200209435360904990e+03 1.200082227178256062e+03 2.074735040732299807e-01 5.289242805242538736e+01
1.323098783516991261e+03 1.304481289788343020e+03 3.850695329040331671e+01 5.286359349489212178e+01
1.400048981921984250e+03 1.400045913637271269e+03 3.678429304083927209e-02 5.215186114311218546e+01
