-1.400000000000000000e+03 -1.400000000000000000e+03 0.000000000000000000e+00 6.463782960176467896e+01
2.015536789024587051e+03 5.006179087262129315e+02 4.041776192754648491e+03 6.465775150060653687e+01
-1.200000000000000000e+03 -1.200000000000000000e+03 0.000000000000000000e+00 6.460421504974365803e+01
-1.100000000000000000e+03 -1.100000000000000000e+03 0.000000000000000000e+00 6.465337564945221516e+01
-9.999999999999620286e+02 -9.999999999999668034e+02 3.587443962474067337e-11 6.469563419818878458e+01
-8.999281630977369559e+02 -8.999946254765837921e+02 1.260436500220638856e-01 6.450058434009551434e+01
-7.990891296207170171e+02 -7.999924524153166203e+02 2.690969679016869787e+00 6.471473590135573772e+01
-6.827519845255652626e+02 -6.800000000000000000e+02 6.564156892768883367e+00 6.465133490562439533e+01
-5.993424549355784166e+02 -5.992499531830799242e+02 3.671169155454942490e-01 6.548070344924926189e+01
-4.993728631390137025e+02 -4.996707678065280902e+02 8.242379632335364859e-01 6.458491145372390463e+01
-4.000000000000000000e+02 -4.000000000000000000e+02 0.000000000000000000e+00 6.480797795057296184e+01
-2.977115959319220906e+02 -2.990050409429067031e+02 2.159310543771047808e+00 6.477207905054092407e+01
-1.980304933604096789e+02 -1.979440450976274519e+02 1.228809839598731024e+00 6.482779880762100788e+01
-8.642703789551265459e+01 -9.968782674401859367e+01 3.292745154490776827e+01 6.466814630031585409e+01
1.629751807508672243e+02 1.169133068121728911e+02 7.007319608387405196e+01 6.462485700845718384e+01
2.007887148686088779e+02 2.005757649639879503e+02 6.273700320838772049e-01 6.493060194253921225e+01
3.015359415320384642e+02 3.020197639804966911e+02 8.839284036180145021e-01 6.470613584518432049e+01
4.021880794352246085e+02 4.020968087505852964e+02 1.365999285228400417e+00 6.465985834598541260e+01
5.000322535684507557e+02 5.000197293441437409e+02 3.688393764161677219e-02 6.457443684339523315e+01
6.000466882373191311e+02 6.000194318197550274e+02 7.882972537162766247e-02 6.473369950056076050e+01
7.600000000009462156e+02 8.000000000000106866e+02 4.898979485467300776e+01 6.478093864917755695e+01
8.623322480031401938e+02 8.000000000004256435e+02 9.734707302483940339e+01 6.479304620027542683e+01
1.080472013090247628e+03 1.071022183482745277e+03 1.057644584407564565e+02 6.477698554992676350e+01
1.027279117095609308e+03 1.018804919879138765e+03 3.175799339159006607e+01 6.560913239717483236e+01
1.150587051115366876e+03 1.144061101718042664e+03 4.790510142452505704e+01 6.562389699220656780e+01
1.214290477701481450e+03 1.200435134724740237e+03 3.114812919556219128e+01 6.570576034784316732e+01
1.410084923297826663e+03 1.410657304727797737e+03 6.160624817370730710e+01 6.568311560153961182e+01
1.490000000000174850e+03 1.500000000000040473e+03 6.244997998393269256e+01 6.487100975513457968e+01
