-1.399999932546807941e+03 -1.399999971425816284e+03 9.019466929601208311e-05 6.240734250545501993e+01
-5.987640890529338549e+02 -1.156639197415060380e+03 1.142561425559539202e+03 6.253452351093292094e+01
-1.199995583616632075e+03 -1.199999510247913349e+03 7.319000420409346210e-03 6.236303529739380025e+01
-1.099947508128732807e+03 -1.099994769155386393e+03 1.754618534356202630e-01 6.242714984416961954e+01
-9.999996158786671003e+02 -9.999997336254689344e+02 3.618750436745038468e-04 6.248785480260848857e+01
-8.999999995440884959e+02 -8.999999999250289875e+02 9.320574449756725179e-07 6.243364961147308634e+01
-7.999857461507702965e+02 -7.999901416785137371e+02 1.343823994853980686e-02 6.255329715013503744e+01
-6.939832410953009685e+02 -6.999705643205574006e+02 9.154283874186972980e+00 6.245230544805527018e+01
-5.999884919471932108e+02 -5.999896216865409997e+02 5.424743644192124223e-03 6.333880445957183980e+01
-4.999931392210153831e+02 -4.999950967539500652e+02 5.457616435053864665e-03 6.251090660095214702e+01
-3.999999147855645560e+02 -3.999999593340651245e+02 1.099950694176704438e-04 6.257800140380859233e+01
-2.999999138519942790e+02 -2.999999791855329931e+02 1.268711481577836748e-04 6.261402289867400839e+01
-1.999999548091079475e+02 -1.999999656175263851e+02 4.917890582532853238e-05 6.260354504585266255e+01
-9.993543097802263731e+01 -9.999874138454720196e+01 1.242786357693453081e-01 6.252468430995941162e+01
1.010906714442528198e+02 1.003126372197934302e+02 3.597604125715474499e+00 6.251647229194641397e+01
2.001137564634236412e+02 2.000981976113465066e+02 7.363221356957926067e-02 6.271771004199981547e+01
3.004608162912776379e+02 3.000116019307907891e+02 8.092634903631430454e-01 6.251847825050354146e+01
4.007238791561251219e+02 4.001380319051449987e+02 8.413755225116844594e-01 6.254970384836197184e+01
5.000000000006863843e+02 5.000000000000621867e+02 2.169123054611831966e-09 6.247713534832000448e+01
6.000058624094925790e+02 6.000000653101683383e+02 8.883367036499426397e-03 6.252836199998855449e+01
7.002106685739277054e+02 7.001443545583362038e+02 1.514870692050692413e-01 6.267444144487380697e+01
8.000143251188944760e+02 8.000114101059243694e+02 9.931010231659556653e-03 6.265842080116271973e+01
9.391342507662645858e+02 9.000133352539734233e+02 7.042121679273252255e+01 6.263905404806136801e+01
1.000004414198707309e+03 1.000002837485028749e+03 4.814910369082996307e-03 6.348812404870987081e+01
1.100019657775430687e+03 1.100015421127161062e+03 1.198791174100664360e-02 6.347560009956360005e+01
1.200064453243374828e+03 1.200001144000882960e+03 1.285778287951267751e-01 6.353727549314498901e+01
1.355644463641020366e+03 1.400000748178240656e+03 4.904401481449078659e+01 6.352533769607543945e+01
1.400074931767662974e+03 1.400057099045653331e+03 5.382093730495707967e-02 6.273833515644073344e+01
