-1.400000000000000000e+03 -1.400000000000000000e+03 0.000000000000000000e+00 5.671156765222549723e+01
3.475826396426352403e+03 1.402630056226614215e+03 4.717260923525869657e+03 5.663604716062545918e+01
-1.200000000000000000e+03 -1.200000000000000000e+03 0.000000000000000000e+00 5.667625684738159464e+01
-1.100000000000000000e+03 -1.100000000000000000e+03 0.000000000000000000e+00 5.669460380077362061e+01
-9.999999999999669171e+02 -9.999999999999836291e+02 3.885511095999094489e-11 5.672546374797821045e+01
-8.999668049428067889e+02 -8.999958920428165356e+02 7.867438768706551400e-02 5.650234595537185811e+01
-7.978873194492962284e+02 -7.999474182461738110e+02 6.139450014987557047e+00 5.677942404747009419e+01
-6.874787353554778520e+02 -6.799999996155212330e+02 9.243734689799058657e+00 5.667069079875945903e+01
-5.994226144447998195e+02 -5.992500893561943940e+02 4.901851671893153739e-01 5.746464945077896402e+01
-4.991555961033092785e+02 -4.998347692081476907e+02 1.976451915976634055e+00 5.667232570648193501e+01
-4.000000000000000000e+02 -4.000000000000000000e+02 0.000000000000000000e+00 5.684486114978790283e+01
-2.974131099803026927e+02 -2.985075614143600546e+02 2.958218773437430560e+00 5.682224475145339682e+01
-1.983178775014839346e+02 -1.980100818858134062e+02 1.937018585497536582e+00 5.683902325630187846e+01
-8.555795956070542729e+01 -9.968782674401859367e+01 3.483280927800613824e+01 5.668933770656585835e+01
1.678367164162376071e+02 1.581923672735651394e+02 7.263375448059559858e+01 5.657711535692214966e+01
2.010463482889062732e+02 2.007217468283344601e+02 8.017664941784835575e-01 5.689888263940811441e+01
3.015321279623149167e+02 3.020284808836523212e+02 8.836146258884532978e-01 5.676656744480133199e+01
4.024205051506397695e+02 4.024132235605455890e+02 6.586441407326605324e-01 5.667189074754715250e+01
5.000309579502313682e+02 5.000148957664873706e+02 3.366284933784465666e-02 5.661236480474472188e+01
6.000517606904829790e+02 6.000194318197550274e+02 5.830890027675281889e-02 5.679666005373000814e+01
7.750000000000002274e+02 8.000000000000000000e+02 4.330127018922177484e+01 5.678033344745635702e+01
8.477930705881459517e+02 8.000000000000044338e+02 6.518972285450817594e+01 5.677691750526427938e+01
1.096808271073340620e+03 1.182490187298202727e+03 1.089087993671904400e+02 5.676696780920028829e+01
1.027531306718721680e+03 1.018878601205374935e+03 2.742747540287904329e+01 5.757927200794220113e+01
1.142618487405277847e+03 1.116659575125484480e+03 4.627855030757428523e+01 5.758190485239028789e+01
1.224387954484973989e+03 1.200916606553978454e+03 3.569144631045372762e+01 5.770447779893875406e+01
1.408893918840448805e+03 1.415446725675478319e+03 6.954222315529541731e+01 5.763223005533218668e+01
1.450000000000000455e+03 1.450000000000000909e+03 4.999999999999971578e+01 5.696323004961013936e+01
