-1.400000000000000000e+03 -1.400000000000000000e+03 0.000000000000000000e+00 2.396109000444412374e+01
3.597678238088585204e+03 1.635162997743939286e+03 4.452752851280158211e+03 2.392503584623336721e+01
-1.200000000000000000e+03 -1.200000000000000000e+03 0.000000000000000000e+00 2.392097674608230662e+01
-1.100000000000000000e+03 -1.100000000000000000e+03 0.000000000000000000e+00 2.397247899770736623e+01
-9.999999999999848797e+02 -9.999999999999918145e+02 1.724534149418127973e-11 2.399012554883956838e+01
-8.999999999599115199e+02 -8.999999999999945430e+02 1.696547750611697785e-07 2.383449879884719991e+01
-7.995141724661415310e+02 -8.000000000000000000e+02 2.081642312855060073e+00 2.392495924234390259e+01
-6.899997176746431933e+02 -6.899999798769858899e+02 1.000028233332164262e+01 2.385020993947982859e+01
-5.998363210859176888e+02 -6.000000000000000000e+02 3.302021202233518249e-01 2.469522154331207275e+01
-4.999372403361654733e+02 -4.999802755833634365e+02 8.498067546968990360e-02 2.397204004526138377e+01
-4.000000000000000000e+02 -4.000000000000000000e+02 0.000000000000000000e+00 2.410005154609680034e+01
-2.990547888957614191e+02 -2.990050409429067031e+02 3.821212765347768991e-01 2.408724150657653951e+01
-1.989167380075376172e+02 -2.000000000000000000e+02 1.230745600343774893e+00 2.405971589088439799e+01
-9.819940867918921867e+01 -1.000000000000000000e+02 4.988691190724496849e+00 2.394009674787521291e+01
1.522970309727426184e+02 1.170693934401635943e+02 6.729046094575683412e+01 2.386763225793838572e+01
2.000180763005585334e+02 2.000000000012315695e+02 4.202656220175807200e-02 2.414199329614639211e+01
3.016291769246065542e+02 3.020211382353943463e+02 8.085725816302050672e-01 2.400391999483108663e+01
4.018411374864132313e+02 4.021060743212666466e+02 9.266321188764202743e-01 2.401008539199829173e+01
5.000149750111481808e+02 5.000098783204742858e+02 2.721779876294061831e-02 2.398354350328445506e+01
6.000184602287674807e+02 6.000194318197550274e+02 4.235066930063082977e-03 2.401750280857086040e+01
7.600000000000003411e+02 8.000000000000000000e+02 4.898979485566327696e+01 2.398356140851974416e+01
8.285325207254418274e+02 8.000000000000001137e+02 6.360392641420358473e+01 2.401725549697875906e+01
1.046207920699746182e+03 1.042044366965416202e+03 1.215896887505932114e+02 2.398198819160461426e+01
1.013120496309896566e+03 1.000000000000000341e+03 2.635631732703074093e+01 2.483989285230636668e+01
1.132638901674378303e+03 1.100000000000000455e+03 4.477402219641692227e+01 2.487629719972610332e+01
1.200511516121115164e+03 1.200258041854941439e+03 9.389772409824308497e-01 2.501105279922485281e+01
1.362202188658325667e+03 1.400000000000000000e+03 5.328526198965371208e+01 2.496250644922256612e+01
1.440000000000001364e+03 1.400000000000000682e+03 4.898979485566507464e+01 2.419293725490570068e+01
