-1.400000000000000000e+03 -1.400000000000000000e+03 0.000000000000000000e+00 2.736445670127868723e+01
4.658531300559453484e+03 2.520237009030543504e+03 5.384568107582340417e+03 2.738940094709396433e+01
-1.200000000000000000e+03 -1.200000000000000000e+03 0.000000000000000000e+00 2.734119625091552663e+01
-1.100000000000000000e+03 -1.100000000000000000e+03 0.000000000000000000e+00 2.738145275115966726e+01
-9.999999999999669171e+02 -9.999999999999868123e+02 4.629154371563930208e-11 2.744994640350341797e+01
-8.999977057379043117e+02 -8.999993805925274728e+02 5.915186446008211495e-03 2.720272434949874807e+01
-7.975857311077459144e+02 -7.999997705132433339e+02 6.125691900500394027e+00 2.744492905139923167e+01
-6.879996820797493911e+02 -6.800000000000002274e+02 9.798218562865267600e+00 2.734670236110687114e+01
-5.995604125722625213e+02 -5.997322080242809079e+02 4.678562929737275500e-01 2.826542154550552510e+01
-4.997510449031374264e+02 -4.998384770839288649e+02 2.770418963425658743e-01 2.740226949453353811e+01
-4.000000000000000000e+02 -4.000000000000000000e+02 0.000000000000000000e+00 2.753575525283813619e+01
-2.984578139652873574e+02 -2.990050409429067031e+02 1.315265316153982900e+00 2.754946600198745799e+01
-1.982419273572010923e+02 -1.979440450976274519e+02 1.874514573806508100e+00 2.753867255449295115e+01
-9.160474559381987092e+01 -1.000000000000000000e+02 1.761519284649439143e+01 2.737539149522781301e+01
1.674699693922949848e+02 1.583484539015557857e+02 7.192812999560172216e+01 2.734087089300155782e+01
2.005727948066052591e+02 2.004416721246543887e+02 6.171040521607179530e-01 2.759176875352859426e+01
3.013262807946416046e+02 3.020197639804966911e+02 9.660967925733283668e-01 2.748324520587921072e+01
4.020476775777298144e+02 4.022674823128040202e+02 8.481911322070633252e-01 2.746933480501174785e+01
5.000245022488093127e+02 5.000197293441220268e+02 2.710517847825337154e-02 2.733252180814742971e+01
6.000229902708258578e+02 6.000194318197550274e+02 1.810460299497458972e-02 2.744662880897521973e+01
7.800000000000000000e+02 8.000000000000000000e+02 4.000000000000000000e+01 2.748223330974578715e+01
8.512624297328266039e+02 8.000000000000004547e+02 6.476493188418113789e+01 2.750407913923263692e+01
1.096634516279852278e+03 1.182490187297978309e+03 1.141977826820211135e+02 2.748037930727004863e+01
1.025650309687991466e+03 1.018804765909044022e+03 3.418871508491643141e+01 2.845179269313812398e+01
1.141805895101288115e+03 1.108329743654820732e+03 4.804581347560718285e+01 2.846775779724121236e+01
1.215549574302548081e+03 1.200916606553978681e+03 2.450969274043972135e+01 2.861417279243469380e+01
1.389041042136166197e+03 1.410466463764357286e+03 4.127631121707783990e+01 2.853441375494003296e+01
1.460000000000000000e+03 1.500000000000000000e+03 4.898979485566350434e+01 2.802546284198761128e+01
