-1.400000000000000000e+03 -1.400000000000000000e+03 0.000000000000000000e+00 5.275757764577865316e+01
1.860890067644148530e+03 2.585825541312949554e+02 3.227482706856056666e+03 5.316491870880126669e+01
-1.200000000000000000e+03 -1.200000000000000000e+03 0.000000000000000000e+00 5.278258285522461080e+01
-1.100000000000000000e+03 -1.100000000000000000e+03 0.000000000000000000e+00 5.278823854923248149e+01
-9.999999999999872671e+02 -9.999999999999952252e+02 1.748797735520515321e-11 5.285250614881515219e+01
-9.000000000000000000e+02 -9.000000000000000000e+02 1.647478796506838919e-13 5.285496079921722412e+01
-8.000000000000000000e+02 -8.000000000000000000e+02 2.542114972925207483e-14 5.302660944461822368e+01
-6.950007028105432028e+02 -7.000000000000000000e+02 8.659037639634268757e+00 5.295354590415954732e+01
-5.998372712563356117e+02 -6.000000000000000000e+02 3.291803744617559646e-01 5.401719250679015971e+01
-4.999796564544461717e+02 -4.999901353279390150e+02 1.677768037362353110e-02 5.295177855491638041e+01
-3.998507561414360225e+02 -4.000000000000000000e+02 3.552714447781128992e-01 5.299251245260238363e+01
-2.998010081885813634e+02 -3.000000000000000000e+02 3.979836228373188067e-01 5.301846534013748169e+01
-1.994763165966737120e+02 -2.000000000000000000e+02 1.085907702055315394e+00 5.301077300310134888e+01
-9.638320869557938408e+01 -9.968782674401859367e+01 8.473787814573427113e+00 5.287750259637832784e+01
1.178909370055433499e+02 1.006243465119628127e+02 3.118885013648933935e+01 5.289337364435196065e+01
2.001719569509891983e+02 2.000000000000000568e+02 5.428986530120192278e-01 5.331495484113693095e+01
3.014967403620499908e+02 3.020284808836523212e+02 8.914750630311015778e-01 5.289688315391540385e+01
4.012896481000812514e+02 4.019022991348684855e+02 1.001994816424087276e+00 5.298676390647888468e+01
5.000093742265477204e+02 5.000000000000000000e+02 2.194203278395560897e-02 5.276692454814910604e+01
6.000194318197552548e+02 6.000194318197550274e+02 2.273736754432320595e-13 5.283146044015884257e+01
7.300000000000000000e+02 7.000000000000000000e+02 4.582575694955839651e+01 5.312868224382400228e+01
8.061906448650739776e+02 8.000000000000000000e+02 2.181403832631184514e+01 5.315406479835510112e+01
1.001919975470172858e+03 9.580660550046811750e+02 1.116825721416944930e+02 5.308883374929428101e+01
1.005785000070876777e+03 1.000000000000000000e+03 2.165637722762192041e+01 5.416471685171127604e+01
1.115139935583140414e+03 1.100000000000000000e+03 3.604387751775610838e+01 5.418767895698547221e+01
1.201764269946250806e+03 1.200258041854941439e+03 6.450053671596145399e+00 5.421313350200652792e+01
1.356853660570321836e+03 1.359457533392405139e+03 5.015506802438896727e+01 5.420637710094452189e+01
1.405000000000000000e+03 1.400000000000000000e+03 2.179449471770336899e+01 5.326003744602203227e+01
