-1.400000000000000000e+03 -1.400000000000000000e+03 0.000000000000000000e+00 5.492647219896316813e+01
6.164000456178169998e+02 -3.706920663118286257e+02 2.591982582013995852e+03 5.510693895816802979e+01
-1.200000000000000000e+03 -1.200000000000000000e+03 0.000000000000000000e+00 5.494544584751129435e+01
-1.099999999999999773e+03 -1.100000000000000000e+03 4.631953922276662235e-13 5.496128215789794780e+01
-9.999999999722074335e+02 -9.999999999937932671e+02 6.827860918311255853e-08 5.505100330114364482e+01
-9.000000000000000000e+02 -9.000000000000000000e+02 0.000000000000000000e+00 5.495437110662460611e+01
-7.999999998373303924e+02 -7.999999999096098691e+02 1.690169857243557982e-07 5.503490635156631328e+01
-6.959999714606174166e+02 -6.999999999029589617e+02 8.000056829013715287e+00 5.502648575305939005e+01
-5.998645422920815236e+02 -5.999999941435185065e+02 2.766835045332153853e-01 5.565523360967635824e+01
-4.999771888079187079e+02 -4.999901353279381055e+02 2.281543633214340450e-02 5.499821479320526407e+01
-4.000000000000000000e+02 -4.000000000000000000e+02 0.000000000000000000e+00 5.506781259775161885e+01
-2.997512602357263063e+02 -2.999999999999998863e+02 4.308299095840903425e-01 5.511172800064086630e+01
-1.999999999999999432e+02 -2.000000000000000000e+02 1.838645174488632177e-13 5.509733505249023722e+01
-9.993756534880351694e+01 -9.999999999999988631e+01 1.248693023928382217e-01 5.498172680139541768e+01
1.110180980734042606e+02 1.003121732559849306e+02 1.744690356989306679e+01 5.502402629852294780e+01
2.000000011190659848e+02 2.000000007795493389e+02 9.853563183034333154e-07 5.523791875839233256e+01
3.017194206079852279e+02 3.020197639804966911e+02 7.223640702896932941e-01 5.503903135061263896e+01
4.017169546043443802e+02 4.020539558988775752e+02 8.320375772858106256e-01 5.504734455347060873e+01
5.000083849712494839e+02 5.000000000000000000e+02 1.296557196351764106e-02 5.507157199382781698e+01
6.000126306828409497e+02 6.000194318197550274e+02 9.268387309586683873e-03 5.504594964981079386e+01
7.300000002826795935e+02 7.000000006236487025e+02 4.582575678556141696e+01 5.512802909612655355e+01
8.100000000281733037e+02 8.000000000171137344e+02 2.999999999419207697e+01 5.511567145586013794e+01
1.017347335401401097e+03 1.000000000014189482e+03 1.172423733110321393e+02 5.510858620405197428e+01
1.000000000020471134e+03 1.000000000008176585e+03 3.615596823392291126e-08 5.576254274845123149e+01
1.100000000056148792e+03 1.100000000015750629e+03 1.045464960513657467e-07 5.576870639324188517e+01
1.200303661078604819e+03 1.200435134724740237e+03 2.798593528828748345e-01 5.582612940073013164e+01
1.338109084566387992e+03 1.304341786380286521e+03 4.776323163301638175e+01 5.581247360706329630e+01
1.405000000438187499e+03 1.400000000082750375e+03 2.179449464972768880e+01 5.520855684280395792e+01
