-1.400000000000000000e+03 -1.400000000000000000e+03 0.000000000000000000e+00 2.873371725082397532e+01
4.910727237111496834e+03 2.676496303083094062e+03 5.379310284149370091e+03 2.871762870550155711e+01
-1.200000000000000000e+03 -1.200000000000000000e+03 0.000000000000000000e+00 2.870490175485610962e+01
-1.100000000000000000e+03 -1.100000000000000000e+03 0.000000000000000000e+00 2.876979759931564473e+01
-9.999999999999696456e+02 -9.999999999999887450e+02 4.286158127300348038e-11 2.876377909183502268e+01
-8.999777507420925531e+02 -8.999997610277763442e+02 7.606311927724361543e-02 2.855633360147476196e+01
-7.988580652918603846e+02 -7.999999999999822649e+02 2.887254459782344185e+00 2.871992605924606323e+01
-6.869992150912337365e+02 -6.800000000000000000e+02 9.539850605797074223e+00 2.869003845453262258e+01
-5.996451673100151538e+02 -5.999670922198067728e+02 4.296183156751373633e-01 2.953824969530105449e+01
-4.997017264830096792e+02 -4.999112179517425716e+02 5.288974270925994592e-01 2.872730180025100566e+01
-4.000000000000000000e+02 -4.000000000000000000e+02 0.000000000000000000e+00 2.890199795961380147e+01
-2.981593277617770354e+02 -2.990050409429067031e+02 2.317949692754810886e+00 2.885396679639816142e+01
-1.980921196142249414e+02 -1.975323301845940591e+02 1.319382515997331362e+00 2.887286665439605571e+01
-9.819940867918921867e+01 -9.984391337200929684e+01 4.987714364539853840e+00 2.871359350681304790e+01
1.557952815223065954e+02 1.170693934401636511e+02 6.336388565612235624e+01 2.864622410535812236e+01
2.004016229344831288e+02 2.002139493950907649e+02 5.110947330771418162e-01 2.897320419549942017e+01
3.016306599175965175e+02 3.020229838640617004e+02 8.142822362223515187e-01 2.882655935287475657e+01
4.023480120657026760e+02 4.022856575331745148e+02 9.483858482820796132e-01 2.876924970149993754e+01
5.000376540272284842e+02 5.000197293441220268e+02 3.322693769911914952e-02 2.872386374473571635e+01
6.000212110452905563e+02 6.000194318197550274e+02 1.292493591117913933e-02 2.882635425329208445e+01
7.950000000000079581e+02 8.000000000000002274e+02 2.179449471767360080e+01 2.882424000501632833e+01
8.505224708041739632e+02 8.000000000000002274e+02 8.770494661647995827e+01 2.882818050384521413e+01
1.025888673217571295e+03 1.019499194796658912e+03 1.176894774622631132e+02 2.882870039939880513e+01
1.026579740532840788e+03 1.010972357641899976e+03 3.634688655811662983e+01 2.971284579038620066e+01
1.146069068303614358e+03 1.108329743654823233e+03 4.939485262744217664e+01 2.971827169656753398e+01
1.216523700614950030e+03 1.200435134724740237e+03 3.037322224071261090e+01 2.982833340167999125e+01
1.388682373373621886e+03 1.410657301717181781e+03 4.691750486841852563e+01 2.977427594661712718e+01
1.461056278106354512e+03 1.500000000000000000e+03 6.096684849239623105e+01 2.890063989162445068e+01
