-1.400000000000000000e+03 -1.400000000000000000e+03 0.000000000000000000e+00 2.164912960529327535e+01
5.540764252195149311e+03 6.173549124698281958e+03 5.206415337837328480e+03 2.180173244476318217e+01
-1.200000000000000000e+03 -1.200000000000000000e+03 0.000000000000000000e+00 2.165574899911880635e+01
-1.100000000000000000e+03 -1.100000000000000000e+03 0.000000000000000000e+00 2.167117010354995799e+01
-9.999999999999699867e+02 -9.999999999999813554e+02 3.642290135022978637e-11 2.167837570905685496e+01
-8.999952867249355677e+02 -8.999999425387117071e+02 1.124691991175295024e-02 2.172453160285949636e+01
-7.979004279682648075e+02 -7.999674271166453536e+02 4.723435734395844854e+00 2.172894454002380371e+01
-6.885702779653609014e+02 -6.805808584089857050e+02 9.421816896820418563e+00 2.170023469924926829e+01
-5.995451844871720368e+02 -5.995401367035099156e+02 4.133876147398069523e-01 2.222190529108047485e+01
-4.996048092849227942e+02 -4.998187378842534940e+02 5.125878292298623462e-01 2.173739935159683156e+01
-3.997015122828720450e+02 -4.000000000000000000e+02 4.559475192511922015e-01 2.176266585588455271e+01
-2.982090747047959667e+02 -2.985075614143600546e+02 1.528483335295314882e+00 2.177118239402771138e+01
-1.984309242561053850e+02 -1.979440450976274519e+02 1.220571981320711208e+00 2.175715284347534251e+01
-9.219944863447196326e+01 -9.968782674401859367e+01 2.586947026263246840e+01 2.168217974901199341e+01
2.091534718234123034e+02 2.179116854115775936e+02 9.071073232842262257e+01 2.168175150156021047e+01
2.010145039434768819e+02 2.008259473166308169e+02 8.933817908264283236e-01 2.185980690717697073e+01
3.017825737887880564e+02 3.020435589916430672e+02 6.724111921132561731e-01 2.172530130147934102e+01
4.025638544277402389e+02 4.025086376395097432e+02 9.836975591947734188e-01 2.176773350238800120e+01
5.000644209471203681e+02 5.000296231089917001e+02 8.720570815096166661e-02 2.171719964742660380e+01
6.000212110452905563e+02 6.000194318197550274e+02 1.292493591117913933e-02 2.169235764741897654e+01
7.800000000000000000e+02 8.000000000000000000e+02 4.000000000000000000e+01 2.176172515153884746e+01
9.150557077635785390e+02 9.000000000000000000e+02 1.286977790557357650e+02 2.175363785028457642e+01
1.050728203802865210e+03 1.053817380989570438e+03 1.273152218548193702e+02 2.174969115257263041e+01
1.016840629983984627e+03 1.003140011902824767e+03 2.378729850167036020e+01 2.233315165042877126e+01
1.129591187078508938e+03 1.108329752218751310e+03 4.222099513697366291e+01 2.233869285583496023e+01
1.212274588442993945e+03 1.200435134724740237e+03 2.615891623682336942e+01 2.238912429809570170e+01
1.387706932766332557e+03 1.405137812614075301e+03 6.308982058400570025e+01 2.238069825172424387e+01
1.470000000000000000e+03 1.500000000000000000e+03 4.582575694955839651e+01 2.194313960075378489e+01
