-1.400000000000000000e+03 -1.400000000000000000e+03 1.607774677692185771e-13 7.513358150482177962e+02
3.223266578020046582e+05 3.030313508310771431e+05 1.289064491612599231e+05 8.544914680957793962e+02
5.392710248145033605e+06 6.748930303756310605e+04 1.010100271592244692e+07 8.242642741560936201e+02
1.244679391218297860e+04 1.165523269736075599e+04 4.804912110786138328e+03 8.538005050539970853e+02
-9.999997202469185140e+02 -9.999997100200218938e+02 3.039987536110481099e-05 8.500474205613136292e+02
-8.892146312529690704e+02 -8.908704112040242080e+02 5.213089846008174710e+00 8.470586351037024997e+02
-7.966119448179688334e+02 -7.982162003725070463e+02 3.835659736509887452e+00 7.851722167968749773e+02
-6.790623687061163309e+02 -6.790522017517697577e+02 5.321737145638465866e-02 8.151472814559936069e+02
-5.714067290634473011e+02 -5.683526817856242133e+02 9.244931292486571195e+00 1.002411987602710724e+03
-4.999833632144220132e+02 -4.999876814693027995e+02 8.130223280255439305e-03 7.710205439567565691e+02
-3.701015062950181687e+02 -3.696537790082880974e+02 7.442083620794364585e+00 7.634340445518494107e+02
-2.721411693370960165e+02 -2.706487279670242287e+02 7.263870132501740073e+00 7.714809554576874007e+02
-1.111168835295361106e+02 -1.111768637922815799e+02 2.962436953845930887e+01 8.224361583471297763e+02
1.408260254569994231e+03 1.378832316967458610e+03 2.529539704467845809e+02 7.790503036022186052e+02
5.242858457215391354e+03 4.860728770099993199e+03 1.570231693096855679e+03 8.060299804568290938e+02
2.023727349488961238e+02 2.023459881110267702e+02 2.147310491137302824e-01 8.566510304450988542e+02
3.545768725975049165e+02 3.539734746660889186e+02 7.465186235818542571e+00 7.507175448536872864e+02
5.016791682128522325e+02 4.585441284330444205e+02 6.320897994979731749e+01 8.251981132507323764e+02
5.026016871534984602e+02 5.025774927509582994e+02 6.228390837713005945e-01 8.517057618021965482e+02
6.112471704801980650e+02 6.110734012287323367e+02 1.394699063019221530e+00 8.427858152508736111e+02
9.721576883254765562e+02 1.000000000000000227e+03 6.123279941266694237e+01 8.291309499979018938e+02
2.108672128304367561e+03 2.171179396060947511e+03 3.706089208671289725e+02 8.263662465453147661e+02
5.017266558817638725e+03 4.804137942623541676e+03 1.203420020070533837e+03 8.421211169004440080e+02
1.238699889234020475e+03 1.240764873412654651e+03 1.109544496188472884e+01 1.016187664854526474e+03
1.348536166280114912e+03 1.347227711149434981e+03 7.703837241231130228e+00 1.016470102500915573e+03
1.526162861704816123e+03 1.550550579871312493e+03 5.556250528746702599e+01 1.023221912896633171e+03
2.117999040637515009e+03 2.115225434744214454e+03 2.032281515915671264e+02 1.021606983947753861e+03
1.700000000000000455e+03 1.700000000000000455e+03 2.033691978340165987e-13 8.512024189472198259e+02
