-1.400000000000000000e+03 -1.400000000000000000e+03 0.000000000000000000e+00 3.112096649408340454e+01
3.417099141378302193e+03 1.671481865937969133e+03 4.610874414902561512e+03 3.114739584922790527e+01
-1.200000000000000000e+03 -1.200000000000000000e+03 0.000000000000000000e+00 3.104500880241393901e+01
-1.100000000000000000e+03 -1.100000000000000000e+03 0.000000000000000000e+00 3.110424284934997630e+01
-9.999999999999861302e+02 -9.999999999999959073e+02 1.855911075473431704e-11 3.116379079818725728e+01
-8.999999999770645900e+02 -8.999999999999981810e+02 9.612682984169674509e-08 3.101290210485458232e+01
-7.999999393861443195e+02 -8.000000000000000000e+02 2.173775819679832604e-04 3.111390779018402242e+01
-6.939998264808029944e+02 -7.000000000000000000e+02 9.165416450992040609e+00 3.104388329982757710e+01
-5.998186211355374553e+02 -6.000000000000000000e+02 2.882664868057104313e-01 3.182044744491577148e+01
-4.998881628542523572e+02 -4.999223169396608455e+02 1.167466607132978118e-01 3.117008965015411448e+01
-4.000000000000000000e+02 -4.000000000000000000e+02 0.000000000000000000e+00 3.128129074573516988e+01
-2.993035289119256959e+02 -2.995025204714533515e+02 9.491295769899241730e-01 3.128052104711532522e+01
-1.993213253091935258e+02 -2.000000000000000000e+02 1.186979138385394261e+00 3.124663404226303243e+01
-9.691868634553196671e+01 -9.968782674401859367e+01 1.264462061510747048e+01 3.109394409656524516e+01
1.541341324217591762e+02 1.376308803568644521e+02 5.183886852525934330e+01 3.105892244577407979e+01
2.000752739971800622e+02 2.000000000000539728e+02 1.753883331413721436e-01 3.132208625078201436e+01
3.017273370777474497e+02 3.020225124902920015e+02 7.215888539873851482e-01 3.117647340297698833e+01
4.019537564935020555e+02 4.021757408119183310e+02 7.614713259958887370e-01 3.118957220315933299e+01
5.000303009235864238e+02 5.000197293441220268e+02 3.699355997157977721e-02 3.113876035213470317e+01
6.000174886377797066e+02 6.000194318197550274e+02 5.829545926508217582e-03 3.114248470067978047e+01
7.650000000000001137e+02 8.000000000000000000e+02 4.769696007084713330e+01 3.118372924327850271e+01
8.355953224325370456e+02 8.000000000000000000e+02 6.511575229464344261e+01 3.121371610164642263e+01
1.080842687014836883e+03 1.117193966543016813e+03 1.103083302016932521e+02 3.117904280424118113e+01
1.002351476820062999e+03 1.000000000000000000e+03 5.595660845115597581e+00 3.193826565742492818e+01
1.130000000000000000e+03 1.100000000000000000e+03 4.582575694955839651e+01 3.194932870864868235e+01
1.204535281133053331e+03 1.200435134724740237e+03 9.911991939522849293e+00 3.204203759431838705e+01
1.358859496788948945e+03 1.358480732470115981e+03 5.540725918380668702e+01 3.200241326093673422e+01
1.425000000000000000e+03 1.400000000000000000e+03 4.330127018922193116e+01 3.144529284238815237e+01
