-1.400000000000000000e+03 -1.400000000000000000e+03 0.000000000000000000e+00 5.516741880178451396e+01
3.507475422288939626e+03 7.234906909729164681e+02 4.989983009989339735e+03 5.517801414728164389e+01
-1.200000000000000000e+03 -1.200000000000000000e+03 0.000000000000000000e+00 5.515737469196319864e+01
-1.100000000000000000e+03 -1.100000000000000000e+03 0.000000000000000000e+00 5.521001775264740274e+01
-9.999999999999851070e+02 -9.999999999999954525e+02 3.199881605277073769e-11 5.520012015104293823e+01
-8.999985290355792813e+02 -8.999999998836384520e+02 5.488910025878627856e-03 5.504259369373321675e+01
-7.998772608113201841e+02 -7.999999999999959073e+02 5.276756722859063942e-01 5.515499835014342978e+01
-6.909996887202037215e+02 -6.999999999957551609e+02 9.950218524084025518e+00 5.514938520193099691e+01
-5.996756331906647119e+02 -5.999953679507109428e+02 3.901680722467197326e-01 5.575237640142440654e+01
-4.998588176731585122e+02 -4.999112179517425716e+02 1.469296781954660958e-01 5.517953034639358378e+01
-4.000000000000000000e+02 -4.000000000000000000e+02 0.000000000000000000e+00 5.531737539768219136e+01
-2.988557978400156117e+02 -2.995025204714533515e+02 1.517922517210824163e+00 5.526388119459151937e+01
-1.993107760649094757e+02 -2.000000000000000000e+02 1.076740289921361615e+00 5.526110324859619283e+01
-9.996878267440186505e+01 -1.000000000000000000e+02 9.365197679442190115e-02 5.515662720203399516e+01
1.637665778481120071e+02 1.581923672735651394e+02 6.599568245551618872e+01 5.513197115659713887e+01
2.002337805718338757e+02 2.000000004248880430e+02 6.032755964221537814e-01 5.534385114908218384e+01
3.017268855506873706e+02 3.020225124902920015e+02 7.256166309574615392e-01 5.521935615539550923e+01
4.020102405188739567e+02 4.021645205634703188e+02 8.758285143955030216e-01 5.520732669830321981e+01
5.000144992743406647e+02 5.000098783306815449e+02 2.669365773386342053e-02 5.521671329736709311e+01
6.000192678633150081e+02 6.000194318197550274e+02 1.442055102963267325e-02 5.526716505289077475e+01
7.650000000000405862e+02 8.000000000000001137e+02 4.769696007079294731e+01 5.524496449232101725e+01
8.211638366757154017e+02 8.000000000000011369e+02 4.514931810106562438e+01 5.522644048929214478e+01
1.057061650515435304e+03 1.032693566029391832e+03 1.193009074707753854e+02 5.523632754087448404e+01
1.004560705337788022e+03 1.000000000000039222e+03 7.276379186860195247e+00 5.590458940267562582e+01
1.120000000000027740e+03 1.100000000000001364e+03 3.999999999998621547e+01 5.588104749917984293e+01
1.206538053736615211e+03 1.200435134724740237e+03 2.214937277826761886e+01 5.595318210124969482e+01
1.383222351192466704e+03 1.405137812343156838e+03 5.168382312804153145e+01 5.591748878955841207e+01
1.445000000000006139e+03 1.400000000000020009e+03 4.974937185533387662e+01 5.529293195009231709e+01
