-1.400000000000000000e+03 -1.400000000000000000e+03 0.000000000000000000e+00 4.444801640510559082e+01
1.916917071991498688e+03 -4.103202699867253500e+02 3.590517863833445062e+03 4.464962005615234375e+01
-1.200000000000000000e+03 -1.200000000000000000e+03 2.216164453968522898e-13 4.440979294776916220e+01
-1.100000000000000000e+03 -1.099999999999999773e+03 3.007870999527529780e-13 4.447951320409774922e+01
-9.999999999518538516e+02 -9.999999999894839675e+02 7.674089317891182880e-08 4.457035540342330648e+01
-9.000000000000000000e+02 -9.000000000000000000e+02 2.542114972925207483e-14 4.443365255594253682e+01
-7.999999994960063532e+02 -7.999999995552743712e+02 3.587126002859765563e-07 4.455756709575653218e+01
-6.929998172013990825e+02 -6.999999994700337993e+02 9.539640730142064484e+00 4.455993895530700399e+01
-5.996872790757964822e+02 -5.999999780186431053e+02 3.866839545361946406e-01 4.556500219106673910e+01
-4.999778059659135465e+02 -4.999901353278132774e+02 1.916629891626692520e-02 4.452109804153442241e+01
-4.000000000000000000e+02 -4.000000000000000000e+02 0.000000000000000000e+00 4.465650604963302328e+01
-2.995522684243075560e+02 -2.999999999999997726e+02 4.949858811220892441e-01 4.466360780000686503e+01
-1.999999999999996021e+02 -1.999999999999999716e+02 8.911010471928695031e-13 4.467669159173965454e+01
-9.992195668600416525e+01 -9.999999999999977263e+01 1.673842607688341144e-01 4.451755679845810221e+01
1.241024085164514190e+02 1.006243465130071399e+02 3.506565785703480742e+01 4.455644985437393046e+01
2.000360250000831002e+02 2.000000051068738571e+02 1.120381934282582148e-01 4.489521371126174643e+01
3.015186863056626407e+02 3.020196068559149580e+02 8.757125883944127942e-01 4.454025149345397949e+01
4.016069317688045999e+02 4.020598807751796357e+02 8.948421711535212708e-01 4.456853970289230205e+01
5.000073985040433513e+02 5.000000000000000000e+02 1.281458489932939607e-02 4.461312979459762573e+01
6.000155454558041583e+02 6.000194318197550274e+02 7.772727901999587977e-03 4.453801280260086060e+01
7.200000008193308076e+02 7.000000009543261967e+02 3.999999964119622575e+01 4.470269244909286499e+01
8.050000000477615458e+02 8.000000000230879778e+02 2.179449471302982388e+01 4.473765480518341064e+01
1.037120584342090069e+03 1.000000000239498831e+03 1.345669462326341659e+02 4.474364185333251953e+01
1.000000000074099830e+03 1.000000000026861017e+03 1.714167985300286573e-07 4.571491835117340230e+01
1.110000000098272949e+03 1.100000000096618805e+03 2.999999996957775394e+01 4.571676585674286031e+01
1.200270559359865047e+03 1.200080948985158557e+03 3.195686900468883151e-01 4.578521925210952759e+01
1.357988340964275721e+03 1.400000000003977675e+03 5.088098497779935769e+01 4.576975675821304179e+01
1.415000000570128350e+03 1.400000000568728638e+03 3.570714195936543689e+01 4.484121530055999472e+01
