-1.400000000000000000e+03 -1.400000000000000000e+03 0.000000000000000000e+00 5.853387835025787211e+01
1.179573891464911867e+03 -5.528590450594808772e+02 3.288520673686903592e+03 5.887725884914398478e+01
-1.200000000000000000e+03 -1.200000000000000000e+03 0.000000000000000000e+00 5.850343530178069784e+01
-1.100000000000000000e+03 -1.100000000000000000e+03 0.000000000000000000e+00 5.857738360166549541e+01
-9.999999999999805596e+02 -9.999999999999963620e+02 3.261163961312737646e-11 5.859378094673157022e+01
-9.000000000000000000e+02 -9.000000000000000000e+02 1.078528041546762515e-13 5.863267279863357828e+01
-8.000000000000000000e+02 -8.000000000000000000e+02 0.000000000000000000e+00 5.873057720661163472e+01
-6.940026789665726028e+02 -7.000000000000000000e+02 9.161068569783697768e+00 5.865866600275039389e+01
-5.999250089356194167e+02 -6.000000000000000000e+02 2.249731931416817932e-01 5.934756699800491475e+01
-4.999728780649287501e+02 -4.999901353279390150e+02 2.944114044273632783e-02 5.863081865310668661e+01
-3.996517643300173290e+02 -4.000000000000000000e+02 4.745652241830684570e-01 5.863733605146408223e+01
-2.995025204714533515e+02 -3.000000000000000000e+02 7.378813853937437051e-01 5.868957645893097208e+01
-1.999005040942906817e+02 -2.000000000000000000e+02 4.336925982830196480e-01 5.870006734132766724e+01
-9.902166102559925775e+01 -1.000000000000000000e+02 3.624454847861836360e+00 5.861600195169448568e+01
1.094548257892583507e+02 1.003121732559814063e+02 2.617171163713357984e+01 5.861320719718933248e+01
2.000811039564006819e+02 2.000000000000000000e+02 2.071489568180939489e-01 5.892769650220871114e+01
3.014494928658223216e+02 3.020211382353943463e+02 9.179103665377158494e-01 5.867973389625549174e+01
4.015781140434815484e+02 4.020370436345919529e+02 8.618909345996726978e-01 5.866215820312500284e+01
5.000113494173339177e+02 5.000000000000000000e+02 1.659119765204675884e-02 5.854453909397125244e+01
6.000184602287674807e+02 6.000194318197550274e+02 4.235066930063083844e-03 5.852808870077133463e+01
7.350000000000000000e+02 7.000000000000000000e+02 4.769696007084728251e+01 5.877598524093627930e+01
8.000000000000000000e+02 8.000000000000000000e+02 0.000000000000000000e+00 5.880212519168853902e+01
1.015045069402326931e+03 1.002660026539210548e+03 1.094432250394194597e+02 5.870257604122161865e+01
1.003078864806381716e+03 1.000000000000000000e+03 1.061259969491999122e+01 5.946504199504852295e+01
1.105000000000000000e+03 1.100000000000000000e+03 2.179449471770334057e+01 5.947889975309372090e+01
1.200255166928069684e+03 1.200080948985142413e+03 3.523507272800175949e-01 5.948635520935058452e+01
1.365244121167505909e+03 1.400000000000000000e+03 4.487529010380846728e+01 5.949661234617233418e+01
1.405000000000000000e+03 1.400000000000000000e+03 2.179449471770334412e+01 5.889472839832306050e+01
