-1.400000000000000000e+03 -1.400000000000000000e+03 0.000000000000000000e+00 4.930411520004272319e+01
2.389717292686845667e+03 2.665927665327451450e+02 4.119685355708753377e+03 4.961392039060592651e+01
-1.200000000000000000e+03 -1.200000000000000000e+03 0.000000000000000000e+00 4.926643799543380453e+01
-1.100000000000000000e+03 -1.100000000000000000e+03 0.000000000000000000e+00 4.928312040567398356e+01
-9.999999999999881766e+02 -9.999999999999949978e+02 1.567551452990043030e-11 4.933163660764694214e+01
-9.000000000000000000e+02 -9.000000000000000000e+02 6.725804022493793931e-14 4.935721629858016968e+01
-7.999999999999788542e+02 -8.000000000000000000e+02 9.126294011972642648e-11 4.950497635602950908e+01
-6.949998637557230268e+02 -7.000000000000000000e+02 8.660490023315245978e+00 4.942723684310912802e+01
-5.998875134034290113e+02 -6.000000000000000000e+02 2.677716595270112632e-01 5.021687499284744405e+01
-4.999764511751758391e+02 -4.999815049717718125e+02 2.396626643042726323e-02 4.942169339656830118e+01
-4.000000000000000000e+02 -4.000000000000000000e+02 0.000000000000000000e+00 4.946195590496063232e+01
-2.997512602357267042e+02 -3.000000000000000000e+02 4.308299095841034432e-01 4.951001155376434326e+01
-1.996570389521593825e+02 -2.000000000000000000e+02 8.324049197952538837e-01 4.947940194606781006e+01
-9.990634802320558094e+01 -1.000000000000000000e+02 1.430557575475620846e-01 4.938431339263915731e+01
1.110837218192789635e+02 1.003121732559814063e+02 2.605851186782331297e+01 4.938933839797973491e+01
2.000970886288132249e+02 2.000000000000003979e+02 2.167084675557885420e-01 4.965901814699172689e+01
3.016284369291012695e+02 3.020211382353943463e+02 8.094340660469835358e-01 4.943208220005035258e+01
4.016519568381808085e+02 4.020520941560997699e+02 9.724965651809361900e-01 4.944853135347366191e+01
5.000069108466514081e+02 5.000000000000000000e+02 8.880079153634199904e-03 4.926532120704651163e+01
6.000155454558042720e+02 6.000194318197550274e+02 7.772727902010957354e-03 4.930236165523528769e+01
7.300000000000006821e+02 7.000000000000004547e+02 4.582575694955794887e+01 4.964146950244903422e+01
8.100000000000009095e+02 8.000000000000000000e+02 4.358898943540650350e+01 4.960118753910064981e+01
1.000092986174710290e+03 9.500000000000002274e+02 1.162060518909585340e+02 4.956236900091171549e+01
1.000000000000001819e+03 1.000000000000000000e+03 5.808718806580401129e-12 5.036573890447616719e+01
1.105000000000001137e+03 1.100000000000000000e+03 2.179449471770309898e+01 5.035446060895920084e+01
1.200157141968189535e+03 1.200080948985142413e+03 2.390586701354092125e-01 5.037802745103836344e+01
1.357463713144504482e+03 1.400000000000000000e+03 5.033037507851266668e+01 5.039317164421081685e+01
1.410000000000003638e+03 1.400000000000000000e+03 2.999999999999880629e+01 5.030020744800567911e+01
