-1.400000000000000000e+03 -1.400000000000000000e+03 0.000000000000000000e+00 2.437651194334030080e+01
2.978389246569387069e+03 1.964774540038290070e+03 3.736728420513778019e+03 2.471899105310439992e+01
-1.200000000000000000e+03 -1.200000000000000000e+03 0.000000000000000000e+00 2.438332690000533987e+01
-1.100000000000000000e+03 -1.100000000000000000e+03 0.000000000000000000e+00 2.442703944444656372e+01
-9.999999999999815827e+02 -9.999999999999859028e+02 2.521370564291049459e-11 2.444131265878677439e+01
-8.999999999999985221e+02 -8.999999999999997726e+02 2.930828154887343017e-12 2.455088055133819580e+01
-7.999999626992198500e+02 -8.000000000000000000e+02 8.118554632798713868e-05 2.451404240131378032e+01
-6.909985438413136762e+02 -7.000000000000000000e+02 9.951484446351051005e+00 2.445597244501113821e+01
-5.998747178283840640e+02 -6.000000000000000000e+02 3.017059261088214650e-01 2.526714309453964091e+01
-4.999493277622203209e+02 -4.999667079637046072e+02 6.081019773467093159e-02 2.447650109529495310e+01
-3.998010081885813634e+02 -4.000000000000000000e+02 5.073315647344598389e-01 2.453170964717865132e+01
-2.982090747047959098e+02 -2.990050409429067031e+02 1.462283351890834249e+00 2.453683915138244487e+01
-1.979845183703869793e+02 -1.980100818858134062e+02 1.309651537905043295e+00 2.454227364063262939e+01
-9.729911301878384222e+01 -9.968782674401859367e+01 5.952054357268643514e+00 2.445407685041427470e+01
1.505476530380507825e+02 1.335144403683643759e+02 4.699918790418929149e+01 2.444626929759979106e+01
2.003435408274782787e+02 2.000000000000091234e+02 6.291812752255107055e-01 2.475229709148407053e+01
3.016427655692399412e+02 3.020211382353943463e+02 8.151304535354316760e-01 2.448927959203719951e+01
4.019669740382526584e+02 4.021137064447844978e+02 1.096765619386366630e+00 2.451110579967498637e+01
5.000118431826772394e+02 5.000049602170748244e+02 1.515368001476973502e-02 2.444641429185867310e+01
6.000202394543027822e+02 6.000194318197550274e+02 1.372760427753669417e-02 2.440014939308166575e+01
7.600000000000000000e+02 8.000000000000000000e+02 4.898979485566356118e+01 2.458682330846786357e+01
8.309531335498302269e+02 8.000000000000000000e+02 6.519738878734844434e+01 2.458599910736084126e+01
1.065416916813324178e+03 1.112267277131818446e+03 1.225498234508189199e+02 2.451072704792022705e+01
1.009782065923590608e+03 1.000000000000000000e+03 1.530737740262922131e+01 2.538833295106887888e+01
1.115719264959615202e+03 1.100000000000000000e+03 3.192056261512825444e+01 2.536955465078353811e+01
1.208743516406507524e+03 1.200435134724740237e+03 1.285949993698597282e+01 2.542722719907760620e+01
1.381933463725895535e+03 1.400000000000000000e+03 5.690205672233079071e+01 2.543211385011672832e+01
1.415000000000000000e+03 1.400000000000000000e+03 3.570714214271424680e+01 2.500749589204788137e+01
