-9.752577466290443908e+02 -1.263486813859049334e+03 7.148633849895190906e+02 4.637895194292068624e+01
7.681086130726525187e+07 6.896394801124806516e+06 1.851791342909983695e+08 4.647695410251617432e+01
3.469931454967140555e+08 9.227654818216197193e+06 1.382972912849065781e+09 4.632263830900192403e+01
9.504363620992638171e+06 4.405636356170972576e+05 1.537344275822093897e+07 4.639179325103759766e+01
-1.516085117987009028e+02 -8.953320367690560033e+02 2.460470850696260186e+03 4.644203286170959188e+01
-8.968837124713805906e+02 -8.982987076590102333e+02 3.842859908632632049e+00 4.644219759702682637e+01
-7.413240196372103128e+02 -7.441961972444161120e+02 3.744710894660592260e+01 4.653425090312957479e+01
-6.818787612388554180e+02 -6.799148108794070140e+02 4.848418716889679736e+00 4.649470940828323506e+01
-5.985995659468451322e+02 -5.986315517796704171e+02 5.533576790409572288e-01 4.764406183958053731e+01
-4.409601822067561443e+02 -4.635449495720749837e+02 6.198623997222922810e+01 4.639187444448471354e+01
-3.869256690029993706e+02 -3.870249971009772025e+02 8.626365480870720859e+00 4.664239178895950033e+01
-2.839185903838949230e+02 -2.864746955936596464e+02 9.169766081108713607e+00 4.656988384723663188e+01
-1.791835096381916799e+02 -1.826599074786639392e+02 9.884323794786013195e+00 4.686542119979858256e+01
2.680129687649348966e+02 2.862755978280253544e+02 1.865242871044079038e+02 4.653079550266265585e+01
4.510099112464939708e+02 4.395505510532786388e+02 1.205439461452288583e+02 4.650444135665893697e+01
2.057797106732461145e+02 2.047621169105513559e+02 2.898393595049027383e+00 4.686401759386062338e+01
3.105698046029260126e+02 3.095396565320700120e+02 6.012980662175262836e+00 4.648708049058914327e+01
4.128767322841699752e+02 4.104154129528610611e+02 8.150189249541805125e+00 4.648738900423050069e+01
6.210476702933486877e+02 5.018439387186542717e+02 2.472452686782334581e+02 4.645549534559249594e+01
6.007599298751590595e+02 6.008685978783465771e+02 2.669102206663621080e-01 4.660360649824142598e+01
8.710427898008927059e+02 8.490882997243140835e+02 5.478319255226262641e+01 4.671360315084457682e+01
1.194299632270939583e+03 1.166965285002409473e+03 1.938823986843421778e+02 4.668223689794540121e+01
1.236190182860245386e+03 1.186901102463006737e+03 1.549471182136236962e+02 4.666911090612411783e+01
1.108503693316443332e+03 1.113298258765514447e+03 2.831355867487135569e+01 4.787836800813674643e+01
1.214658704660956346e+03 1.214438972997868404e+03 2.504729034514313568e+01 4.787914484739303589e+01
1.319702260790900709e+03 1.314804413466676351e+03 3.980755002578329282e+01 4.795769609212875650e+01
1.602740553304855666e+03 1.625585916265561991e+03 1.056624961457452372e+02 4.789154825210571431e+01
1.649957545836904274e+03 1.621906819735735098e+03 1.227297978631860644e+02 4.684595049619674967e+01
