-1.400000000000000000e+03 -1.400000000000000000e+03 0.000000000000000000e+00 2.779598052978515739e+02
8.467143731665113592e+04 7.728524749483566848e+04 5.629887582046104944e+04 2.808020287513733138e+02
1.674087914104629454e+04 -1.199783578693866957e+03 4.623582990709521982e+04 2.783501700520515669e+02
6.742457780879483835e+03 6.546171428368953457e+03 3.666577805387426451e+03 2.817190729975700378e+02
-9.999999998702791117e+02 -9.999999998752341526e+02 9.042634747947155613e-08 2.752937928080558549e+02
-8.901875768702133200e+02 -8.901875769884686633e+02 3.268081470028063801e-07 2.757331063032150382e+02
-7.995887646748141151e+02 -7.999975482151579627e+02 1.137309115461934139e+00 2.818044150471687317e+02
-6.796887313935790189e+02 -6.797056792100579514e+02 1.003329403163773642e-01 2.758577336430549849e+02
-5.969790131087299869e+02 -5.970979935393912683e+02 1.074164123456452957e+00 3.051822960495948678e+02
-4.998957198462410929e+02 -4.999126280330381178e+02 5.869005216990977325e-02 2.786748058080673331e+02
-3.959206683696994560e+02 -3.960201637716268124e+02 1.962365002668354785e+00 2.797441203474998588e+02
-2.898744158908538679e+02 -2.900504169857956640e+02 5.868882303665347244e+00 2.805866679549217224e+02
-1.771193305427185010e+02 -1.772690846239919438e+02 1.254267784655776907e+01 2.805895406484603996e+02
2.298264462875010850e+01 -8.487974606669013156e-02 1.022543523758386925e+02 2.783729594945907593e+02
8.616802985951229630e+02 8.366703967926521273e+02 3.192589215012728232e+02 2.779928801536560172e+02
2.001831697683027187e+02 2.001731742012978543e+02 9.259678446411007124e-02 2.888191570043563843e+02
3.144760441183061630e+02 3.142855077249278111e+02 2.038477425397790643e+00 2.776301177501678694e+02
4.181991196742018246e+02 4.161853033698520221e+02 5.220990610660310338e+00 2.798776301980018388e+02
5.005850857372473115e+02 5.005652625549539607e+02 1.400515684529231308e-01 2.779865821480751151e+02
6.031804254830460650e+02 6.032626325093845026e+02 3.780365608977863667e-01 2.787030608415603865e+02
1.000000000296194457e+03 1.000000000159184765e+03 4.367774778551088016e-07 2.800537618994712830e+02
1.093195599769567934e+03 1.091209573388023273e+03 1.394725216576503612e+02 2.806828413486480827e+02
1.550591643594612378e+03 1.551994232149109394e+03 3.229442671833893996e+02 2.815319314479827995e+02
1.211672900044346989e+03 1.210557141321849485e+03 4.328507685076826483e+00 3.069910973548888933e+02
1.313907104936070255e+03 1.315537474844041526e+03 4.839338728020633695e+00 3.067022056937217940e+02
1.392422263068865504e+03 1.400024700819087684e+03 5.524993656962374899e+01 3.092268575429916382e+02
1.799007582842507418e+03 1.808148651312850234e+03 5.037175701898116387e+01 3.072370778441429024e+02
1.700000001076231229e+03 1.700000000780900791e+03 8.254788280801870616e-07 2.841495923995971680e+02
