-1.399999999999999773e+03 -1.399999999999999773e+03 3.938227581713538696e-13 5.669526560306549356e+01
-1.778564118847558859e+02 -1.001159329099828710e+03 1.862175624169212142e+03 5.711757684946060465e+01
-1.200000000000000000e+03 -1.200000000000000000e+03 0.000000000000000000e+00 5.665017784833908365e+01
-1.100000000000000000e+03 -1.100000000000000000e+03 1.016845989170082993e-13 5.671262099742889262e+01
-9.999999999999885176e+02 -9.999999999999974989e+02 1.998747496045216525e-11 5.677522469758987711e+01
-8.999998676595921552e+02 -8.999999978962202931e+02 3.249099243485292668e-04 5.702185555696487285e+01
-7.960285286407731746e+02 -7.983812676451798325e+02 5.542310511780497606e+00 5.678697209358215048e+01
-6.918924555016807290e+02 -6.964255481227422706e+02 8.247945869459147872e+00 5.688787590265273764e+01
-5.995922014321106417e+02 -5.998003987954265313e+02 3.929957151751532485e-01 5.763007609844207479e+01
-4.989884652361396320e+02 -4.991628161031704281e+02 8.298748520412926322e-01 5.702320580482482626e+01
-3.997015122828719882e+02 -4.000000000000000000e+02 4.559475192511835417e-01 5.691493024826049663e+01
-2.990547891476522864e+02 -2.990050409429066463e+02 8.602216321203223215e-01 5.695281810760498331e+01
-1.981592807731102255e+02 -1.979440450976274519e+02 1.431118480578343011e+00 5.685134165287017538e+01
-9.976587005801394525e+01 -9.968782674401859367e+01 1.943262847072895205e-01 5.679969450235366679e+01
1.321843655786457816e+02 1.086907833480725003e+02 6.068671062602464161e+01 5.693384875059128092e+01
2.001974669767881494e+02 2.000391821441899367e+02 4.045922085412330671e-01 5.726607824563980387e+01
3.018440385331330162e+02 3.020778824823396462e+02 6.856645729696985159e-01 5.683772604465484335e+01
4.023697931991694077e+02 4.025847608577624896e+02 1.100390299224457635e+00 5.710611544847488119e+01
5.000825888353624578e+02 5.000493233602564374e+02 8.680920247157575265e-02 5.690115774869919107e+01
6.000729241715491753e+02 6.000744481502149483e+02 5.372649374748466461e-02 5.665217779874801352e+01
7.150000000000002274e+02 7.000000000000000000e+02 3.570714214271467313e+01 5.701577389240264893e+01
8.017859672976117054e+02 8.000000000000007958e+02 4.251452543868148304e+00 5.697637054920196675e+01
9.641292471001801232e+02 9.161321100093624636e+02 9.539072469623543782e+01 5.701767830848693563e+01
1.011072001427204100e+03 1.003140095544986934e+03 1.260635383527263187e+01 5.780786709785461142e+01
1.113983230819260370e+03 1.100000000000001819e+03 2.701747710268856650e+01 5.781889975070953369e+01
1.202874507913541720e+03 1.200435134724740237e+03 5.214511179205123526e+00 5.782802835702896260e+01
1.350111163350912193e+03 1.322140054057610314e+03 4.933083838337650207e+01 5.789291440248489096e+01
1.409828174325749160e+03 1.400000000000000000e+03 2.948952925733405550e+01 5.711951875686645508e+01
