-1.400000000000000000e+03 -1.400000000000000000e+03 0.000000000000000000e+00 6.790727565288543133e+01
3.049223125082197384e+03 1.145381618045283403e+03 3.797771490943393474e+03 6.795230734348297119e+01
-1.200000000000000000e+03 -1.200000000000000000e+03 0.000000000000000000e+00 6.787821774482726767e+01
-1.100000000000000000e+03 -1.100000000000000000e+03 0.000000000000000000e+00 6.791573114395141886e+01
-9.999999999997801297e+02 -9.999999999999855618e+02 7.805996647974652713e-10 6.790520319938659100e+01
-9.000000000000000000e+02 -9.000000000000000000e+02 0.000000000000000000e+00 6.789576309919357300e+01
-7.999999999997191935e+02 -7.999999999999240572e+02 6.074638572277607554e-10 6.786689729690552042e+01
-6.899996842069680270e+02 -6.899999871531103963e+02 1.000031580105407691e+01 6.783626250028609661e+01
-5.998500178684349748e+02 -5.999999999999909051e+02 2.999642562646047117e-01 6.849635314941406250e+01
-4.999711470661612793e+02 -4.999852079193453847e+02 3.243834135588320039e-02 6.792671580314636515e+01
-3.999502520471453408e+02 -4.000000000000000000e+02 2.168462991415098517e-01 6.800014035701751425e+01
-2.996517643300173859e+02 -3.000000000000000000e+02 5.693913456781058979e-01 6.802175524234772297e+01
-2.000000000000000000e+02 -2.000000000000000000e+02 0.000000000000000000e+00 6.802564399242400839e+01
-9.979708738361208020e+01 -9.968782674401859367e+01 2.041097513548506270e-01 6.789196009635925577e+01
1.161333711205118533e+02 1.003121732559814063e+02 2.929816424414428511e+01 6.789395710229874226e+01
2.000000000004055778e+02 2.000000000001039098e+02 6.645589351163192133e-10 6.809693014621734619e+01
3.011196893818897706e+02 3.020196068559067726e+02 1.011911790145091361e+00 6.794509880542754843e+01
4.014362251152425074e+02 4.020543807974606807e+02 1.027144213856086230e+00 6.794885084629058269e+01
5.000088782048501344e+02 5.000000000000000000e+02 1.556618993961803206e-02 6.796310374736785320e+01
6.000145738648164979e+02 6.000194318197550274e+02 8.414224774807013349e-03 6.794495944976806356e+01
7.350000000001766693e+02 7.000000000003350351e+02 4.769696007072542443e+01 6.798342490196228027e+01
8.100000000005937864e+02 8.000000000000068212e+02 4.358898943527069036e+01 6.796478220224381062e+01
9.806225468245991124e+02 9.000000000001812168e+02 1.202089074213884317e+02 6.796044784784317017e+01
1.000000000000195314e+03 1.000000000000006594e+03 5.184288339349517306e-10 6.862115625143050579e+01
1.100000000000049567e+03 1.100000000000028649e+03 6.086763988624343396e-11 6.860608299970627399e+01
1.200477241879994835e+03 1.200435134724740237e+03 9.103411703187015425e-01 6.872717036008835123e+01
1.356539042790560870e+03 1.400000000000000227e+03 5.020516334330481811e+01 6.866446135044097332e+01
1.405000000000227374e+03 1.400000000000011823e+03 2.179449471770993441e+01 6.804233629703522013e+01
