-1.399999999997869963e+03 -1.399999999999845386e+03 4.355534380513327839e-09 6.117692439556121542e+01
2.203097641564464539e+03 2.062229595785851188e+02 3.490343310112945801e+03 6.131430335044861124e+01
-1.199999999982458576e+03 -1.199999999997342456e+03 3.460779157108885407e-08 6.115068309307098104e+01
-1.099999999657908575e+03 -1.099999999988620402e+03 1.162404112850688497e-06 6.111648559570312500e+01
-9.999999986744287526e+02 -9.999999994658037394e+02 1.961721002489031032e-06 6.114791280031204224e+01
-8.999999999999974989e+02 -8.999999999999986358e+02 2.842852982231846477e-12 6.116225539445876791e+01
-7.999999161861886705e+02 -7.999999711317417450e+02 1.062393801495466449e-04 6.131263700723648213e+01
-6.979999333126022520e+02 -6.999999393076158185e+02 6.000024734281098837e+00 6.127177630662917807e+01
-5.997746620508561364e+02 -5.999996692255126618e+02 3.435619725792570800e-01 6.205141509771347330e+01
-4.999930951173381573e+02 -4.999926038696854675e+02 6.120342907764195380e-03 6.124758415222167685e+01
-3.999999999924853000e+02 -3.999999999992896846e+02 1.788207203655411451e-08 6.134064115285873697e+01
-2.999999999982038617e+02 -2.999999999997241957e+02 3.175378968209080780e-09 6.135903605222701884e+01
-1.999999999987936121e+02 -1.999999999996873612e+02 1.932118261937509953e-09 6.136134699583053731e+01
-9.993756528367723035e+01 -9.999999993403241660e+01 1.248692916882988002e-01 6.128602554798126079e+01
1.035699653466438548e+02 1.003121732577284320e+02 6.635288675956671156e+00 6.128572604656219625e+01
2.000007004227749690e+02 2.000003155778894666e+02 9.178992360803293459e-04 6.150039240121841289e+01
3.015987036090436391e+02 3.020196071740905381e+02 7.384824051070134621e-01 6.125101420879364156e+01
4.011550866001269924e+02 4.015580471652779124e+02 9.136153725971654094e-01 6.130349299907684468e+01
5.000000000000000000e+02 5.000000000000000000e+02 0.000000000000000000e+00 6.120523450374603414e+01
6.000068011419544973e+02 6.000000000148062327e+02 9.268383611256803684e-03 6.124261595010757731e+01
7.050012387175794402e+02 7.000005285767690566e+02 2.179423796809995650e+01 6.141711040735244609e+01
8.050000611714415300e+02 8.000000352022088919e+02 2.179448667702001430e+01 6.141667344570159770e+01
9.814980686968086729e+02 9.000001636935828628e+02 1.087115780731418511e+02 6.135143799781799601e+01
1.000000010579510672e+03 1.000000005923299113e+03 1.377035584930361191e-05 6.222018519639969014e+01
1.100000178073734332e+03 1.100000061458926211e+03 2.987843290978952748e-04 6.223151074647903158e+01
1.200103216764287708e+03 1.200000000059706736e+03 1.688943257508324358e-01 6.229989715814590312e+01
1.355391368073796912e+03 1.400000001478701051e+03 4.931824813032829979e+01 6.230476244688033916e+01
1.405000604322597155e+03 1.400000390172322568e+03 2.179436441939736824e+01 6.149232285022735311e+01
