-1.400000000000000000e+03 -1.400000000000000000e+03 0.000000000000000000e+00 2.397891999483108449e+01
3.580083634734205589e+03 2.447229334977094368e+03 4.273148595982043844e+03 2.421383035182952881e+01
-1.200000000000000000e+03 -1.200000000000000000e+03 0.000000000000000000e+00 2.396209000349044871e+01
-1.100000000000000000e+03 -1.100000000000000000e+03 0.000000000000000000e+00 2.398459700345993184e+01
-9.999999999999788542e+02 -9.999999999999939746e+02 3.084132397996143534e-11 2.403250340223312520e+01
-8.999999999956962711e+02 -8.999999999999954525e+02 1.331780865556688905e-08 2.411948239803314209e+01
-7.998432586971975979e+02 -8.000000000000000000e+02 6.823786368842735817e-01 2.406512374877929616e+01
-6.899981639492432350e+02 -6.900020168203141111e+02 1.000183677177954245e+01 2.401763230562210083e+01
-5.997241696663727453e+02 -5.999999919975457487e+02 3.720746472996325771e-01 2.486747815608978129e+01
-4.998738595736325578e+02 -4.999223169396608455e+02 1.891812314556901020e-01 2.405843544006347656e+01
-3.997512602357267042e+02 -4.000000000000000000e+02 4.308299095841033877e-01 2.413170859813690328e+01
-2.985573101228875998e+02 -2.990050409429067031e+02 1.708171740885770840e+00 2.412954875230789042e+01
-1.982739585025409781e+02 -1.979440450976274519e+02 1.340589142339134066e+00 2.409374910593032837e+01
-9.426462535271301135e+01 -9.968782674401859367e+01 1.345400073602258750e+01 2.402521090507507395e+01
1.360104388959579467e+02 1.170693934401635943e+02 4.646367724208291605e+01 2.402054169178008891e+01
2.001535831857576113e+02 2.000070178180854441e+02 2.581663640567118945e-01 2.430206370353698730e+01
3.020883271059777258e+02 3.020639429423617344e+02 1.153104194118419329e-01 2.409003415107726909e+01
4.023031554404042254e+02 4.024185156474284213e+02 1.078594233885542986e+00 2.408818290233612203e+01
5.000355409663235946e+02 5.000197293441220268e+02 5.399583205198008745e-02 2.400278689861297465e+01
6.000372824130738536e+02 6.000194318197550274e+02 3.499190541523904824e-02 2.399218939542770457e+01
7.600000000000000000e+02 8.000000000000000000e+02 4.898979485566356118e+01 2.415964244604110789e+01
8.040656074332066510e+02 8.000000000000000000e+02 1.772157194545557601e+01 2.412565479278564595e+01
1.095858368152890307e+03 1.182490187298199089e+03 1.218123897026651719e+02 2.407806504964828420e+01
1.011551243812822804e+03 1.003140000283507561e+03 1.808594657005898299e+01 2.498980294466018748e+01
1.122365040371052373e+03 1.100000000000000000e+03 3.904564559567775461e+01 2.497441700696945333e+01
1.222945735367712132e+03 1.202611940075762504e+03 3.451051093923586421e+01 2.507525840997696065e+01
1.377823267800891244e+03 1.400000000000000000e+03 5.655388324457514670e+01 2.503540045022964478e+01
1.435000000000000000e+03 1.400000000000000000e+03 4.769696007084728251e+01 2.565624324083328389e+01
