-1.399999996194688492e+03 -1.399999998321064140e+03 4.547421584768877449e-06 2.634251525402068950e+01
-9.732767612813177038e+02 -1.297543987514570290e+03 7.723118252713121592e+02 2.655681869983673238e+01
-1.199999026869957561e+03 -1.199999419229405703e+03 1.271893612791198929e-03 2.639774775505065918e+01
-1.099995351556614196e+03 -1.099998549597476540e+03 1.026776382735295444e-02 2.644748494625091695e+01
-9.999996148817948551e+02 -9.999997133701021994e+02 3.247240379066880186e-04 2.643383709192276143e+01
-8.999999995946184299e+02 -8.999999998255144646e+02 6.327310002802531356e-07 2.639658045768737793e+01
-7.999931758205897268e+02 -7.999942893818226821e+02 5.432911804844340817e-03 2.650095610618591380e+01
-6.979888483822758189e+02 -6.999875104676607407e+02 5.996442928325987687e+00 2.650646660327911519e+01
-5.999168438285074672e+02 -5.999922908402347730e+02 2.246034740279454489e-01 2.728871095180511475e+01
-4.999941981079426228e+02 -4.999931391127983602e+02 4.093692732342829946e-03 2.651324820518493652e+01
-3.999999952490596797e+02 -3.999999980611112278e+02 5.739976902032049566e-06 2.657083330154419087e+01
-2.999999775100685611e+02 -2.999999908285781203e+02 3.611000875812878932e-05 2.658989090919494558e+01
-1.999999754865268926e+02 -1.999999911242669839e+02 3.279692242215119665e-05 2.658907655477523946e+01
-9.998428376835094866e+01 -9.999996370942909607e+01 6.801391973765447130e-02 2.649338109493255544e+01
1.085765766458284816e+02 1.003122312281607265e+02 2.588451017081492012e+01 2.652333265542984009e+01
2.000887813243841151e+02 2.000758430625508026e+02 6.929510865860595559e-02 2.673116290569305420e+01
3.007070442370257410e+02 3.000003330791541885e+02 9.632385113222220463e-01 2.649609819650650167e+01
4.007468134021791570e+02 4.000569539411703204e+02 9.428677039466136778e-01 2.650709874629974294e+01
5.000039472679589494e+02 5.000000000000633804e+02 7.894532468738597528e-03 2.642691400051116801e+01
6.000058332666934575e+02 6.000000049885754834e+02 8.902346636665401172e-03 2.645777400732040263e+01
7.100375399270623120e+02 7.000438967067645990e+02 2.998995948538978595e+01 2.665784705877304006e+01
8.000037529017234874e+02 8.000026168271338065e+02 3.338667808716447999e-03 2.664277930259704519e+01
9.150060102679169631e+02 9.000059801743368553e+02 3.570618573586308031e+01 2.666560184955596924e+01
1.000000930081171987e+03 1.000000608080059692e+03 6.293792468074301850e-04 2.746622619628906392e+01
1.100006083401834530e+03 1.100005380785320085e+03 4.590301278647066115e-03 2.745491880178451538e+01
1.200172670704070924e+03 1.200081028506253006e+03 1.953312319010460374e-01 2.751985800266265869e+01
1.305933363140145502e+03 1.300919717984501631e+03 2.159472533445598330e+01 2.747560305595397878e+01
1.400025232999698346e+03 1.400022284466543169e+03 1.506527006445904093e-02 2.671530984640121531e+01
