-1.399999343352798405e+03 -1.399999831503396308e+03 1.368978573727903806e-03 2.836922950744628835e+01
-1.142101095649959689e+03 -1.187712413326557225e+03 1.561343125652470292e+02 2.851078205108642649e+01
-1.194557717430493085e+03 -1.199406518030178404e+03 9.194880948985362679e+00 2.844098355770110942e+01
-1.092485012855351215e+03 -1.099080001290530618e+03 1.077829435832695637e+01 2.847944985628128123e+01
-9.999826550343775580e+02 -9.999864477257538056e+02 1.501743847802560969e-02 2.843293550014495708e+01
-8.999989996411383117e+02 -8.999994613954937677e+02 1.098994284843659132e-03 2.837807890176772929e+01
-7.995161807349288665e+02 -7.998248741134111697e+02 6.237188701111369138e-01 2.851986269950866770e+01
-6.985452493353428736e+02 -6.997590846804353077e+02 4.291794712694986913e+00 2.850918354988098002e+01
-5.998027025710155158e+02 -5.999123421144106487e+02 2.548418720529629367e-01 2.939059984683990479e+01
-4.998161350997352201e+02 -4.998214772421032421e+02 9.259877573679059504e-02 2.846140979528427195e+01
-3.999980608536571935e+02 -3.999992847232855411e+02 3.854985190420098535e-03 2.853771104812621928e+01
-2.998328048049118593e+02 -2.999972217010166560e+02 3.537505055479487903e-01 2.854379349946975708e+01
-1.997859233314812286e+02 -1.999951578527748950e+02 6.140835549968117757e-01 2.855578629970550608e+01
-9.995532933535908171e+01 -9.998377456772084315e+01 6.078997986967581146e-02 2.850040795803069926e+01
1.008579962409643542e+02 1.006603015240949617e+02 6.364739718002412339e-01 2.850826464891433787e+01
2.002441309259657203e+02 2.002394530326135396e+02 1.216227641174883328e-01 2.876366385221481181e+01
3.006436957132586372e+02 3.000415656732684511e+02 9.098556208778136867e-01 2.849321229457855154e+01
4.006565038253064586e+02 4.004152398531944073e+02 6.505687612967563371e-01 2.848495994806289744e+01
5.000117759338049837e+02 5.000019923488873701e+02 1.457938751162056804e-02 2.842291499376296926e+01
6.000166042850829626e+02 6.000194323669218193e+02 6.747897329011137875e-03 2.845584014654159688e+01
7.005877045131584282e+02 7.004138796471904698e+02 5.295879264982854551e-01 2.861182609796524190e+01
8.001078457324863393e+02 8.000853385004008942e+02 9.463157358726978496e-02 2.862616755962371684e+01
9.072007951664636494e+02 9.003984155175578508e+02 2.186585944269587145e+01 2.863637870550155640e+01
1.000703204359651295e+03 1.000109216918001721e+03 1.237930554577743036e+00 2.953931474685668945e+01
1.100132136039480656e+03 1.100075832663368374e+03 1.487226759365708750e-01 2.955125365257263326e+01
1.200381312418797734e+03 1.200319887518248152e+03 3.379999071621666573e-01 2.961375880241394043e+01
1.317952419648352134e+03 1.312254410886710957e+03 2.042063128933930116e+01 2.957279704809188914e+01
1.400353462741604744e+03 1.400328054675163003e+03 1.967413248778483448e-01 2.872661199569702006e+01
