-1.400000000000000000e+03 -1.399999999999999773e+03 3.522457833430432421e-13 1.011185781145095802e+03
4.219516223768244381e+05 3.881486399805562105e+05 1.721426459128879069e+05 1.016020986104011513e+03
8.731098122512783448e+04 -1.199999999653718987e+03 2.614376030045894440e+05 1.016141492307186127e+03
4.113444199106624183e+03 4.820403890738054542e+03 2.362330198032054795e+03 1.013762469196319557e+03
-9.999996085908791201e+02 -9.999996007207485036e+02 5.621212947592613856e-05 1.011523262190818741e+03
-8.899184652982442003e+02 -8.900150628799589185e+02 3.370403971920139519e-01 1.009615622055530594e+03
-7.990336998052877107e+02 -7.992429862170682782e+02 8.000037909368212796e-01 1.024892881441116288e+03
-6.790575197393397957e+02 -6.790449998920091730e+02 5.452390905173854635e-02 1.000444867098331429e+03
-5.699495647240862581e+02 -5.668238271544705640e+02 7.403780962998911974e+00 1.142272130346298127e+03
-4.999914973821153694e+02 -4.999901427153914710e+02 5.906461545897784444e-03 1.015185931897163414e+03
-3.802003233281358234e+02 -3.796033494052255719e+02 4.161018500914424934e+00 1.016503407645225479e+03
-2.741808265250177215e+02 -2.756235156957604886e+02 5.915399247066303268e+00 1.020093937599658943e+03
-1.315821485350105036e+02 -1.329173126405615051e+02 1.719072209419324082e+01 1.020054615151882217e+03
1.167069409860720043e+03 1.160368589307557158e+03 2.613843976698100846e+02 9.997749530434608687e+02
6.190882003545069892e+03 6.968079363528198883e+03 1.430246304763185890e+03 1.008459782099723839e+03
2.025678552580315568e+02 2.025744505391460279e+02 1.890132166424132731e-01 1.046495670545101120e+03
3.497017702117717590e+02 3.532398438944588861e+02 1.134221178119451956e+01 1.013451346647739456e+03
5.317785137256321377e+02 5.584018934443570288e+02 6.128257391365019657e+01 1.014820766055583931e+03
5.025226582399271251e+02 5.024877056035204532e+02 4.204499966854165494e-01 1.013585885953903244e+03
6.099670284699556078e+02 6.100374696453254728e+02 7.047748468292337476e-01 1.014036265850067139e+03
9.750000111653516797e+02 1.000000007214533412e+03 4.330126997495734287e+01 1.022596082043647812e+03
1.955763024865088028e+03 1.998143092274552146e+03 2.634220966897850644e+02 1.021975230896472908e+03
6.428440486206685819e+03 7.193185469464744529e+03 1.676105769186224506e+03 1.022186028742790199e+03
1.233636415372360261e+03 1.234162105421193701e+03 1.261032074527857816e+01 1.157338298249244644e+03
1.345670783846424001e+03 1.346908069152985718e+03 5.193578114280646751e+00 1.155694454097747894e+03
1.497961825011508608e+03 1.530016005200095151e+03 6.521813749469944810e+01 1.164444230198860168e+03
2.041908311044077664e+03 1.980398337278515100e+03 1.627519021995169339e+02 1.160968815553188278e+03
1.700000016407106841e+03 1.700000015294702735e+03 6.325214648733285532e-06 1.035874571454525039e+03
