-1.400000000000000000e+03 -1.400000000000000000e+03 0.000000000000000000e+00 5.857752755880355977e+01
1.162860555953107905e+03 -1.254514947250663681e+02 2.937398107108951081e+03 5.881472724676132202e+01
-1.200000000000000000e+03 -1.200000000000000000e+03 0.000000000000000000e+00 5.859883120059966899e+01
-1.100000000000000000e+03 -1.100000000000000000e+03 0.000000000000000000e+00 5.868379524946212911e+01
-9.999999999999809006e+02 -9.999999999999945430e+02 3.358629372282144133e-11 5.855973694324493550e+01
-9.000000000000000000e+02 -9.000000000000000000e+02 0.000000000000000000e+00 5.865171785354614542e+01
-7.999999999936792392e+02 -7.999999999994588507e+02 1.661335539491225233e-08 5.878966515064239218e+01
-6.939998110486947098e+02 -6.999999999903250227e+02 9.165439948665724756e+00 5.863648660182953165e+01
-5.998615665488690638e+02 -5.999999999993685833e+02 2.804561352977139044e-01 5.966564455032348491e+01
-4.999839726180168213e+02 -4.999926039596658711e+02 1.576174717035293271e-02 5.874280675649642802e+01
-4.000000000000000000e+02 -4.000000000000000000e+02 0.000000000000000000e+00 5.881015019416808798e+01
-2.999502520471453408e+02 -3.000000000000000000e+02 2.168462991415098517e-01 5.883407739400863790e+01
-2.000000000000000000e+02 -2.000000000000000000e+02 0.000000000000000000e+00 5.883676910400390625e+01
-9.990634802320558094e+01 -1.000000000000000000e+02 1.430557575475620846e-01 5.871295210123061992e+01
1.190091223213845808e+02 1.003121732559814632e+02 3.586163723900197198e+01 5.869837924242019511e+01
2.001519800082809866e+02 2.000000000030884735e+02 2.607543236818298804e-01 5.898573765754699849e+01
3.017581804103799072e+02 3.020257323738570108e+02 6.359932488769588499e-01 5.872701855897903300e+01
4.019740563922076717e+02 4.020432025995144727e+02 2.739182219255335005e-01 5.877449344396590902e+01
5.000019925053502448e+02 5.000000000000000000e+02 8.685129465995172771e-03 5.862169204950332357e+01
6.000068011369143051e+02 6.000000000000000000e+02 9.268387309594429413e-03 5.871685475111007690e+01
7.250000001807253511e+02 7.000000000574068508e+02 4.330127008571079017e+01 5.886115159988403178e+01
8.000000000029597231e+02 8.000000000011681323e+02 5.533672725373615583e-09 5.889384859800338745e+01
9.645378952854853196e+02 9.000000000020060043e+02 9.288985467241393224e+01 5.886848019361495687e+01
1.000000000000620958e+03 1.000000000000131081e+03 1.150700428498786529e-09 5.982839740514755533e+01
1.115000000019862910e+03 1.100000000005464017e+03 3.570714213443245910e+01 5.984557105302810953e+01
1.200253783301603789e+03 1.200258041854941439e+03 2.525654928919137676e-01 5.992540174722671509e+01
1.363320416782817802e+03 1.400000000000016371e+03 5.103981014255222703e+01 5.990456340312957906e+01
1.410000000063456810e+03 1.400000000001472017e+03 2.999999997890760284e+01 5.900166050195694112e+01
