-1.399999999999829470e+03 -1.399999999999934062e+03 2.656958883323580960e-10 6.305284824371337749e+01
2.440323021779947339e+03 1.640566645100427650e+03 3.433610773383546984e+03 6.324765945672989176e+01
-1.199999999573365585e+03 -1.199999999859953277e+03 5.985690070931580502e-07 6.313851490020751811e+01
-1.099999999256170213e+03 -1.099999999676509105e+03 1.204150681013556314e-06 6.314750754833221436e+01
-9.999999951691534079e+02 -9.999999970439297385e+02 5.044884781263597851e-06 6.317961300611496256e+01
-8.999999999997278337e+02 -8.999999999998738076e+02 4.291547954352209966e-10 6.308235160112381124e+01
-7.999998661141446519e+02 -7.999999650586653388e+02 2.197116871533633282e-04 6.320898054838180258e+01
-6.919995360417869961e+02 -6.999995262418050288e+02 9.798232408495683998e+00 6.320872534513473795e+01
-5.998739809700157366e+02 -5.999992827576671743e+02 3.016227973035133791e-01 6.404491775035857870e+01
-4.999780476407084393e+02 -4.999901339699105733e+02 2.348579436203884763e-02 6.314704819917678691e+01
-3.999999999991249524e+02 -3.999999999998225348e+02 2.097340809492280476e-09 6.323552329540252970e+01
-2.992537806554795452e+02 -2.990050409416746788e+02 7.626216544882333803e-01 6.325954240560531616e+01
-1.999999999950494498e+02 -1.999999999963837922e+02 6.107199162560154751e-09 6.325614829063415812e+01
-9.999999999504871084e+01 -9.999999999874847845e+01 7.549357860615917914e-09 6.315196570158004619e+01
1.170180590054736740e+02 1.004682624787687359e+02 3.061898902991943316e+01 6.319240040779114054e+01
2.000039652383634063e+02 2.000039284192370133e+02 2.762846676386966193e-03 6.346443734169006490e+01
3.015158085564745534e+02 3.020196854467395724e+02 8.751609430860060046e-01 6.317942439317702963e+01
4.015748494227125889e+02 4.020203152357050840e+02 8.333703783074001281e-01 6.319055625200271464e+01
5.000098646869000731e+02 5.000000000000000000e+02 1.559742554823436052e-02 6.312758654356002808e+01
6.000145738650728617e+02 6.000194318197552548e+02 8.414224335231925214e-03 6.312615725994110250e+01
7.550002406620207012e+02 8.000000063791239882e+02 4.974915917720671388e+01 6.332703169584274150e+01
8.150000272675144970e+02 8.000000202832243303e+02 4.769696543500464969e+01 6.329550915956497192e+01
1.022338931738472979e+03 1.000000010619373370e+03 1.259495520810314275e+02 6.333454735279083536e+01
1.000000012601468370e+03 1.000000006290134252e+03 1.158023967993582671e-05 6.419481835365294842e+01
1.105000038843209495e+03 1.100000031783344184e+03 2.179448614167176856e+01 6.417577580213546184e+01
1.200459532729242255e+03 1.200258042221405503e+03 9.144239419393842550e-01 6.423662420511246296e+01
1.317770139460505789e+03 1.301209620519937289e+03 3.764040359389882440e+01 6.423168284893036173e+01
1.410000185416193517e+03 1.400000125555304294e+03 2.999994329416844252e+01 6.350148755311965942e+01
