-1.399999999999999773e+03 -1.399999999999999773e+03 8.806144583576081053e-14 6.618806058406829607e+02
3.055046484575400827e+05 3.045774991560656345e+05 1.253118504290971177e+05 7.849561553955078352e+02
5.338846495158010162e+06 1.809416455501496966e+05 1.067479385455767810e+07 7.705133502006531216e+02
1.358051479575605845e+04 1.099768567834852729e+04 6.241395138753577157e+03 7.870380670070647966e+02
-9.999998174524205297e+02 -9.999998162689655601e+02 2.389947833968908241e-05 7.799674790978431247e+02
-8.864703509779683372e+02 -8.906190434722300324e+02 7.437096341543351308e+00 7.764775784015655518e+02
-7.897479278835984360e+02 -7.930580369548890758e+02 8.052763390908692642e+00 7.277179823517799377e+02
-6.790565326993117878e+02 -6.790654778563481386e+02 4.042969221137385910e-02 7.603471443891525041e+02
-5.822507705861585237e+02 -5.830803745981017983e+02 5.004037424921011556e+00 9.111013091921806790e+02
-4.999774412121984710e+02 -4.999741187772721673e+02 1.289122364986852037e-02 6.861487586021423795e+02
-3.665694092058814135e+02 -3.671663864033740197e+02 1.073170577396223635e+01 6.754021384000777743e+02
-2.666689038521358839e+02 -2.656739377193767950e+02 5.737200640433174570e+00 6.801992672085762024e+02
-1.076515036341154854e+02 -1.087890999703106729e+02 3.221418407814262963e+01 7.413914823412894748e+02
1.600295863784510857e+03 1.539365239635621947e+03 3.158637067285710600e+02 6.803357114553451765e+02
4.389845573638989663e+03 4.422537237233904307e+03 7.571484454575954715e+02 6.926018602490424882e+02
2.018509427230504798e+02 2.019448842285917749e+02 5.951820785979781148e-01 7.696614889502525330e+02
3.616159831418656836e+02 3.620171327111398796e+02 1.171274386551476709e+01 6.664847926020622708e+02
4.575355725349560316e+02 4.586219211913129925e+02 1.285906079723289075e+01 7.221221907019614719e+02
5.026066825806668135e+02 5.026113363401042875e+02 5.190182191323911010e-01 7.816788674473762057e+02
6.127710255221778652e+02 6.118041657270805445e+02 1.737194866922998848e+00 7.379722485423087619e+02
9.693153766509528850e+02 1.000000000000000227e+03 7.488493824871284232e+01 7.237194946050643694e+02
2.335432190755101146e+03 2.318175682269317804e+03 3.517320726082794522e+02 7.347143892526626132e+02
5.128979188245235491e+03 4.976588259485080016e+03 6.994529847545653638e+02 7.135430927038192976e+02
1.243808912358111002e+03 1.243789152058114269e+03 6.688099969000812273e+00 9.246243568062782288e+02
1.352193360361128271e+03 1.350931348387599428e+03 5.850684033553065433e+00 9.250083989977836154e+02
1.524963189521118238e+03 1.535707714091207890e+03 4.237773874811826857e+01 9.323046850919723738e+02
2.020539089535357107e+03 1.973886158520105255e+03 1.110592363755980472e+02 9.287662063002586592e+02
1.700000000000000455e+03 1.700000000000000455e+03 2.329886857742076087e-13 7.472638885498047330e+02
