-1.399999999999996817e+03 -1.399999999999999091e+03 4.433495156847621707e-12 2.261596339941024780e+01
-3.747672703947213790e+01 -9.045343483845233550e+02 1.773928686647642508e+03 2.281366314888000346e+01
-1.199999999999996362e+03 -1.199999999999999545e+03 6.159686738953669068e-12 2.260851924419403147e+01
-1.099999999999984766e+03 -1.099999999999997726e+03 2.535425493219544195e-11 2.268288459777831889e+01
-9.999999992651831917e+02 -9.999999997543470727e+02 1.149377363294107312e-06 2.269719849824905467e+01
-8.999999999999997726e+02 -9.000000000000000000e+02 3.880370096766458404e-13 2.262179554700851369e+01
-7.999999885953610601e+02 -7.999999936710812563e+02 1.185659299963987053e-05 2.273455139398574687e+01
-6.919998278738660247e+02 -6.999999757777309242e+02 9.798156060127610090e+00 2.270749694108963013e+01
-5.997749566193397186e+02 -5.999999055079979371e+02 3.436342729860659695e-01 2.331020865440368794e+01
-4.999858211315619201e+02 -4.999901353277846283e+02 1.491627585980809245e-02 2.268271399736404348e+01
-3.999999999999961915e+02 -3.999999999999997158e+02 8.513732429406019639e-12 2.276374939680099629e+01
-2.998010081882168265e+02 -2.999999999998998987e+02 3.979836226562540324e-01 2.277560960054397654e+01
-1.999999999998172484e+02 -1.999999999999971010e+02 4.477816343993957611e-10 2.277702624797820974e+01
-9.990634802045664742e+01 -9.999999999986118837e+01 1.430557560838434661e-01 2.271445856094360494e+01
1.130742468326755272e+02 1.004682605433113167e+02 2.023921590450094854e+01 2.272359420061111379e+01
2.000000695532755230e+02 2.000000515174836551e+02 6.028230579465748912e-05 2.291028854846954488e+01
3.011116450170319467e+02 3.020196068560109666e+02 1.004518423964478657e+00 2.272207435369491435e+01
4.011866636299430979e+02 4.020021061524632273e+02 9.566218702630858717e-01 2.275054429769516062e+01
5.000029594016183410e+02 5.000000000000000000e+02 7.044784949497630809e-03 2.274938859939575053e+01
6.000087443188988345e+02 6.000000000000663931e+02 9.667208260041823195e-03 2.268850749731063843e+01
7.050000586333444517e+02 7.000000220825169208e+02 2.179448151935227429e+01 2.283144444227218628e+01
8.000000029383795663e+02 8.000000016468502508e+02 4.149158734063843029e-06 2.282036074399947978e+01
9.682490227002344909e+02 9.500000077128485145e+02 8.556951470383378933e+01 2.281197990179061819e+01
1.000000001350737648e+03 1.000000000677487606e+03 2.639639573550713695e-06 2.342357945442199707e+01
1.100000014978720856e+03 1.100000005162669140e+03 3.562628494622277980e-05 2.343374830484390259e+01
1.200178898705455595e+03 1.200080948985159011e+03 2.435262010781845954e-01 2.346080784797668528e+01
1.341320342571103765e+03 1.302151713219923749e+03 4.905407571840699887e+01 2.345335289239883281e+01
1.400000030768530451e+03 1.400000009881654933e+03 3.965528887276272512e-05 2.288278599977493144e+01
