-1.399998744071837336e+03 -1.399999489209347303e+03 1.649762945570772436e-03 6.462853519916534140e+01
-8.692988521956704062e+02 -1.281989395400885314e+03 9.602753363821091170e+02 6.479243195056915283e+01
-1.199919457496555424e+03 -1.199969774258034704e+03 1.066511994094530708e-01 6.451593155860901163e+01
-1.099408673806811748e+03 -1.099840313516373953e+03 1.101412364269924060e+00 6.460475615262984661e+01
-9.999948425184911684e+02 -9.999967607360458715e+02 5.066569411232232228e-03 6.466598004102706909e+01
-8.999999970692915667e+02 -8.999999984791504630e+02 3.240975906892591911e-06 6.465704170465468792e+01
-7.999313978662632962e+02 -7.999420210705541194e+02 3.951388847242868346e-02 6.480999614000320719e+01
-6.968803890534910579e+02 -6.998447977683969157e+02 7.091902390676104062e+00 6.473974920511246012e+01
-5.998902852828491632e+02 -5.999616827587583430e+02 2.263631432411433719e-01 6.575018439292907146e+01
-4.999772824624499776e+02 -4.999807399609264849e+02 1.480072846596774440e-02 6.478016744852065756e+01
-3.999987250205005580e+02 -3.999994142766548748e+02 1.670195467487804730e-03 6.484468845129012493e+01
-2.999986174719982728e+02 -2.999991007095783289e+02 1.784992230087571827e-03 6.483231409788132282e+01
-1.999986183438200555e+02 -1.999991713626796184e+02 1.569179122912320486e-03 6.482684179544449421e+01
-9.996577973363365288e+01 -9.998372487979918333e+01 6.225706987457810260e-02 6.480162349939345745e+01
1.009859461565321368e+02 1.000895561244923897e+02 3.677665858844515245e+00 6.473625999689102173e+01
2.003058487525488829e+02 2.002816740122133865e+02 1.881866017075931596e-01 6.499291160106659504e+01
3.008606700416049762e+02 3.000544879261350388e+02 9.459401950104303625e-01 6.480098849534988403e+01
4.006521266542706599e+02 4.000907198048564624e+02 9.056072653430360386e-01 6.479840184450149820e+01
5.000000004267822078e+02 5.000000000993255185e+02 1.033650770558105650e-06 6.471309974193573566e+01
6.000055642738286679e+02 6.000022742948985979e+02 6.668811637678699958e-03 6.477263069152832031e+01
7.006401360177976585e+02 7.006447695698531106e+02 3.542867910683142885e-01 6.492082289457320599e+01
8.000883051863854689e+02 8.000908521685470305e+02 5.424850599607982521e-02 6.492476109266280559e+01
9.001488652623390863e+02 9.001173117684052158e+02 1.227027650476374548e-01 6.492629120349883465e+01
1.000040258909581439e+03 1.000022311194823260e+03 4.608654403020157053e-02 6.597102689743041992e+01
1.100082078558693183e+03 1.100078755927523616e+03 4.863992490752495901e-02 6.597854685783386230e+01
1.200087653981092899e+03 1.200026306964718060e+03 1.502743091048918123e-01 6.604606524705886272e+01
1.355869294464770292e+03 1.400004077791721102e+03 4.881100454664381516e+01 6.600883364677429199e+01
1.400451857028589757e+03 1.400451705463099643e+03 1.901882864128412176e-01 6.514686105251311687e+01
