-1.400000000000000000e+03 -1.400000000000000000e+03 0.000000000000000000e+00 2.804605120420455933e+01
2.344697814263809505e+03 -2.497380917763905472e+02 4.896172915118071614e+03 2.818209919929504537e+01
-1.200000000000000000e+03 -1.200000000000000000e+03 0.000000000000000000e+00 2.804818750619888235e+01
-1.100000000000000000e+03 -1.100000000000000000e+03 0.000000000000000000e+00 2.805960509777069234e+01
-9.999999999994904556e+02 -9.999999999997353370e+02 8.010985012197483222e-10 2.818989739418029927e+01
-8.999999892594132689e+02 -8.999999998982052603e+02 3.977816590788358649e-05 2.800307170152664327e+01
-7.999998374167596467e+02 -7.999999999842802936e+02 6.577279605420530010e-04 2.817431309223174907e+01
-6.939996975475841055e+02 -6.999999999351819042e+02 9.165613358763602392e+00 2.815839669704437398e+01
-5.996758576867302963e+02 -5.999998488242249550e+02 3.716708987409944598e-01 2.909162935018539287e+01
-4.999012392111068834e+02 -4.999026171612544545e+02 7.669385218155373718e-02 2.808873474597930908e+01
-4.000000000000000000e+02 -4.000000000000000000e+02 0.000000000000000000e+00 2.824605410099029612e+01
-2.993532766128893172e+02 -2.990050409429067031e+02 6.505388974245549516e-01 2.823374115228653025e+01
-1.989579094988409338e+02 -1.999999999999999432e+02 1.182811638336479065e+00 2.824335520267486643e+01
-9.992195668600464842e+01 -1.000000000000000000e+02 1.351749850310100254e-01 2.814075045585632395e+01
1.281464324102304033e+02 1.086907833480859153e+02 3.904537112669980559e+01 2.812924364805221700e+01
2.000266596719569065e+02 2.000000014716323449e+02 7.744121976330851920e-02 2.845240960121154927e+01
3.016171592806953754e+02 3.020197639804966911e+02 8.073330491438714951e-01 2.816985878944397115e+01
4.017232061555325799e+02 4.020566098650759841e+02 7.835167546590758869e-01 2.816776840686798167e+01
5.000273156925098306e+02 5.000197293441220268e+02 3.612891135234791440e-02 2.814626485109329224e+01
6.000184602287674807e+02 6.000194318197550274e+02 4.235066930063082977e-03 2.816911209821700979e+01
7.700000000062715344e+02 8.000000000005613856e+02 4.582575694888090823e+01 2.826471614837646484e+01
8.250000000024981546e+02 8.000000000023330813e+02 5.361902647312157910e+01 2.826834129095077586e+01
1.001663137561121744e+03 9.893837238689681044e+02 1.137269914827099200e+02 2.827621229887008525e+01
1.008939882391145375e+03 1.000000000002930847e+03 2.471361176111586389e+01 2.925104655027389455e+01
1.130487905067788233e+03 1.100000000006838036e+03 4.658022634226477976e+01 2.925429910421371460e+01
1.202244061389186527e+03 1.200080948985152190e+03 6.896293176940120340e+00 2.933372139930725098e+01
1.390771502534368437e+03 1.410275624778973452e+03 4.613114143226438557e+01 2.929226574897766255e+01
1.455000000006972869e+03 1.500000000000310138e+03 4.974937185164358766e+01 2.834550400972366191e+01
