-1.400000000000000000e+03 -1.400000000000000000e+03 1.136868377216160297e-13 5.384670939445495463e+01
4.061179474890551319e+03 2.497242033031471692e+03 4.540690348247317161e+03 5.399462059736251973e+01
-1.199999999999891543e+03 -1.199999999999997272e+03 3.037011636486940887e-10 5.389156475067138530e+01
-1.099999999999990678e+03 -1.099999999999996817e+03 1.096132149481719692e-11 5.391289470195770406e+01
-9.999999999704299398e+02 -9.999999999745936066e+02 2.539249534879284396e-08 5.398247054815292501e+01
-8.999999998127741492e+02 -8.999999999999970441e+02 7.279659602101303808e-07 5.385808554887771749e+01
-7.999999964587183285e+02 -7.999999992182669075e+02 7.278180990652038246e-06 5.397060279846191122e+01
-6.919996033257807539e+02 -6.999999957768505965e+02 9.798440050275621260e+00 5.396115984916686870e+01
-5.996732533711746100e+02 -5.999999025010170044e+02 4.504391904087586274e-01 5.466512134075164653e+01
-4.999417999113748010e+02 -4.999728746155919907e+02 8.018767578726665457e-02 5.392947214841842651e+01
-4.000000000000000000e+02 -4.000000000000000000e+02 5.684341886080801487e-14 5.401381915807723999e+01
-2.993035286600099312e+02 -2.990050409429061915e+02 5.539697580683834444e-01 5.401479665040969991e+01
-1.996982104434601979e+02 -1.999999999999991758e+02 7.185040025706441735e-01 5.400628474950790547e+01
-9.989073936040304602e+01 -9.999999999999914735e+01 1.488971532553941268e-01 5.393460735082626201e+01
1.599241902970897797e+02 1.252919169077275683e+02 6.224114672024069961e+01 5.395557115077972554e+01
2.000000645666848982e+02 2.000000326762057341e+02 9.041487002966784928e-05 5.417098380327225016e+01
3.015163399320985604e+02 3.020196854182022435e+02 8.743094062205928330e-01 5.395659985542297221e+01
4.013251672434304851e+02 4.020125047662025963e+02 9.695289475319951444e-01 5.397201644182204916e+01
5.000133200953883943e+02 5.000000000000000000e+02 2.481372646808324700e-02 5.396628289222717001e+01
6.000155454558042720e+02 6.000194318197550274e+02 7.772727901988218599e-03 5.390313785076141073e+01
7.450000020850342253e+02 7.000000093604273843e+02 4.974937040413298917e+01 5.406638430356979086e+01
8.050000001917242116e+02 8.000000001140570021e+02 2.179449473688757166e+01 5.408816889524459981e+01
1.018802680655021504e+03 9.080660559951238611e+02 1.353485045573612524e+02 5.407022945880889608e+01
1.000157000255410480e+03 1.000000000110027599e+03 6.843475578470890053e-01 5.478678510189056539e+01
1.115000000571648116e+03 1.100000000410875828e+03 3.570714190782243236e+01 5.478678014278411723e+01
1.200586138734929364e+03 1.200080948985149689e+03 1.271334393306310373e+00 5.483164105415344380e+01
1.362381331015751584e+03 1.400000000088983143e+03 5.491894479768951243e+01 5.483265560865402222e+01
1.430000002382317462e+03 1.400000002005863735e+03 4.582575548606495630e+01 5.415093259811401083e+01
