-1.399999996974012902e+03 -1.399999999999999545e+03 1.291718814607669773e-05 5.328850319385528422e+01
2.176840588097026739e+03 6.969619816914662351e+02 3.993908778030408030e+03 5.350003321170807169e+01
1.234600924072110280e+07 -1.200000000000000000e+03 4.702122361282827705e+07 5.329476255178451538e+01
-1.100000000000000000e+03 -1.100000000000000000e+03 1.525268983755124553e-13 5.335316854715347290e+01
-9.994193340723379606e+02 -9.999999999997262421e+02 2.529907424119818948e+00 5.339426364898681499e+01
-8.998959147946109169e+02 -8.999483298239201758e+02 1.436386529142868185e-01 5.332929430007934712e+01
-7.693627155872238745e+02 -7.845540405674089470e+02 3.398674083681240887e+01 5.337253445386886597e+01
-6.823298477811928251e+02 -6.799773644494723612e+02 5.197847082453262324e+00 5.330415530204773233e+01
-5.988496685275474647e+02 -5.989098520246562884e+02 3.840611501682952289e-01 5.431742844581604146e+01
-4.723999396984387431e+02 -4.835637450909032395e+02 2.827337681893633459e+01 5.346323394775390625e+01
-3.953734552819847181e+02 -3.980100818426025171e+02 5.295499655735650180e+00 5.350724809169769003e+01
-2.930290198863536943e+02 -2.950252097523194834e+02 6.418802653956133142e+00 5.354084045886993692e+01
-1.918758884275378591e+02 -1.961918844623079394e+02 8.099477989223629493e+00 5.348363854885101176e+01
-1.401122639306698225e+01 -3.306038963505841366e+00 7.124231914586125924e+01 5.335922219753265239e+01
2.071445871874923910e+02 2.187505082122857516e+02 1.000025059515053130e+02 5.344839439392089986e+01
2.022438001228649398e+02 2.016639434874140306e+02 1.589307854267452136e+00 5.359307990074157857e+01
3.044482142560545981e+02 3.033230775343779442e+02 3.849825413405281171e+00 5.342272729873657511e+01
4.068071250843669304e+02 4.064314270736975914e+02 3.968980242323409957e+00 5.348325945138931559e+01
5.004614031959703198e+02 5.001847464812164503e+02 5.155697234770661996e-01 5.335139809846877768e+01
6.005293614553791031e+02 6.006313643013204455e+02 3.578123904550957191e-01 5.335294870138168477e+01
7.650073463999057140e+02 8.000000000000075033e+02 4.768979477784830578e+01 5.355687929391861246e+01
1.039462678158666222e+03 1.097351340663005431e+03 1.592904291736925870e+02 5.352730489969253824e+01
1.181473685366252766e+03 1.182491649441400114e+03 1.070108113105304852e+02 5.352245154380798198e+01
1.069946606341224879e+03 1.078895906915062824e+03 3.985248908957937175e+01 5.455872449874878072e+01
1.205972795163036608e+03 1.209333713731942225e+03 1.414326804492428202e+01 5.453657805919647217e+01
1.259763573770411767e+03 1.281510504601712910e+03 4.762038720034379935e+01 5.465309970378875448e+01
1.508398619848982435e+03 1.521852971191994584e+03 1.013251427588845814e+02 5.456591299772262715e+01
1.493249644792341769e+03 1.500000000000003865e+03 9.191600013503594369e+01 5.366974325180053995e+01
