-1.399999999999994088e+03 -1.400000000000000000e+03 1.872985044744722578e-11 5.028924754858017110e+01
1.077349729832404591e+03 -5.237867514840977492e+02 3.007092801605157092e+03 5.060095854997634746e+01
-1.200000000000000000e+03 -1.200000000000000000e+03 0.000000000000000000e+00 5.029524929523468302e+01
-1.100000000000000000e+03 -1.100000000000000000e+03 0.000000000000000000e+00 5.033299304246902750e+01
-9.999999998141923925e+02 -9.999999999975700575e+02 4.105609795115362690e-07 5.038623110055923604e+01
-9.000000000000000000e+02 -9.000000000000000000e+02 5.084229945850414966e-14 5.038157055377960347e+01
-7.999999994893153143e+02 -7.999999995184372210e+02 4.906350060287017587e-07 5.042130224704742147e+01
-6.959999061837404497e+02 -6.999999991788116631e+02 8.000183482793765677e+00 5.039329885244369223e+01
-5.997622678420111697e+02 -5.999999876506872170e+02 3.668275770003814884e-01 5.138977640867233276e+01
-4.999818752664328940e+02 -4.999913696431702306e+02 1.705510873706466216e-02 5.039361169338226176e+01
-3.999999999999996589e+02 -4.000000000000000000e+02 8.011696251703148864e-13 5.049039704799652384e+01
-2.999999999999963620e+02 -2.999999999999999432e+02 1.331609712952556868e-11 5.050888420343399332e+01
-1.999999999999996021e+02 -1.999999999999999716e+02 1.123071180037123864e-12 5.051043679714202739e+01
-9.895922637439207392e+01 -9.968782674401847999e+01 3.682792635271318282e+00 5.039733570814132690e+01
1.036636172928307786e+02 1.003121732559850443e+02 8.455089037572468769e+00 5.041304800510406636e+01
2.000807471196854692e+02 2.000000012756601677e+02 2.146584402909901268e-01 5.073836325407027914e+01
3.010156549211143329e+02 3.010148031746711013e+02 1.010721407053272181e+00 5.043317835330962851e+01
4.011784856936270671e+02 4.020028016569142437e+02 9.801319022664753966e-01 5.048688319921493672e+01
5.000009864672061894e+02 5.000000000000000000e+02 4.299910862512641707e-03 5.047050834894180582e+01
6.000087443188903080e+02 6.000000000000039790e+02 9.667208267821185419e-03 5.045238770246506022e+01
7.100000043799047944e+02 7.000000031365577797e+02 2.999999872065778916e+01 5.058007495403289511e+01
8.040656079664106528e+02 8.000000002111448794e+02 1.772157182313280543e+01 5.056820625066757202e+01
1.009747057878972328e+03 1.000000000015700607e+03 1.199824782394186542e+02 5.052270785570144795e+01
1.000000000133059984e+03 1.000000000061491392e+03 1.546097753704470112e-07 5.152316809892654703e+01
1.105000006636597391e+03 1.100000000284443104e+03 2.179449320117753075e+01 5.150404695272445821e+01
1.200168486950741681e+03 1.200080948985142641e+03 1.979708945938038200e-01 5.160645029544830464e+01
1.355807743609580939e+03 1.400000000001465196e+03 4.887862562414733247e+01 5.155262295007705831e+01
1.400000002428858579e+03 1.400000000681639222e+03 2.738148825270475478e-06 5.067518280744552328e+01
