-1.400000000000000000e+03 -1.400000000000000000e+03 0.000000000000000000e+00 4.553649959564209126e+01
4.102586015434565525e+03 3.640629949185273290e+03 4.302692070806023366e+03 4.567322055101394795e+01
-1.200000000000000000e+03 -1.200000000000000000e+03 0.000000000000000000e+00 4.555303529500961446e+01
-1.100000000000000000e+03 -1.100000000000000000e+03 0.000000000000000000e+00 4.554741045236587382e+01
-9.999999999980952907e+02 -9.999999999995834514e+02 2.771398927614050622e-09 4.562153609991073466e+01
-9.000000000000000000e+02 -9.000000000000000000e+02 5.084229945850414966e-14 4.555251744985580586e+01
-7.999999999341898729e+02 -7.999999999665531050e+02 8.218648526150317614e-08 4.562395464181899740e+01
-6.949998989646554719e+02 -6.999999999675983418e+02 8.660428946836965736e+00 4.561680715084075644e+01
-5.997513163165624519e+02 -5.999999978307492938e+02 3.954706808863602263e-01 4.638599339723587178e+01
-4.999673246289545432e+02 -4.999901353279387877e+02 3.450721453105372316e-02 4.555438065528869629e+01
-4.000000000000000000e+02 -4.000000000000000000e+02 0.000000000000000000e+00 4.569073350429535196e+01
-2.995522684243080676e+02 -3.000000000000000000e+02 5.865197141093987376e-01 4.567459874153136923e+01
-1.997977063491720742e+02 -2.000000000000000000e+02 6.069707669423443086e-01 4.570210064649582193e+01
-9.998439133720090410e+01 -1.000000000000000000e+02 6.803658378494240044e-02 4.557173244953155233e+01
1.221985307177537408e+02 1.086907833480726140e+02 3.949373128595495785e+01 4.561083095073699667e+01
2.000244578587564206e+02 2.000000007291689883e+02 1.055481226636775516e-01 4.585531169176101685e+01
3.014159799973075451e+02 3.020196854182017319e+02 9.258977605665683619e-01 4.559477765560150431e+01
4.016117659724026794e+02 4.020455778783332335e+02 8.732282196630689608e-01 4.558870710134506510e+01
5.000079168847954634e+02 5.000000000000000000e+02 1.113003786095743443e-02 4.561778824329375936e+01
6.000145738648163842e+02 6.000194318197550274e+02 8.414224774807013349e-03 4.562549539804458476e+01
7.400000000181491941e+02 7.000000000452441782e+02 4.898979484612714685e+01 4.572214404344558858e+01
8.100000000056512590e+02 8.000000000023289886e+02 2.999999999908188641e+01 4.573532094955444194e+01
1.010851727431573863e+03 9.499945941786240837e+02 1.223032188598591858e+02 4.572801125049591064e+01
1.003134722926799668e+03 1.000000000002120714e+03 6.648507792758346469e+00 4.650250270366668559e+01
1.115139935592929987e+03 1.100000000004497906e+03 3.604387751378288840e+01 4.651752215623855591e+01
1.200244168913139674e+03 1.200080948985150371e+03 2.451379887425151893e-01 4.657228795289993428e+01
1.358457670055366634e+03 1.400000000000156888e+03 5.025954870351861814e+01 4.655265575647354126e+01
1.425000000055582859e+03 1.400000000016069407e+03 4.330127015896773202e+01 4.581963570117950724e+01
