-1.400000000000000000e+03 -1.400000000000000000e+03 0.000000000000000000e+00 6.395631614923477315e+01
5.311476479615068456e+03 4.389084941209770477e+03 4.978395587232245816e+03 6.392924585342407084e+01
-1.200000000000000000e+03 -1.200000000000000000e+03 0.000000000000000000e+00 6.395069680213928365e+01
-1.100000000000000000e+03 -1.100000000000000000e+03 0.000000000000000000e+00 6.398226079940796041e+01
-9.999999999999472493e+02 -9.999999999999861302e+02 6.437498991047472509e-11 6.399932210445403769e+01
-8.996971377237496199e+02 -8.999748698507733025e+02 1.012643499357268162e+00 6.378907414674758769e+01
-7.968666478599509446e+02 -7.992574190958041527e+02 6.409616377754384864e+00 6.405501790046692179e+01
-6.825887680298440046e+02 -6.799983421186732357e+02 6.254857360585748260e+00 6.393270184993743754e+01
-5.997006773363493721e+02 -5.999423556108520188e+02 3.904835278767454509e-01 6.473559559583664225e+01
-4.918298856933150773e+02 -4.940269668713859232e+02 8.828342045091348567e+00 6.389609425067901327e+01
-3.994030245657440332e+02 -3.990050409429067031e+02 5.801558399251650622e-01 6.412716569900513264e+01
-2.973136138227011429e+02 -2.985075614143599978e+02 2.833444356315459878e+00 6.405076799392699627e+01
-1.955009958034583519e+02 -1.971206152715606379e+02 4.095841166165106628e+00 6.413198729753494831e+01
-7.087108268945462441e+01 -9.968782674401859367e+01 5.250602506323306073e+01 6.396729850769042969e+01
2.335204436832349870e+02 2.205434718306759123e+02 9.558623328902439198e+01 6.390770194530487203e+01
2.013803460578348279e+02 2.014260586798194481e+02 8.328280656832559581e-01 6.420229794979096027e+01
3.016017670621901061e+02 3.020513559875344072e+02 8.931366428433228366e-01 6.402390724420547485e+01
4.030344185202379776e+02 4.028099122419780542e+02 9.757332391288873197e-01 6.391571819782257080e+01
5.000668279560592850e+02 5.000354036295373135e+02 6.212661830828540566e-02 6.390739749670028402e+01
6.001843373678076432e+02 6.001154132572507933e+02 1.861752322673617399e-01 6.403179724216461466e+01
8.050000000000055707e+02 8.000000000000009095e+02 6.689544080130067982e+01 6.403695800304413410e+01
8.716357578314111834e+02 8.813121486641331330e+02 6.224233522480430736e+01 6.402653080224990845e+01
1.114809780701500586e+03 1.182490187298215460e+03 1.151605705230498415e+02 6.403972045183181194e+01
1.071848309547122426e+03 1.093431410009733781e+03 3.907710110455156638e+01 6.488340640068054199e+01
1.182415019959298206e+03 1.201399390658583798e+03 4.128959757509921502e+01 6.490694010257720947e+01
1.238327322931917479e+03 1.215189529464556472e+03 4.424875298611573982e+01 6.500162065029144287e+01
1.443086667097442387e+03 1.425167631907763734e+03 8.105060640461270793e+01 6.493352464437484173e+01
1.475000000000011369e+03 1.500000000000000000e+03 6.982120021884085759e+01 6.411775599718093588e+01
